0.00000000000000e+00  5.88661317272463e+01
5.00000000000000e-02  5.83449325833944e+01
1.00000000000000e-01  5.78260117217704e+01
1.50000000000000e-01  5.73093691423746e+01
2.00000000000000e-01  5.67950048452069e+01
2.50000000000000e-01  5.62829188302674e+01
3.00000000000000e-01  5.57731110975561e+01
3.50000000000000e-01  5.52655816470730e+01
4.00000000000000e-01  5.47603304788181e+01
4.50000000000000e-01  5.42573575927913e+01
5.00000000000000e-01  5.37566629889927e+01
5.50000000000000e-01  5.32582466674223e+01
6.00000000000000e-01  5.27621086280800e+01
6.50000000000000e-01  5.22682488709659e+01
7.00000000000000e-01  5.17766673960800e+01
7.50000000000000e-01  5.12873642034223e+01
8.00000000000000e-01  5.08003392929927e+01
8.50000000000000e-01  5.03155926647913e+01
9.00000000000000e-01  4.98331243188181e+01
9.50000000000000e-01  4.93529342550731e+01
1.00000000000000e+00  4.88750224735562e+01
1.05000000000000e+00  4.83993889742675e+01
1.10000000000000e+00  4.79260337572070e+01
1.15000000000000e+00  4.74549568223747e+01
1.20000000000000e+00  4.69861581697705e+01
1.25000000000000e+00  4.65196377993945e+01
1.30000000000000e+00  4.60553957112467e+01
1.35000000000000e+00  4.55934319053270e+01
1.40000000000000e+00  4.51337463816356e+01
1.45000000000000e+00  4.46763391401723e+01
1.50000000000000e+00  4.42212101809371e+01
1.55000000000000e+00  4.37683595039302e+01
1.60000000000000e+00  4.33177871091514e+01
1.65000000000000e+00  4.28694929966008e+01
1.70000000000000e+00  4.24234771662784e+01
1.75000000000000e+00  4.19797396181841e+01
1.80000000000000e+00  4.15382803523180e+01
1.85000000000000e+00  4.10990993686801e+01
1.90000000000000e+00  4.06621966672704e+01
1.95000000000000e+00  4.02275722480888e+01
2.00000000000000e+00  3.97952261111354e+01
2.05000000000000e+00  3.93651582564102e+01
2.10000000000000e+00  3.89373686839132e+01
2.15000000000000e+00  3.85118573936443e+01
2.20000000000000e+00  3.80886243856036e+01
2.25000000000000e+00  3.76676696597911e+01
2.30000000000000e+00  3.72489932162068e+01
2.35000000000000e+00  3.68325950548506e+01
2.40000000000000e+00  3.64184751757226e+01
2.45000000000000e+00  3.60066335788228e+01
2.50000000000000e+00  3.55970702641511e+01
2.55000000000000e+00  3.51897852317077e+01
2.60000000000000e+00  3.47847784814924e+01
2.65000000000000e+00  3.43820500135052e+01
2.70000000000000e+00  3.39815998277463e+01
2.75000000000000e+00  3.35834279242155e+01
2.80000000000000e+00  3.31875343029129e+01
2.85000000000000e+00  3.27939189638385e+01
2.90000000000000e+00  3.24025819069922e+01
2.95000000000000e+00  3.20135231323741e+01
3.00000000000000e+00  3.16267426399842e+01
3.05000000000000e+00  3.12422404298225e+01
3.10000000000000e+00  3.08600165018889e+01
3.15000000000000e+00  3.04800708561835e+01
3.20000000000000e+00  3.01024034927063e+01
3.25000000000000e+00  2.97270144114573e+01
3.30000000000000e+00  2.93539036124364e+01
3.35000000000000e+00  2.89830710956438e+01
3.40000000000000e+00  2.86145168610792e+01
3.45000000000000e+00  2.82482409087429e+01
3.50000000000000e+00  2.78842432386347e+01
3.55000000000000e+00  2.75225238507547e+01
3.60000000000000e+00  2.71630827451029e+01
3.65000000000000e+00  2.68059199216793e+01
3.70000000000000e+00  2.64510353804838e+01
3.75000000000000e+00  2.60984291215165e+01
3.80000000000000e+00  2.57481011447773e+01
3.85000000000000e+00  2.54000514502664e+01
3.90000000000000e+00  2.50542800379836e+01
3.95000000000000e+00  2.47107869079290e+01
4.00000000000000e+00  2.43695720601026e+01
4.05000000000000e+00  2.40306354945043e+01
4.10000000000000e+00  2.36939772111342e+01
4.15000000000000e+00  2.33595972099923e+01
4.20000000000000e+00  2.30274954910786e+01
4.25000000000000e+00  2.26976720543931e+01
4.30000000000000e+00  2.23701268999357e+01
4.35000000000000e+00  2.20448600277064e+01
4.40000000000000e+00  2.17218714377054e+01
4.45000000000000e+00  2.14011611299325e+01
4.50000000000000e+00  2.10827291043879e+01
4.55000000000000e+00  2.07665753610713e+01
4.60000000000000e+00  2.04526998999830e+01
4.65000000000000e+00  2.01411027211228e+01
4.70000000000000e+00  1.98317838244908e+01
4.75000000000000e+00  1.95247432100870e+01
4.80000000000000e+00  1.92199808779114e+01
4.85000000000000e+00  1.89174968279639e+01
4.90000000000000e+00  1.86172910602446e+01
4.95000000000000e+00  1.83193635747535e+01
5.00000000000000e+00  1.80237143714905e+01
5.05000000000000e+00  1.77303434504557e+01
5.10000000000000e+00  1.74392508116491e+01
5.15000000000000e+00  1.71504364550707e+01
5.20000000000000e+00  1.68639003807205e+01
5.25000000000000e+00  1.65796425885984e+01
5.30000000000000e+00  1.62976630787045e+01
5.35000000000000e+00  1.60179618510387e+01
5.40000000000000e+00  1.57405389056012e+01
5.45000000000000e+00  1.54653942423918e+01
5.50000000000000e+00  1.51925278614106e+01
5.55000000000000e+00  1.49219397626575e+01
5.60000000000000e+00  1.46536299461327e+01
5.65000000000000e+00  1.43875984118360e+01
5.70000000000000e+00  1.41238451597675e+01
5.75000000000000e+00  1.38623701899271e+01
5.80000000000000e+00  1.36031735023149e+01
5.85000000000000e+00  1.33462550969309e+01
5.90000000000000e+00  1.30916149737751e+01
5.95000000000000e+00  1.28392531328475e+01
6.00000000000000e+00  1.25891695741480e+01
6.05000000000000e+00  1.23413642976767e+01
6.10000000000000e+00  1.20958373034336e+01
6.15000000000000e+00  1.18525885914186e+01
6.20000000000000e+00  1.16116181616318e+01
6.25000000000000e+00  1.13729260140732e+01
6.30000000000000e+00  1.11365121487428e+01
6.35000000000000e+00  1.09023765656406e+01
6.40000000000000e+00  1.06705192647665e+01
6.45000000000000e+00  1.04409402461206e+01
6.50000000000000e+00  1.02136395097028e+01
6.55000000000000e+00  9.98861705551327e+00
6.60000000000000e+00  9.76587288355188e+00
6.65000000000000e+00  9.54540699381868e+00
6.70000000000000e+00  9.32721938631364e+00
6.75000000000000e+00  9.11131006103677e+00
6.80000000000000e+00  8.89767901798808e+00
6.85000000000000e+00  8.68632625716756e+00
6.90000000000000e+00  8.47725177857522e+00
6.95000000000000e+00  8.27045558221105e+00
7.00000000000000e+00  8.06593766807506e+00
7.05000000000000e+00  7.86369803616723e+00
7.10000000000000e+00  7.66373668648759e+00
7.15000000000000e+00  7.46605361903611e+00
7.20000000000000e+00  7.27064883381282e+00
7.25000000000000e+00  7.07752233081769e+00
7.30000000000000e+00  6.88667411005074e+00
7.35000000000000e+00  6.69810417151196e+00
7.40000000000000e+00  6.51181251520136e+00
7.45000000000000e+00  6.32779914111893e+00
7.50000000000000e+00  6.14606404926468e+00
7.55000000000000e+00  5.96660723963859e+00
7.60000000000000e+00  5.78942871224068e+00
7.65000000000000e+00  5.61452846707094e+00
7.70000000000000e+00  5.44190650412939e+00
7.75000000000000e+00  5.27156282341600e+00
7.80000000000000e+00  5.10349742493079e+00
7.85000000000000e+00  4.93771030867375e+00
7.90000000000000e+00  4.77420147464488e+00
7.95000000000000e+00  4.61297092284420e+00
8.00000000000000e+00  4.45401865327168e+00
8.05000000000000e+00  4.29734466592733e+00
8.10000000000000e+00  4.14294896081117e+00
8.15000000000000e+00  3.99083153792317e+00
8.20000000000000e+00  3.84099239726335e+00
8.25000000000000e+00  3.69343153883170e+00
8.30000000000000e+00  3.54814896262823e+00
8.35000000000000e+00  3.40514466865293e+00
8.40000000000000e+00  3.26441865690581e+00
8.45000000000000e+00  3.12597092738685e+00
8.50000000000000e+00  2.98980148009607e+00
8.55000000000000e+00  2.85591031503347e+00
8.60000000000000e+00  2.72429743219905e+00
8.65000000000000e+00  2.59496283159279e+00
8.70000000000000e+00  2.46790651321470e+00
8.75000000000000e+00  2.34312847706480e+00
8.80000000000000e+00  2.22062872314306e+00
8.85000000000000e+00  2.10040725144950e+00
8.90000000000000e+00  1.98246406198412e+00
8.95000000000000e+00  1.86679915474690e+00
9.00000000000000e+00  1.75341252973787e+00
9.05000000000000e+00  1.64230418695700e+00
9.10000000000000e+00  1.53347412640431e+00
9.15000000000000e+00  1.42692234807980e+00
9.20000000000000e+00  1.32264885198345e+00
9.25000000000000e+00  1.22065363811528e+00
9.30000000000000e+00  1.12093670647528e+00
9.35000000000000e+00  1.02349805706347e+00
9.40000000000000e+00  9.28337689879819e-01
9.45000000000000e+00  8.35455604924345e-01
9.50000000000000e+00  7.44851802197048e-01
9.55000000000000e+00  6.56526281697920e-01
9.60000000000000e+00  5.70479043426966e-01
9.65000000000000e+00  4.86710087384191e-01
9.70000000000000e+00  4.05219413569586e-01
9.75000000000000e+00  3.26007021983158e-01
9.80000000000000e+00  2.49072912624901e-01
9.85000000000000e+00  1.74417085494820e-01
9.90000000000000e+00  1.02039540592914e-01
9.95000000000000e+00  3.19402779191788e-02
1.00000000000000e+01  -3.58807025263704e-02
1.00500000000000e+01  -1.01423400743761e-01
1.01000000000000e+01  -1.64687816732974e-01
1.01500000000000e+01  -2.25673950494011e-01
1.02000000000000e+01  -2.84381802026878e-01
1.02500000000000e+01  -3.40811371331569e-01
1.03000000000000e+01  -3.94962658408083e-01
1.03500000000000e+01  -4.46835663256429e-01
1.04000000000000e+01  -4.96430385876598e-01
1.04500000000000e+01  -5.43746826268594e-01
1.05000000000000e+01  -5.88784984432414e-01
1.05500000000000e+01  -6.31544860368063e-01
1.06000000000000e+01  -6.72026454075538e-01
1.06500000000000e+01  -7.10229765554836e-01
1.07000000000000e+01  -7.46154794805960e-01
1.07500000000000e+01  -7.79801541828912e-01
1.08000000000000e+01  -8.11170006623691e-01
1.08500000000000e+01  -8.40260189190297e-01
1.09000000000000e+01  -8.67072089528724e-01
1.09500000000000e+01  -8.91605707638981e-01
1.10000000000000e+01  -9.13861043521063e-01
1.10500000000000e+01  -9.33838097174973e-01
1.11000000000000e+01  -9.51536868600704e-01
1.11500000000000e+01  -9.66957357798266e-01
1.12000000000000e+01  -9.80099564767651e-01
1.12500000000000e+01  -9.90963489508864e-01
1.13000000000000e+01  -9.99549132021901e-01
1.13500000000000e+01  -1.00585649230677e+00
1.14000000000000e+01  -1.00988557036346e+00
1.14500000000000e+01  -1.01163636619197e+00
1.15000000000000e+01  -1.01110887979232e+00
1.15500000000000e+01  -1.00830311116448e+00
1.16000000000000e+01  -1.00321906030848e+00
1.16500000000000e+01  -9.95856727224300e-01
1.17000000000000e+01  -9.86216111911948e-01
1.17500000000000e+01  -9.74297214371422e-01
1.18000000000000e+01  -9.60100034602720e-01
1.18500000000000e+01  -9.43624572605846e-01
1.19000000000000e+01  -9.24870828380796e-01
1.19500000000000e+01  -9.03838801927575e-01
1.20000000000000e+01  -8.80528493246175e-01
1.20500000000000e+01  -8.54939902336606e-01
1.21000000000000e+01  -8.27073029198861e-01
1.21500000000000e+01  -7.96927873832945e-01
1.22000000000000e+01  -7.64504436238851e-01
1.22500000000000e+01  -7.29802716416587e-01
1.23000000000000e+01  -6.92822714366145e-01
1.23500000000000e+01  -6.53564430087531e-01
1.24000000000000e+01  -6.12027863580744e-01
1.24500000000000e+01  -5.68213014845784e-01
1.25000000000000e+01  -5.22119883882649e-01
1.25500000000000e+01  -4.73748470691339e-01
1.26000000000000e+01  -4.23098775271853e-01
1.26500000000000e+01  -3.70170797624198e-01
1.27000000000000e+01  -3.14964537748365e-01
1.27500000000000e+01  -2.57479995644361e-01
1.28000000000000e+01  -1.97717171312181e-01
1.28500000000000e+01  -1.35676064751829e-01
1.29000000000000e+01  -7.13566759633043e-02
1.29500000000000e+01  -4.75900494660249e-03
1.30000000000000e+01  6.41169482982714e-02
1.30500000000000e+01  1.35271183771322e-01
1.31000000000000e+01  2.08703701472546e-01
1.31500000000000e+01  2.84414501401941e-01
1.32000000000000e+01  3.62403583559513e-01
1.32500000000000e+01  4.42670947945255e-01
1.33000000000000e+01  5.25216594559171e-01
1.33500000000000e+01  6.10040523401266e-01
1.34000000000000e+01  6.97142734471529e-01
1.34500000000000e+01  7.86523227769971e-01
1.35000000000000e+01  8.78182003296583e-01
1.35500000000000e+01  9.72119061051372e-01
1.36000000000000e+01  1.06833440103434e+00
1.36500000000000e+01  1.16682802324547e+00
1.37000000000000e+01  1.26759992768478e+00
1.37500000000000e+01  1.37065011435226e+00
1.38000000000000e+01  1.47597858324792e+00
1.38500000000000e+01  1.58358533437175e+00
1.39000000000000e+01  1.69347036772375e+00
1.39500000000000e+01  1.80563368330393e+00
1.40000000000000e+01  1.92007528111228e+00
1.40500000000000e+01  2.03679516114881e+00
1.41000000000000e+01  2.15579332341351e+00
1.41500000000000e+01  2.27706976790638e+00
1.42000000000000e+01  2.40062449462744e+00
1.42500000000000e+01  2.52645750357665e+00
1.43000000000000e+01  2.65456879475405e+00
1.43500000000000e+01  2.78495836815963e+00
1.44000000000000e+01  2.91762622379337e+00
1.44500000000000e+01  3.05257236165529e+00
1.45000000000000e+01  3.18979678174538e+00
1.45500000000000e+01  3.32929948406364e+00
1.46000000000000e+01  3.47108046861008e+00
1.46500000000000e+01  3.61513973538469e+00
1.47000000000000e+01  3.76147728438748e+00
1.47500000000000e+01  3.91009311561844e+00
1.48000000000000e+01  4.06098722907758e+00
1.48500000000000e+01  4.21415962476489e+00
1.49000000000000e+01  4.36961030268037e+00
1.49500000000000e+01  4.52733926282403e+00
1.50000000000000e+01  4.68734650519585e+00
1.50500000000000e+01  4.84963202979586e+00
1.51000000000000e+01  5.01419583662404e+00
1.51500000000000e+01  5.18103792568040e+00
1.52000000000000e+01  5.35015829696492e+00
1.52500000000000e+01  5.52155695047762e+00
1.53000000000000e+01  5.69523388621850e+00
1.53500000000000e+01  5.87118910418754e+00
1.54000000000000e+01  6.04942260438476e+00
1.54500000000000e+01  6.22993438681016e+00
1.55000000000000e+01  6.41272445146373e+00
1.55500000000000e+01  6.59779279834548e+00
1.56000000000000e+01  6.78513942745540e+00
1.56500000000000e+01  6.97476433879349e+00
1.57000000000000e+01  7.16666753235976e+00
1.57500000000000e+01  7.36084900815419e+00
1.58000000000000e+01  7.55730876617681e+00
1.58500000000000e+01  7.75604680642760e+00
1.59000000000000e+01  7.95706312890655e+00
1.59500000000000e+01  8.16035773361369e+00
1.60000000000000e+01  8.36593062054900e+00
1.60500000000000e+01  8.57378178971249e+00
1.61000000000000e+01  8.78391124110415e+00
1.61500000000000e+01  8.99631897472397e+00
1.62000000000000e+01  9.21100499057197e+00
1.62500000000000e+01  9.42796928864815e+00
1.63000000000000e+01  9.64721186895251e+00
1.63500000000000e+01  9.86873273148504e+00
1.64000000000000e+01  1.00925318762457e+01
1.64500000000000e+01  1.03186093032346e+01
1.65000000000000e+01  1.05469650124517e+01
1.65500000000000e+01  1.07775990038969e+01
1.66000000000000e+01  1.10105112775703e+01
1.66500000000000e+01  1.12457018334719e+01
1.67000000000000e+01  1.14831706716016e+01
1.67500000000000e+01  1.17229177919595e+01
1.68000000000000e+01  1.19649431945456e+01
1.68500000000000e+01  1.22092468793599e+01
1.69000000000000e+01  1.24558288464023e+01
1.69500000000000e+01  1.27046890956729e+01
1.70000000000000e+01  1.29558276271717e+01
1.70500000000000e+01  1.32092444408987e+01
1.71000000000000e+01  1.34649395368538e+01
1.71500000000000e+01  1.37229129150371e+01
1.72000000000000e+01  1.39831645754486e+01
1.72500000000000e+01  1.42456945180883e+01
1.73000000000000e+01  1.45105027429561e+01
1.73500000000000e+01  1.47775892500521e+01
1.74000000000000e+01  1.50469540393763e+01
1.74500000000000e+01  1.53185971109286e+01
1.75000000000000e+01  1.55925184647091e+01
1.75500000000000e+01  1.58687181007179e+01
1.76000000000000e+01  1.61471960189547e+01
1.76500000000000e+01  1.64279522194198e+01
1.77000000000000e+01  1.67109867021130e+01
1.77500000000000e+01  1.69962994670344e+01
1.78000000000000e+01  1.72838905141840e+01
1.78500000000000e+01  1.75737598435617e+01
1.79000000000000e+01  1.78659074551676e+01
1.79500000000000e+01  1.81603333490017e+01
1.80000000000000e+01  1.84570375250640e+01
1.80500000000000e+01  1.87560199833544e+01
1.81000000000000e+01  1.90572807238731e+01
1.81500000000000e+01  1.93608197466198e+01
1.82000000000000e+01  1.96666370515948e+01
1.82500000000000e+01  1.99747326387979e+01
1.83000000000000e+01  2.02851065082292e+01
1.83500000000000e+01  2.05977586598887e+01
1.84000000000000e+01  2.09126890937764e+01
1.84500000000000e+01  2.12298978098922e+01
1.85000000000000e+01  2.15493848082362e+01
1.85500000000000e+01  2.18711500888084e+01
1.86000000000000e+01  2.21951936516088e+01
1.86500000000000e+01  2.25215154966373e+01
1.87000000000000e+01  2.28501156238940e+01
1.87500000000000e+01  2.31809940333788e+01
1.88000000000000e+01  2.35141507250919e+01
1.88500000000000e+01  2.38495856990331e+01
1.89000000000000e+01  2.41872989552025e+01
1.89500000000000e+01  2.45272904936001e+01
1.90000000000000e+01  2.48695603142258e+01
1.90500000000000e+01  2.52141084170798e+01
1.91000000000000e+01  2.55609348021618e+01
1.91500000000000e+01  2.59100394694721e+01
1.92000000000000e+01  2.62614224190106e+01
1.92500000000000e+01  2.66150836507772e+01
1.93000000000000e+01  2.69710231647720e+01
1.93500000000000e+01  2.73292409609949e+01
1.94000000000000e+01  2.76897370394461e+01
1.94500000000000e+01  2.80525114001254e+01
1.95000000000000e+01  2.84175640430328e+01
1.95500000000000e+01  2.87848949681685e+01
1.96000000000000e+01  2.91545041755323e+01
1.96500000000000e+01  2.95263916651243e+01
1.97000000000000e+01  2.99005574369445e+01
1.97500000000000e+01  3.02770014909929e+01
1.98000000000000e+01  3.06557238272694e+01
1.98500000000000e+01  3.10367244457741e+01
1.99000000000000e+01  3.14200033465070e+01
1.99500000000000e+01  3.18055605294680e+01
2.00000000000000e+01  3.21933959946571e+01
