0.00000000000000e+00  1.72001724988692e-02
2.50000000000000e-02  1.94027962796115e-02
5.00000000000000e-02  2.17254192017736e-02
7.50000000000000e-02  2.41780114222330e-02
1.00000000000000e-01  2.67708598388299e-02
1.25000000000000e-01  2.95145183436001e-02
1.50000000000000e-01  3.24197580760068e-02
1.75000000000000e-01  3.54975176761745e-02
2.00000000000000e-01  3.87588535381214e-02
2.25000000000000e-01  4.22148900629926e-02
2.50000000000000e-01  4.58767699122927e-02
2.75000000000000e-01  4.97556042611192e-02
3.00000000000000e-01  5.38624230513945e-02
3.25000000000000e-01  5.82081252451004e-02
3.50000000000000e-01  6.28034290775092e-02
3.75000000000000e-01  6.76588223104182e-02
4.00000000000000e-01  7.27845124853814e-02
4.25000000000000e-01  7.81903771769431e-02
4.50000000000000e-01  8.38859142458711e-02
4.75000000000000e-01  8.98801920923884e-02
5.00000000000000e-01  9.61817999094078e-02
5.25000000000000e-01  1.02798797935763e-01
5.50000000000000e-01  1.09738667709443e-01
5.75000000000000e-01  1.17008262320826e-01
6.00000000000000e-01  1.24613756665907e-01
6.25000000000000e-01  1.32560051781017e-01
6.50000000000000e-01  1.40844415761028e-01
6.75000000000000e-01  1.49475621115775e-01
7.00000000000000e-01  1.58453780159999e-01
7.25000000000000e-01  1.67777756696994e-01
7.50000000000000e-01  1.77445016953417e-01
7.75000000000000e-01  1.87451480514096e-01
8.00000000000000e-01  1.97791371256848e-01
8.25000000000000e-01  2.08457068287285e-01
8.50000000000000e-01  2.19438956873625e-01
8.75000000000000e-01  2.30725279381507e-01
9.00000000000000e-01  2.42301986208798e-01
9.25000000000000e-01  2.54152586720405e-01
9.50000000000000e-01  2.66258098859170e-01
9.75000000000000e-01  2.78596880855555e-01
1.00000000000000e+00  2.91144411418434e-01
1.02500000000000e+00  3.03873708874328e-01
1.05000000000000e+00  3.16754760649088e-01
1.07500000000000e+00  3.29754595373139e-01
1.10000000000000e+00  3.42837354986701e-01
1.12500000000000e+00  3.55964366845033e-01
1.15000000000000e+00  3.69094215823660e-01
1.17500000000000e+00  3.82182816423611e-01
1.20000000000000e+00  3.95183484876648e-01
1.22500000000000e+00  4.08047011250502e-01
1.25000000000000e+00  4.20712871647588e-01
1.27500000000000e+00  4.33147000692320e-01
1.30000000000000e+00  4.45270200252102e-01
1.32500000000000e+00  4.57025625570676e-01
1.35000000000000e+00  4.68353183582754e-01
1.37500000000000e+00  4.79190006042203e-01
1.40000000000000e+00  4.89470922650216e-01
1.42500000000000e+00  4.99128934183498e-01
1.45000000000000e+00  5.08095685622434e-01
1.47500000000000e+00  5.16301939279276e-01
1.50000000000000e+00  5.23678047926313e-01
1.52500000000000e+00  5.30154427924055e-01
1.55000000000000e+00  5.35662032349406e-01
1.57500000000000e+00  5.40132824123844e-01
1.60000000000000e+00  5.43500249141598e-01
1.62500000000000e+00  5.45699709397828e-01
1.65000000000000e+00  5.46669036116799e-01
1.67500000000000e+00  5.46348962880060e-01
1.70000000000000e+00  5.44683598754624e-01
1.72500000000000e+00  5.41620901421143e-01
1.75000000000000e+00  5.37113150302086e-01
1.77500000000000e+00  5.31117419689918e-01
1.80000000000000e+00  5.23596051875279e-01
1.82500000000000e+00  5.14517130275156e-01
1.85000000000000e+00  5.03854952561067e-01
1.87500000000000e+00  4.91603973132020e-01
1.90000000000000e+00  4.77732339347377e-01
1.92500000000000e+00  4.62258598924984e-01
1.95000000000000e+00  4.45187079430154e-01
1.97500000000000e+00  4.26532457981898e-01
2.00000000000000e+00  4.06319747679903e-01
2.02500000000000e+00  3.84584284031510e-01
2.05000000000000e+00  3.61371711378695e-01
2.07500000000000e+00  3.36737969325047e-01
2.10000000000000e+00  3.10749279162744e-01
2.12500000000000e+00  2.83482130299539e-01
2.15000000000000e+00  2.55023266685732e-01
2.17500000000000e+00  2.25469673241151e-01
2.20000000000000e+00  1.94930290148517e-01
2.22500000000000e+00  1.63519218599116e-01
2.25000000000000e+00  1.31364160415708e-01
2.27500000000000e+00  9.85997395197359e-02
2.30000000000000e+00  6.53695549931820e-02
2.32500000000000e+00  3.18253183352748e-02
2.35000000000000e+00  -1.87400928080425e-03
2.37500000000000e+00  -3.55630797512123e-02
2.40000000000000e+00  -6.90710207847357e-02
2.42500000000000e+00  -1.02222298646082e-01
2.45000000000000e+00  -1.34837580899171e-01
2.47500000000000e+00  -1.66734599150433e-01
2.50000000000000e+00  -1.97734672296752e-01
2.52500000000000e+00  -2.27651621086741e-01
2.55000000000000e+00  -2.56306797506423e-01
2.57500000000000e+00  -2.83520979950121e-01
2.60000000000000e+00  -3.09119259010548e-01
2.62500000000000e+00  -3.32932382631469e-01
2.65000000000000e+00  -3.54798101260364e-01
2.67500000000000e+00  -3.74562513001091e-01
2.70000000000000e+00  -3.92081408766548e-01
2.72500000000000e+00  -4.07221617431335e-01
2.75000000000000e+00  -4.19862350984417e-01
2.77500000000000e+00  -4.29896549681790e-01
2.80000000000000e+00  -4.37232227199136e-01
2.82500000000000e+00  -4.41793055256117e-01
2.85000000000000e+00  -4.43519940841416e-01
2.87500000000000e+00  -4.42372878216776e-01
2.90000000000000e+00  -4.38328813097384e-01
2.92500000000000e+00  -4.31385268445693e-01
2.95000000000000e+00  -4.21560405021614e-01
2.97500000000000e+00  -4.08893081932704e-01
3.00000000000000e+00  -3.93442917184358e-01
3.02500000000000e+00  -3.75290348230000e-01
3.05000000000000e+00  -3.54536692521268e-01
3.07500000000000e+00  -3.31304208058209e-01
3.10000000000000e+00  -3.05736153939466e-01
3.12500000000000e+00  -2.77999767295629e-01
3.15000000000000e+00  -2.48261875738791e-01
3.17500000000000e+00  -2.16733159621690e-01
3.20000000000000e+00  -1.83627224443513e-01
3.22500000000000e+00  -1.49174268841083e-01
3.25000000000000e+00  -1.13618990185174e-01
3.27500000000000e+00  -7.72184901768209e-02
3.30000000000000e+00  -4.02401804436384e-02
3.32500000000000e+00  -2.95968813612842e-03
3.35000000000000e+00  3.43412384760064e-02
3.37500000000000e+00  7.13768244075454e-02
3.40000000000000e+00  1.07859362361441e-01
3.42500000000000e+00  1.43501307132500e-01
3.45000000000000e+00  1.78018003689227e-01
3.47500000000000e+00  2.11132877918161e-01
3.50000000000000e+00  2.42574509342184e-01
3.52500000000000e+00  2.72081915342410e-01
3.55000000000000e+00  2.99407556712282e-01
3.57500000000000e+00  3.24319274572090e-01
3.60000000000000e+00  3.46602227283479e-01
3.62500000000000e+00  3.66060827363969e-01
3.65000000000000e+00  3.82520678401466e-01
3.67500000000000e+00  3.95830511968775e-01
3.70000000000000e+00  4.05864124538116e-01
3.72500000000000e+00  4.12522314395637e-01
3.75000000000000e+00  4.15734044982534e-01
3.77500000000000e+00  4.15454606851871e-01
3.80000000000000e+00  4.11674582900854e-01
3.82500000000000e+00  4.04407767860806e-01
3.85000000000000e+00  3.93700294966506e-01
3.87500000000000e+00  3.79629550739347e-01
3.90000000000000e+00  3.62303089770489e-01
3.92500000000000e+00  3.41857549504021e-01
3.95000000000000e+00  3.18457565020118e-01
3.97500000000000e+00  2.92294683818195e-01
4.00000000000000e+00  2.63586280600068e-01
4.02500000000000e+00  2.32574472053108e-01
4.05000000000000e+00  1.99525031633408e-01
4.07500000000000e+00  1.64721050336433e-01
4.10000000000000e+00  1.28463969743760e-01
4.12500000000000e+00  9.10711087382648e-02
4.15000000000000e+00  5.28713329564181e-02
4.17500000000000e+00  1.42029798489620e-02
4.20000000000000e+00  -2.45893450663802e-02
4.22500000000000e+00  -6.31579719521750e-02
4.25000000000000e+00  -1.01155370398563e-01
4.27500000000000e+00  -1.38237353170541e-01
4.30000000000000e+00  -1.74066279955239e-01
4.32500000000000e+00  -2.08314261109200e-01
4.35000000000000e+00  -2.40666361405661e-01
4.37500000000000e+00  -2.70825044302340e-01
4.40000000000000e+00  -2.98506066432874e-01
4.42500000000000e+00  -3.23457123211981e-01
4.45000000000000e+00  -3.45441107259704e-01
4.47500000000000e+00  -3.64249761396441e-01
4.50000000000000e+00  -3.79704687894710e-01
4.52500000000000e+00  -3.91658357730915e-01
4.55000000000000e+00  -3.99995119837102e-01
4.57500000000000e+00  -4.04632210352730e-01
4.60000000000000e+00  -4.05520761876433e-01
4.62500000000000e+00  -4.02646812717781e-01
4.65000000000000e+00  -3.96032316149046e-01
4.67500000000000e+00  -3.85736149656967e-01
4.70000000000000e+00  -3.71848465720122e-01
4.72500000000000e+00  -3.54495062962091e-01
4.75000000000000e+00  -3.33835531946083e-01
4.77500000000000e+00  -3.10058629724934e-01
4.80000000000000e+00  -2.83384035845426e-01
4.82500000000000e+00  -2.54059535812177e-01
4.85000000000000e+00  -2.22358204551542e-01
4.87500000000000e+00  -1.88575589875515e-01
4.90000000000000e+00  -1.53026895945620e-01
4.92500000000000e+00  -1.16044166736815e-01
4.95000000000000e+00  -7.79734695013941e-02
4.97500000000000e+00  -3.91720782328735e-02
5.00000000000000e+00  5.65712991530794e-06
5.02500000000000e+00  3.91720782328874e-02
5.05000000000000e+00  7.79734695014086e-02
5.07500000000000e+00  1.16044166736829e-01
5.10000000000000e+00  1.53026895945633e-01
5.12500000000000e+00  1.88575589875527e-01
5.15000000000000e+00  2.22358204551553e-01
5.17500000000000e+00  2.54059535812188e-01
5.20000000000000e+00  2.83384035845435e-01
5.22500000000000e+00  3.10058629724943e-01
5.25000000000000e+00  3.33835531946089e-01
5.27500000000000e+00  3.54495062962097e-01
5.30000000000000e+00  3.71848465720127e-01
5.32500000000000e+00  3.85736149656969e-01
5.35000000000000e+00  3.96032316149047e-01
5.37500000000000e+00  4.02646812717780e-01
5.40000000000000e+00  4.05520761876431e-01
5.42500000000000e+00  4.04632210352727e-01
5.45000000000000e+00  3.99995119837097e-01
5.47500000000000e+00  3.91658357730908e-01
5.50000000000000e+00  3.79704687894703e-01
5.52500000000000e+00  3.64249761396431e-01
5.55000000000000e+00  3.45441107259693e-01
5.57500000000000e+00  3.23457123211970e-01
5.60000000000000e+00  2.98506066432861e-01
5.62500000000000e+00  2.70823803781816e-01
5.65000000000000e+00  2.40666361405645e-01
5.67500000000000e+00  2.08314261109183e-01
5.70000000000000e+00  1.74066279955222e-01
5.72500000000000e+00  1.38237353170522e-01
5.75000000000000e+00  1.01155370398544e-01
5.77500000000000e+00  6.31579719521557e-02
5.80000000000000e+00  2.45893450663607e-02
5.82500000000000e+00  -1.42029798489799e-02
5.85000000000000e+00  -5.28713329564376e-02
5.87500000000000e+00  -9.10711087382831e-02
5.90000000000000e+00  -1.28463969743780e-01
5.92500000000000e+00  -1.64721050336452e-01
5.95000000000000e+00  -1.99525031633426e-01
5.97500000000000e+00  -2.32574472053125e-01
6.00000000000000e+00  -2.63586280600083e-01
6.02500000000000e+00  -2.92294683818209e-01
6.05000000000000e+00  -3.18457565020132e-01
6.07500000000000e+00  -3.41857549504034e-01
6.10000000000000e+00  -3.62303089770500e-01
6.12500000000000e+00  -3.79629550739356e-01
6.15000000000000e+00  -3.93700294966514e-01
6.17500000000000e+00  -4.04407767860812e-01
6.20000000000000e+00  -4.11674582900859e-01
6.22500000000000e+00  -4.15454606851874e-01
6.25000000000000e+00  -4.15734818555929e-01
6.27500000000000e+00  -4.12522314395636e-01
6.30000000000000e+00  -4.05864124538114e-01
6.32500000000000e+00  -3.95830511968772e-01
6.35000000000000e+00  -3.82520678401461e-01
6.37500000000000e+00  -3.66060827363963e-01
6.40000000000000e+00  -3.46602227283471e-01
6.42500000000000e+00  -3.24319274572081e-01
6.45000000000000e+00  -2.99407556712273e-01
6.47500000000000e+00  -2.72081915342399e-01
6.50000000000000e+00  -2.42574509342173e-01
6.52500000000000e+00  -2.11132877918148e-01
6.55000000000000e+00  -1.78018003689212e-01
6.57500000000000e+00  -1.43501307132485e-01
6.60000000000000e+00  -1.07859362361424e-01
6.62500000000000e+00  -7.13768244075294e-02
6.65000000000000e+00  -3.43412384759909e-02
6.67500000000000e+00  2.95968813614489e-03
6.70000000000000e+00  4.02401804436549e-02
6.72500000000000e+00  7.72184901768380e-02
6.75000000000000e+00  1.13618990185189e-01
6.77500000000000e+00  1.49174268841099e-01
6.80000000000000e+00  1.83627224443529e-01
6.82500000000000e+00  2.16733159621705e-01
6.85000000000000e+00  2.48261875738805e-01
6.87500000000000e+00  2.77996850912482e-01
6.90000000000000e+00  3.05736153939478e-01
6.92500000000000e+00  3.31304208058221e-01
6.95000000000000e+00  3.54536692521278e-01
6.97500000000000e+00  3.75290348230009e-01
7.00000000000000e+00  3.93442917184366e-01
7.02500000000000e+00  4.08893081932711e-01
7.05000000000000e+00  4.21560405021619e-01
7.07500000000000e+00  4.31385268445697e-01
7.10000000000000e+00  4.38328813097386e-01
7.12500000000000e+00  4.42372878216777e-01
7.15000000000000e+00  4.43519940841415e-01
7.17500000000000e+00  4.41793055256115e-01
7.20000000000000e+00  4.37232227199132e-01
7.22500000000000e+00  4.29896549681785e-01
7.25000000000000e+00  4.19862350984411e-01
7.27500000000000e+00  4.07221617431328e-01
7.30000000000000e+00  3.92081408766539e-01
7.32500000000000e+00  3.74562513001082e-01
7.35000000000000e+00  3.54798101260353e-01
7.37500000000000e+00  3.32932382631458e-01
7.40000000000000e+00  3.09119259010535e-01
7.42500000000000e+00  2.83520979950107e-01
7.45000000000000e+00  2.56306797506408e-01
7.47500000000000e+00  2.27651621086726e-01
7.50000000000000e+00  1.97729011792075e-01
7.52500000000000e+00  1.66734599150418e-01
7.55000000000000e+00  1.34837580899155e-01
7.57500000000000e+00  1.02222298646065e-01
7.60000000000000e+00  6.90710207847188e-02
7.62500000000000e+00  3.55630797511965e-02
7.65000000000000e+00  1.87400928078765e-03
7.67500000000000e+00  -3.18253183352909e-02
7.70000000000000e+00  -6.53695549931973e-02
7.72500000000000e+00  -9.85997395197513e-02
7.75000000000000e+00  -1.31364160415722e-01
7.77500000000000e+00  -1.63519218599131e-01
7.80000000000000e+00  -1.94930290148532e-01
7.82500000000000e+00  -2.25469673241166e-01
7.85000000000000e+00  -2.55023266685746e-01
7.87500000000000e+00  -2.83482130299552e-01
7.90000000000000e+00  -3.10749279162757e-01
7.92500000000000e+00  -3.36737969325059e-01
7.95000000000000e+00  -3.61371711378707e-01
7.97500000000000e+00  -3.84584284031522e-01
8.00000000000000e+00  -4.06319747679913e-01
8.02500000000000e+00  -4.26532457981908e-01
8.05000000000000e+00  -4.45187079430164e-01
8.07500000000000e+00  -4.62258598924993e-01
8.10000000000000e+00  -4.77732339347385e-01
8.12500000000000e+00  -4.91590503787243e-01
8.15000000000000e+00  -5.03854952561073e-01
8.17500000000000e+00  -5.14517130275161e-01
8.20000000000000e+00  -5.23596051875283e-01
8.22500000000000e+00  -5.31117419689922e-01
8.25000000000000e+00  -5.37113150302089e-01
8.27500000000000e+00  -5.41620901421145e-01
8.30000000000000e+00  -5.44683598754626e-01
8.32500000000000e+00  -5.46348962880061e-01
8.35000000000000e+00  -5.46669036116800e-01
8.37500000000000e+00  -5.45699709397828e-01
8.40000000000000e+00  -5.43500249141598e-01
8.42500000000000e+00  -5.40132824123842e-01
8.45000000000000e+00  -5.35662032349404e-01
8.47500000000000e+00  -5.30154427924053e-01
8.50000000000000e+00  -5.23678047926311e-01
8.52500000000000e+00  -5.16301939279273e-01
8.55000000000000e+00  -5.08095685622431e-01
8.57500000000000e+00  -4.99128934183494e-01
8.60000000000000e+00  -4.89470922650213e-01
8.62500000000000e+00  -4.79190006042199e-01
8.65000000000000e+00  -4.68353183582750e-01
8.67500000000000e+00  -4.57025625570671e-01
8.70000000000000e+00  -4.45270200252098e-01
8.72500000000000e+00  -4.33147000692315e-01
8.75000000000000e+00  -4.20721731554102e-01
8.77500000000000e+00  -4.08047011250497e-01
8.80000000000000e+00  -3.95183484876643e-01
8.82500000000000e+00  -3.82182816423605e-01
8.85000000000000e+00  -3.69094215823656e-01
8.87500000000000e+00  -3.55964366845028e-01
8.90000000000000e+00  -3.42837354986696e-01
8.92500000000000e+00  -3.29754595373134e-01
8.95000000000000e+00  -3.16754760649083e-01
8.97500000000000e+00  -3.03873708874323e-01
9.00000000000000e+00  -2.91144411418430e-01
9.02500000000000e+00  -2.78596880855550e-01
9.05000000000000e+00  -2.66258098859165e-01
9.07500000000000e+00  -2.54152586720401e-01
9.10000000000000e+00  -2.42301986208794e-01
9.12500000000000e+00  -2.30725279381503e-01
9.15000000000000e+00  -2.19438956873621e-01
9.17500000000000e+00  -2.08457068287281e-01
9.20000000000000e+00  -1.97791371256844e-01
9.22500000000000e+00  -1.87451480514093e-01
9.25000000000000e+00  -1.77445016953413e-01
9.27500000000000e+00  -1.67777756696991e-01
9.30000000000000e+00  -1.58453780159996e-01
9.32500000000000e+00  -1.49475621115772e-01
9.35000000000000e+00  -1.40844415761025e-01
9.37500000000000e+00  -1.32560597699535e-01
9.40000000000000e+00  -1.24613756665904e-01
9.42500000000000e+00  -1.17008262320823e-01
9.45000000000000e+00  -1.09738667709441e-01
9.47500000000000e+00  -1.02798797935761e-01
9.50000000000000e+00  -9.61817999094060e-02
9.52500000000000e+00  -8.98801920923867e-02
9.55000000000000e+00  -8.38859142458695e-02
9.57500000000000e+00  -7.81903771769416e-02
9.60000000000000e+00  -7.27845124853798e-02
9.62500000000000e+00  -6.76588223104170e-02
9.65000000000000e+00  -6.28034290775080e-02
9.67500000000000e+00  -5.82081252450991e-02
9.70000000000000e+00  -5.38624230513933e-02
9.72500000000000e+00  -4.97556042611180e-02
9.75000000000000e+00  -4.58767699122918e-02
9.77500000000000e+00  -4.22148900629918e-02
9.80000000000000e+00  -3.87588535381206e-02
9.82500000000000e+00  -3.54975176761736e-02
9.85000000000000e+00  -3.24197580760059e-02
9.87500000000000e+00  -2.95145183435994e-02
9.90000000000000e+00  -2.67708598388292e-02
9.92500000000000e+00  -2.41780114222321e-02
9.95000000000000e+00  -2.17254192017729e-02
9.97500000000000e+00  -1.94027962796107e-02
1.00000000000000e+01  -1.72001724988685e-02
