0.00000000000000e+00  -2.07481435075393e-06
2.50000000000000e-02  -2.35240981237429e-06
5.00000000000000e-02  -2.61250861138792e-06
7.50000000000000e-02  -2.86469903695587e-06
1.00000000000000e-01  -3.11757288090810e-06
1.25000000000000e-01  -3.37881861676628e-06
1.50000000000000e-01  -3.65531457876673e-06
1.75000000000000e-01  -3.95322214088335e-06
2.00000000000000e-01  -4.27807889585053e-06
2.25000000000000e-01  -4.63489183418602e-06
2.50000000000000e-01  -5.02823052321396e-06
2.75000000000000e-01  -5.46232028608769e-06
3.00000000000000e-01  -5.94113538081271e-06
3.25000000000000e-01  -6.46849217926963e-06
3.50000000000000e-01  -7.04814234623703e-06
3.75000000000000e-01  -7.68386601841446e-06
4.00000000000000e-01  -8.37956498344525e-06
4.25000000000000e-01  -9.13935585893950e-06
4.50000000000000e-01  -9.96766327149705e-06
4.75000000000000e-01  -1.08693130357302e-05
5.00000000000000e-01  -1.18496253332870e-05
5.25000000000000e-01  -1.29145078918738e-05
5.50000000000000e-01  -1.40705491642780e-05
5.75000000000000e-01  -1.53251115073920e-05
6.00000000000000e-01  -1.66864243612346e-05
6.25000000000000e-01  -1.81636774279754e-05
6.50000000000000e-01  -1.97671138509565e-05
6.75000000000000e-01  -2.15081233937162e-05
7.00000000000000e-01  -2.33993356190117e-05
7.25000000000000e-01  -2.54547130678419e-05
7.50000000000000e-01  -2.76896444384704e-05
7.75000000000000e-01  -3.01210377654486e-05
8.00000000000000e-01  -3.27674135986381e-05
8.25000000000000e-01  -3.56489981822344e-05
8.50000000000000e-01  -3.87878166337889e-05
8.75000000000000e-01  -4.22077861232330e-05
9.00000000000000e-01  -4.59348090518996e-05
9.25000000000000e-01  -4.99968662315469e-05
9.50000000000000e-01  -5.44241100633818e-05
9.75000000000000e-01  -5.92489577170812e-05
1.00000000000000e+00  -6.45061843098167e-05
1.02500000000000e+00  -7.02330160852764e-05
1.05000000000000e+00  -7.64692235926878e-05
1.07500000000000e+00  -8.32572148658421e-05
1.10000000000000e+00  -9.06421286021147e-05
1.12500000000000e+00  -9.86719273414907e-05
1.15000000000000e+00  -1.07397490645586e-04
1.17500000000000e+00  -1.16872708276671e-04
1.20000000000000e+00  -1.27154573376693e-04
1.22500000000000e+00  -1.38303275646299e-04
1.25000000000000e+00  -1.50472131966705e-04
1.27500000000000e+00  -1.63884753493032e-04
1.30000000000000e+00  -1.78420862551626e-04
1.32500000000000e+00  -1.94205242761852e-04
1.35000000000000e+00  -2.11365707809454e-04
1.37500000000000e+00  -2.30034980367618e-04
1.40000000000000e+00  -2.50352571018041e-04
1.42500000000000e+00  -2.72466657171990e-04
1.45000000000000e+00  -2.96535961991373e-04
1.47500000000000e+00  -3.22731633309797e-04
1.50000000000000e+00  -3.51239122553637e-04
1.52500000000000e+00  -3.82260063663098e-04
1.55000000000000e+00  -4.16014152013280e-04
1.57500000000000e+00  -4.52741023335246e-04
1.60000000000000e+00  -4.92702132637078e-04
1.62500000000000e+00  -5.36182633124951e-04
1.65000000000000e+00  -5.83493255124194e-04
1.67500000000000e+00  -6.34972185000347e-04
1.70000000000000e+00  -6.90986944080243e-04
1.72500000000000e+00  -7.51936267573051e-04
1.75000000000000e+00  -8.18251983491358e-04
1.77500000000000e+00  -8.90400891572226e-04
1.80000000000000e+00  -9.68886642198252e-04
1.82500000000000e+00  -1.05425161531865e-03
1.85000000000000e+00  -1.14707879937028e-03
1.87500000000000e+00  -1.24779401652330e-03
1.90000000000000e+00  -1.35790646453246e-03
1.92500000000000e+00  -1.47742453408435e-03
1.95000000000000e+00  -1.60728017398679e-03
1.97500000000000e+00  -1.74844458469725e-03
2.00000000000000e+00  -1.90194011285958e-03
2.02500000000000e+00  -2.06885214584084e-03
2.05000000000000e+00  -2.25034100626803e-03
2.07500000000000e+00  -2.44765384656492e-03
2.10000000000000e+00  -2.66213654348879e-03
2.12500000000000e+00  -2.89524559266722e-03
2.15000000000000e+00  -3.14856000313490e-03
2.17500000000000e+00  -3.42379319187037e-03
2.20000000000000e+00  -3.72280487833281e-03
2.22500000000000e+00  -4.04761297899884e-03
2.25000000000000e+00  -4.40040550189929e-03
2.27500000000000e+00  -4.78355244115596e-03
2.30000000000000e+00  -5.19961767151843e-03
2.32500000000000e+00  -5.65137084290082e-03
2.35000000000000e+00  -6.14179927491858e-03
2.37500000000000e+00  -6.67411985142527e-03
2.40000000000000e+00  -7.25179091504934e-03
2.42500000000000e+00  -7.87852416173090e-03
2.45000000000000e+00  -8.55829653525849e-03
2.47500000000000e+00  -9.29536212180593e-03
2.50000000000000e+00  -1.00927878850173e-02
2.52500000000000e+00  -1.09576213633168e-02
2.55000000000000e+00  -1.18952479192594e-02
2.57500000000000e+00  -1.29111879511115e-02
2.60000000000000e+00  -1.40114384184907e-02
2.62500000000000e+00  -1.52024890086754e-02
2.65000000000000e+00  -1.64913383029149e-02
2.67500000000000e+00  -1.78855099427383e-02
2.70000000000000e+00  -1.93930687962650e-02
2.72500000000000e+00  -2.10226371245136e-02
2.75000000000000e+00  -2.27834107477122e-02
2.77500000000000e+00  -2.46851752116073e-02
2.80000000000000e+00  -2.67383219537743e-02
2.82500000000000e+00  -2.89538644699264e-02
2.85000000000000e+00  -3.13434544802246e-02
2.87500000000000e+00  -3.39193980955876e-02
2.90000000000000e+00  -3.66946719840007e-02
2.92500000000000e+00  -3.96829395368263e-02
2.95000000000000e+00  -4.28985670351130e-02
2.97500000000000e+00  -4.63566398159052e-02
3.00000000000000e+00  -5.00729784385533e-02
3.02500000000000e+00  -5.40641548510227e-02
3.05000000000000e+00  -5.83475085562040e-02
3.07500000000000e+00  -6.29411627782220e-02
3.10000000000000e+00  -6.78640406287462e-02
3.12500000000000e+00  -7.31344474538181e-02
3.15000000000000e+00  -7.87724028306992e-02
3.17500000000000e+00  -8.47983286734814e-02
3.20000000000000e+00  -9.12327195984095e-02
3.22500000000000e+00  -9.80965298335265e-02
3.25000000000000e+00  -1.05410996663995e-01
3.27500000000000e+00  -1.13197463877418e-01
3.30000000000000e+00  -1.21477205209160e-01
3.32500000000000e+00  -1.30271247787669e-01
3.35000000000000e+00  -1.39600195579797e-01
3.37500000000000e+00  -1.49484052836120e-01
3.40000000000000e+00  -1.59942047536264e-01
3.42500000000000e+00  -1.70992454834218e-01
3.45000000000000e+00  -1.82651977419049e-01
3.47500000000000e+00  -1.94935784112600e-01
3.50000000000000e+00  -2.07857129731674e-01
3.52500000000000e+00  -2.21426848379100e-01
3.55000000000000e+00  -2.35653169782421e-01
3.57500000000000e+00  -2.50541288780161e-01
3.60000000000000e+00  -2.66092934808098e-01
3.62500000000000e+00  -2.82305941385529e-01
3.65000000000000e+00  -2.99173815601541e-01
3.67500000000000e+00  -3.16685307601279e-01
3.70000000000000e+00  -3.34823980072219e-01
3.72500000000000e+00  -3.53567777730429e-01
3.75000000000000e+00  -3.72889557352746e-01
3.77500000000000e+00  -3.92752513251089e-01
3.80000000000000e+00  -4.13115120307493e-01
3.82500000000000e+00  -4.33928965980485e-01
3.85000000000000e+00  -4.55137400629968e-01
3.87500000000000e+00  -4.76675485146405e-01
3.90000000000000e+00  -4.98469938579993e-01
3.92500000000000e+00  -5.20439085769842e-01
3.95000000000000e+00  -5.42492804973157e-01
3.97500000000000e+00  -5.64532475494417e-01
4.00000000000000e+00  -5.86450925314547e-01
4.02500000000000e+00  -6.08132378720106e-01
4.05000000000000e+00  -6.29452403932458e-01
4.07500000000000e+00  -6.50279747317322e-01
4.10000000000000e+00  -6.70475429288761e-01
4.12500000000000e+00  -6.89893293553111e-01
4.15000000000000e+00  -7.08382540812068e-01
4.17500000000000e+00  -7.25786767416933e-01
4.20000000000000e+00  -7.41945416171796e-01
4.22500000000000e+00  -7.56695227136708e-01
4.25000000000000e+00  -7.69871688430860e-01
4.27500000000000e+00  -7.81310487035767e-01
4.30000000000000e+00  -7.90848959598435e-01
4.32500000000000e+00  -7.98327543234549e-01
4.35000000000000e+00  -8.03591226331644e-01
4.37500000000000e+00  -8.06492222250659e-01
4.40000000000000e+00  -8.06889148935133e-01
4.42500000000000e+00  -8.04655871636436e-01
4.45000000000000e+00  -7.99673978805286e-01
4.47500000000000e+00  -7.91840234091385e-01
4.50000000000000e+00  -7.81067805041605e-01
4.52500000000000e+00  -7.67287491798174e-01
4.55000000000000e+00  -7.50448955796868e-01
4.57500000000000e+00  -7.30521948465194e-01
4.60000000000000e+00  -7.07497539920585e-01
4.62500000000000e+00  -6.81389347668584e-01
4.65000000000000e+00  -6.52234765301030e-01
4.67500000000000e+00  -6.20096191194254e-01
4.70000000000000e+00  -5.85058082617406e-01
4.72500000000000e+00  -5.47229978234809e-01
4.75000000000000e+00  -5.06746301648646e-01
4.77500000000000e+00  -4.63762164870347e-01
4.80000000000000e+00  -4.18456214900369e-01
4.82500000000000e+00  -3.71028576942656e-01
4.85000000000000e+00  -3.21698797619091e-01
4.87500000000000e+00  -2.70703788183973e-01
4.90000000000000e+00  -2.18295767738464e-01
4.92500000000000e+00  -1.64740206445058e-01
4.95000000000000e+00  -1.10313768742047e-01
4.97500000000000e+00  -5.53022565579692e-02
5.00000000000000e+00  -1.44747391575083e-06
5.02500000000000e+00  5.53022565579731e-02
5.05000000000000e+00  1.10313768742052e-01
5.07500000000000e+00  1.64740206445063e-01
5.10000000000000e+00  2.18295767738469e-01
5.12500000000000e+00  2.70703788183977e-01
5.15000000000000e+00  3.21698797619094e-01
5.17500000000000e+00  3.71028576942660e-01
5.20000000000000e+00  4.18456214900373e-01
5.22500000000000e+00  4.63762164870351e-01
5.25000000000000e+00  5.06746301648648e-01
5.27500000000000e+00  5.47229978234813e-01
5.30000000000000e+00  5.85058082617410e-01
5.32500000000000e+00  6.20096191194257e-01
5.35000000000000e+00  6.52234765301033e-01
5.37500000000000e+00  6.81389347668585e-01
5.40000000000000e+00  7.07497539920588e-01
5.42500000000000e+00  7.30521948465197e-01
5.45000000000000e+00  7.50448955796870e-01
5.47500000000000e+00  7.67287491798176e-01
5.50000000000000e+00  7.81067805041607e-01
5.52500000000000e+00  7.91840234091387e-01
5.55000000000000e+00  7.99673978805287e-01
5.57500000000000e+00  8.04655871636436e-01
5.60000000000000e+00  8.06889148935134e-01
5.62500000000000e+00  8.06490999352285e-01
5.65000000000000e+00  8.03591226331644e-01
5.67500000000000e+00  7.98327543234549e-01
5.70000000000000e+00  7.90848959598436e-01
5.72500000000000e+00  7.81310487035766e-01
5.75000000000000e+00  7.69871688430860e-01
5.77500000000000e+00  7.56695227136707e-01
5.80000000000000e+00  7.41945416171795e-01
5.82500000000000e+00  7.25786767416933e-01
5.85000000000000e+00  7.08382540812067e-01
5.87500000000000e+00  6.89893293553111e-01
5.90000000000000e+00  6.70475429288760e-01
5.92500000000000e+00  6.50279747317321e-01
5.95000000000000e+00  6.29452403932457e-01
5.97500000000000e+00  6.08132378720105e-01
6.00000000000000e+00  5.86450925314546e-01
6.02500000000000e+00  5.64532475494416e-01
6.05000000000000e+00  5.42492804973156e-01
6.07500000000000e+00  5.20439085769841e-01
6.10000000000000e+00  4.98469938579991e-01
6.12500000000000e+00  4.76675485146405e-01
6.15000000000000e+00  4.55137400629967e-01
6.17500000000000e+00  4.33928965980483e-01
6.20000000000000e+00  4.13115120307492e-01
6.22500000000000e+00  3.92752513251088e-01
6.25000000000000e+00  3.72888596806847e-01
6.27500000000000e+00  3.53567777730428e-01
6.30000000000000e+00  3.34823980072217e-01
6.32500000000000e+00  3.16685307601278e-01
6.35000000000000e+00  2.99173815601539e-01
6.37500000000000e+00  2.82305941385528e-01
6.40000000000000e+00  2.66092934808096e-01
6.42500000000000e+00  2.50541288780160e-01
6.45000000000000e+00  2.35653169782420e-01
6.47500000000000e+00  2.21426848379099e-01
6.50000000000000e+00  2.07857129731673e-01
6.52500000000000e+00  1.94935784112599e-01
6.55000000000000e+00  1.82651977419048e-01
6.57500000000000e+00  1.70992454834217e-01
6.60000000000000e+00  1.59942047536263e-01
6.62500000000000e+00  1.49484052836120e-01
6.65000000000000e+00  1.39600195579796e-01
6.67500000000000e+00  1.30271247787668e-01
6.70000000000000e+00  1.21477205209159e-01
6.72500000000000e+00  1.13197463877417e-01
6.75000000000000e+00  1.05410996663994e-01
6.77500000000000e+00  9.80965298335259e-02
6.80000000000000e+00  9.12327195984087e-02
6.82500000000000e+00  8.47983286734807e-02
6.85000000000000e+00  7.87724028306986e-02
6.87500000000000e+00  7.31358812732993e-02
6.90000000000000e+00  6.78640406287457e-02
6.92500000000000e+00  6.29411627782214e-02
6.95000000000000e+00  5.83475085562035e-02
6.97500000000000e+00  5.40641548510222e-02
7.00000000000000e+00  5.00729784385529e-02
7.02500000000000e+00  4.63566398159048e-02
7.05000000000000e+00  4.28985670351126e-02
7.07500000000000e+00  3.96829395368261e-02
7.10000000000000e+00  3.66946719840004e-02
7.12500000000000e+00  3.39193980955874e-02
7.15000000000000e+00  3.13434544802244e-02
7.17500000000000e+00  2.89538644699261e-02
7.20000000000000e+00  2.67383219537741e-02
7.22500000000000e+00  2.46851752116070e-02
7.25000000000000e+00  2.27834107477119e-02
7.27500000000000e+00  2.10226371245134e-02
7.30000000000000e+00  1.93930687962648e-02
7.32500000000000e+00  1.78855099427381e-02
7.35000000000000e+00  1.64913383029146e-02
7.37500000000000e+00  1.52024890086752e-02
7.40000000000000e+00  1.40114384184904e-02
7.42500000000000e+00  1.29111879511112e-02
7.45000000000000e+00  1.18952479192591e-02
7.47500000000000e+00  1.09576213633164e-02
7.50000000000000e+00  1.00942640444688e-02
7.52500000000000e+00  9.29536212180573e-03
7.55000000000000e+00  8.55829653525830e-03
7.57500000000000e+00  7.87852416173073e-03
7.60000000000000e+00  7.25179091504918e-03
7.62500000000000e+00  6.67411985142514e-03
7.65000000000000e+00  6.14179927491844e-03
7.67500000000000e+00  5.65137084290071e-03
7.70000000000000e+00  5.19961767151833e-03
7.72500000000000e+00  4.78355244115587e-03
7.75000000000000e+00  4.40040550189921e-03
7.77500000000000e+00  4.04761297899876e-03
7.80000000000000e+00  3.72280487833273e-03
7.82500000000000e+00  3.42379319187030e-03
7.85000000000000e+00  3.14856000313483e-03
7.87500000000000e+00  2.89524559266716e-03
7.90000000000000e+00  2.66213654348873e-03
7.92500000000000e+00  2.44765384656486e-03
7.95000000000000e+00  2.25034100626798e-03
7.97500000000000e+00  2.06885214584079e-03
8.00000000000000e+00  1.90194011285953e-03
8.02500000000000e+00  1.74844458469720e-03
8.05000000000000e+00  1.60728017398674e-03
8.07500000000000e+00  1.47742453408430e-03
8.10000000000000e+00  1.35790646453242e-03
8.12500000000000e+00  1.24799367019872e-03
8.15000000000000e+00  1.14707879937023e-03
8.17500000000000e+00  1.05425161531860e-03
8.20000000000000e+00  9.68886642198203e-04
8.22500000000000e+00  8.90400891572182e-04
8.25000000000000e+00  8.18251983491313e-04
8.27500000000000e+00  7.51936267573005e-04
8.30000000000000e+00  6.90986944080198e-04
8.32500000000000e+00  6.34972185000303e-04
8.35000000000000e+00  5.83493255124153e-04
8.37500000000000e+00  5.36182633124911e-04
8.40000000000000e+00  4.92702132637038e-04
8.42500000000000e+00  4.52741023335207e-04
8.45000000000000e+00  4.16014152013243e-04
8.47500000000000e+00  3.82260063663065e-04
8.50000000000000e+00  3.51239122553606e-04
8.52500000000000e+00  3.22731633309770e-04
8.55000000000000e+00  2.96535961991349e-04
8.57500000000000e+00  2.72466657171970e-04
8.60000000000000e+00  2.50352571018026e-04
8.62500000000000e+00  2.30034980367607e-04
8.65000000000000e+00  2.11365707809448e-04
8.67500000000000e+00  1.94205242761851e-04
8.70000000000000e+00  1.78420862551631e-04
8.72500000000000e+00  1.63884753493043e-04
8.75000000000000e+00  1.50382294523870e-04
8.77500000000000e+00  1.38303275646314e-04
8.80000000000000e+00  1.27154573376713e-04
8.82500000000000e+00  1.16872708276698e-04
8.85000000000000e+00  1.07397490645621e-04
8.87500000000000e+00  9.86719273415333e-05
8.90000000000000e+00  9.06421286021648e-05
8.92500000000000e+00  8.32572148659000e-05
8.95000000000000e+00  7.64692235927537e-05
8.97500000000000e+00  7.02330160853505e-05
9.00000000000000e+00  6.45061843098988e-05
9.02500000000000e+00  5.92489577171713e-05
9.05000000000000e+00  5.44241100634799e-05
9.07500000000000e+00  4.99968662316531e-05
9.10000000000000e+00  4.59348090520138e-05
9.12500000000000e+00  4.22077861233551e-05
9.15000000000000e+00  3.87878166339188e-05
9.17500000000000e+00  3.56489981823716e-05
9.20000000000000e+00  3.27674135987824e-05
9.22500000000000e+00  3.01210377655999e-05
9.25000000000000e+00  2.76896444386282e-05
9.27500000000000e+00  2.54547130680056e-05
9.30000000000000e+00  2.33993356191809e-05
9.32500000000000e+00  2.15081233938905e-05
9.35000000000000e+00  1.97671138511351e-05
9.37500000000000e+00  1.81636774281577e-05
9.40000000000000e+00  1.66864243614199e-05
9.42500000000000e+00  1.53251115075793e-05
9.45000000000000e+00  1.40705491644665e-05
9.47500000000000e+00  1.29145078920625e-05
9.50000000000000e+00  1.18496253334749e-05
9.52500000000000e+00  1.08693130359162e-05
9.55000000000000e+00  9.96766327167984e-06
9.57500000000000e+00  9.13935585911785e-06
9.60000000000000e+00  8.37956498361776e-06
9.62500000000000e+00  7.68386601857976e-06
9.65000000000000e+00  7.04814234639353e-06
9.67500000000000e+00  6.46849217941567e-06
9.70000000000000e+00  5.94113538094660e-06
9.72500000000000e+00  5.46232028620761e-06
9.75000000000000e+00  5.02823052331803e-06
9.77500000000000e+00  4.63489183427222e-06
9.80000000000000e+00  4.27807889591674e-06
9.82500000000000e+00  3.95322214092738e-06
9.85000000000000e+00  3.65531457878626e-06
9.87500000000000e+00  3.37881861675893e-06
9.90000000000000e+00  3.11757288087134e-06
9.92500000000000e+00  2.86469903688708e-06
9.95000000000000e+00  2.61250861128439e-06
9.97500000000000e+00  2.35240981223316e-06
1.00000000000000e+01  2.07481435057230e-06
