0.00000000000000e+00  4.09218286567918e-07
2.50000000000000e-02  1.42341644092679e-07
5.00000000000000e-02  -3.11698008174721e-08
7.50000000000000e-02  -1.31302260663215e-07
1.00000000000000e-01  -1.75511853525212e-07
1.25000000000000e-01  -1.78881719226476e-07
1.50000000000000e-01  -1.54279135494872e-07
1.75000000000000e-01  -1.12512634125612e-07
2.00000000000000e-01  -6.24891171437408e-08
2.25000000000000e-01  -1.13709729666391e-08
2.50000000000000e-01  3.52668074334919e-08
2.75000000000000e-01  7.32795143671240e-08
3.00000000000000e-01  9.97956032649143e-08
3.25000000000000e-01  1.13059578515212e-07
3.50000000000000e-01  1.12274877301565e-07
3.75000000000000e-01  9.74467534402174e-08
4.00000000000000e-01  6.92251612176252e-08
4.25000000000000e-01  2.87476392279515e-08
4.50000000000000e-01  -2.25178057894139e-08
4.75000000000000e-01  -8.29298151123654e-08
5.00000000000000e-01  -1.50830794198564e-07
5.25000000000000e-01  -2.24704028847935e-07
5.50000000000000e-01  -3.03330801365159e-07
5.75000000000000e-01  -3.85947506722181e-07
6.00000000000000e-01  -4.72402768720679e-07
6.25000000000000e-01  -5.63314556154590e-07
6.50000000000000e-01  -6.60227298972572e-07
6.75000000000000e-01  -7.65769004440521e-07
7.00000000000000e-01  -8.83808373304062e-07
7.25000000000000e-01  -1.01961191595103e-06
7.50000000000000e-01  -1.18000106857398e-06
7.75000000000000e-01  -1.37350930933269e-06
8.00000000000000e-01  -1.61053927451660e-06
8.25000000000000e-01  -1.90351987470739e-06
8.50000000000000e-01  -2.26706341094140e-06
8.75000000000000e-01  -2.71812269087220e-06
9.00000000000000e-01  -3.27614814493299e-06
9.25000000000000e-01  -3.96324494249915e-06
9.50000000000000e-01  -4.80433010805078e-06
9.75000000000000e-01  -5.82728963733506e-06
1.00000000000000e+00  -7.06313561352894e-06
1.02500000000000e+00  -8.54616332340143e-06
1.05000000000000e+00  -1.03141083734761e-05
1.07500000000000e+00  -1.24083038061941e-05
1.10000000000000e+00  -1.48738372160755e-05
1.12500000000000e+00  -1.77597078658831e-05
1.15000000000000e+00  -2.11189838027841e-05
1.17500000000000e+00  -2.50089589745128e-05
1.20000000000000e+00  -2.94913103455332e-05
1.22500000000000e+00  -3.46322550132012e-05
1.25000000000000e+00  -4.09325645936189e-05
1.27500000000000e+00  -4.86976397288840e-05
1.30000000000000e+00  -5.75346455767932e-05
1.32500000000000e+00  -6.77460803702740e-05
1.35000000000000e+00  -7.96324124670899e-05
1.37500000000000e+00  -9.35019513814918e-05
1.40000000000000e+00  -1.09680718815865e-04
1.42500000000000e+00  -1.28522319692379e-04
1.45000000000000e+00  -1.50417813184635e-04
1.47500000000000e+00  -1.75805583749318e-04
1.50000000000000e+00  -2.05181212157839e-04
1.52500000000000e+00  -2.39107346527992e-04
1.55000000000000e+00  -2.78223573355595e-04
1.57500000000000e+00  -3.23256288546146e-04
1.60000000000000e+00  -3.75028568446465e-04
1.62500000000000e+00  -4.34470040876347e-04
1.65000000000000e+00  -5.02626756160212e-04
1.67500000000000e+00  -5.80671058158745e-04
1.70000000000000e+00  -6.69911455300561e-04
1.72500000000000e+00  -7.71802491613833e-04
1.75000000000000e+00  -8.87954617757960e-04
1.77500000000000e+00  -1.02014406205521e-03
1.80000000000000e+00  -1.17032270152234e-03
1.82500000000000e+00  -1.34062793290232e-03
1.85000000000000e+00  -1.53339254369589e-03
1.87500000000000e+00  -1.75260686387523e-03
1.90000000000000e+00  -1.99752912600191e-03
1.92500000000000e+00  -2.27465763970815e-03
1.95000000000000e+00  -2.58707069581324e-03
1.97500000000000e+00  -2.93828214381045e-03
2.00000000000000e+00  -3.33224209634391e-03
2.02500000000000e+00  -3.77333763368528e-03
2.05000000000000e+00  -4.26639350821056e-03
2.07500000000000e+00  -4.81667284887675e-03
2.10000000000000e+00  -5.42987786569871e-03
2.12500000000000e+00  -6.11215055422581e-03
2.15000000000000e+00  -6.87007340001873e-03
2.17500000000000e+00  -7.71067008312621e-03
2.20000000000000e+00  -8.64140618256177e-03
2.22500000000000e+00  -9.67018988078048e-03
2.25000000000000e+00  -1.08053726681557e-02
2.27500000000000e+00  -1.20557500474558e-02
2.30000000000000e+00  -1.34305622383211e-02
2.32500000000000e+00  -1.49394948817402e-02
2.35000000000000e+00  -1.65926797445272e-02
2.37500000000000e+00  -1.84006954237981e-02
2.40000000000000e+00  -2.03745680514478e-02
2.42500000000000e+00  -2.25257719986266e-02
2.45000000000000e+00  -2.48662305802172e-02
2.47500000000000e+00  -2.74083167593113e-02
2.50000000000000e+00  -3.01641940785677e-02
2.52500000000000e+00  -3.31434870135951e-02
2.55000000000000e+00  -3.63614862541494e-02
2.57500000000000e+00  -3.98300284007653e-02
2.60000000000000e+00  -4.35610537809773e-02
2.62500000000000e+00  -4.75664403264737e-02
2.65000000000000e+00  -5.18578374502533e-02
2.67500000000000e+00  -5.64464999237796e-02
2.70000000000000e+00  -6.13431217541374e-02
2.72500000000000e+00  -6.65576700611871e-02
2.75000000000000e+00  -7.20992189547210e-02
2.77500000000000e+00  -7.79757834116179e-02
2.80000000000000e+00  -8.41941531529990e-02
2.82500000000000e+00  -9.07597265213832e-02
2.85000000000000e+00  -9.76763443578423e-02
2.87500000000000e+00  -1.04946123879157e-01
2.90000000000000e+00  -1.12569292554971e-01
2.92500000000000e+00  -1.20544021984947e-01
2.95000000000000e+00  -1.28866261775924e-01
2.97500000000000e+00  -1.37529573419070e-01
3.00000000000000e+00  -1.46524964167037e-01
3.02500000000000e+00  -1.55840720911120e-01
3.05000000000000e+00  -1.65462244058410e-01
3.07500000000000e+00  -1.75371881408947e-01
3.10000000000000e+00  -1.85548762032880e-01
3.12500000000000e+00  -1.95968732841552e-01
3.15000000000000e+00  -2.06605802371746e-01
3.17500000000000e+00  -2.17428552980182e-01
3.20000000000000e+00  -2.28403767358953e-01
3.22500000000000e+00  -2.39494708379099e-01
3.25000000000000e+00  -2.50661321961051e-01
3.27500000000000e+00  -2.61860439945078e-01
3.30000000000000e+00  -2.73045982961730e-01
3.32500000000000e+00  -2.84169163302284e-01
3.35000000000000e+00  -2.95178687789190e-01
3.37500000000000e+00  -3.06020960646513e-01
3.40000000000000e+00  -3.16640286370382e-01
3.42500000000000e+00  -3.26979072599433e-01
3.45000000000000e+00  -3.36978824161603e-01
3.47500000000000e+00  -3.46579951588357e-01
3.50000000000000e+00  -3.55722373682750e-01
3.52500000000000e+00  -3.64346094352472e-01
3.55000000000000e+00  -3.72391587248032e-01
3.57500000000000e+00  -3.79800358960675e-01
3.60000000000000e+00  -3.86515512220301e-01
3.62500000000000e+00  -3.92482309093376e-01
3.65000000000000e+00  -3.97648734180846e-01
3.67500000000000e+00  -4.01966057816060e-01
3.70000000000000e+00  -4.05389399262679e-01
3.72500000000000e+00  -4.07878289912592e-01
3.75000000000000e+00  -4.09397678973634e-01
3.77500000000000e+00  -4.09916044303665e-01
3.80000000000000e+00  -4.09411137208925e-01
3.82500000000000e+00  -4.07864517747071e-01
3.85000000000000e+00  -4.05265081647740e-01
3.87500000000000e+00  -4.01609130753482e-01
3.90000000000000e+00  -3.96900443460701e-01
3.92500000000000e+00  -3.91150345160583e-01
3.95000000000000e+00  -3.84377778680036e-01
3.97500000000000e+00  -3.76609374722621e-01
4.00000000000000e+00  -3.67879522309491e-01
4.02500000000000e+00  -3.58230439220320e-01
4.05000000000000e+00  -3.47712242434244e-01
4.07500000000000e+00  -3.36381371689195e-01
4.10000000000000e+00  -3.24301448234332e-01
4.12500000000000e+00  -3.11542657611870e-01
4.15000000000000e+00  -2.98180432461540e-01
4.17500000000000e+00  -2.84295633038209e-01
4.20000000000000e+00  -2.69973657229313e-01
4.22500000000000e+00  -2.55303550572306e-01
4.25000000000000e+00  -2.40377116272097e-01
4.27500000000000e+00  -2.25288025218486e-01
4.30000000000000e+00  -2.10130926003614e-01
4.32500000000000e+00  -1.95000554939396e-01
4.35000000000000e+00  -1.79990846074970e-01
4.37500000000000e+00  -1.65193269547866e-01
4.40000000000000e+00  -1.50698310354970e-01
4.42500000000000e+00  -1.36588786353831e-01
4.45000000000000e+00  -1.22945714198140e-01
4.47500000000000e+00  -1.09843647992193e-01
4.50000000000000e+00  -9.73501363936498e-02
4.52500000000000e+00  -8.55251797162947e-02
4.55000000000000e+00  -7.44206870328023e-02
4.57500000000000e+00  -6.40799332774960e-02
4.60000000000000e+00  -5.45370163491129e-02
4.62500000000000e+00  -4.58163142135652e-02
4.65000000000000e+00  -3.79319420067011e-02
4.67500000000000e+00  -3.08872091370694e-02
4.70000000000000e+00  -2.46762023673838e-02
4.72500000000000e+00  -1.92822636076764e-02
4.75000000000000e+00  -1.46782354184965e-02
4.77500000000000e+00  -1.08281658623514e-02
4.80000000000000e+00  -7.68627972980012e-03
4.82500000000000e+00  -5.19784779812115e-03
4.85000000000000e+00  -3.30005608998014e-03
4.87500000000000e+00  -1.92287513209895e-03
4.90000000000000e+00  -9.89929213923211e-04
4.92500000000000e+00  -4.19365646290963e-04
4.95000000000000e+00  -1.24724020100737e-04
4.97500000000000e+00  -1.58054649797410e-05
5.00000000000000e+00  -4.58092047782997e-07
5.02500000000000e+00  1.58054649797151e-05
5.05000000000000e+00  1.24724020100737e-04
5.07500000000000e+00  4.19365646291013e-04
5.10000000000000e+00  9.89929213923297e-04
5.12500000000000e+00  1.92287513209902e-03
5.15000000000000e+00  3.30005608998020e-03
5.17500000000000e+00  5.19784779812120e-03
5.20000000000000e+00  7.68627972980019e-03
5.22500000000000e+00  1.08281658623515e-02
5.25000000000000e+00  1.46782354184966e-02
5.27500000000000e+00  1.92822636076769e-02
5.30000000000000e+00  2.46762023673843e-02
5.32500000000000e+00  3.08872091370695e-02
5.35000000000000e+00  3.79319420067012e-02
5.37500000000000e+00  4.58163142135651e-02
5.40000000000000e+00  5.45370163491134e-02
5.42500000000000e+00  6.40799332774967e-02
5.45000000000000e+00  7.44206870328026e-02
5.47500000000000e+00  8.55251797162954e-02
5.50000000000000e+00  9.73501363936499e-02
5.52500000000000e+00  1.09843647992194e-01
5.55000000000000e+00  1.22945714198140e-01
5.57500000000000e+00  1.36588786353831e-01
5.60000000000000e+00  1.50698310354971e-01
5.62500000000000e+00  1.65194041214128e-01
5.65000000000000e+00  1.79990846074970e-01
5.67500000000000e+00  1.95000554939397e-01
5.70000000000000e+00  2.10130926003614e-01
5.72500000000000e+00  2.25288025218487e-01
5.75000000000000e+00  2.40377116272098e-01
5.77500000000000e+00  2.55303550572307e-01
5.80000000000000e+00  2.69973657229314e-01
5.82500000000000e+00  2.84295633038208e-01
5.85000000000000e+00  2.98180432461540e-01
5.87500000000000e+00  3.11542657611870e-01
5.90000000000000e+00  3.24301448234333e-01
5.92500000000000e+00  3.36381371689196e-01
5.95000000000000e+00  3.47712242434244e-01
5.97500000000000e+00  3.58230439220320e-01
6.00000000000000e+00  3.67879522309491e-01
6.02500000000000e+00  3.76609374722622e-01
6.05000000000000e+00  3.84377778680036e-01
6.07500000000000e+00  3.91150345160583e-01
6.10000000000000e+00  3.96900443460701e-01
6.12500000000000e+00  4.01609130753482e-01
6.15000000000000e+00  4.05265081647740e-01
6.17500000000000e+00  4.07864517747071e-01
6.20000000000000e+00  4.09411137208925e-01
6.22500000000000e+00  4.09916044303665e-01
6.25000000000000e+00  4.09397236483835e-01
6.27500000000000e+00  4.07878289912592e-01
6.30000000000000e+00  4.05389399262679e-01
6.32500000000000e+00  4.01966057816060e-01
6.35000000000000e+00  3.97648734180846e-01
6.37500000000000e+00  3.92482309093375e-01
6.40000000000000e+00  3.86515512220301e-01
6.42500000000000e+00  3.79800358960675e-01
6.45000000000000e+00  3.72391587248032e-01
6.47500000000000e+00  3.64346094352471e-01
6.50000000000000e+00  3.55722373682750e-01
6.52500000000000e+00  3.46579951588356e-01
6.55000000000000e+00  3.36978824161603e-01
6.57500000000000e+00  3.26979072599432e-01
6.60000000000000e+00  3.16640286370381e-01
6.62500000000000e+00  3.06020960646512e-01
6.65000000000000e+00  2.95178687789189e-01
6.67500000000000e+00  2.84169163302283e-01
6.70000000000000e+00  2.73045982961730e-01
6.72500000000000e+00  2.61860439945078e-01
6.75000000000000e+00  2.50661321961051e-01
6.77500000000000e+00  2.39494708379098e-01
6.80000000000000e+00  2.28403767358952e-01
6.82500000000000e+00  2.17428552980181e-01
6.85000000000000e+00  2.06605802371745e-01
6.87500000000000e+00  1.95968630147620e-01
6.90000000000000e+00  1.85548762032879e-01
6.92500000000000e+00  1.75371881408946e-01
6.95000000000000e+00  1.65462244058409e-01
6.97500000000000e+00  1.55840720911120e-01
7.00000000000000e+00  1.46524964167037e-01
7.02500000000000e+00  1.37529573419069e-01
7.05000000000000e+00  1.28866261775924e-01
7.07500000000000e+00  1.20544021984947e-01
7.10000000000000e+00  1.12569292554970e-01
7.12500000000000e+00  1.04946123879157e-01
7.15000000000000e+00  9.76763443578421e-02
7.17500000000000e+00  9.07597265213828e-02
7.20000000000000e+00  8.41941531529987e-02
7.22500000000000e+00  7.79757834116174e-02
7.25000000000000e+00  7.20992189547207e-02
7.27500000000000e+00  6.65576700611870e-02
7.30000000000000e+00  6.13431217541371e-02
7.32500000000000e+00  5.64464999237794e-02
7.35000000000000e+00  5.18578374502530e-02
7.37500000000000e+00  4.75664403264737e-02
7.40000000000000e+00  4.35610537809771e-02
7.42500000000000e+00  3.98300284007652e-02
7.45000000000000e+00  3.63614862541492e-02
7.47500000000000e+00  3.31434870135951e-02
7.50000000000000e+00  3.01648538516862e-02
7.52500000000000e+00  2.74083167593112e-02
7.55000000000000e+00  2.48662305802170e-02
7.57500000000000e+00  2.25257719986265e-02
7.60000000000000e+00  2.03745680514477e-02
7.62500000000000e+00  1.84006954237980e-02
7.65000000000000e+00  1.65926797445271e-02
7.67500000000000e+00  1.49394948817402e-02
7.70000000000000e+00  1.34305622383211e-02
7.72500000000000e+00  1.20557500474558e-02
7.75000000000000e+00  1.08053726681557e-02
7.77500000000000e+00  9.67018988078044e-03
7.80000000000000e+00  8.64140618256171e-03
7.82500000000000e+00  7.71067008312618e-03
7.85000000000000e+00  6.87007340001868e-03
7.87500000000000e+00  6.11215055422578e-03
7.90000000000000e+00  5.42987786569870e-03
7.92500000000000e+00  4.81667284887673e-03
7.95000000000000e+00  4.26639350821054e-03
7.97500000000000e+00  3.77333763368526e-03
8.00000000000000e+00  3.33224209634389e-03
8.02500000000000e+00  2.93828214381043e-03
8.05000000000000e+00  2.58707069581322e-03
8.07500000000000e+00  2.27465763970814e-03
8.10000000000000e+00  1.99752912600190e-03
8.12500000000000e+00  1.75115458319326e-03
8.15000000000000e+00  1.53339254369588e-03
8.17500000000000e+00  1.34062793290231e-03
8.20000000000000e+00  1.17032270152233e-03
8.22500000000000e+00  1.02014406205520e-03
8.25000000000000e+00  8.87954617757956e-04
8.27500000000000e+00  7.71802491613827e-04
8.30000000000000e+00  6.69911455300558e-04
8.32500000000000e+00  5.80671058158742e-04
8.35000000000000e+00  5.02626756160213e-04
8.37500000000000e+00  4.34470040876348e-04
8.40000000000000e+00  3.75028568446464e-04
8.42500000000000e+00  3.23256288546144e-04
8.45000000000000e+00  2.78223573355592e-04
8.47500000000000e+00  2.39107346527991e-04
8.50000000000000e+00  2.05181212157837e-04
8.52500000000000e+00  1.75805583749317e-04
8.55000000000000e+00  1.50417813184634e-04
8.57500000000000e+00  1.28522319692377e-04
8.60000000000000e+00  1.09680718815865e-04
8.62500000000000e+00  9.35019513814913e-05
8.65000000000000e+00  7.96324124670894e-05
8.67500000000000e+00  6.77460803702735e-05
8.70000000000000e+00  5.75346455767932e-05
8.72500000000000e+00  4.86976397288837e-05
8.75000000000000e+00  4.05027073239278e-05
8.77500000000000e+00  3.46322550132012e-05
8.80000000000000e+00  2.94913103455330e-05
8.82500000000000e+00  2.50089589745126e-05
8.85000000000000e+00  2.11189838027841e-05
8.87500000000000e+00  1.77597078658831e-05
8.90000000000000e+00  1.48738372160754e-05
8.92500000000000e+00  1.24083038061940e-05
8.95000000000000e+00  1.03141083734761e-05
8.97500000000000e+00  8.54616332340144e-06
9.00000000000000e+00  7.06313561352893e-06
9.02500000000000e+00  5.82728963733504e-06
9.05000000000000e+00  4.80433010805072e-06
9.07500000000000e+00  3.96324494249909e-06
9.10000000000000e+00  3.27614814493297e-06
9.12500000000000e+00  2.71812269087218e-06
9.15000000000000e+00  2.26706341094140e-06
9.17500000000000e+00  1.90351987470737e-06
9.20000000000000e+00  1.61053927451658e-06
9.22500000000000e+00  1.37350930933269e-06
9.25000000000000e+00  1.18000106857398e-06
9.27500000000000e+00  1.01961191595102e-06
9.30000000000000e+00  8.83808373304053e-07
9.32500000000000e+00  7.65769004440516e-07
9.35000000000000e+00  6.60227298972569e-07
9.37500000000000e+00  5.63314556154588e-07
9.40000000000000e+00  4.72402768720677e-07
9.42500000000000e+00  3.85947506722175e-07
9.45000000000000e+00  3.03330801365151e-07
9.47500000000000e+00  2.24704028847930e-07
9.50000000000000e+00  1.50830794198559e-07
9.52500000000000e+00  8.29298151123582e-08
9.55000000000000e+00  2.25178057894079e-08
9.57500000000000e+00  -2.87476392279599e-08
9.60000000000000e+00  -6.92251612176315e-08
9.62500000000000e+00  -9.74467534402230e-08
9.65000000000000e+00  -1.12274877301570e-07
9.67500000000000e+00  -1.13059578515215e-07
9.70000000000000e+00  -9.97956032649139e-08
9.72500000000000e+00  -7.32795143671213e-08
9.75000000000000e+00  -3.52668074334887e-08
9.77500000000000e+00  1.13709729666417e-08
9.80000000000000e+00  6.24891171437475e-08
9.82500000000000e+00  1.12512634125623e-07
9.85000000000000e+00  1.54279135494883e-07
9.87500000000000e+00  1.78881719226482e-07
9.90000000000000e+00  1.75511853525218e-07
9.92500000000000e+00  1.31302260663216e-07
9.95000000000000e+00  3.11698008174683e-08
9.97500000000000e+00  -1.42341644092700e-07
1.00000000000000e+01  -4.09218286567930e-07
