0.00000000000000e+00  -3.29774530268385e-08
2.50000000000000e-02  -5.51985152397303e-08
5.00000000000000e-02  -7.22121248306535e-08
7.50000000000000e-02  -8.82456357929554e-08
1.00000000000000e-01  -1.06601144369708e-07
1.25000000000000e-01  -1.29857703534251e-07
1.50000000000000e-01  -1.60073537470735e-07
1.75000000000000e-01  -1.98988256054679e-07
2.00000000000000e-01  -2.48225069333518e-07
2.25000000000000e-01  -3.09493002007147e-07
2.50000000000000e-01  -3.84789107908485e-07
2.75000000000000e-01  -4.76600684484007e-07
3.00000000000000e-01  -5.88107487274304e-07
3.25000000000000e-01  -7.23383944394641e-07
3.50000000000000e-01  -8.87601371015484e-07
3.75000000000000e-01  -1.08723018384308e-06
4.00000000000000e-01  -1.33024211559999e-06
4.25000000000000e-01  -1.62631242950560e-06
4.50000000000000e-01  -1.98702213375678e-06
4.75000000000000e-01  -2.42606019600830e-06
5.00000000000000e-01  -2.95942575785351e-06
5.25000000000000e-01  -3.60563034930476e-06
5.50000000000000e-01  -4.38590010327402e-06
5.75000000000000e-01  -5.32437797005350e-06
6.00000000000000e-01  -6.44832593179602e-06
6.25000000000000e-01  -7.55082582076151e-06
6.50000000000000e-01  -9.45338576413129e-06
6.75000000000000e-01  -1.14853954668014e-05
7.00000000000000e-01  -1.37988618504718e-05
7.25000000000000e-01  -1.65285098562369e-05
7.50000000000000e-01  -1.97984459824966e-05
7.75000000000000e-01  -2.37288218228665e-05
8.00000000000000e-01  -2.84424976040888e-05
8.25000000000000e-01  -3.40717057239430e-05
8.50000000000000e-01  -4.07647142891559e-05
8.75000000000000e-01  -4.86924906533135e-05
9.00000000000000e-01  -5.80553649547699e-05
9.25000000000000e-01  -6.90896936545590e-05
9.50000000000000e-01  -8.20745230743057e-05
9.75000000000000e-01  -9.73382529341343e-05
1.00000000000000e+00  -1.15265299890582e-04
1.02500000000000e+00  -1.36302761074508e-04
1.05000000000000e+00  -1.60967077629001e-04
1.07500000000000e+00  -1.89850698247299e-04
1.10000000000000e+00  -2.23628742710688e-04
1.12500000000000e+00  -2.63065665426422e-04
1.15000000000000e+00  -3.09021918965630e-04
1.17500000000000e+00  -3.62460617601222e-04
1.20000000000000e+00  -4.24454200845814e-04
1.22500000000000e+00  -4.96191096989618e-04
1.25000000000000e+00  -5.79015044233846e-04
1.27500000000000e+00  -6.75387319710609e-04
1.30000000000000e+00  -7.86279001803944e-04
1.32500000000000e+00  -9.13896834026438e-04
1.35000000000000e+00  -1.06064852166038e-03
1.37500000000000e+00  -1.22918304761770e-03
1.40000000000000e+00  -1.42243098829985e-03
1.42500000000000e+00  -1.64364482945772e-03
1.45000000000000e+00  -1.89643928205154e-03
1.47500000000000e+00  -2.18483159811080e-03
1.50000000000000e+00  -2.51328188659411e-03
1.52500000000000e+00  -2.88673342924918e-03
1.55000000000000e+00  -3.31065299647262e-03
1.57500000000000e+00  -3.79107116316998e-03
1.60000000000000e+00  -4.33462262461552e-03
1.62500000000000e+00  -4.94858651231221e-03
1.65000000000000e+00  -5.64092670985159e-03
1.67500000000000e+00  -6.42033216877367e-03
1.70000000000000e+00  -7.29625722442693e-03
1.72500000000000e+00  -8.27896191182800e-03
1.75000000000000e+00  -9.37955228152187e-03
1.77500000000000e+00  -1.06100207154415e-02
1.80000000000000e+00  -1.19832862427680e-02
1.82500000000000e+00  -1.35132348557903e-02
1.85000000000000e+00  -1.52147598257652e-02
1.87500000000000e+00  -1.71039104364963e-02
1.90000000000000e+00  -1.91971885439003e-02
1.92500000000000e+00  -2.15129371970788e-02
1.95000000000000e+00  -2.40699560563786e-02
1.97500000000000e+00  -2.68881751333741e-02
2.00000000000000e+00  -2.99885756195601e-02
2.02500000000000e+00  -3.33931107150435e-02
2.05000000000000e+00  -3.71246264572355e-02
2.07500000000000e+00  -4.12067825495437e-02
2.10000000000000e+00  -4.56639731900646e-02
2.12500000000000e+00  -5.05212479002749e-02
2.15000000000000e+00  -5.58042323537244e-02
2.17500000000000e+00  -6.15390492047280e-02
2.20000000000000e+00  -6.77518786656307e-02
2.22500000000000e+00  -7.44690496292471e-02
2.25000000000000e+00  -8.17168371584911e-02
2.27500000000000e+00  -8.95209598436597e-02
2.30000000000000e+00  -9.79066252525802e-02
2.32500000000000e+00  -1.06898198173074e-01
2.35000000000000e+00  -1.16518868855421e-01
2.37500000000000e+00  -1.26790321254823e-01
2.40000000000000e+00  -1.37732401273867e-01
2.42500000000000e+00  -1.49362785004991e-01
2.45000000000000e+00  -1.61696646972944e-01
2.47500000000000e+00  -1.74746328377254e-01
2.50000000000000e+00  -1.88520706121402e-01
2.52500000000000e+00  -2.03025721884148e-01
2.55000000000000e+00  -2.18261848038273e-01
2.57500000000000e+00  -2.34226273083451e-01
2.60000000000000e+00  -2.50911113228333e-01
2.62500000000000e+00  -2.68303154347235e-01
2.65000000000000e+00  -2.86383593936843e-01
2.67500000000000e+00  -3.05127783072894e-01
2.70000000000000e+00  -3.24504968366883e-01
2.72500000000000e+00  -3.44478033922748e-01
2.75000000000000e+00  -3.65003243293568e-01
2.77500000000000e+00  -3.86029981438257e-01
2.80000000000000e+00  -4.07500496678256e-01
2.82500000000000e+00  -4.29350554584491e-01
2.85000000000000e+00  -4.51508786061344e-01
2.87500000000000e+00  -4.73896577408451e-01
2.90000000000000e+00  -4.96429596465239e-01
2.92500000000000e+00  -5.19016650305379e-01
2.95000000000000e+00  -5.41560318741934e-01
2.97500000000000e+00  -5.63957587832512e-01
3.00000000000000e+00  -5.86100483384419e-01
3.02500000000000e+00  -6.07876704459805e-01
3.05000000000000e+00  -6.29170256880819e-01
3.07500000000000e+00  -6.49862086734759e-01
3.10000000000000e+00  -6.69830713879221e-01
3.12500000000000e+00  -6.88953533506472e-01
3.15000000000000e+00  -7.07107970542341e-01
3.17500000000000e+00  -7.24172905182981e-01
3.20000000000000e+00  -7.40028484855456e-01
3.22500000000000e+00  -7.54558242879959e-01
3.25000000000000e+00  -7.67650240255614e-01
3.27500000000000e+00  -7.79198207446282e-01
3.30000000000000e+00  -7.89102686166357e-01
3.32500000000000e+00  -7.97272171166569e-01
3.35000000000000e+00  -8.03624252019786e-01
3.37500000000000e+00  -8.08086754906815e-01
3.40000000000000e+00  -8.10598884402205e-01
3.42500000000000e+00  -8.11112365260041e-01
3.45000000000000e+00  -8.09591497614522e-01
3.47500000000000e+00  -8.06014660705382e-01
3.50000000000000e+00  -8.00375539892148e-01
3.52500000000000e+00  -7.92680828361192e-01
3.55000000000000e+00  -7.82953398932287e-01
3.57500000000000e+00  -7.71231854671103e-01
3.60000000000000e+00  -7.57570079501703e-01
3.62500000000000e+00  -7.42036788819041e-01
3.65000000000000e+00  -7.24715080101455e-01
3.67500000000000e+00  -7.05701983523162e-01
3.70000000000000e+00  -6.85108012566760e-01
3.72500000000000e+00  -6.63056714635717e-01
3.75000000000000e+00  -6.39683116793315e-01
3.77500000000000e+00  -6.15130568464714e-01
3.80000000000000e+00  -5.89552104504222e-01
3.82500000000000e+00  -5.63107736761722e-01
3.85000000000000e+00  -5.35962883324878e-01
3.87500000000000e+00  -5.08286587687029e-01
3.90000000000000e+00  -4.80249737915087e-01
3.92500000000000e+00  -4.52023285817432e-01
3.95000000000000e+00  -4.23776466111798e-01
3.97500000000000e+00  -3.95675015593176e-01
4.00000000000000e+00  -3.67879392301703e-01
4.02500000000000e+00  -3.40542994690558e-01
4.05000000000000e+00  -3.13810380793857e-01
4.07500000000000e+00  -2.87816478260657e-01
4.10000000000000e+00  -2.62684628370097e-01
4.12500000000000e+00  -2.38524586969816e-01
4.15000000000000e+00  -2.15434889478038e-01
4.17500000000000e+00  -1.93498596155854e-01
4.20000000000000e+00  -1.72783464285044e-01
4.22500000000000e+00  -1.53342120345913e-01
4.25000000000000e+00  -1.35212232195119e-01
4.27500000000000e+00  -1.18416681243503e-01
4.30000000000000e+00  -1.02963734633924e-01
4.32500000000000e+00  -8.88472174190834e-02
4.35000000000000e+00  -7.60466847393622e-02
4.37500000000000e+00  -6.45291277429935e-02
4.40000000000000e+00  -5.42511858070946e-02
4.42500000000000e+00  -4.51596151223786e-02
4.45000000000000e+00  -3.71912246557691e-02
4.47500000000000e+00  -3.02757922605905e-02
4.50000000000000e+00  -2.43375173216443e-02
4.52500000000000e+00  -1.92964734002861e-02
4.55000000000000e+00  -1.50700608795046e-02
4.57500000000000e+00  -1.15744596089972e-02
4.60000000000000e+00  -8.72608155024900e-03
4.62500000000000e+00  -6.44302342160926e-03
4.65000000000000e+00  -4.64651934336894e-03
4.67500000000000e+00  -3.26239348283863e-03
4.70000000000000e+00  -2.22074193209295e-03
4.72500000000000e+00  -1.45792154090288e-03
4.75000000000000e+00  -9.17568923020087e-04
4.77500000000000e+00  -5.48488314048673e-04
4.80000000000000e+00  -3.07522145093256e-04
4.82500000000000e+00  -1.58964248341535e-04
4.85000000000000e+00  -7.39730626468751e-05
4.87500000000000e+00  -2.99848391109735e-05
4.90000000000000e+00  -1.01268466664413e-05
4.92500000000000e+00  -2.63057765943708e-06
4.95000000000000e+00  -2.44953432276277e-07
4.97500000000000e+00  3.50470093952219e-07
5.00000000000000e+00  8.67703163236871e-07
5.02500000000000e+00  -3.50470093955025e-07
5.05000000000000e+00  2.44953432274792e-07
5.07500000000000e+00  2.63057765943915e-06
5.10000000000000e+00  1.01268466664452e-05
5.12500000000000e+00  2.99848391109762e-05
5.15000000000000e+00  7.39730626468759e-05
5.17500000000000e+00  1.58964248341535e-04
5.20000000000000e+00  3.07522145093260e-04
5.22500000000000e+00  5.48488314048685e-04
5.25000000000000e+00  9.17568923020104e-04
5.27500000000000e+00  1.45792154090294e-03
5.30000000000000e+00  2.22074193209303e-03
5.32500000000000e+00  3.26239348283864e-03
5.35000000000000e+00  4.64651934336892e-03
5.37500000000000e+00  6.44302342160925e-03
5.40000000000000e+00  8.72608155024918e-03
5.42500000000000e+00  1.15744596089975e-02
5.45000000000000e+00  1.50700608795047e-02
5.47500000000000e+00  1.92964734002863e-02
5.50000000000000e+00  2.43375173216443e-02
5.52500000000000e+00  3.02757922605909e-02
5.55000000000000e+00  3.71912246557694e-02
5.57500000000000e+00  4.51596151223788e-02
5.60000000000000e+00  5.42511858070952e-02
5.62500000000000e+00  6.45275940006471e-02
5.65000000000000e+00  7.60466847393623e-02
5.67500000000000e+00  8.88472174190840e-02
5.70000000000000e+00  1.02963734633924e-01
5.72500000000000e+00  1.18416681243504e-01
5.75000000000000e+00  1.35212232195120e-01
5.77500000000000e+00  1.53342120345914e-01
5.80000000000000e+00  1.72783464285045e-01
5.82500000000000e+00  1.93498596155854e-01
5.85000000000000e+00  2.15434889478039e-01
5.87500000000000e+00  2.38524586969816e-01
5.90000000000000e+00  2.62684628370099e-01
5.92500000000000e+00  2.87816478260659e-01
5.95000000000000e+00  3.13810380793858e-01
5.97500000000000e+00  3.40542994690558e-01
6.00000000000000e+00  3.67879392301704e-01
6.02500000000000e+00  3.95675015593177e-01
6.05000000000000e+00  4.23776466111800e-01
6.07500000000000e+00  4.52023285817433e-01
6.10000000000000e+00  4.80249737915089e-01
6.12500000000000e+00  5.08286587687028e-01
6.15000000000000e+00  5.35962883324878e-01
6.17500000000000e+00  5.63107736761724e-01
6.20000000000000e+00  5.89552104504225e-01
6.22500000000000e+00  6.15130568464716e-01
6.25000000000000e+00  6.39684221666870e-01
6.27500000000000e+00  6.63056714635717e-01
6.30000000000000e+00  6.85108012566761e-01
6.32500000000000e+00  7.05701983523163e-01
6.35000000000000e+00  7.24715080101456e-01
6.37500000000000e+00  7.42036788819042e-01
6.40000000000000e+00  7.57570079501704e-01
6.42500000000000e+00  7.71231854671103e-01
6.45000000000000e+00  7.82953398932287e-01
6.47500000000000e+00  7.92680828361192e-01
6.50000000000000e+00  8.00375539892149e-01
6.52500000000000e+00  8.06014660705383e-01
6.55000000000000e+00  8.09591497614523e-01
6.57500000000000e+00  8.11112365260042e-01
6.60000000000000e+00  8.10598884402204e-01
6.62500000000000e+00  8.08086754906815e-01
6.65000000000000e+00  8.03624252019785e-01
6.67500000000000e+00  7.97272171166568e-01
6.70000000000000e+00  7.89102686166356e-01
6.72500000000000e+00  7.79198207446282e-01
6.75000000000000e+00  7.67650240255614e-01
6.77500000000000e+00  7.54558242879958e-01
6.80000000000000e+00  7.40028484855455e-01
6.82500000000000e+00  7.24172905182980e-01
6.85000000000000e+00  7.07107970542340e-01
6.87500000000000e+00  6.88952865447251e-01
6.90000000000000e+00  6.69830713879221e-01
6.92500000000000e+00  6.49862086734758e-01
6.95000000000000e+00  6.29170256880819e-01
6.97500000000000e+00  6.07876704459803e-01
7.00000000000000e+00  5.86100483384418e-01
7.02500000000000e+00  5.63957587832511e-01
7.05000000000000e+00  5.41560318741933e-01
7.07500000000000e+00  5.19016650305379e-01
7.10000000000000e+00  4.96429596465238e-01
7.12500000000000e+00  4.73896577408450e-01
7.15000000000000e+00  4.51508786061342e-01
7.17500000000000e+00  4.29350554584489e-01
7.20000000000000e+00  4.07500496678256e-01
7.22500000000000e+00  3.86029981438256e-01
7.25000000000000e+00  3.65003243293568e-01
7.27500000000000e+00  3.44478033922748e-01
7.30000000000000e+00  3.24504968366882e-01
7.32500000000000e+00  3.05127783072893e-01
7.35000000000000e+00  2.86383593936841e-01
7.37500000000000e+00  2.68303154347235e-01
7.40000000000000e+00  2.50911113228332e-01
7.42500000000000e+00  2.34226273083450e-01
7.45000000000000e+00  2.18261848038272e-01
7.47500000000000e+00  2.03025721884147e-01
7.50000000000000e+00  1.88521005334689e-01
7.52500000000000e+00  1.74746328377253e-01
7.55000000000000e+00  1.61696646972943e-01
7.57500000000000e+00  1.49362785004990e-01
7.60000000000000e+00  1.37732401273867e-01
7.62500000000000e+00  1.26790321254823e-01
7.65000000000000e+00  1.16518868855421e-01
7.67500000000000e+00  1.06898198173074e-01
7.70000000000000e+00  9.79066252525801e-02
7.72500000000000e+00  8.95209598436595e-02
7.75000000000000e+00  8.17168371584910e-02
7.77500000000000e+00  7.44690496292467e-02
7.80000000000000e+00  6.77518786656302e-02
7.82500000000000e+00  6.15390492047277e-02
7.85000000000000e+00  5.58042323537241e-02
7.87500000000000e+00  5.05212479002747e-02
7.90000000000000e+00  4.56639731900644e-02
7.92500000000000e+00  4.12067825495435e-02
7.95000000000000e+00  3.71246264572354e-02
7.97500000000000e+00  3.33931107150433e-02
8.00000000000000e+00  2.99885756195601e-02
8.02500000000000e+00  2.68881751333740e-02
8.05000000000000e+00  2.40699560563784e-02
8.07500000000000e+00  2.15129371970787e-02
8.10000000000000e+00  1.91971885439002e-02
8.12500000000000e+00  1.71038020187770e-02
8.15000000000000e+00  1.52147598257651e-02
8.17500000000000e+00  1.35132348557902e-02
8.20000000000000e+00  1.19832862427679e-02
8.22500000000000e+00  1.06100207154415e-02
8.25000000000000e+00  9.37955228152182e-03
8.27500000000000e+00  8.27896191182795e-03
8.30000000000000e+00  7.29625722442689e-03
8.32500000000000e+00  6.42033216877365e-03
8.35000000000000e+00  5.64092670985160e-03
8.37500000000000e+00  4.94858651231221e-03
8.40000000000000e+00  4.33462262461551e-03
8.42500000000000e+00  3.79107116316996e-03
8.45000000000000e+00  3.31065299647259e-03
8.47500000000000e+00  2.88673342924917e-03
8.50000000000000e+00  2.51328188659410e-03
8.52500000000000e+00  2.18483159811079e-03
8.55000000000000e+00  1.89643928205153e-03
8.57500000000000e+00  1.64364482945770e-03
8.60000000000000e+00  1.42243098829984e-03
8.62500000000000e+00  1.22918304761769e-03
8.65000000000000e+00  1.06064852166037e-03
8.67500000000000e+00  9.13896834026432e-04
8.70000000000000e+00  7.86279001803946e-04
8.72500000000000e+00  6.75387319710609e-04
8.75000000000000e+00  5.78982386638369e-04
8.77500000000000e+00  4.96191096989614e-04
8.80000000000000e+00  4.24454200845809e-04
8.82500000000000e+00  3.62460617601218e-04
8.85000000000000e+00  3.09021918965628e-04
8.87500000000000e+00  2.63065665426421e-04
8.90000000000000e+00  2.23628742710686e-04
8.92500000000000e+00  1.89850698247298e-04
8.95000000000000e+00  1.60967077629000e-04
8.97500000000000e+00  1.36302761074508e-04
9.00000000000000e+00  1.15265299890582e-04
9.02500000000000e+00  9.73382529341339e-05
9.05000000000000e+00  8.20745230743048e-05
9.07500000000000e+00  6.90896936545581e-05
9.10000000000000e+00  5.80553649547696e-05
9.12500000000000e+00  4.86924906533131e-05
9.15000000000000e+00  4.07647142891558e-05
9.17500000000000e+00  3.40717057239426e-05
9.20000000000000e+00  2.84424976040884e-05
9.22500000000000e+00  2.37288218228664e-05
9.25000000000000e+00  1.97984459824965e-05
9.27500000000000e+00  1.65285098562368e-05
9.30000000000000e+00  1.37988618504716e-05
9.32500000000000e+00  1.14853954668013e-05
9.35000000000000e+00  9.45338576413123e-06
9.37500000000000e+00  7.78832721699567e-06
9.40000000000000e+00  6.44832593179594e-06
9.42500000000000e+00  5.32437797005341e-06
9.45000000000000e+00  4.38590010327395e-06
9.47500000000000e+00  3.60563034930474e-06
9.50000000000000e+00  2.95942575785349e-06
9.52500000000000e+00  2.42606019600829e-06
9.55000000000000e+00  1.98702213375677e-06
9.57500000000000e+00  1.62631242950559e-06
9.60000000000000e+00  1.33024211559996e-06
9.62500000000000e+00  1.08723018384308e-06
9.65000000000000e+00  8.87601371015479e-07
9.67500000000000e+00  7.23383944394629e-07
9.70000000000000e+00  5.88107487274292e-07
9.72500000000000e+00  4.76600684483997e-07
9.75000000000000e+00  3.84789107908480e-07
9.77500000000000e+00  3.09493002007147e-07
9.80000000000000e+00  2.48225069333516e-07
9.82500000000000e+00  1.98988256054677e-07
9.85000000000000e+00  1.60073537470733e-07
9.87500000000000e+00  1.29857703534251e-07
9.90000000000000e+00  1.06601144369707e-07
9.92500000000000e+00  8.82456357929540e-08
9.95000000000000e+00  7.22121248306519e-08
9.97500000000000e+00  5.51985152397289e-08
1.00000000000000e+01  3.29774530268411e-08
