0.00000000000000e+00  -6.04973746313902e-08
2.50000000000000e-02  7.17425522907611e-08
5.00000000000000e-02  1.70828555112013e-07
7.50000000000000e-02  2.45920896887192e-07
1.00000000000000e-01  3.05297492598488e-07
1.25000000000000e-01  3.56471505727114e-07
1.50000000000000e-01  4.06308944824989e-07
1.75000000000000e-01  4.61146260086441e-07
2.00000000000000e-01  5.26907939919913e-07
2.25000000000000e-01  6.09224107519648e-07
2.50000000000000e-01  7.13548117437403e-07
2.75000000000000e-01  8.45274152154133e-07
3.00000000000000e-01  1.00985481865169e-06
3.25000000000000e-01  1.21311429119847e-06
3.50000000000000e-01  1.46127384247082e-06
3.75000000000000e-01  1.76104617162583e-06
4.00000000000000e-01  2.12029549733099e-06
4.25000000000000e-01  2.54780705461295e-06
4.50000000000000e-01  3.05362452263962e-06
4.75000000000000e-01  3.64938745250219e-06
5.00000000000000e-01  4.34866869499735e-06
5.25000000000000e-01  5.16731182840926e-06
5.50000000000000e-01  6.12376858629164e-06
5.75000000000000e-01  7.23943628525003e-06
6.00000000000000e-01  8.53899525272359e-06
6.25000000000000e-01  1.00422242088444e-05
6.50000000000000e-01  1.18083754921720e-05
6.75000000000000e-01  1.38507343143364e-05
7.00000000000000e-01  1.62157864287731e-05
7.25000000000000e-01  1.89549081412944e-05
7.50000000000000e-01  2.21253697353008e-05
7.75000000000000e-01  2.57913388969920e-05
8.00000000000000e-01  3.00248841405783e-05
8.25000000000000e-01  3.49069782334925e-05
8.50000000000000e-01  4.05285016215998e-05
8.75000000000000e-01  4.69912458544109e-05
9.00000000000000e-01  5.44089170102914e-05
9.25000000000000e-01  6.29081391216742e-05
9.50000000000000e-01  7.26303855469680e-05
9.75000000000000e-01  8.37325123343635e-05
1.00000000000000e+00  9.63885572884581e-05
1.02500000000000e+00  1.10790070013856e-04
1.05000000000000e+00  1.27148321689429e-04
1.07500000000000e+00  1.45695444020441e-04
1.10000000000000e+00  1.66685568190664e-04
1.12500000000000e+00  1.90395963814503e-04
1.15000000000000e+00  2.17128177889119e-04
1.17500000000000e+00  2.47209173746543e-04
1.20000000000000e+00  2.80992470005808e-04
1.22500000000000e+00  3.18859279525062e-04
1.25000000000000e+00  3.61436065174136e-04
1.27500000000000e+00  4.09159386199720e-04
1.30000000000000e+00  4.62405883226243e-04
1.32500000000000e+00  5.21760690396508e-04
1.35000000000000e+00  5.87844009829358e-04
1.37500000000000e+00  6.61314209425533e-04
1.40000000000000e+00  7.42870920673503e-04
1.42500000000000e+00  8.33258136455309e-04
1.45000000000000e+00  9.33267308852419e-04
1.47500000000000e+00  1.04374044695155e-03
1.50000000000000e+00  1.16557321465052e-03
1.52500000000000e+00  1.29971802846410e-03
1.55000000000000e+00  1.44718715532984e-03
1.57500000000000e+00  1.60904849248181e-03
1.60000000000000e+00  1.78643218850894e-03
1.62500000000000e+00  1.98053006958723e-03
1.65000000000000e+00  2.19259449633941e-03
1.67500000000000e+00  2.42394020712659e-03
1.70000000000000e+00  2.67594357736369e-03
1.72500000000000e+00  2.95004187883466e-03
1.75000000000000e+00  3.24773253900799e-03
1.77500000000000e+00  3.57057240035191e-03
1.80000000000000e+00  3.92017697964982e-03
1.82500000000000e+00  4.29821972731564e-03
1.85000000000000e+00  4.70643128670910e-03
1.87500000000000e+00  5.14684522320119e-03
1.90000000000000e+00  5.62074480820824e-03
1.92500000000000e+00  6.13058383322666e-03
1.95000000000000e+00  6.67828776111873e-03
1.97500000000000e+00  7.26586526459816e-03
2.00000000000000e+00  7.89540445416308e-03
2.02500000000000e+00  8.56906910602880e-03
2.05000000000000e+00  9.28909601764649e-03
2.07500000000000e+00  1.00577931959544e-02
2.10000000000000e+00  1.08775399628160e-02
2.12500000000000e+00  1.17507867206595e-02
2.15000000000000e+00  1.26800582139243e-02
2.17500000000000e+00  1.36679573118683e-02
2.20000000000000e+00  1.47171503545936e-02
2.22500000000000e+00  1.58303847070789e-02
2.25000000000000e+00  1.70104916022711e-02
2.27500000000000e+00  1.82603740314339e-02
2.30000000000000e+00  1.95830276519872e-02
2.32500000000000e+00  2.09815431531924e-02
2.35000000000000e+00  2.24591093125246e-02
2.37500000000000e+00  2.40190207459795e-02
2.40000000000000e+00  2.56646856805975e-02
2.42500000000000e+00  2.73996364527989e-02
2.45000000000000e+00  2.92275416752820e-02
2.47500000000000e+00  3.11522206025476e-02
2.50000000000000e+00  3.31786855481933e-02
2.52500000000000e+00  3.53068815301875e-02
2.55000000000000e+00  3.75446579941346e-02
2.57500000000000e+00  3.98957309360089e-02
2.60000000000000e+00  4.23640650755023e-02
2.62500000000000e+00  4.49538444287460e-02
2.65000000000000e+00  4.76694428810328e-02
2.67500000000000e+00  5.05153935011475e-02
2.70000000000000e+00  5.34963568041601e-02
2.72500000000000e+00  5.66170856890350e-02
2.75000000000000e+00  5.98823912861066e-02
2.77500000000000e+00  6.32971026182532e-02
2.80000000000000e+00  6.68660253406520e-02
2.82500000000000e+00  7.05939622936814e-02
2.85000000000000e+00  7.44856377185341e-02
2.87500000000000e+00  7.85456490613640e-02
2.90000000000000e+00  8.27785659730366e-02
2.92500000000000e+00  8.71887849671772e-02
2.95000000000000e+00  9.17805376336270e-02
2.97500000000000e+00  9.65578975716957e-02
3.00000000000000e+00  1.01524778627586e-01
3.02500000000000e+00  1.06684933149198e-01
3.05000000000000e+00  1.12041945214521e-01
3.07500000000000e+00  1.17599220849422e-01
3.10000000000000e+00  1.23359974262506e-01
3.12500000000000e+00  1.29327507554655e-01
3.15000000000000e+00  1.35499061336257e-01
3.17500000000000e+00  1.41881323020705e-01
3.20000000000000e+00  1.48475058471906e-01
3.22500000000000e+00  1.55280804752989e-01
3.25000000000000e+00  1.62298828885700e-01
3.27500000000000e+00  1.69529086609780e-01
3.30000000000000e+00  1.76971182574123e-01
3.32500000000000e+00  1.84624331846341e-01
3.35000000000000e+00  1.92487325388405e-01
3.37500000000000e+00  2.00558494584570e-01
3.40000000000000e+00  2.08835683040366e-01
3.42500000000000e+00  2.17316219456579e-01
3.45000000000000e+00  2.25996984329854e-01
3.47500000000000e+00  2.34874339181397e-01
3.50000000000000e+00  2.43944163195657e-01
3.52500000000000e+00  2.53201836409083e-01
3.55000000000000e+00  2.62642282817249e-01
3.57500000000000e+00  2.72259984446988e-01
3.60000000000000e+00  2.82048996622145e-01
3.62500000000000e+00  2.92002971306478e-01
3.65000000000000e+00  3.02115179902170e-01
3.67500000000000e+00  3.12378540569722e-01
3.70000000000000e+00  3.22785647677365e-01
3.72500000000000e+00  3.33328803964516e-01
3.75000000000000e+00  3.43998522327240e-01
3.77500000000000e+00  3.54786093990970e-01
3.80000000000000e+00  3.65682160948497e-01
3.82500000000000e+00  3.76676895564247e-01
3.85000000000000e+00  3.87759987371403e-01
3.87500000000000e+00  3.98920649509911e-01
3.90000000000000e+00  4.10147625164472e-01
3.92500000000000e+00  4.21429192260602e-01
3.95000000000000e+00  4.32753166704549e-01
3.97500000000000e+00  4.44106902910051e-01
4.00000000000000e+00  4.55477294430451e-01
4.02500000000000e+00  4.66850769894946e-01
4.05000000000000e+00  4.78213288258196e-01
4.07500000000000e+00  4.89550428028164e-01
4.10000000000000e+00  5.00847338332447e-01
4.12500000000000e+00  5.12088766599548e-01
4.15000000000000e+00  5.23259146632219e-01
4.17500000000000e+00  5.34342572712120e-01
4.20000000000000e+00  5.45322852522789e-01
4.22500000000000e+00  5.56183560072611e-01
4.25000000000000e+00  5.66908088617797e-01
4.27500000000000e+00  5.77479703585349e-01
4.30000000000000e+00  5.87881595496036e-01
4.32500000000000e+00  5.98096932887361e-01
4.35000000000000e+00  6.08108915236537e-01
4.37500000000000e+00  6.17903491321606e-01
4.40000000000000e+00  6.27456027782662e-01
4.42500000000000e+00  6.36757666276162e-01
4.45000000000000e+00  6.45791545824296e-01
4.47500000000000e+00  6.54541413231845e-01
4.50000000000000e+00  6.62991637564356e-01
4.52500000000000e+00  6.71127224626301e-01
4.55000000000000e+00  6.78933831439240e-01
4.57500000000000e+00  6.86397780719993e-01
4.60000000000000e+00  6.93506075358798e-01
4.62500000000000e+00  7.00246412897483e-01
4.65000000000000e+00  7.06607200007625e-01
4.67500000000000e+00  7.12577566968718e-01
4.70000000000000e+00  7.18147275810324e-01
4.72500000000000e+00  7.23306804694343e-01
4.75000000000000e+00  7.28047244175038e-01
4.77500000000000e+00  7.32360557836643e-01
4.80000000000000e+00  7.36239339703131e-01
4.82500000000000e+00  7.39676890755420e-01
4.85000000000000e+00  7.42667295448587e-01
4.87500000000000e+00  7.45205498229075e-01
4.90000000000000e+00  7.47287380051904e-01
4.92500000000000e+00  7.48909834897879e-01
4.95000000000000e+00  7.50070846290803e-01
4.97500000000000e+00  7.50769563814684e-01
5.00000000000000e+00  7.51006379630944e-01
5.02500000000000e+00  7.50769563814683e-01
5.05000000000000e+00  7.50070846290802e-01
5.07500000000000e+00  7.48909834897878e-01
5.10000000000000e+00  7.47287380051904e-01
5.12500000000000e+00  7.45205498229076e-01
5.15000000000000e+00  7.42667295448588e-01
5.17500000000000e+00  7.39676890755422e-01
5.20000000000000e+00  7.36239339703133e-01
5.22500000000000e+00  7.32360557836645e-01
5.25000000000000e+00  7.28047244175040e-01
5.27500000000000e+00  7.23306804694345e-01
5.30000000000000e+00  7.18147275810327e-01
5.32500000000000e+00  7.12577566968719e-01
5.35000000000000e+00  7.06607200007626e-01
5.37500000000000e+00  7.00246412897484e-01
5.40000000000000e+00  6.93506075358799e-01
5.42500000000000e+00  6.86397780719993e-01
5.45000000000000e+00  6.78933831439240e-01
5.47500000000000e+00  6.71127224626301e-01
5.50000000000000e+00  6.62991637564356e-01
5.52500000000000e+00  6.54541413231844e-01
5.55000000000000e+00  6.45791545824294e-01
5.57500000000000e+00  6.36757666276161e-01
5.60000000000000e+00  6.27456027782661e-01
5.62500000000000e+00  6.17900825883454e-01
5.65000000000000e+00  6.08108915236534e-01
5.67500000000000e+00  5.98096932887358e-01
5.70000000000000e+00  5.87881595496032e-01
5.72500000000000e+00  5.77479703585346e-01
5.75000000000000e+00  5.66908088617793e-01
5.77500000000000e+00  5.56183560072608e-01
5.80000000000000e+00  5.45322852522786e-01
5.82500000000000e+00  5.34342572712118e-01
5.85000000000000e+00  5.23259146632217e-01
5.87500000000000e+00  5.12088766599545e-01
5.90000000000000e+00  5.00847338332444e-01
5.92500000000000e+00  4.89550428028162e-01
5.95000000000000e+00  4.78213288258195e-01
5.97500000000000e+00  4.66850769894946e-01
6.00000000000000e+00  4.55477294430451e-01
6.02500000000000e+00  4.44106902910051e-01
6.05000000000000e+00  4.32753166704549e-01
6.07500000000000e+00  4.21429192260602e-01
6.10000000000000e+00  4.10147625164473e-01
6.12500000000000e+00  3.98920649509913e-01
6.15000000000000e+00  3.87759987371405e-01
6.17500000000000e+00  3.76676895564248e-01
6.20000000000000e+00  3.65682160948498e-01
6.22500000000000e+00  3.54786093990971e-01
6.25000000000000e+00  3.44000052705227e-01
6.27500000000000e+00  3.33328803964518e-01
6.30000000000000e+00  3.22785647677367e-01
6.32500000000000e+00  3.12378540569723e-01
6.35000000000000e+00  3.02115179902172e-01
6.37500000000000e+00  2.92002971306480e-01
6.40000000000000e+00  2.82048996622146e-01
6.42500000000000e+00  2.72259984446989e-01
6.45000000000000e+00  2.62642282817250e-01
6.47500000000000e+00  2.53201836409083e-01
6.50000000000000e+00  2.43944163195657e-01
6.52500000000000e+00  2.34874339181396e-01
6.55000000000000e+00  2.25996984329852e-01
6.57500000000000e+00  2.17316219456578e-01
6.60000000000000e+00  2.08835683040365e-01
6.62500000000000e+00  2.00558494584568e-01
6.65000000000000e+00  1.92487325388403e-01
6.67500000000000e+00  1.84624331846338e-01
6.70000000000000e+00  1.76971182574121e-01
6.72500000000000e+00  1.69529086609778e-01
6.75000000000000e+00  1.62298828885698e-01
6.77500000000000e+00  1.55280804752987e-01
6.80000000000000e+00  1.48475058471903e-01
6.82500000000000e+00  1.41881323020703e-01
6.85000000000000e+00  1.35499061336255e-01
6.87500000000000e+00  1.29327214079969e-01
6.90000000000000e+00  1.23359974262504e-01
6.92500000000000e+00  1.17599220849421e-01
6.95000000000000e+00  1.12041945214520e-01
6.97500000000000e+00  1.06684933149197e-01
7.00000000000000e+00  1.01524778627586e-01
7.02500000000000e+00  9.65578975716956e-02
7.05000000000000e+00  9.17805376336274e-02
7.07500000000000e+00  8.71887849671780e-02
7.10000000000000e+00  8.27785659730376e-02
7.12500000000000e+00  7.85456490613653e-02
7.15000000000000e+00  7.44856377185355e-02
7.17500000000000e+00  7.05939622936829e-02
7.20000000000000e+00  6.68660253406538e-02
7.22500000000000e+00  6.32971026182551e-02
7.25000000000000e+00  5.98823912861087e-02
7.27500000000000e+00  5.66170856890371e-02
7.30000000000000e+00  5.34963568041622e-02
7.32500000000000e+00  5.05153935011496e-02
7.35000000000000e+00  4.76694428810349e-02
7.37500000000000e+00  4.49538444287482e-02
7.40000000000000e+00  4.23640650755044e-02
7.42500000000000e+00  3.98957309360108e-02
7.45000000000000e+00  3.75446579941364e-02
7.47500000000000e+00  3.53068815301892e-02
7.50000000000000e+00  3.31776574964232e-02
7.52500000000000e+00  3.11522206025478e-02
7.55000000000000e+00  2.92275416752819e-02
7.57500000000000e+00  2.73996364527986e-02
7.60000000000000e+00  2.56646856805969e-02
7.62500000000000e+00  2.40190207459788e-02
7.65000000000000e+00  2.24591093125236e-02
7.67500000000000e+00  2.09815431531911e-02
7.70000000000000e+00  1.95830276519857e-02
7.72500000000000e+00  1.82603740314322e-02
7.75000000000000e+00  1.70104916022691e-02
7.77500000000000e+00  1.58303847070767e-02
7.80000000000000e+00  1.47171503545912e-02
7.82500000000000e+00  1.36679573118657e-02
7.85000000000000e+00  1.26800582139216e-02
7.87500000000000e+00  1.17507867206567e-02
7.90000000000000e+00  1.08775399628131e-02
7.92500000000000e+00  1.00577931959514e-02
7.95000000000000e+00  9.28909601764344e-03
7.97500000000000e+00  8.56906910602568e-03
8.00000000000000e+00  7.89540445415994e-03
8.02500000000000e+00  7.26586526459501e-03
8.05000000000000e+00  6.67828776111556e-03
8.07500000000000e+00  6.13058383322354e-03
8.10000000000000e+00  5.62074480820517e-03
8.12500000000000e+00  5.14659875344808e-03
8.15000000000000e+00  4.70643128670611e-03
8.17500000000000e+00  4.29821972731273e-03
8.20000000000000e+00  3.92017697964700e-03
8.22500000000000e+00  3.57057240034921e-03
8.25000000000000e+00  3.24773253900539e-03
8.27500000000000e+00  2.95004187883217e-03
8.30000000000000e+00  2.67594357736132e-03
8.32500000000000e+00  2.42394020712435e-03
8.35000000000000e+00  2.19259449633731e-03
8.37500000000000e+00  1.98053006958525e-03
8.40000000000000e+00  1.78643218850708e-03
8.42500000000000e+00  1.60904849248008e-03
8.45000000000000e+00  1.44718715532822e-03
8.47500000000000e+00  1.29971802846262e-03
8.50000000000000e+00  1.16557321464916e-03
8.52500000000000e+00  1.04374044695031e-03
8.55000000000000e+00  9.33267308851287e-04
8.57500000000000e+00  8.33258136454287e-04
8.60000000000000e+00  7.42870920672591e-04
8.62500000000000e+00  6.61314209424722e-04
8.65000000000000e+00  5.87844009828643e-04
8.67500000000000e+00  5.21760690395882e-04
8.70000000000000e+00  4.62405883225706e-04
8.72500000000000e+00  4.09159386199263e-04
8.75000000000000e+00  3.61219648353310e-04
8.77500000000000e+00  3.18859279524751e-04
8.80000000000000e+00  2.80992470005562e-04
8.82500000000000e+00  2.47209173746355e-04
8.85000000000000e+00  2.17128177888987e-04
8.87500000000000e+00  1.90395963814420e-04
8.90000000000000e+00  1.66685568190625e-04
8.92500000000000e+00  1.45695444020443e-04
8.95000000000000e+00  1.27148321689467e-04
8.97500000000000e+00  1.10790070013926e-04
9.00000000000000e+00  9.63885572885552e-05
9.02500000000000e+00  8.37325123344837e-05
9.05000000000000e+00  7.26303855471072e-05
9.07500000000000e+00  6.29081391218295e-05
9.10000000000000e+00  5.44089170104598e-05
9.12500000000000e+00  4.69912458545888e-05
9.15000000000000e+00  4.05285016217846e-05
9.17500000000000e+00  3.49069782336808e-05
9.20000000000000e+00  3.00248841407677e-05
9.22500000000000e+00  2.57913388971801e-05
9.25000000000000e+00  2.21253697354851e-05
9.27500000000000e+00  1.89549081414727e-05
9.30000000000000e+00  1.62157864289434e-05
9.32500000000000e+00  1.38507343144969e-05
9.35000000000000e+00  1.18083754923210e-05
9.37500000000000e+00  1.00507462549034e-05
9.40000000000000e+00  8.53899525284484e-06
9.42500000000000e+00  7.23943628535530e-06
9.45000000000000e+00  6.12376858637980e-06
9.47500000000000e+00  5.16731182847932e-06
9.50000000000000e+00  4.34866869504839e-06
9.52500000000000e+00  3.64938745253347e-06
9.55000000000000e+00  3.05362452265057e-06
9.57500000000000e+00  2.54780705460313e-06
9.60000000000000e+00  2.12029549730011e-06
9.62500000000000e+00  1.76104617157381e-06
9.65000000000000e+00  1.46127384239768e-06
9.67500000000000e+00  1.21311429110446e-06
9.70000000000000e+00  1.00985481853723e-06
9.72500000000000e+00  8.45274152019836e-07
9.75000000000000e+00  7.13548117284080e-07
9.77500000000000e+00  6.09224107348325e-07
9.80000000000000e+00  5.26907939731837e-07
9.82500000000000e+00  4.61146259883104e-07
9.85000000000000e+00  4.06308944608126e-07
9.87500000000000e+00  3.56471505498727e-07
9.90000000000000e+00  3.05297492360835e-07
9.92500000000000e+00  2.45920896642818e-07
9.95000000000000e+00  1.70828554863765e-07
9.97500000000000e+00  7.17425520417830e-08
1.00000000000000e+01  -6.04973748776088e-08
