0.00000000000000e+00  4.11296516844009e-08
5.00000000000000e-02  3.26146620348794e-08
1.00000000000000e-01  2.49846039227217e-08
1.50000000000000e-01  1.82054420728596e-08
2.00000000000000e-01  1.22409118373669e-08
2.50000000000000e-01  7.05279978579778e-09
3.00000000000000e-01  2.60122429552447e-09
3.50000000000000e-01  -1.15508385792715e-09
4.00000000000000e-01  -4.25850091054151e-09
4.50000000000000e-01  -6.75222951947621e-09
5.00000000000000e-01  -8.68001817272656e-09
5.50000000000000e-01  -1.00858805987886e-08
6.00000000000000e-01  -1.10138151763232e-08
6.50000000000000e-01  -1.15075243438196e-08
7.00000000000000e-01  -1.16101340092591e-08
7.50000000000000e-01  -1.13639129597790e-08
8.00000000000000e-01  -1.08099922713356e-08
8.50000000000000e-01  -9.98808471836901e-09
9.00000000000000e-01  -8.93620418346563e-09
9.50000000000000e-01  -7.69038506702273e-09
1.00000000000000e+00  -6.28440169691165e-09
1.05000000000000e+00  -4.74948773814181e-09
1.10000000000000e+00  -3.11405560252424e-09
1.15000000000000e+00  -1.40341585833512e-09
1.20000000000000e+00  3.60503360020073e-10
1.25000000000000e+00  2.15943694234347e-09
1.30000000000000e+00  3.97906339298060e-09
1.35000000000000e+00  5.80928542115686e-09
1.40000000000000e+00  7.64451053131411e-09
1.45000000000000e+00  9.48393161344646e-09
1.50000000000000e+00  1.13318075334371e-08
1.55000000000000e+00  1.31977437233942e-08
1.60000000000000e+00  1.50969727719874e-08
1.65000000000000e+00  1.70506350147842e-08
1.70000000000000e+00  1.90860591245860e-08
1.75000000000000e+00  2.12370427017647e-08
1.80000000000000e+00  2.35441328645989e-08
1.85000000000000e+00  2.60549068396101e-08
1.90000000000000e+00  2.88242525518992e-08
1.95000000000000e+00  3.19146492154825e-08
2.00000000000000e+00  3.53964479236286e-08
2.05000000000000e+00  3.93481522391939e-08
2.10000000000000e+00  4.38566987849595e-08
2.15000000000000e+00  4.90177378339675e-08
2.20000000000000e+00  5.49359138998568e-08
2.25000000000000e+00  6.17251463272001e-08
2.30000000000000e+00  6.95089098818399e-08
2.35000000000000e+00  7.84205153412239e-08
2.40000000000000e+00  8.86033900847437e-08
2.45000000000000e+00  1.00211358684068e-07
2.50000000000000e+00  -5.59068730270817e-07
2.55000000000000e+00  -1.05245736734575e-07
2.60000000000000e+00  1.97466850173930e-07
2.65000000000000e+00  3.82427525553681e-07
2.70000000000000e+00  4.78824038962870e-07
2.75000000000000e+00  5.11947736236979e-07
2.80000000000000e+00  5.03467901306844e-07
2.85000000000000e+00  4.71706098016659e-07
2.90000000000000e+00  4.31910511942035e-07
2.95000000000000e+00  3.96530292208083e-07
3.00000000000000e+00  3.75489893307396e-07
3.05000000000000e+00  3.76463416918136e-07
3.10000000000000e+00  4.05148953722076e-07
3.15000000000000e+00  4.65542925222641e-07
3.20000000000000e+00  5.60214425562940e-07
3.25000000000000e+00  6.90579563343833e-07
3.30000000000000e+00  8.57175803441965e-07
3.35000000000000e+00  1.05993630882781e-06
3.40000000000000e+00  1.29846428238373e-06
3.45000000000000e+00  1.57230730872199e-06
3.50000000000000e+00  1.88123169600285e-06
3.55000000000000e+00  2.22549681775257e-06
3.60000000000000e+00  2.60612945468145e-06
3.65000000000000e+00  3.02519813650195e-06
3.70000000000000e+00  3.48608748374662e-06
3.75000000000000e+00  3.99377254958624e-06
3.80000000000000e+00  4.55509316164786e-06
3.85000000000000e+00  5.17902826383271e-06
3.90000000000000e+00  5.87697025813450e-06
3.95000000000000e+00  6.66299934645719e-06
4.00000000000000e+00  7.55415787243324e-06
4.05000000000000e+00  8.57072466324157e-06
4.10000000000000e+00  9.73648937142559e-06
4.15000000000000e+00  1.10790268167112e-05
4.20000000000000e+00  1.26299713278252e-05
4.25000000000000e+00  1.44252910843126e-05
4.30000000000000e+00  1.65055624583554e-05
4.35000000000000e+00  1.89162443565904e-05
4.40000000000000e+00  2.17079525619269e-05
4.45000000000000e+00  2.49367340753653e-05
4.50000000000000e+00  2.86643414578147e-05
4.55000000000000e+00  3.29585071719113e-05
4.60000000000000e+00  3.78932179238361e-05
4.65000000000000e+00  4.35489890051332e-05
4.70000000000000e+00  5.00131386345277e-05
4.75000000000000e+00  5.73800622997439e-05
4.80000000000000e+00  6.57515070993233e-05
4.85000000000000e+00  7.52368460844423e-05
4.90000000000000e+00  8.59533526007308e-05
4.95000000000000e+00  9.80264746300900e-05
5.00000000000000e+00  1.11379522903486e-04
5.05000000000000e+00  1.28596676690544e-04
5.10000000000000e+00  1.47479790179213e-04
5.15000000000000e+00  1.68664875912892e-04
5.20000000000000e+00  1.92741444896863e-04
5.25000000000000e+00  2.20274919880825e-04
5.30000000000000e+00  2.51829048641427e-04
5.35000000000000e+00  2.87988317264799e-04
5.40000000000000e+00  3.29380363429094e-04
5.45000000000000e+00  3.76698389687011e-04
5.50000000000000e+00  4.30723576748334e-04
5.55000000000000e+00  4.92347496762467e-04
5.60000000000000e+00  5.62594526600961e-04
5.65000000000000e+00  6.42644261140054e-04
5.70000000000000e+00  7.33853926543203e-04
5.75000000000000e+00  8.37780793543615e-04
5.80000000000000e+00  9.56204590726781e-04
5.85000000000000e+00  1.09114991781301e-03
5.90000000000000e+00  1.24490865893997e-03
5.95000000000000e+00  1.42006239594521e-03
6.00000000000000e+00  1.61950482164869e-03
6.05000000000000e+00  1.84646415313533e-03
6.10000000000000e+00  2.10452554503754e-03
6.15000000000000e+00  2.39765350281775e-03
6.20000000000000e+00  2.73021429605092e-03
6.25000000000000e+00  3.10918115793633e-03
6.30000000000000e+00  3.53652864217803e-03
6.35000000000000e+00  4.02215397667327e-03
6.40000000000000e+00  4.57320872760583e-03
6.45000000000000e+00  5.19772659270213e-03
6.50000000000000e+00  5.90474256689383e-03
6.55000000000000e+00  6.70441210798050e-03
6.60000000000000e+00  7.60813030229214e-03
6.65000000000000e+00  8.62865103035191e-03
6.70000000000000e+00  9.78020613253878e-03
6.75000000000000e+00  1.10786245747501e-02
6.80000000000000e+00  1.25414516140641e-02
6.85000000000000e+00  1.41880679644027e-02
6.90000000000000e+00  1.60398089621943e-02
6.95000000000000e+00  1.81200837320358e-02
7.00000000000000e+00  2.04544943523560e-02
7.05000000000000e+00  2.30709550210775e-02
7.10000000000000e+00  2.59998112212799e-02
7.15000000000000e+00  2.92739588868622e-02
7.20000000000000e+00  3.29289635682052e-02
7.25000000000000e+00  3.70031795978346e-02
7.30000000000000e+00  4.15378692560831e-02
7.35000000000000e+00  4.65773219367536e-02
7.40000000000000e+00  5.21689733127814e-02
7.45000000000000e+00  5.83635245018968e-02
7.50000000000000e+00  6.52079700568971e-02
7.55000000000000e+00  7.27573521483241e-02
7.60000000000000e+00  8.10696795533496e-02
7.65000000000000e+00  9.01990114434337e-02
7.70000000000000e+00  1.00201153826851e-01
7.75000000000000e+00  1.11132039738400e-01
7.80000000000000e+00  1.23046109429115e-01
7.85000000000000e+00  1.35994690555972e-01
7.90000000000000e+00  1.50024378371600e-01
7.95000000000000e+00  1.65175415913994e-01
8.00000000000000e+00  1.81480074196221e-01
8.05000000000000e+00  1.98961032396129e-01
8.10000000000000e+00  2.17629758046059e-01
8.15000000000000e+00  2.37480388338777e-01
8.20000000000000e+00  2.58491155161658e-01
8.25000000000000e+00  2.80615845035994e-01
8.30000000000000e+00  3.03792703518589e-01
8.35000000000000e+00  3.27930654136722e-01
8.40000000000000e+00  3.52908579306232e-01
8.45000000000000e+00  3.78574601249603e-01
8.50000000000000e+00  4.04745362914058e-01
8.55000000000000e+00  4.31205308889643e-01
8.60000000000000e+00  4.57705966327315e-01
8.65000000000000e+00  4.83965225857032e-01
8.70000000000000e+00  5.09666622505839e-01
8.75000000000000e+00  5.34462065003568e-01
8.80000000000000e+00  5.57994979275047e-01
8.85000000000000e+00  5.79875970198078e-01
8.90000000000000e+00  5.99715685678389e-01
8.95000000000000e+00  6.17122741963751e-01
9.00000000000000e+00  6.31717659679489e-01
9.05000000000000e+00  6.43146799863981e-01
9.10000000000000e+00  6.51096300004159e-01
9.15000000000000e+00  6.55306010071018e-01
9.20000000000000e+00  6.55583428555117e-01
9.25000000000000e+00  6.51817638502081e-01
9.30000000000000e+00  6.43993243548103e-01
9.35000000000000e+00  6.32204303955452e-01
9.40000000000000e+00  6.16657305371761e-01
9.45000000000000e+00  5.97677263733427e-01
9.50000000000000e+00  5.75710653369722e-01
9.55000000000000e+00  5.51323699780714e-01
9.60000000000000e+00  5.25193928078616e-01
9.65000000000000e+00  4.98101880837729e-01
9.70000000000000e+00  4.70922673230568e-01
9.75000000000000e+00  4.44614443426739e-01
9.80000000000000e+00  4.20218810636998e-01
9.85000000000000e+00  3.98860594707446e-01
9.90000000000000e+00  3.81763420737757e-01
9.95000000000000e+00  3.70305444366858e-01
1.00000000000000e+01  3.66075077058627e-01
1.00500000000000e+01  3.70305444366859e-01
1.01000000000000e+01  3.81763420737759e-01
1.01500000000000e+01  3.98860594707450e-01
1.02000000000000e+01  4.20218810637002e-01
1.02500000000000e+01  4.44614443426744e-01
1.03000000000000e+01  4.70922673230574e-01
1.03500000000000e+01  4.98101880837736e-01
1.04000000000000e+01  5.25193928078624e-01
1.04500000000000e+01  5.51323699780722e-01
1.05000000000000e+01  5.75710653369731e-01
1.05500000000000e+01  5.97677263733437e-01
1.06000000000000e+01  6.16657305371771e-01
1.06500000000000e+01  6.32204303955462e-01
1.07000000000000e+01  6.43993243548113e-01
1.07500000000000e+01  6.51817638502091e-01
1.08000000000000e+01  6.55583428555128e-01
1.08500000000000e+01  6.55306010071029e-01
1.09000000000000e+01  6.51096300004170e-01
1.09500000000000e+01  6.43146799863992e-01
1.10000000000000e+01  6.31717659679501e-01
1.10500000000000e+01  6.17122741963762e-01
1.11000000000000e+01  5.99715685678400e-01
1.11500000000000e+01  5.79875970198089e-01
1.12000000000000e+01  5.57994979275057e-01
1.12500000000000e+01  5.34458616615965e-01
1.13000000000000e+01  5.09666622505848e-01
1.13500000000000e+01  4.83965225857040e-01
1.14000000000000e+01  4.57705966327323e-01
1.14500000000000e+01  4.31205308889650e-01
1.15000000000000e+01  4.04745362914065e-01
1.15500000000000e+01  3.78574601249610e-01
1.16000000000000e+01  3.52908579306238e-01
1.16500000000000e+01  3.27930654136729e-01
1.17000000000000e+01  3.03792703518594e-01
1.17500000000000e+01  2.80615845035999e-01
1.18000000000000e+01  2.58491155161662e-01
1.18500000000000e+01  2.37480388338780e-01
1.19000000000000e+01  2.17629758046063e-01
1.19500000000000e+01  1.98961032396132e-01
1.20000000000000e+01  1.81480074196224e-01
1.20500000000000e+01  1.65175415913997e-01
1.21000000000000e+01  1.50024378371602e-01
1.21500000000000e+01  1.35994690555974e-01
1.22000000000000e+01  1.23046109429117e-01
1.22500000000000e+01  1.11132039738402e-01
1.23000000000000e+01  1.00201153826852e-01
1.23500000000000e+01  9.01990114434347e-02
1.24000000000000e+01  8.10696795533507e-02
1.24500000000000e+01  7.27573521483252e-02
1.25000000000000e+01  6.52150612322895e-02
1.25500000000000e+01  5.83635245018979e-02
1.26000000000000e+01  5.21689733127822e-02
1.26500000000000e+01  4.65773219367544e-02
1.27000000000000e+01  4.15378692560837e-02
1.27500000000000e+01  3.70031795978351e-02
1.28000000000000e+01  3.29289635682056e-02
1.28500000000000e+01  2.92739588868626e-02
1.29000000000000e+01  2.59998112212803e-02
1.29500000000000e+01  2.30709550210778e-02
1.30000000000000e+01  2.04544943523562e-02
1.30500000000000e+01  1.81200837320360e-02
1.31000000000000e+01  1.60398089621943e-02
1.31500000000000e+01  1.41880679644028e-02
1.32000000000000e+01  1.25414516140640e-02
1.32500000000000e+01  1.10786245747501e-02
1.33000000000000e+01  9.78020613253878e-03
1.33500000000000e+01  8.62865103035186e-03
1.34000000000000e+01  7.60813030229207e-03
1.34500000000000e+01  6.70441210798040e-03
1.35000000000000e+01  5.90474256689375e-03
1.35500000000000e+01  5.19772659270202e-03
1.36000000000000e+01  4.57320872760569e-03
1.36500000000000e+01  4.02215397667313e-03
1.37000000000000e+01  3.53652864217791e-03
1.37500000000000e+01  3.10699837170699e-03
1.38000000000000e+01  2.73021429605077e-03
1.38500000000000e+01  2.39765350281759e-03
1.39000000000000e+01  2.10452554503739e-03
1.39500000000000e+01  1.84646415313517e-03
1.40000000000000e+01  1.61950482164853e-03
1.40500000000000e+01  1.42006239594505e-03
1.41000000000000e+01  1.24490865893982e-03
1.41500000000000e+01  1.09114991781286e-03
1.42000000000000e+01  9.56204590726633e-04
1.42500000000000e+01  8.37780793543474e-04
1.43000000000000e+01  7.33853926543067e-04
1.43500000000000e+01  6.42644261139923e-04
1.44000000000000e+01  5.62594526600840e-04
1.44500000000000e+01  4.92347496762353e-04
1.45000000000000e+01  4.30723576748232e-04
1.45500000000000e+01  3.76698389686918e-04
1.46000000000000e+01  3.29380363429009e-04
1.46500000000000e+01  2.87988317264723e-04
1.47000000000000e+01  2.51829048641356e-04
1.47500000000000e+01  2.20274919880760e-04
1.48000000000000e+01  1.92741444896800e-04
1.48500000000000e+01  1.68664875912828e-04
1.49000000000000e+01  1.47479790179144e-04
1.49500000000000e+01  1.28596676690466e-04
1.50000000000000e+01  1.11590109132468e-04
1.50500000000000e+01  9.80264746300379e-05
1.51000000000000e+01  8.59533526006715e-05
1.51500000000000e+01  7.52368460843787e-05
1.52000000000000e+01  6.57515070992574e-05
1.52500000000000e+01  5.73800622996781e-05
1.53000000000000e+01  5.00131386344633e-05
1.53500000000000e+01  4.35489890050721e-05
1.54000000000000e+01  3.78932179237798e-05
1.54500000000000e+01  3.29585071718607e-05
1.55000000000000e+01  2.86643414577710e-05
1.55500000000000e+01  2.49367340753292e-05
1.56000000000000e+01  2.17079525618993e-05
1.56500000000000e+01  1.89162443565718e-05
1.57000000000000e+01  1.65055624583464e-05
1.57500000000000e+01  1.44252910843134e-05
1.58000000000000e+01  1.26299713278361e-05
1.58500000000000e+01  1.10790268167323e-05
1.59000000000000e+01  9.73648937145683e-06
1.59500000000000e+01  8.57072466328293e-06
1.60000000000000e+01  7.55415787248461e-06
1.60500000000000e+01  6.66299934651829e-06
1.61000000000000e+01  5.87697025820505e-06
1.61500000000000e+01  5.17902826391242e-06
1.62000000000000e+01  4.55509316173631e-06
1.62500000000000e+01  3.99377254968302e-06
1.63000000000000e+01  3.48608748385121e-06
1.63500000000000e+01  3.02519813661385e-06
1.64000000000000e+01  2.60612945480014e-06
1.64500000000000e+01  2.22549681787752e-06
1.65000000000000e+01  1.88123169613346e-06
1.65500000000000e+01  1.57230730885769e-06
1.66000000000000e+01  1.29846428252395e-06
1.66500000000000e+01  1.05993630897196e-06
1.67000000000000e+01  8.57175803589477e-07
1.67500000000000e+01  6.90579563494118e-07
1.68000000000000e+01  5.60214425715438e-07
1.68500000000000e+01  4.65542925376807e-07
1.69000000000000e+01  4.05148953877383e-07
1.69500000000000e+01  3.76463417074069e-07
1.70000000000000e+01  3.75489893463467e-07
1.70500000000000e+01  3.96530292363836e-07
1.71000000000000e+01  4.31910512097031e-07
1.71500000000000e+01  4.71706098170489e-07
1.72000000000000e+01  5.03467901459133e-07
1.72500000000000e+01  5.11947736387377e-07
1.73000000000000e+01  4.78824039111062e-07
1.73500000000000e+01  3.82427525699381e-07
1.74000000000000e+01  1.97466850316904e-07
1.74500000000000e+01  -1.05245736594551e-07
1.75000000000000e+01  1.13408923630031e-07
1.75500000000000e+01  1.00211358817101e-07
1.76000000000000e+01  8.86033902141158e-08
1.76500000000000e+01  7.84205154668269e-08
1.77000000000000e+01  6.95089100036003e-08
1.77500000000000e+01  6.17251464450785e-08
1.78000000000000e+01  5.49359140138486e-08
1.78500000000000e+01  4.90177379441025e-08
1.79000000000000e+01  4.38566988913007e-08
1.79500000000000e+01  3.93481523418373e-08
1.80000000000000e+01  3.53964480227014e-08
1.80500000000000e+01  3.19146493111427e-08
1.81000000000000e+01  2.88242526443340e-08
1.81500000000000e+01  2.60549069290346e-08
1.82000000000000e+01  2.35441329512546e-08
1.82500000000000e+01  2.12370427859171e-08
1.83000000000000e+01  1.90860592065231e-08
1.83500000000000e+01  1.70506350948144e-08
1.84000000000000e+01  1.50969728504371e-08
1.84500000000000e+01  1.31977438006055e-08
1.85000000000000e+01  1.13318076097646e-08
1.85500000000000e+01  9.48393168925527e-09
1.86000000000000e+01  7.64451060697633e-09
1.86500000000000e+01  5.80928549704890e-09
1.87000000000000e+01  3.97906346947942e-09
1.87500000000000e+01  2.15943701982351e-09
1.88000000000000e+01  3.60503438849301e-10
1.88500000000000e+01  -1.40341577779878e-09
1.89000000000000e+01  -3.11405551993676e-09
1.89500000000000e+01  -4.74948765317730e-09
1.90000000000000e+01  -6.28440160926682e-09
1.90500000000000e+01  -7.69038497642105e-09
1.91000000000000e+01  -8.93620408966209e-09
1.91500000000000e+01  -9.98808462115488e-09
1.92000000000000e+01  -1.08099921705434e-08
1.92500000000000e+01  -1.13639128552873e-08
1.93000000000000e+01  -1.16101339009986e-08
1.93500000000000e+01  -1.15075242317776e-08
1.94000000000000e+01  -1.10138150605498e-08
1.94500000000000e+01  -1.00858804794024e-08
1.95000000000000e+01  -8.68001804992052e-09
1.95500000000000e+01  -6.75222939352379e-09
1.96000000000000e+01  -4.25850078180270e-09
1.96500000000000e+01  -1.15508372685539e-09
1.97000000000000e+01  2.60122442837615e-09
1.97500000000000e+01  7.05279991976909e-09
1.98000000000000e+01  1.22409119716850e-08
1.98500000000000e+01  1.82054422066308e-08
1.99000000000000e+01  2.49846040549238e-08
1.99500000000000e+01  3.26146621643558e-08
2.00000000000000e+01  4.11296518098507e-08
