0.00000000000000e+00  1.14877670901048e-07
5.00000000000000e-02  8.78220670723389e-08
1.00000000000000e-01  6.41151767318182e-08
1.50000000000000e-01  4.35236046666680e-08
2.00000000000000e-01  2.58208568346674e-08
2.50000000000000e-01  1.07874005409619e-08
3.00000000000000e-01  -1.78927538516831e-09
3.50000000000000e-01  -1.21146004135464e-08
4.00000000000000e-01  -2.03868621363360e-08
4.50000000000000e-01  -2.67971460912753e-08
5.00000000000000e-01  -3.15292755849153e-08
5.50000000000000e-01  -3.47597515158545e-08
6.00000000000000e-01  -3.66576921979760e-08
6.50000000000000e-01  -3.73847731836834e-08
7.00000000000000e-01  -3.70951670871371e-08
7.50000000000000e-01  -3.59354834074905e-08
8.00000000000000e-01  -3.40447083521263e-08
8.50000000000000e-01  -3.15541446598927e-08
9.00000000000000e-01  -2.85873514243392e-08
9.50000000000000e-01  -2.52600839169538e-08
1.00000000000000e+00  -2.16802334103979e-08
1.05000000000000e+00  -1.79477670017439e-08
1.10000000000000e+00  -1.41546674357105e-08
1.15000000000000e+00  -1.03848729278988e-08
1.20000000000000e+00  -6.71421698802969e-09
1.25000000000000e+00  -3.21036824317849e-09
1.30000000000000e+00  6.72297389875759e-11
1.35000000000000e+00  3.06741862697360e-09
1.40000000000000e+00  5.74738550222116e-09
1.45000000000000e+00  8.07272303587130e-09
1.50000000000000e+00  1.00174896655291e-08
1.55000000000000e+00  1.15642697720269e-08
1.60000000000000e+00  1.27042338561882e-08
1.65000000000000e+00  1.34371987155916e-08
1.70000000000000e+00  1.37716876213347e-08
1.75000000000000e+00  1.37249904947973e-08
1.80000000000000e+00  1.33232240844057e-08
1.85000000000000e+00  1.26013921423965e-08
1.90000000000000e+00  1.16034456015799e-08
1.95000000000000e+00  1.03823427521040e-08
2.00000000000000e+00  9.00010941821828e-09
2.05000000000000e+00  7.52789913503745e-09
2.10000000000000e+00  6.04605332530536e-09
2.15000000000000e+00  4.64416147615843e-09
2.20000000000000e+00  3.42112131588989e-09
2.25000000000000e+00  2.48519899071320e-09
2.30000000000000e+00  1.95408924152597e-09
2.35000000000000e+00  1.95497558067377e-09
2.40000000000000e+00  2.62459046871382e-09
2.45000000000000e+00  4.10927549117880e-09
2.50000000000000e+00  -7.13508725400882e-07
2.55000000000000e+00  -2.41105276073866e-07
2.60000000000000e+00  6.90496999252419e-08
2.65000000000000e+00  2.52413849107715e-07
2.70000000000000e+00  3.40007022951205e-07
2.75000000000000e+00  3.58698872173175e-07
2.80000000000000e+00  3.31496441004346e-07
2.85000000000000e+00  2.77831761462076e-07
2.90000000000000e+00  2.13849447623822e-07
2.95000000000000e+00  1.52694289900538e-07
3.00000000000000e+00  1.04798849310102e-07
3.05000000000000e+00  7.81710517507436e-08
3.10000000000000e+00  7.86817822744562e-08
3.15000000000000e+00  1.10352479360428e-07
3.20000000000000e+00  1.75642729188456e-07
3.25000000000000e+00  2.75737859912373e-07
3.30000000000000e+00  4.10836535933467e-07
3.35000000000000e+00  5.80438352173900e-07
3.40000000000000e+00  7.83631428350144e-07
3.45000000000000e+00  1.01938000324637e-06
3.50000000000000e+00  1.28681202898792e-06
3.55000000000000e+00  1.58550676531469e-06
3.60000000000000e+00  1.91578237385452e-06
3.65000000000000e+00  2.27898351239674e-06
3.70000000000000e+00  2.67776892916544e-06
3.75000000000000e+00  3.11639905709299e-06
3.80000000000000e+00  3.60102360809344e-06
3.85000000000000e+00  4.13996916733588e-06
3.90000000000000e+00  4.74402678751802e-06
3.95000000000000e+00  5.42673958313939e-06
4.00000000000000e+00  6.20469032477497e-06
4.05000000000000e+00  7.09778903334848e-06
4.10000000000000e+00  8.12956057440586e-06
4.15000000000000e+00  9.32743225238862e-06
4.20000000000000e+00  1.07230214049074e-05
4.25000000000000e+00  1.23524229970153e-05
4.30000000000000e+00  1.42564972154812e-05
4.35000000000000e+00  1.64811570630634e-05
4.40000000000000e+00  1.90776559527830e-05
4.45000000000000e+00  2.21028753021970e-05
4.50000000000000e+00  2.56196121276722e-05
4.55000000000000e+00  2.96968666386584e-05
4.60000000000000e+00  3.44101298319617e-05
4.65000000000000e+00  3.98416710860181e-05
4.70000000000000e+00  4.60808257551668e-05
4.75000000000000e+00  5.32242827639238e-05
4.80000000000000e+00  6.13763722012552e-05
4.85000000000000e+00  7.06493529148506e-05
4.90000000000000e+00  8.11637001053962e-05
4.95000000000000e+00  9.30483929208494e-05
5.00000000000000e+00  1.05900343181330e-04
5.05000000000000e+00  1.22862942590182e-04
5.10000000000000e+00  1.41496003625181e-04
5.15000000000000e+00  1.62435161250137e-04
5.20000000000000e+00  1.86270915166132e-04
5.25000000000000e+00  2.13570851932333e-04
5.30000000000000e+00  2.44901867086798e-04
5.35000000000000e+00  2.80852387267279e-04
5.40000000000000e+00  3.22054592332042e-04
5.45000000000000e+00  3.69206637480663e-04
5.50000000000000e+00  4.23094875374839e-04
5.55000000000000e+00  4.84616078259200e-04
5.60000000000000e+00  5.54799660082112e-04
5.65000000000000e+00  6.34829898616487e-04
5.70000000000000e+00  7.26068157580591e-04
5.75000000000000e+00  8.30075108758850e-04
5.80000000000000e+00  9.48632954122660e-04
5.85000000000000e+00  1.08376764795119e-03
5.90000000000000e+00  1.23777111895221e-03
5.95000000000000e+00  1.41322349238285e-03
6.00000000000000e+00  1.61301531217047e-03
6.05000000000000e+00  1.84036976303344e-03
6.10000000000000e+00  2.09886489260191e-03
6.15000000000000e+00  2.39245583353869e-03
6.20000000000000e+00  2.72549702566001e-03
6.25000000000000e+00  3.10480938958261e-03
6.30000000000000e+00  3.53275425799178e-03
6.35000000000000e+00  4.01880567237845e-03
6.40000000000000e+00  4.57013663983988e-03
6.45000000000000e+00  5.19477880943130e-03
6.50000000000000e+00  5.90174434391233e-03
6.55000000000000e+00  6.70114779149324e-03
6.60000000000000e+00  7.60432795758135e-03
6.65000000000000e+00  8.62396977652742e-03
6.70000000000000e+00  9.77422618337205e-03
6.75000000000000e+00  1.10708399855919e-02
6.80000000000000e+00  1.25312657348463e-02
6.85000000000000e+00  1.41747915987231e-02
6.90000000000000e+00  1.60226612324859e-02
6.95000000000000e+00  1.80981956508194e-02
7.00000000000000e+00  2.04269150995765e-02
7.05000000000000e+00  2.30366609275245e-02
7.10000000000000e+00  2.59577174580912e-02
7.15000000000000e+00  2.92229338611116e-02
7.20000000000000e+00  3.28678460245739e-02
7.25000000000000e+00  3.69307984263663e-02
7.30000000000000e+00  4.14530660060229e-02
7.35000000000000e+00  4.64789760364705e-02
7.40000000000000e+00  5.20560299957746e-02
7.45000000000000e+00  5.82350254388861e-02
7.50000000000000e+00  6.50632313132461e-02
7.55000000000000e+00  7.25958655881875e-02
7.60000000000000e+00  8.08913221443431e-02
7.65000000000000e+00  9.00039758249351e-02
7.70000000000000e+00  9.99900331161594e-02
7.75000000000000e+00  1.10905895729512e-01
7.80000000000000e+00  1.22806524184117e-01
7.85000000000000e+00  1.35743801389049e-01
7.90000000000000e+00  1.49764896225662e-01
7.95000000000000e+00  1.64910627129917e-01
8.00000000000000e+00  1.81213825674706e-01
8.05000000000000e+00  1.98697700152179e-01
8.10000000000000e+00  2.17374199156069e-01
8.15000000000000e+00  2.37237798352756e-01
8.20000000000000e+00  2.58267012395108e-01
8.25000000000000e+00  2.80415572024307e-01
8.30000000000000e+00  3.03621694485555e-01
8.35000000000000e+00  3.27793984225783e-01
8.40000000000000e+00  3.52810735511944e-01
8.45000000000000e+00  3.78519235049295e-01
8.50000000000000e+00  4.04735064599686e-01
8.55000000000000e+00  4.31241403599850e-01
8.60000000000000e+00  4.57788331779687e-01
8.65000000000000e+00  4.84092131780553e-01
8.70000000000000e+00  5.09834591773543e-01
8.75000000000000e+00  5.34666128880871e-01
8.80000000000000e+00  5.58227764807917e-01
8.85000000000000e+00  5.80129706927705e-01
8.90000000000000e+00  5.99981035166603e-01
8.95000000000000e+00  6.17389498047745e-01
9.00000000000000e+00  6.31975395524991e-01
9.05000000000000e+00  6.43385461816878e-01
9.10000000000000e+00  6.51306748240580e-01
9.15000000000000e+00  6.55480506045859e-01
9.20000000000000e+00  6.55716069249025e-01
9.25000000000000e+00  6.51904737466886e-01
9.30000000000000e+00  6.44033658750708e-01
9.35000000000000e+00  6.32199712420170e-01
9.40000000000000e+00  6.16611469335756e-01
9.45000000000000e+00  5.97595683805975e-01
9.50000000000000e+00  5.75599932792535e-01
9.55000000000000e+00  5.51190544578772e-01
9.60000000000000e+00  5.25044241212428e-01
9.65000000000000e+00  4.97940068578805e-01
9.70000000000000e+00  4.70751221806939e-01
9.75000000000000e+00  4.44434285442812e-01
9.80000000000000e+00  4.20030048515667e-01
9.85000000000000e+00  3.98663822302937e-01
9.90000000000000e+00  3.81560555491524e-01
9.95000000000000e+00  3.70099409562848e-01
1.00000000000000e+01  3.65868334177916e-01
1.00500000000000e+01  3.70099409562849e-01
1.01000000000000e+01  3.81560555491526e-01
1.01500000000000e+01  3.98663822302941e-01
1.02000000000000e+01  4.20030048515671e-01
1.02500000000000e+01  4.44434285442817e-01
1.03000000000000e+01  4.70751221806945e-01
1.03500000000000e+01  4.97940068578812e-01
1.04000000000000e+01  5.25044241212436e-01
1.04500000000000e+01  5.51190544578780e-01
1.05000000000000e+01  5.75599932792544e-01
1.05500000000000e+01  5.97595683805985e-01
1.06000000000000e+01  6.16611469335767e-01
1.06500000000000e+01  6.32199712420182e-01
1.07000000000000e+01  6.44033658750721e-01
1.07500000000000e+01  6.51904737466898e-01
1.08000000000000e+01  6.55716069249038e-01
1.08500000000000e+01  6.55480506045872e-01
1.09000000000000e+01  6.51306748240593e-01
1.09500000000000e+01  6.43385461816891e-01
1.10000000000000e+01  6.31975395525004e-01
1.10500000000000e+01  6.17389498047758e-01
1.11000000000000e+01  5.99981035166615e-01
1.11500000000000e+01  5.80129706927718e-01
1.12000000000000e+01  5.58227764807929e-01
1.12500000000000e+01  5.34662308077798e-01
1.13000000000000e+01  5.09834591773554e-01
1.13500000000000e+01  4.84092131780563e-01
1.14000000000000e+01  4.57788331779697e-01
1.14500000000000e+01  4.31241403599859e-01
1.15000000000000e+01  4.04735064599695e-01
1.15500000000000e+01  3.78519235049303e-01
1.16000000000000e+01  3.52810735511952e-01
1.16500000000000e+01  3.27793984225792e-01
1.17000000000000e+01  3.03621694485562e-01
1.17500000000000e+01  2.80415572024314e-01
1.18000000000000e+01  2.58267012395114e-01
1.18500000000000e+01  2.37237798352761e-01
1.19000000000000e+01  2.17374199156074e-01
1.19500000000000e+01  1.98697700152184e-01
1.20000000000000e+01  1.81213825674710e-01
1.20500000000000e+01  1.64910627129921e-01
1.21000000000000e+01  1.49764896225665e-01
1.21500000000000e+01  1.35743801389052e-01
1.22000000000000e+01  1.22806524184120e-01
1.22500000000000e+01  1.10905895729515e-01
1.23000000000000e+01  9.99900331161617e-02
1.23500000000000e+01  9.00039758249369e-02
1.24000000000000e+01  8.08913221443449e-02
1.24500000000000e+01  7.25958655881894e-02
1.25000000000000e+01  6.50701778693890e-02
1.25500000000000e+01  5.82350254388875e-02
1.26000000000000e+01  5.20560299957758e-02
1.26500000000000e+01  4.64789760364717e-02
1.27000000000000e+01  4.14530660060238e-02
1.27500000000000e+01  3.69307984263672e-02
1.28000000000000e+01  3.28678460245747e-02
1.28500000000000e+01  2.92229338611124e-02
1.29000000000000e+01  2.59577174580920e-02
1.29500000000000e+01  2.30366609275251e-02
1.30000000000000e+01  2.04269150995771e-02
1.30500000000000e+01  1.80981956508199e-02
1.31000000000000e+01  1.60226612324862e-02
1.31500000000000e+01  1.41747915987235e-02
1.32000000000000e+01  1.25312657348466e-02
1.32500000000000e+01  1.10708399855922e-02
1.33000000000000e+01  9.77422618337233e-03
1.33500000000000e+01  8.62396977652763e-03
1.34000000000000e+01  7.60432795758152e-03
1.34500000000000e+01  6.70114779149336e-03
1.35000000000000e+01  5.90174434391245e-03
1.35500000000000e+01  5.19477880943138e-03
1.36000000000000e+01  4.57013663983990e-03
1.36500000000000e+01  4.01880567237846e-03
1.37000000000000e+01  3.53275425799179e-03
1.37500000000000e+01  3.10276443805634e-03
1.38000000000000e+01  2.72549702565999e-03
1.38500000000000e+01  2.39245583353865e-03
1.39000000000000e+01  2.09886489260186e-03
1.39500000000000e+01  1.84036976303337e-03
1.40000000000000e+01  1.61301531217041e-03
1.40500000000000e+01  1.41322349238278e-03
1.41000000000000e+01  1.23777111895213e-03
1.41500000000000e+01  1.08376764795112e-03
1.42000000000000e+01  9.48632954122590e-04
1.42500000000000e+01  8.30075108758786e-04
1.43000000000000e+01  7.26068157580530e-04
1.43500000000000e+01  6.34829898616431e-04
1.44000000000000e+01  5.54799660082066e-04
1.44500000000000e+01  4.84616078259161e-04
1.45000000000000e+01  4.23094875374811e-04
1.45500000000000e+01  3.69206637480645e-04
1.46000000000000e+01  3.22054592332033e-04
1.46500000000000e+01  2.80852387267279e-04
1.47000000000000e+01  2.44901867086804e-04
1.47500000000000e+01  2.13570851932347e-04
1.48000000000000e+01  1.86270915166150e-04
1.48500000000000e+01  1.62435161250156e-04
1.49000000000000e+01  1.41496003625200e-04
1.49500000000000e+01  1.22862942590196e-04
1.50000000000000e+01  1.06441202050702e-04
1.50500000000000e+01  9.30483929208231e-05
1.51000000000000e+01  8.11637001053536e-05
1.51500000000000e+01  7.06493529147932e-05
1.52000000000000e+01  6.13763722011841e-05
1.52500000000000e+01  5.32242827638404e-05
1.53000000000000e+01  4.60808257550719e-05
1.53500000000000e+01  3.98416710859131e-05
1.54000000000000e+01  3.44101298318478e-05
1.54500000000000e+01  2.96968666385363e-05
1.55000000000000e+01  2.56196121275431e-05
1.55500000000000e+01  2.21028753020617e-05
1.56000000000000e+01  1.90776559526424e-05
1.56500000000000e+01  1.64811570629187e-05
1.57000000000000e+01  1.42564972153330e-05
1.57500000000000e+01  1.23524229968645e-05
1.58000000000000e+01  1.07230214047548e-05
1.58500000000000e+01  9.32743225223489e-06
1.59000000000000e+01  8.12956057425173e-06
1.59500000000000e+01  7.09778903319459e-06
1.60000000000000e+01  6.20469032462196e-06
1.60500000000000e+01  5.42673958298778e-06
1.61000000000000e+01  4.74402678736834e-06
1.61500000000000e+01  4.13996916718867e-06
1.62000000000000e+01  3.60102360794911e-06
1.62500000000000e+01  3.11639905695196e-06
1.63000000000000e+01  2.67776892902804e-06
1.63500000000000e+01  2.27898351226329e-06
1.64000000000000e+01  1.91578237372530e-06
1.64500000000000e+01  1.58550676518994e-06
1.65000000000000e+01  1.28681202886782e-06
1.65500000000000e+01  1.01938000313107e-06
1.66000000000000e+01  7.83631428239748e-07
1.66500000000000e+01  5.80438352068478e-07
1.67000000000000e+01  4.10836535833052e-07
1.67500000000000e+01  2.75737859816942e-07
1.68000000000000e+01  1.75642729097955e-07
1.68500000000000e+01  1.10352479274770e-07
1.69000000000000e+01  7.86817821935127e-08
1.69500000000000e+01  7.81710516743432e-08
1.70000000000000e+01  1.04798849238049e-07
1.70500000000000e+01  1.52694289832582e-07
1.71000000000000e+01  2.13849447559698e-07
1.71500000000000e+01  2.77831761401480e-07
1.72000000000000e+01  3.31496440946925e-07
1.72500000000000e+01  3.58698872118566e-07
1.73000000000000e+01  3.40007022898999e-07
1.73500000000000e+01  2.52413849057476e-07
1.74000000000000e+01  6.90496998765225e-08
1.74500000000000e+01  -2.41105276121561e-07
1.75000000000000e+01  6.56504148798277e-09
1.75500000000000e+01  4.10927544373954e-09
1.76000000000000e+01  2.62459042066687e-09
1.76500000000000e+01  1.95497553148586e-09
1.77000000000000e+01  1.95408919066100e-09
1.77500000000000e+01  2.48519893763665e-09
1.78000000000000e+01  3.42112126007346e-09
1.78500000000000e+01  4.64416141708469e-09
1.79000000000000e+01  6.04605326247282e-09
1.79500000000000e+01  7.52789906796560e-09
1.80000000000000e+01  9.00010934645314e-09
1.80500000000000e+01  1.03823426752235e-08
1.81000000000000e+01  1.16034455191997e-08
1.81500000000000e+01  1.26013920541758e-08
1.82000000000000e+01  1.33232239900536e-08
1.82500000000000e+01  1.37249903940790e-08
1.83000000000000e+01  1.37716875140781e-08
1.83500000000000e+01  1.34371986016942e-08
1.84000000000000e+01  1.27042337356234e-08
1.84500000000000e+01  1.15642696448521e-08
1.85000000000000e+01  1.00174895318922e-08
1.85500000000000e+01  8.07272289601857e-09
1.86000000000000e+01  5.74738535650484e-09
1.86500000000000e+01  3.06741847586021e-09
1.87000000000000e+01  6.72295830654321e-11
1.87500000000000e+01  -3.21036840319044e-09
1.88000000000000e+01  -6.71421715127389e-09
1.88500000000000e+01  -1.03848730933701e-08
1.89000000000000e+01  -1.41546676022467e-08
1.89500000000000e+01  -1.79477671680175e-08
1.90000000000000e+01  -2.16802335749068e-08
1.90500000000000e+01  -2.52600840780110e-08
1.91000000000000e+01  -2.85873515800638e-08
1.91500000000000e+01  -3.15541448081997e-08
1.92000000000000e+01  -3.40447084907169e-08
1.92500000000000e+01  -3.59354835338409e-08
1.93000000000000e+01  -3.70951671984893e-08
1.93500000000000e+01  -3.73847732770336e-08
1.94000000000000e+01  -3.66576922700640e-08
1.94500000000000e+01  -3.47597515631527e-08
1.95000000000000e+01  -3.15292756036173e-08
1.95500000000000e+01  -2.67971460772846e-08
1.96000000000000e+01  -2.03868620852536e-08
1.96500000000000e+01  -1.21146003206602e-08
1.97000000000000e+01  -1.78927524543988e-09
1.97500000000000e+01  1.07874007329072e-08
1.98000000000000e+01  2.58208570845574e-08
1.98500000000000e+01  4.35236049805931e-08
1.99000000000000e+01  6.41151771162427e-08
1.99500000000000e+01  8.78220675341196e-08
2.00000000000000e+01  1.14877671447439e-07
