0.00000000000000e+00  -9.01049181166027e-58
5.00000000000000e-02  -6.03202120488056e-58
1.00000000000000e-01  -3.53714916255807e-58
1.50000000000000e-01  -1.48053875289491e-58
2.00000000000000e-01  1.80745760167951e-59
2.50000000000000e-01  1.48729564642684e-58
3.00000000000000e-01  2.47741443889181e-58
3.50000000000000e-01  3.18717466326373e-58
4.00000000000000e-01  3.65047456741125e-58
4.50000000000000e-01  3.89909485084749e-58
5.00000000000000e-01  3.96275539420707e-58
5.50000000000000e-01  3.86917198872289e-58
6.00000000000000e-01  3.64411306570314e-58
6.50000000000000e-01  3.31145642600804e-58
7.00000000000000e-01  2.89324596952688e-58
7.50000000000000e-01  2.40974842465473e-58
8.00000000000000e-01  1.87951007776950e-58
8.50000000000000e-01  1.31941350270872e-58
9.00000000000000e-01  7.44734290246398e-59
9.50000000000000e-01  1.69197777570045e-59
1.00000000000000e+00  -3.94964222242623e-59
1.05000000000000e+00  -9.36956690746640e-59
1.10000000000000e+00  -1.44736467465298e-58
1.15000000000000e+00  -1.91809655635170e-58
1.20000000000000e+00  -2.34232732443498e-58
1.25000000000000e+00  -2.71444184422033e-58
1.30000000000000e+00  -3.02997812827358e-58
1.35000000000000e+00  -3.28557060693212e-58
1.40000000000000e+00  -3.47889339882796e-58
1.45000000000000e+00  -3.60860358141082e-58
1.50000000000000e+00  -3.67428446147129e-58
1.55000000000000e+00  -3.67638884566395e-58
1.60000000000000e+00  -3.61618231103041e-58
1.65000000000000e+00  -3.49568647552254e-58
1.70000000000000e+00  -3.31762226852548e-58
1.75000000000000e+00  -3.08535320138080e-58
1.80000000000000e+00  -2.80282863790965e-58
1.85000000000000e+00  -2.47452706493580e-58
1.90000000000000e+00  -2.10539936280881e-58
1.95000000000000e+00  -1.70081207592715e-58
2.00000000000000e+00  -1.26649068326123e-58
2.05000000000000e+00  -8.08462868876659e-59
2.10000000000000e+00  -3.33001792457244e-59
2.15000000000000e+00  1.53430640171888e-59
2.20000000000000e+00  6.44240506521084e-59
2.25000000000000e+00  1.13275859691316e-58
2.30000000000000e+00  1.61229714396022e-58
2.35000000000000e+00  2.07620655204053e-58
2.40000000000000e+00  2.51793212677550e-58
2.45000000000000e+00  2.93107080450643e-58
2.50000000000000e+00  3.30942788177150e-58
2.55000000000000e+00  3.64707374478262e-58
2.60000000000000e+00  3.93840059890227e-58
2.65000000000000e+00  4.17817919812052e-58
2.70000000000000e+00  4.36161557453172e-58
2.75000000000000e+00  4.48440776781156e-58
2.80000000000000e+00  4.54280255469386e-58
2.85000000000000e+00  4.53365217844747e-58
2.90000000000000e+00  4.45447107835318e-58
2.95000000000000e+00  4.30349261918058e-58
3.00000000000000e+00  4.07972582066496e-58
3.05000000000000e+00  3.78301208698417e-58
3.10000000000000e+00  3.41408193623555e-58
3.15000000000000e+00  2.97461172991276e-58
3.20000000000000e+00  2.46728040238272e-58
3.25000000000000e+00  1.89582619036245e-58
3.30000000000000e+00  1.26510336239596e-58
3.35000000000000e+00  5.81138948331204e-59
3.40000000000000e+00  -1.48810531203196e-59
3.45000000000000e+00  -9.16202335320835e-59
3.50000000000000e+00  -1.71115077340086e-58
3.55000000000000e+00  -2.52237047561096e-58
3.60000000000000e+00  -3.33711966343047e-58
3.65000000000000e+00  -4.14114342017364e-58
3.70000000000000e+00  -4.91861696151251e-58
3.75000000000000e+00  -5.65208890600023e-58
3.80000000000000e+00  -6.32242454559411e-58
3.85000000000000e+00  -6.90874911617863e-58
3.90000000000000e+00  -7.38839106808876e-58
3.95000000000000e+00  -7.73682533663291e-58
4.00000000000000e+00  -7.92761661261610e-58
4.05000000000000e+00  -7.93236261286310e-58
4.10000000000000e+00  -7.72063735074146e-58
4.15000000000000e+00  -7.25993440668477e-58
4.20000000000000e+00  -6.51561019871561e-58
4.25000000000000e+00  -5.45082725296879e-58
4.30000000000000e+00  -4.02649747421443e-58
4.35000000000000e+00  -2.20122541638099e-58
4.40000000000000e+00  6.87484469214356e-60
4.45000000000000e+00  2.82960445187817e-58
4.50000000000000e+00  6.13000047394673e-58
4.55000000000000e+00  1.00211286573338e-57
4.60000000000000e+00  1.45567721444723e-57
4.65000000000000e+00  1.97933618054974e-57
4.70000000000000e+00  2.57900329677246e-57
4.75000000000000e+00  3.26086821451261e-57
4.80000000000000e+00  4.03140237678074e-57
4.85000000000000e+00  4.89736469114844e-57
4.90000000000000e+00  5.86580720269603e-57
4.95000000000000e+00  6.94408076696030e-57
5.00000000000000e+00  -1.12516953436289e-15
5.05000000000000e+00  -4.41177542320092e-16
5.10000000000000e+00  2.32240821712390e-17
5.15000000000000e+00  3.09891633644970e-16
5.20000000000000e+00  4.56091231860805e-16
5.25000000000000e+00  4.94726815386542e-16
5.30000000000000e+00  4.54568135180380e-16
5.35000000000000e+00  3.60478748173193e-16
5.40000000000000e+00  2.33644010850791e-16
5.45000000000000e+00  9.17990728362131e-17
5.50000000000000e+00  -5.05431295280035e-17
5.55000000000000e+00  -1.81863879597545e-16
5.60000000000000e+00  -2.93410686844044e-16
5.65000000000000e+00  -3.78969293272805e-16
5.70000000000000e+00  -4.34635679840523e-16
5.75000000000000e+00  -4.58588072873011e-16
5.80000000000000e+00  -4.50858950482921e-16
5.85000000000000e+00  -4.13107048987470e-16
5.90000000000000e+00  -3.48389369326158e-16
5.95000000000000e+00  -2.60933183478495e-16
6.00000000000000e+00  -1.55908040881725e-16
6.05000000000000e+00  -3.91977748485469e-17
6.10000000000000e+00  8.28274910151626e-17
6.15000000000000e+00  2.03539336392623e-16
6.20000000000000e+00  3.16279037838431e-16
6.25000000000000e+00  4.14585562360829e-16
6.30000000000000e+00  4.92423561004000e-16
6.35000000000000e+00  5.44411362430318e-16
6.40000000000000e+00  5.66048966502645e-16
6.45000000000000e+00  5.53946037866605e-16
6.50000000000000e+00  5.06049899532851e-16
6.55000000000000e+00  4.21873526459352e-16
6.60000000000000e+00  3.02723539133668e-16
6.65000000000000e+00  1.51928197155224e-16
6.70000000000000e+00  -2.49346071824195e-17
6.75000000000000e+00  -2.19809355309274e-16
6.80000000000000e+00  -4.21934908796662e-16
6.85000000000000e+00  -6.17616515774916e-16
6.90000000000000e+00  -7.89997817351143e-16
6.95000000000000e+00  -9.18832854026909e-16
7.00000000000000e+00  -9.80258072115976e-16
7.05000000000000e+00  -9.46564330162031e-16
7.10000000000000e+00  -7.85968905356403e-16
7.15000000000000e+00  -4.62387499955781e-16
7.20000000000000e+00  6.47937523000460e-17
7.25000000000000e+00  8.40946279770487e-16
7.30000000000000e+00  1.91642706649641e-15
7.35000000000000e+00  3.34680664578242e-15
7.40000000000000e+00  5.19309709377915e-15
7.45000000000000e+00  7.52198002306552e-15
7.50000000000000e+00  -5.37892698382497e-10
7.55000000000000e+00  2.23258005103307e-10
7.60000000000000e+00  8.10807984317726e-11
7.65000000000000e+00  -1.59725366879026e-10
7.70000000000000e+00  -1.84827148332799e-10
7.75000000000000e+00  -4.35856922871004e-12
7.80000000000000e+00  2.12977224564920e-10
7.85000000000000e+00  3.05806207836880e-10
7.90000000000000e+00  2.85981719259396e-10
7.95000000000000e+00  5.04482704614396e-10
8.00000000000000e+00  1.81731196001981e-09
8.05000000000000e+00  5.75139437515601e-09
8.10000000000000e+00  1.46704751764914e-08
8.15000000000000e+00  2.70031624235960e-07
8.20000000000000e+00  1.21468017619867e-06
8.25000000000000e+00  -2.00514429192948e-07
8.30000000000000e+00  -6.42079284005308e-07
8.35000000000000e+00  6.91014840882935e-07
8.40000000000000e+00  3.41043736603873e-06
8.45000000000000e+00  7.28158177373182e-06
8.50000000000000e+00  1.35666494781923e-05
8.55000000000000e+00  2.63677336958690e-05
8.60000000000000e+00  5.39699033156853e-05
8.65000000000000e+00  1.10184286769302e-04
8.70000000000000e+00  2.15691155901364e-04
8.75000000000000e+00  4.04023247012813e-04
8.80000000000000e+00  7.46055587688649e-04
8.85000000000000e+00  1.34253295214799e-03
8.90000000000000e+00  2.35652910847692e-03
8.95000000000000e+00  4.03375433246755e-03
9.00000000000000e+00  6.73458388086852e-03
9.05000000000000e+00  1.09660864646358e-02
9.10000000000000e+00  1.74139716070245e-02
9.15000000000000e+00  2.69760956530634e-02
9.20000000000000e+00  4.07482606781406e-02
9.25000000000000e+00  6.00375017898965e-02
9.30000000000000e+00  8.62740167500729e-02
9.35000000000000e+00  1.20907980087548e-01
9.40000000000000e+00  1.65269345652174e-01
9.45000000000000e+00  2.20325311424644e-01
9.50000000000000e+00  2.86469217965273e-01
9.55000000000000e+00  3.63273106653311e-01
9.60000000000000e+00  4.49293314360812e-01
9.65000000000000e+00  5.41961149528025e-01
9.70000000000000e+00  6.37599500752987e-01
9.75000000000000e+00  7.31593364401664e-01
9.80000000000000e+00  8.18715461650846e-01
9.85000000000000e+00  8.93585416315381e-01
9.90000000000000e+00  9.51225926723703e-01
9.95000000000000e+00  9.87576577019683e-01
1.00000000000000e+01  1.00000764846445e+00
1.00500000000000e+01  9.87576577019681e-01
1.01000000000000e+01  9.51225926723702e-01
1.01500000000000e+01  8.93585416315376e-01
1.02000000000000e+01  8.18715461650838e-01
1.02500000000000e+01  7.31593364401662e-01
1.03000000000000e+01  6.37599500752984e-01
1.03500000000000e+01  5.41961149528021e-01
1.04000000000000e+01  4.49293314360809e-01
1.04500000000000e+01  3.63273106653305e-01
1.05000000000000e+01  2.86469217965272e-01
1.05500000000000e+01  2.20325311424640e-01
1.06000000000000e+01  1.65269345652170e-01
1.06500000000000e+01  1.20907980087544e-01
1.07000000000000e+01  8.62740167500713e-02
1.07500000000000e+01  6.00375017898973e-02
1.08000000000000e+01  4.07482606781397e-02
1.08500000000000e+01  2.69760956530624e-02
1.09000000000000e+01  1.74139716070250e-02
1.09500000000000e+01  1.09660864646353e-02
1.10000000000000e+01  6.73458388086836e-03
1.10500000000000e+01  4.03375433246748e-03
1.11000000000000e+01  2.35652910847689e-03
1.11500000000000e+01  1.34253295214793e-03
1.12000000000000e+01  7.46055587688656e-04
1.12500000000000e+01  3.99383009839767e-04
1.13000000000000e+01  2.15691155901361e-04
1.13500000000000e+01  1.10184286769299e-04
1.14000000000000e+01  5.39699033156851e-05
1.14500000000000e+01  2.63677336958674e-05
1.15000000000000e+01  1.35666494781912e-05
1.15500000000000e+01  7.28158177373110e-06
1.16000000000000e+01  3.41043736603860e-06
1.16500000000000e+01  6.91014840883365e-07
1.17000000000000e+01  -6.42079284004886e-07
1.17500000000000e+01  -2.00514429192888e-07
1.18000000000000e+01  1.21468017619828e-06
1.18500000000000e+01  2.70031624235667e-07
1.19000000000000e+01  1.46704751764910e-08
1.19500000000000e+01  5.75139437515591e-09
1.20000000000000e+01  1.81731196001980e-09
1.20500000000000e+01  5.04482704614393e-10
1.21000000000000e+01  2.85981719259362e-10
1.21500000000000e+01  3.05806207836841e-10
1.22000000000000e+01  2.12977224564894e-10
1.22500000000000e+01  -4.35856922870023e-12
1.23000000000000e+01  -1.84827148332775e-10
1.23500000000000e+01  -1.59725366878998e-10
1.24000000000000e+01  8.10807984317742e-11
1.24500000000000e+01  2.23258005103275e-10
1.25000000000000e+01  1.04060345762309e-14
1.25500000000000e+01  7.52198002306540e-15
1.26000000000000e+01  5.19309709377901e-15
1.26500000000000e+01  3.34680664578235e-15
1.27000000000000e+01  1.91642706649632e-15
1.27500000000000e+01  8.40946279770447e-16
1.28000000000000e+01  6.47937523000040e-17
1.28500000000000e+01  -4.62387499955800e-16
1.29000000000000e+01  -7.85968905356407e-16
1.29500000000000e+01  -9.46564330162036e-16
1.30000000000000e+01  -9.80258072115975e-16
1.30500000000000e+01  -9.18832854026904e-16
1.31000000000000e+01  -7.89997817351132e-16
1.31500000000000e+01  -6.17616515774907e-16
1.32000000000000e+01  -4.21934908796644e-16
1.32500000000000e+01  -2.19809355309265e-16
1.33000000000000e+01  -2.49346071824145e-17
1.33500000000000e+01  1.51928197155232e-16
1.34000000000000e+01  3.02723539133674e-16
1.34500000000000e+01  4.21873526459359e-16
1.35000000000000e+01  5.06049899532853e-16
1.35500000000000e+01  5.53946037866606e-16
1.36000000000000e+01  5.66048966502645e-16
1.36500000000000e+01  5.44411362430315e-16
1.37000000000000e+01  4.92423561003998e-16
1.37500000000000e+01  4.14585562360830e-16
1.38000000000000e+01  3.16279037838426e-16
1.38500000000000e+01  2.03539336392616e-16
1.39000000000000e+01  8.28274910151571e-17
1.39500000000000e+01  -3.91977748485548e-17
1.40000000000000e+01  -1.55908040881730e-16
1.40500000000000e+01  -2.60933183478502e-16
1.41000000000000e+01  -3.48389369326161e-16
1.41500000000000e+01  -4.13107048987471e-16
1.42000000000000e+01  -4.50858950482922e-16
1.42500000000000e+01  -4.58588072873011e-16
1.43000000000000e+01  -4.34635679840521e-16
1.43500000000000e+01  -3.78969293272800e-16
1.44000000000000e+01  -2.93410686844040e-16
1.44500000000000e+01  -1.81863879597537e-16
1.45000000000000e+01  -5.05431295279976e-17
1.45500000000000e+01  9.17990728362161e-17
1.46000000000000e+01  2.33644010850797e-16
1.46500000000000e+01  3.60478748173196e-16
1.47000000000000e+01  4.54568135180385e-16
1.47500000000000e+01  4.94726815386542e-16
1.48000000000000e+01  4.56091231860801e-16
1.48500000000000e+01  3.09891633644956e-16
1.49000000000000e+01  2.32240821712144e-17
1.49500000000000e+01  -4.41177542320118e-16
1.50000000000000e+01  8.13984072288184e-57
1.50500000000000e+01  6.94408076696007e-57
1.51000000000000e+01  5.86580720269581e-57
1.51500000000000e+01  4.89736469114826e-57
1.52000000000000e+01  4.03140237678057e-57
1.52500000000000e+01  3.26086821451249e-57
1.53000000000000e+01  2.57900329677235e-57
1.53500000000000e+01  1.97933618054966e-57
1.54000000000000e+01  1.45567721444717e-57
1.54500000000000e+01  1.00211286573334e-57
1.55000000000000e+01  6.13000047394651e-58
1.55500000000000e+01  2.82960445187795e-58
1.56000000000000e+01  6.87484469212648e-60
1.56500000000000e+01  -2.20122541638103e-58
1.57000000000000e+01  -4.02649747421441e-58
1.57500000000000e+01  -5.45082725296869e-58
1.58000000000000e+01  -6.51561019871544e-58
1.58500000000000e+01  -7.25993440668459e-58
1.59000000000000e+01  -7.72063735074126e-58
1.59500000000000e+01  -7.93236261286288e-58
1.60000000000000e+01  -7.92761661261588e-58
1.60500000000000e+01  -7.73682533663269e-58
1.61000000000000e+01  -7.38839106808853e-58
1.61500000000000e+01  -6.90874911617841e-58
1.62000000000000e+01  -6.32242454559390e-58
1.62500000000000e+01  -5.65208890600007e-58
1.63000000000000e+01  -4.91861696151235e-58
1.63500000000000e+01  -4.14114342017348e-58
1.64000000000000e+01  -3.33711966343033e-58
1.64500000000000e+01  -2.52237047561087e-58
1.65000000000000e+01  -1.71115077340078e-58
1.65500000000000e+01  -9.16202335320764e-59
1.66000000000000e+01  -1.48810531203161e-59
1.66500000000000e+01  5.81138948331216e-59
1.67000000000000e+01  1.26510336239593e-58
1.67500000000000e+01  1.89582619036240e-58
1.68000000000000e+01  2.46728040238268e-58
1.68500000000000e+01  2.97461172991271e-58
1.69000000000000e+01  3.41408193623549e-58
1.69500000000000e+01  3.78301208698407e-58
1.70000000000000e+01  4.07972582066486e-58
1.70500000000000e+01  4.30349261918047e-58
1.71000000000000e+01  4.45447107835306e-58
1.71500000000000e+01  4.53365217844734e-58
1.72000000000000e+01  4.54280255469373e-58
1.72500000000000e+01  4.48440776781143e-58
1.73000000000000e+01  4.36161557453159e-58
1.73500000000000e+01  4.17817919812038e-58
1.74000000000000e+01  3.93840059890216e-58
1.74500000000000e+01  3.64707374478250e-58
1.75000000000000e+01  3.30942788177141e-58
1.75500000000000e+01  2.93107080450634e-58
1.76000000000000e+01  2.51793212677541e-58
1.76500000000000e+01  2.07620655204045e-58
1.77000000000000e+01  1.61229714396016e-58
1.77500000000000e+01  1.13275859691311e-58
1.78000000000000e+01  6.44240506521039e-59
1.78500000000000e+01  1.53430640171864e-59
1.79000000000000e+01  -3.33001792457255e-59
1.79500000000000e+01  -8.08462868876634e-59
1.80000000000000e+01  -1.26649068326120e-58
1.80500000000000e+01  -1.70081207592711e-58
1.81000000000000e+01  -2.10539936280878e-58
1.81500000000000e+01  -2.47452706493575e-58
1.82000000000000e+01  -2.80282863790957e-58
1.82500000000000e+01  -3.08535320138072e-58
1.83000000000000e+01  -3.31762226852538e-58
1.83500000000000e+01  -3.49568647552245e-58
1.84000000000000e+01  -3.61618231103032e-58
1.84500000000000e+01  -3.67638884566384e-58
1.85000000000000e+01  -3.67428446147119e-58
1.85500000000000e+01  -3.60860358141071e-58
1.86000000000000e+01  -3.47889339882785e-58
1.86500000000000e+01  -3.28557060693202e-58
1.87000000000000e+01  -3.02997812827349e-58
1.87500000000000e+01  -2.71444184422025e-58
1.88000000000000e+01  -2.34232732443491e-58
1.88500000000000e+01  -1.91809655635162e-58
1.89000000000000e+01  -1.44736467465290e-58
1.89500000000000e+01  -9.36956690746605e-59
1.90000000000000e+01  -3.94964222242597e-59
1.90500000000000e+01  1.69197777570060e-59
1.91000000000000e+01  7.44734290246394e-59
1.91500000000000e+01  1.31941350270870e-58
1.92000000000000e+01  1.87951007776949e-58
1.92500000000000e+01  2.40974842465467e-58
1.93000000000000e+01  2.89324596952681e-58
1.93500000000000e+01  3.31145642600798e-58
1.94000000000000e+01  3.64411306570306e-58
1.94500000000000e+01  3.86917198872279e-58
1.95000000000000e+01  3.96275539420695e-58
1.95500000000000e+01  3.89909485084738e-58
1.96000000000000e+01  3.65047456741114e-58
1.96500000000000e+01  3.18717466326361e-58
1.97000000000000e+01  2.47741443889165e-58
1.97500000000000e+01  1.48729564642678e-58
1.98000000000000e+01  1.80745760167903e-59
1.98500000000000e+01  -1.48053875289500e-58
1.99000000000000e+01  -3.53714916255805e-58
1.99500000000000e+01  -6.03202120488060e-58
2.00000000000000e+01  -9.01049181166002e-58
