0.00000000000000e+00  3.90200572815974e-01
5.00000000000000e-02  3.73544866906562e-01
1.00000000000000e-01  3.56917700953337e-01
1.50000000000000e-01  3.40487947231589e-01
2.00000000000000e-01  3.24338197268248e-01
2.50000000000000e-01  3.08497036077415e-01
3.00000000000000e-01  2.92971316395893e-01
3.50000000000000e-01  2.77773859087624e-01
4.00000000000000e-01  2.62945166003820e-01
4.50000000000000e-01  2.48542428041211e-01
5.00000000000000e-01  2.34641516765272e-01
5.50000000000000e-01  2.21276194572990e-01
6.00000000000000e-01  2.08368012953376e-01
6.50000000000000e-01  1.96009838359436e-01
7.00000000000000e-01  1.84248660549662e-01
7.50000000000000e-01  1.73151686097843e-01
8.00000000000000e-01  1.62664463313096e-01
8.50000000000000e-01  1.52812040978813e-01
9.00000000000000e-01  1.43648313550347e-01
9.50000000000000e-01  1.35211899134789e-01
1.00000000000000e+00  1.27526449722180e-01
1.05000000000000e+00  1.20592862801728e-01
1.10000000000000e+00  1.14404959851648e-01
1.15000000000000e+00  1.08970446930559e-01
1.20000000000000e+00  1.04335406707734e-01
1.25000000000000e+00  1.00623992627545e-01
1.30000000000000e+00  9.75225094319848e-02
1.35000000000000e+00  9.53738067911928e-02
1.40000000000000e+00  9.40606091719167e-02
1.45000000000000e+00  9.35453809122194e-02
1.50000000000000e+00  9.38393827585628e-02
1.55000000000000e+00  9.49717284028932e-02
1.60000000000000e+00  9.69631610670490e-02
1.65000000000000e+00  9.98056173673374e-02
1.70000000000000e+00  1.03472287670075e-01
1.75000000000000e+00  1.07916104995854e-01
1.80000000000000e+00  1.13126727144260e-01
1.85000000000000e+00  1.19196159397102e-01
1.90000000000000e+00  1.26056150614433e-01
1.95000000000000e+00  1.33669120134574e-01
2.00000000000000e+00  1.41971453577539e-01
2.05000000000000e+00  1.51042179531761e-01
2.10000000000000e+00  1.60856582335625e-01
2.15000000000000e+00  1.71353429575725e-01
2.20000000000000e+00  1.82492472983139e-01
2.25000000000000e+00  1.94246262762915e-01
2.30000000000000e+00  2.06610328965673e-01
2.35000000000000e+00  2.19580055162362e-01
2.40000000000000e+00  2.33127865741848e-01
2.45000000000000e+00  2.47186646610581e-01
2.50000000000000e+00  2.61667320991931e-01
2.55000000000000e+00  2.76682688753516e-01
2.60000000000000e+00  2.92075218109517e-01
2.65000000000000e+00  3.07855416540114e-01
2.70000000000000e+00  3.23993449667533e-01
2.75000000000000e+00  3.40440751741868e-01
2.80000000000000e+00  3.57151636126895e-01
2.85000000000000e+00  3.74087604208583e-01
2.90000000000000e+00  3.91212034504762e-01
2.95000000000000e+00  4.08490708868679e-01
3.00000000000000e+00  4.25880979226406e-01
3.05000000000000e+00  4.43335374161359e-01
3.10000000000000e+00  4.60807351467360e-01
3.15000000000000e+00  4.78263604717066e-01
3.20000000000000e+00  4.95660364783390e-01
3.25000000000000e+00  5.12958401266081e-01
3.30000000000000e+00  5.30104404532366e-01
3.35000000000000e+00  5.47059324657596e-01
3.40000000000000e+00  5.63786569622154e-01
3.45000000000000e+00  5.80242721483387e-01
3.50000000000000e+00  5.96384737811315e-01
3.55000000000000e+00  6.12168409100615e-01
3.60000000000000e+00  6.27553603427868e-01
3.65000000000000e+00  6.42504632123485e-01
3.70000000000000e+00  6.56983624465476e-01
3.75000000000000e+00  6.70992836062081e-01
3.80000000000000e+00  6.84335538806642e-01
3.85000000000000e+00  6.97176806747470e-01
3.90000000000000e+00  7.09397596718056e-01
3.95000000000000e+00  7.20938034835434e-01
4.00000000000000e+00  7.31773557010168e-01
4.05000000000000e+00  7.41891049456323e-01
4.10000000000000e+00  7.51272450259567e-01
4.15000000000000e+00  7.59885089924952e-01
4.20000000000000e+00  7.67687214840656e-01
4.25000000000000e+00  7.74631647695313e-01
4.30000000000000e+00  7.80696029502255e-01
4.35000000000000e+00  7.85916957742008e-01
4.40000000000000e+00  7.90238314496496e-01
4.45000000000000e+00  7.93633473841803e-01
4.50000000000000e+00  7.96059971686439e-01
4.55000000000000e+00  7.97552808325765e-01
4.60000000000000e+00  7.98100000329479e-01
4.65000000000000e+00  7.97672727723106e-01
4.70000000000000e+00  7.96251806340610e-01
4.75000000000000e+00  7.93829073908283e-01
4.80000000000000e+00  7.90412229383385e-01
4.85000000000000e+00  7.86015587133057e-01
4.90000000000000e+00  7.80646471732388e-01
4.95000000000000e+00  7.74288895069012e-01
5.00000000000000e+00  7.66938923682294e-01
5.05000000000000e+00  7.58599486878477e-01
5.10000000000000e+00  7.49333084271457e-01
5.15000000000000e+00  7.39128523545737e-01
5.20000000000000e+00  7.27995700813249e-01
5.25000000000000e+00  7.15959280120364e-01
5.30000000000000e+00  7.03052372954906e-01
5.35000000000000e+00  6.89308854739948e-01
5.40000000000000e+00  6.74759904769051e-01
5.45000000000000e+00  6.59434413818794e-01
5.50000000000000e+00  6.43364626186239e-01
5.55000000000000e+00  6.26595178025806e-01
5.60000000000000e+00  6.09192217246286e-01
5.65000000000000e+00  5.91192168832982e-01
5.70000000000000e+00  5.72637203913085e-01
5.75000000000000e+00  5.53631176687968e-01
5.80000000000000e+00  5.34197902985840e-01
5.85000000000000e+00  5.14392900524777e-01
5.90000000000000e+00  4.94294683781861e-01
5.95000000000000e+00  4.73995173880898e-01
6.00000000000000e+00  4.53581697603237e-01
6.05000000000000e+00  4.33133189764640e-01
6.10000000000000e+00  4.12715234191815e-01
6.15000000000000e+00  3.92395435820427e-01
6.20000000000000e+00  3.72293444929952e-01
6.25000000000000e+00  3.52454970335294e-01
6.30000000000000e+00  3.33288835021972e-01
6.35000000000000e+00  3.14448393593888e-01
6.40000000000000e+00  2.96233526914528e-01
6.45000000000000e+00  2.78817457225709e-01
6.50000000000000e+00  2.62296359561943e-01
6.55000000000000e+00  2.46738973164811e-01
6.60000000000000e+00  2.32226178740247e-01
6.65000000000000e+00  2.18879655721113e-01
6.70000000000000e+00  2.06845896819771e-01
6.75000000000000e+00  1.96295605809871e-01
6.80000000000000e+00  1.87338386947297e-01
6.85000000000000e+00  1.79924888029620e-01
6.90000000000000e+00  1.74241763699697e-01
6.95000000000000e+00  1.70408735859240e-01
7.00000000000000e+00  1.68593407955683e-01
7.05000000000000e+00  1.68726389330403e-01
7.10000000000000e+00  1.70871591057937e-01
7.15000000000000e+00  1.75135923661351e-01
7.20000000000000e+00  1.81589887576716e-01
7.25000000000000e+00  1.90261853785616e-01
7.30000000000000e+00  2.01122077556556e-01
7.35000000000000e+00  2.14106392757682e-01
7.40000000000000e+00  2.29153422149629e-01
7.45000000000000e+00  2.46256067777236e-01
7.50000000000000e+00  2.65381841053048e-01
7.55000000000000e+00  2.86325453189663e-01
7.60000000000000e+00  3.08906380463485e-01
7.65000000000000e+00  3.32975129643451e-01
7.70000000000000e+00  3.58316274954087e-01
7.75000000000000e+00  3.84667692609439e-01
7.80000000000000e+00  4.11739795347009e-01
7.85000000000000e+00  4.39219679320497e-01
7.90000000000000e+00  4.66766002139239e-01
7.95000000000000e+00  4.94013217841048e-01
8.00000000000000e+00  5.20563078662677e-01
8.05000000000000e+00  5.45998259661971e-01
8.10000000000000e+00  5.69899249829834e-01
8.15000000000000e+00  5.91846927158604e-01
8.20000000000000e+00  6.11410946555383e-01
8.25000000000000e+00  6.28174299415178e-01
8.30000000000000e+00  6.41764982432212e-01
8.35000000000000e+00  6.51832418470466e-01
8.40000000000000e+00  6.58067762768182e-01
8.45000000000000e+00  6.60223282951484e-01
8.50000000000000e+00  6.58125054484952e-01
8.55000000000000e+00  6.51684816073724e-01
8.60000000000000e+00  6.40907935257836e-01
8.65000000000000e+00  6.25898645706581e-01
8.70000000000000e+00  6.06861606979071e-01
8.75000000000000e+00  5.84114098719447e-01
8.80000000000000e+00  5.58099387796851e-01
8.85000000000000e+00  5.29355979604741e-01
8.90000000000000e+00  4.98524561741875e-01
8.95000000000000e+00  4.66332718488656e-01
9.00000000000000e+00  4.33574877991159e-01
9.05000000000000e+00  4.01092259445174e-01
9.10000000000000e+00  3.69746706235075e-01
9.15000000000000e+00  3.40389858904425e-01
9.20000000000000e+00  3.13833811662228e-01
9.25000000000000e+00  2.90816194936996e-01
9.30000000000000e+00  2.71970663804794e-01
9.35000000000000e+00  2.57798267472540e-01
9.40000000000000e+00  2.48644196021054e-01
9.45000000000000e+00  2.44679863500384e-01
9.50000000000000e+00  2.45899127215033e-01
9.55000000000000e+00  2.52113058481464e-01
9.60000000000000e+00  2.62965583726417e-01
9.65000000000000e+00  2.77956828722008e-01
9.70000000000000e+00  2.96469487569675e-01
9.75000000000000e+00  3.17815969798745e-01
9.80000000000000e+00  3.41281279602451e-01
9.85000000000000e+00  3.66176455027861e-01
9.90000000000000e+00  3.91892482306768e-01
9.95000000000000e+00  4.17955392417678e-01
1.00000000000000e+01  4.44079289933803e-01
1.00500000000000e+01  4.70206086516279e-01
1.01000000000000e+01  4.96271848692149e-01
1.01500000000000e+01  5.21993094412494e-01
1.02000000000000e+01  5.46896046426995e-01
1.02500000000000e+01  5.70371712781921e-01
1.03000000000000e+01  5.91730967318150e-01
1.03500000000000e+01  6.10258481208857e-01
1.04000000000000e+01  6.25266197461891e-01
1.04500000000000e+01  6.36136249956387e-01
1.05000000000000e+01  6.42368153400531e-01
1.05500000000000e+01  6.43605221510129e-01
1.06000000000000e+01  6.39657962253207e-01
1.06500000000000e+01  6.30519641417079e-01
1.07000000000000e+01  6.16361179856823e-01
1.07500000000000e+01  5.97527416429312e-01
1.08000000000000e+01  5.74518988689696e-01
1.08500000000000e+01  5.47969305577597e-01
1.09000000000000e+01  5.18615861340427e-01
1.09500000000000e+01  4.87270681453192e-01
1.10000000000000e+01  4.54785441281275e-01
1.10500000000000e+01  4.22022113348868e-01
1.11000000000000e+01  3.89822150176065e-01
1.11500000000000e+01  3.58980296427555e-01
1.12000000000000e+01  3.30224545932364e-01
1.12500000000000e+01  3.04210696838746e-01
1.13000000000000e+01  2.81432068129157e-01
1.13500000000000e+01  2.62381328416206e-01
1.14000000000000e+01  2.47358841527955e-01
1.14500000000000e+01  2.36567226293362e-01
1.15000000000000e+01  2.30111513370128e-01
1.15500000000000e+01  2.27999302072529e-01
1.16000000000000e+01  2.30144032034734e-01
1.16500000000000e+01  2.36371665274047e-01
1.17000000000000e+01  2.46433042333191e-01
1.17500000000000e+01  2.60016998524432e-01
1.18000000000000e+01  2.76772950697101e-01
1.18500000000000e+01  2.96334782336206e-01
1.19000000000000e+01  3.18282220112691e-01
1.19500000000000e+01  3.42181420878757e-01
1.20000000000000e+01  3.67617012774907e-01
1.20500000000000e+01  3.94170069053578e-01
1.21000000000000e+01  4.21420380969031e-01
1.21500000000000e+01  4.48967889556948e-01
1.22000000000000e+01  4.76449584554120e-01
1.22500000000000e+01  5.03525728890813e-01
1.23000000000000e+01  5.29884413517610e-01
1.23500000000000e+01  5.55233564273905e-01
1.24000000000000e+01  5.79306919910061e-01
1.24500000000000e+01  6.01891321926504e-01
1.25000000000000e+01  6.22720763259514e-01
1.25500000000000e+01  6.41979681946212e-01
1.26000000000000e+01  6.59093950256812e-01
1.26500000000000e+01  6.74155605197278e-01
1.27000000000000e+01  6.87153755236279e-01
1.27500000000000e+01  6.98026100521179e-01
1.28000000000000e+01  7.06710453094032e-01
1.28500000000000e+01  7.13179990112213e-01
1.29000000000000e+01  7.17463163707962e-01
1.29500000000000e+01  7.19629201456575e-01
1.30000000000000e+01  7.19779328460070e-01
1.30500000000000e+01  7.17975694486570e-01
1.31000000000000e+01  7.14161137888323e-01
1.31500000000000e+01  7.08500267725010e-01
1.32000000000000e+01  7.01107989378947e-01
1.32500000000000e+01  6.92150204294315e-01
1.33000000000000e+01  6.81609600944752e-01
1.33500000000000e+01  6.69596461246714e-01
1.34000000000000e+01  6.56269555690399e-01
1.34500000000000e+01  6.41767460631214e-01
1.35000000000000e+01  6.26209868632864e-01
1.35500000000000e+01  6.09684459477856e-01
1.36000000000000e+01  5.92270161259880e-01
1.36500000000000e+01  5.74067691171456e-01
1.37000000000000e+01  5.55236525363570e-01
1.37500000000000e+01  5.35983738913262e-01
1.38000000000000e+01  5.16172573874520e-01
1.38500000000000e+01  4.96102606855267e-01
1.39000000000000e+01  4.75817704517835e-01
1.39500000000000e+01  4.55385864085733e-01
1.40000000000000e+01  4.34894927240816e-01
1.40500000000000e+01  4.14448294020441e-01
1.41000000000000e+01  3.94148118913577e-01
1.41500000000000e+01  3.74073225800661e-01
1.42000000000000e+01  3.54288119055155e-01
1.42500000000000e+01  3.34829777894717e-01
1.43000000000000e+01  3.15757828494986e-01
1.43500000000000e+01  2.97214203102834e-01
1.44000000000000e+01  2.79234695632831e-01
1.44500000000000e+01  2.61863429494692e-01
1.45000000000000e+01  2.44994089178985e-01
1.45500000000000e+01  2.28880567072493e-01
1.46000000000000e+01  2.13588069348978e-01
1.46500000000000e+01  1.99089948633904e-01
1.47000000000000e+01  1.85357407227494e-01
1.47500000000000e+01  1.72400601659999e-01
1.48000000000000e+01  1.60285472721721e-01
1.48500000000000e+01  1.49117733370148e-01
1.49000000000000e+01  1.38977847270799e-01
1.49500000000000e+01  1.29780324171069e-01
1.50000000000000e+01  1.21680322319288e-01
1.50500000000000e+01  1.13903987481057e-01
1.51000000000000e+01  1.07543241528842e-01
1.51500000000000e+01  1.02225653709404e-01
1.52000000000000e+01  9.78375356908993e-02
1.52500000000000e+01  9.44058685816030e-02
1.53000000000000e+01  9.19802299486303e-02
1.53500000000000e+01  9.05790764810186e-02
1.54000000000000e+01  9.01766212178891e-02
1.54500000000000e+01  9.07156375814042e-02
1.55000000000000e+01  9.21402390206600e-02
1.55500000000000e+01  9.44667051154946e-02
1.56000000000000e+01  9.78599877401860e-02
1.56500000000000e+01  1.02172306693232e-01
1.57000000000000e+01  1.07386518649434e-01
1.57500000000000e+01  1.13506936755488e-01
1.58000000000000e+01  1.20504719586561e-01
1.58500000000000e+01  1.28337831815277e-01
1.59000000000000e+01  1.36963729843854e-01
1.59500000000000e+01  1.46348975426170e-01
1.60000000000000e+01  1.56459303419900e-01
1.60500000000000e+01  1.67266625473461e-01
1.61000000000000e+01  1.78748722715125e-01
1.61500000000000e+01  1.90902480836979e-01
1.62000000000000e+01  2.03778145243211e-01
1.62500000000000e+01  2.17014927771192e-01
1.63000000000000e+01  2.31291028010680e-01
1.63500000000000e+01  2.45750761528736e-01
1.64000000000000e+01  2.60628834180090e-01
1.64500000000000e+01  2.75983722198858e-01
1.65000000000000e+01  2.91774522892218e-01
1.65500000000000e+01  3.07937805334063e-01
1.66000000000000e+01  3.24417210936562e-01
1.66500000000000e+01  3.41164089085371e-01
1.67000000000000e+01  3.58143234545629e-01
1.67500000000000e+01  3.75309609726517e-01
1.68000000000000e+01  3.92605398888661e-01
1.68500000000000e+01  4.09960246124051e-01
1.69000000000000e+01  4.27380280713378e-01
1.69500000000000e+01  4.44825599835286e-01
1.70000000000000e+01  4.62271936951923e-01
1.70500000000000e+01  4.79666666256144e-01
1.71000000000000e+01  4.96966804049723e-01
1.71500000000000e+01  5.14128853044955e-01
1.72000000000000e+01  5.31100507401289e-01
1.72500000000000e+01  5.47825240861915e-01
1.73000000000000e+01  5.64247468839257e-01
1.73500000000000e+01  5.80325106434157e-01
1.74000000000000e+01  5.96047033412656e-01
1.74500000000000e+01  6.11457126087404e-01
1.75000000000000e+01  6.26210487634580e-01
1.75500000000000e+01  6.41075200942135e-01
1.76000000000000e+01  6.55161672376411e-01
1.76500000000000e+01  6.68619138070341e-01
1.77000000000000e+01  6.81513199821993e-01
1.77500000000000e+01  6.93851687523171e-01
1.78000000000000e+01  7.05610521587995e-01
1.78500000000000e+01  7.16753361528351e-01
1.79000000000000e+01  7.27247520297754e-01
1.79500000000000e+01  7.37064271956502e-01
1.80000000000000e+01  7.46186080023252e-01
1.80500000000000e+01  7.54583169146368e-01
1.81000000000000e+01  7.62185392072273e-01
1.81500000000000e+01  7.68996167194026e-01
1.82000000000000e+01  7.75010166771996e-01
1.82500000000000e+01  7.80272842885287e-01
1.83000000000000e+01  7.84705379877522e-01
1.83500000000000e+01  7.88302406947946e-01
1.84000000000000e+01  7.91089778744398e-01
1.84500000000000e+01  7.93086397060156e-01
1.85000000000000e+01  7.94293219633345e-01
1.85500000000000e+01  7.94684928524830e-01
1.86000000000000e+01  7.94218455438366e-01
1.86500000000000e+01  7.92855523257195e-01
1.87000000000000e+01  7.90603402366673e-01
1.87500000000000e+01  7.87528117675359e-01
1.88000000000000e+01  7.83852583659660e-01
1.88500000000000e+01  7.79198074975913e-01
1.89000000000000e+01  7.73745394119158e-01
1.89500000000000e+01  7.67557740190148e-01
1.90000000000000e+01  7.60631457291918e-01
1.90500000000000e+01  7.52946782926350e-01
1.91000000000000e+01  7.44500262135686e-01
1.91500000000000e+01  7.35320407107649e-01
1.92000000000000e+01  7.25458227429156e-01
1.92500000000000e+01  7.14975499148490e-01
1.93000000000000e+01  7.03891348682343e-01
1.93500000000000e+01  6.92122854438604e-01
1.94000000000000e+01  6.79764376146620e-01
1.94500000000000e+01  6.66859992771470e-01
1.95000000000000e+01  6.53493667411469e-01
1.95500000000000e+01  6.39597208035960e-01
1.96000000000000e+01  6.25204283398911e-01
1.96500000000000e+01  6.10386910740077e-01
1.97000000000000e+01  5.95200261678148e-01
1.97500000000000e+01  5.79683991620552e-01
1.98000000000000e+01  5.63852532385923e-01
1.98500000000000e+01  5.47714912018383e-01
1.99000000000000e+01  5.31300280947619e-01
1.99500000000000e+01  5.14687108397220e-01
2.00000000000000e+01  4.98032378793026e-01
