0.00000000000000e+00  -1.22450297156611e+00
5.00000000000000e-02  -1.22450191329764e+00
1.00000000000000e-01  -1.22450087953216e+00
1.50000000000000e-01  -1.22449984529591e+00
2.00000000000000e-01  -1.22449878828638e+00
2.50000000000000e-01  -1.22449768848313e+00
3.00000000000000e-01  -1.22449652775868e+00
3.50000000000000e-01  -1.22449528948072e+00
4.00000000000000e-01  -1.22449395815888e+00
4.50000000000000e-01  -1.22449251927136e+00
5.00000000000000e-01  -1.22449095905612e+00
5.50000000000000e-01  -1.22448926463852e+00
6.00000000000000e-01  -1.22448742420519e+00
6.50000000000000e-01  -1.22448542516186e+00
7.00000000000000e-01  -1.22448325508700e+00
7.50000000000000e-01  -1.22448090117819e+00
8.00000000000000e-01  -1.22447835090070e+00
8.50000000000000e-01  -1.22447559051315e+00
9.00000000000000e-01  -1.22447260515400e+00
9.50000000000000e-01  -1.22446937888870e+00
1.00000000000000e+00  -1.22446589448389e+00
1.05000000000000e+00  -1.22446213322353e+00
1.10000000000000e+00  -1.22445807459736e+00
1.15000000000000e+00  -1.22445369596225e+00
1.20000000000000e+00  -1.22444897213380e+00
1.25000000000000e+00  -1.22444387624419e+00
1.30000000000000e+00  -1.22443837556741e+00
1.35000000000000e+00  -1.22443244038928e+00
1.40000000000000e+00  -1.22442603295729e+00
1.45000000000000e+00  -1.22441911310290e+00
1.50000000000000e+00  -1.22441163761146e+00
1.55000000000000e+00  -1.22440355959214e+00
1.60000000000000e+00  -1.22439482801878e+00
1.65000000000000e+00  -1.22438538729871e+00
1.70000000000000e+00  -1.22437517719186e+00
1.75000000000000e+00  -1.22436413247744e+00
1.80000000000000e+00  -1.22435218337601e+00
1.85000000000000e+00  -1.22433925609264e+00
1.90000000000000e+00  -1.22432526959750e+00
1.95000000000000e+00  -1.22431013774590e+00
2.00000000000000e+00  -1.22429376827407e+00
2.05000000000000e+00  -1.22427606411723e+00
2.10000000000000e+00  -1.22425692101865e+00
2.15000000000000e+00  -1.22423622787918e+00
2.20000000000000e+00  -1.22421386702310e+00
2.25000000000000e+00  -1.22418971391797e+00
2.30000000000000e+00  -1.22416363705246e+00
2.35000000000000e+00  -1.22413549752986e+00
2.40000000000000e+00  -1.22410514862548e+00
2.45000000000000e+00  -1.22407243535759e+00
2.50000000000000e+00  -1.22403700365176e+00
2.55000000000000e+00  -1.22399836546423e+00
2.60000000000000e+00  -1.22395672069467e+00
2.65000000000000e+00  -1.22391178137290e+00
2.70000000000000e+00  -1.22386324979588e+00
2.75000000000000e+00  -1.22381081526852e+00
2.80000000000000e+00  -1.22375415084441e+00
2.85000000000000e+00  -1.22369290992237e+00
2.90000000000000e+00  -1.22362672284273e+00
2.95000000000000e+00  -1.22355519344148e+00
3.00000000000000e+00  -1.22347789568370e+00
3.05000000000000e+00  -1.22339437014414e+00
3.10000000000000e+00  -1.22330412045958e+00
3.15000000000000e+00  -1.22320661047869e+00
3.20000000000000e+00  -1.22310126029806e+00
3.25000000000000e+00  -1.22298744316390e+00
3.30000000000000e+00  -1.22286448171274e+00
3.35000000000000e+00  -1.22273164492837e+00
3.40000000000000e+00  -1.22258814461736e+00
3.45000000000000e+00  -1.22243313191036e+00
3.50000000000000e+00  -1.22226569390796e+00
3.55000000000000e+00  -1.22208485024125e+00
3.60000000000000e+00  -1.22188954967751e+00
3.65000000000000e+00  -1.22167866670768e+00
3.70000000000000e+00  -1.22145099820319e+00
3.75000000000000e+00  -1.22120542074596e+00
3.80000000000000e+00  -1.22093972636684e+00
3.85000000000000e+00  -1.22065313159221e+00
3.90000000000000e+00  -1.22034388502044e+00
3.95000000000000e+00  -1.22001014228342e+00
4.00000000000000e+00  -1.21964995059906e+00
4.05000000000000e+00  -1.21926123332379e+00
4.10000000000000e+00  -1.21884177436954e+00
4.15000000000000e+00  -1.21838920263580e+00
4.20000000000000e+00  -1.21790097624770e+00
4.25000000000000e+00  -1.21737436701502e+00
4.30000000000000e+00  -1.21680644442639e+00
4.35000000000000e+00  -1.21619405956381e+00
4.40000000000000e+00  -1.21553383091572e+00
4.45000000000000e+00  -1.21482212754973e+00
4.50000000000000e+00  -1.21405505418002e+00
4.55000000000000e+00  -1.21322843374211e+00
4.60000000000000e+00  -1.21233779385437e+00
4.65000000000000e+00  -1.21137835059139e+00
4.70000000000000e+00  -1.21034499235654e+00
4.75000000000000e+00  -1.20923226434640e+00
4.80000000000000e+00  -1.20803435276528e+00
4.85000000000000e+00  -1.20674506929088e+00
4.90000000000000e+00  -1.20535783554189e+00
4.95000000000000e+00  -1.20386566771109e+00
5.00000000000000e+00  -1.20225933752892e+00
5.05000000000000e+00  -1.20053755926086e+00
5.10000000000000e+00  -1.19868449967634e+00
5.15000000000000e+00  -1.19669222146726e+00
5.20000000000000e+00  -1.19455193614282e+00
5.25000000000000e+00  -1.19225403498531e+00
5.30000000000000e+00  -1.18978812000592e+00
5.35000000000000e+00  -1.18714303474738e+00
5.40000000000000e+00  -1.18430689504776e+00
5.45000000000000e+00  -1.18126711971530e+00
5.50000000000000e+00  -1.17801046125919e+00
5.55000000000000e+00  -1.17452303639635e+00
5.60000000000000e+00  -1.17079035652123e+00
5.65000000000000e+00  -1.16679735950386e+00
5.70000000000000e+00  -1.16252843950703e+00
5.75000000000000e+00  -1.15796747829086e+00
5.80000000000000e+00  -1.15309787460839e+00
5.85000000000000e+00  -1.14790257649028e+00
5.90000000000000e+00  -1.14236411158132e+00
5.95000000000000e+00  -1.13646461753644e+00
6.00000000000000e+00  -1.13018587278789e+00
6.05000000000000e+00  -1.12350932719589e+00
6.10000000000000e+00  -1.11641613286380e+00
6.15000000000000e+00  -1.10888717498215e+00
6.20000000000000e+00  -1.10090310278887e+00
6.25000000000000e+00  -1.09245030209694e+00
6.30000000000000e+00  -1.08350883315311e+00
6.35000000000000e+00  -1.07406341938977e+00
6.40000000000000e+00  -1.06409976057065e+00
6.45000000000000e+00  -1.05360489892386e+00
6.50000000000000e+00  -1.04256779384608e+00
6.55000000000000e+00  -1.03097989660663e+00
6.60000000000000e+00  -1.01883572490531e+00
6.65000000000000e+00  -1.00613343739408e+00
6.70000000000000e+00  -9.92875408210232e-01
6.75000000000000e+00  -9.79068801521675e-01
6.80000000000000e+00  -9.64726146058772e-01
6.85000000000000e+00  -9.49865909639809e-01
6.90000000000000e+00  -9.34514128224797e-01
6.95000000000000e+00  -9.18704470711432e-01
7.00000000000000e+00  -9.02479828856444e-01
7.05000000000000e+00  -8.85892007944406e-01
7.10000000000000e+00  -8.69003839239788e-01
7.15000000000000e+00  -8.51889976700147e-01
7.20000000000000e+00  -8.34637693688077e-01
7.25000000000000e+00  -8.17347679675827e-01
7.30000000000000e+00  -8.00134836983251e-01
7.35000000000000e+00  -7.83129077515434e-01
7.40000000000000e+00  -7.66476119566195e-01
7.45000000000000e+00  -7.50338284659602e-01
7.50000000000000e+00  -7.34898138354940e-01
7.55000000000000e+00  -7.20336252139615e-01
7.60000000000000e+00  -7.06880596650769e-01
7.65000000000000e+00  -6.94750206836814e-01
7.70000000000000e+00  -6.84183492167885e-01
7.75000000000000e+00  -6.75433982660146e-01
7.80000000000000e+00  -6.68766074900115e-01
7.85000000000000e+00  -6.64450778029984e-01
7.90000000000000e+00  -6.62761459639484e-01
7.95000000000000e+00  -6.63969591677859e-01
8.00000000000000e+00  -6.68340496266497e-01
8.05000000000000e+00  -6.76129091598183e-01
8.10000000000000e+00  -6.87575637851850e-01
8.15000000000000e+00  -7.02886346888568e-01
8.20000000000000e+00  -7.22235929100190e-01
8.25000000000000e+00  -7.45756483608277e-01
8.30000000000000e+00  -7.73526986540516e-01
8.35000000000000e+00  -8.05564674041068e-01
8.40000000000000e+00  -8.41815955907522e-01
8.45000000000000e+00  -8.82147514756373e-01
8.50000000000000e+00  -9.26338617331551e-01
8.55000000000000e+00  -9.74075031784320e-01
8.60000000000000e+00  -1.02494399976361e+00
8.65000000000000e+00  -1.07843184870011e+00
8.70000000000000e+00  -1.13392597207714e+00
8.75000000000000e+00  -1.19071592072582e+00
8.80000000000000e+00  -1.24800900787956e+00
8.85000000000000e+00  -1.30493032656154e+00
8.90000000000000e+00  -1.36054894901240e+00
8.95000000000000e+00  -1.41389455298520e+00
9.00000000000000e+00  -1.46398447006576e+00
9.05000000000000e+00  -1.50985073399294e+00
9.10000000000000e+00  -1.55057142947649e+00
9.15000000000000e+00  -1.58530521269119e+00
9.20000000000000e+00  -1.61332140760181e+00
9.25000000000000e+00  -1.63403588352375e+00
9.30000000000000e+00  -1.64703627733991e+00
9.35000000000000e+00  -1.65210556262964e+00
9.40000000000000e+00  -1.64923982994188e+00
9.45000000000000e+00  -1.63865332267842e+00
9.50000000000000e+00  -1.62077204335359e+00
9.55000000000000e+00  -1.59622420596484e+00
9.60000000000000e+00  -1.56580857726624e+00
9.65000000000000e+00  -1.53045434839707e+00
9.70000000000000e+00  -1.49117772933814e+00
9.75000000000000e+00  -1.44901665838622e+00
9.80000000000000e+00  -1.40497016904612e+00
9.85000000000000e+00  -1.35992716311587e+00
9.90000000000000e+00  -1.31459466034803e+00
9.95000000000000e+00  -1.26942089570452e+00
1.00000000000000e+01  -1.22451533688609e+00
1.00500000000000e+01  -1.17961277196730e+00
1.01000000000000e+01  -1.13443875440474e+00
1.01500000000000e+01  -1.08910583543351e+00
1.02000000000000e+01  -1.04406225495549e+00
1.02500000000000e+01  -1.00001504103716e+00
1.03000000000000e+01  -9.57853109407334e-01
1.03500000000000e+01  -9.18575513452358e-01
1.04000000000000e+01  -8.83220216574483e-01
1.04500000000000e+01  -8.52803458163717e-01
1.05000000000000e+01  -8.28254461368377e-01
1.05500000000000e+01  -8.10372025841116e-01
1.06000000000000e+01  -7.99784397652164e-01
1.06500000000000e+01  -7.96917609072756e-01
1.07000000000000e+01  -8.01985929318023e-01
1.07500000000000e+01  -8.14985470528130e-01
1.08000000000000e+01  -8.35699222996732e-01
1.08500000000000e+01  -8.63714834595522e-01
1.09000000000000e+01  -8.98448180306011e-01
1.09500000000000e+01  -9.39168584923756e-01
1.10000000000000e+01  -9.85034701344844e-01
1.10500000000000e+01  -1.03512460715567e+00
1.11000000000000e+01  -1.08847032566285e+00
1.11500000000000e+01  -1.14408917552367e+00
1.12000000000000e+01  -1.20101081993570e+00
1.12500000000000e+01  -1.25830342709013e+00
1.13000000000000e+01  -1.31509473989009e+00
1.13500000000000e+01  -1.37058938994730e+00
1.14000000000000e+01  -1.42407780110328e+00
1.14500000000000e+01  -1.47494735214765e+00
1.15000000000000e+01  -1.52268435714863e+00
1.15500000000000e+01  -1.56687604578343e+00
1.16000000000000e+01  -1.60720817564828e+00
1.16500000000000e+01  -1.64346000439465e+00
1.17000000000000e+01  -1.67549820703281e+00
1.17500000000000e+01  -1.70326918733380e+00
1.18000000000000e+01  -1.72679017702051e+00
1.18500000000000e+01  -1.74614014941542e+00
1.19000000000000e+01  -1.76145120168694e+00
1.19500000000000e+01  -1.77289804364319e+00
1.20000000000000e+01  -1.78068688722447e+00
1.20500000000000e+01  -1.78505799423619e+00
1.21000000000000e+01  -1.78626628498482e+00
1.21500000000000e+01  -1.78457708411546e+00
1.22000000000000e+01  -1.78026186645850e+00
1.22500000000000e+01  -1.77359400293349e+00
1.23000000000000e+01  -1.76484450635892e+00
1.23500000000000e+01  -1.75427777726269e+00
1.24000000000000e+01  -1.74214734959816e+00
1.24500000000000e+01  -1.72869163632563e+00
1.25000000000000e+01  -1.71413251992923e+00
1.25500000000000e+01  -1.69868944135272e+00
1.26000000000000e+01  -1.68255150980844e+00
1.26500000000000e+01  -1.66589844834165e+00
1.27000000000000e+01  -1.64889258079768e+00
1.27500000000000e+01  -1.63167962815226e+00
1.28000000000000e+01  -1.61438950484176e+00
1.28500000000000e+01  -1.59713711525974e+00
1.29000000000000e+01  -1.58002315037467e+00
1.29500000000000e+01  -1.56313488458732e+00
1.30000000000000e+01  -1.54654697255786e+00
1.30500000000000e+01  -1.53032224644371e+00
1.31000000000000e+01  -1.51451251319973e+00
1.31500000000000e+01  -1.49916066430973e+00
1.32000000000000e+01  -1.48430036882210e+00
1.32500000000000e+01  -1.46995766253795e+00
1.33000000000000e+01  -1.45615101380792e+00
1.33500000000000e+01  -1.44289295116338e+00
1.34000000000000e+01  -1.43019063827256e+00
1.34500000000000e+01  -1.41804644883245e+00
1.35000000000000e+01  -1.40645854103709e+00
1.35500000000000e+01  -1.39542143220714e+00
1.36000000000000e+01  -1.38492657320187e+00
1.36500000000000e+01  -1.37496292286576e+00
1.37000000000000e+01  -1.36551752261679e+00
1.37500000000000e+01  -1.35658201227698e+00
1.38000000000000e+01  -1.34812329249847e+00
1.38500000000000e+01  -1.34013924566933e+00
1.39000000000000e+01  -1.33261031590247e+00
1.39500000000000e+01  -1.32551715192990e+00
1.40000000000000e+01  -1.31884063828796e+00
1.40500000000000e+01  -1.31256192650254e+00
1.41000000000000e+01  -1.30666246596706e+00
1.41500000000000e+01  -1.30112403471100e+00
1.42000000000000e+01  -1.29592877003947e+00
1.42500000000000e+01  -1.29105919920399e+00
1.43000000000000e+01  -1.28649826982871e+00
1.43500000000000e+01  -1.28222938029267e+00
1.44000000000000e+01  -1.27823641208675e+00
1.44500000000000e+01  -1.27450375898510e+00
1.45000000000000e+01  -1.27101635937586e+00
1.45500000000000e+01  -1.26775972354327e+00
1.46000000000000e+01  -1.26471996789404e+00
1.46500000000000e+01  -1.26188384503092e+00
1.47000000000000e+01  -1.25923877389277e+00
1.47500000000000e+01  -1.25677287029424e+00
1.48000000000000e+01  -1.25447497751286e+00
1.48500000000000e+01  -1.25233469710438e+00
1.49000000000000e+01  -1.25034241998388e+00
1.49500000000000e+01  -1.24848935806830e+00
1.50000000000000e+01  -1.24676575047326e+00
1.50500000000000e+01  -1.24516123757363e+00
1.51000000000000e+01  -1.24366905770766e+00
1.51500000000000e+01  -1.24228180854455e+00
1.52000000000000e+01  -1.24099250690665e+00
1.52500000000000e+01  -1.23979457416884e+00
1.53000000000000e+01  -1.23868182165798e+00
1.53500000000000e+01  -1.23764843545587e+00
1.54000000000000e+01  -1.23668896094725e+00
1.54500000000000e+01  -1.23579828693669e+00
1.55000000000000e+01  -1.23497162991058e+00
1.55500000000000e+01  -1.23420451744231e+00
1.56000000000000e+01  -1.23349277145668e+00
1.56500000000000e+01  -1.23283249755148e+00
1.57000000000000e+01  -1.23222006482394e+00
1.57500000000000e+01  -1.23165209269940e+00
1.58000000000000e+01  -1.23112543126372e+00
1.58500000000000e+01  -1.23063715006511e+00
1.59000000000000e+01  -1.23018452142950e+00
1.59500000000000e+01  -1.22976500392451e+00
1.60000000000000e+01  -1.22937622670621e+00
1.60500000000000e+01  -1.22901597363404e+00
1.61000000000000e+01  -1.22868216778705e+00
1.61500000000000e+01  -1.22837285614431e+00
1.62000000000000e+01  -1.22808619488817e+00
1.62500000000000e+01  -1.22782059342558e+00
1.63000000000000e+01  -1.22757478897332e+00
1.63500000000000e+01  -1.22734705116459e+00
1.64000000000000e+01  -1.22713609829936e+00
1.64500000000000e+01  -1.22694072793265e+00
1.65000000000000e+01  -1.22675981433055e+00
1.65500000000000e+01  -1.22659230592626e+00
1.66000000000000e+01  -1.22643722223451e+00
1.66500000000000e+01  -1.22629365062457e+00
1.67000000000000e+01  -1.22616074270459e+00
1.67500000000000e+01  -1.22603771092979e+00
1.68000000000000e+01  -1.22592382435647e+00
1.68500000000000e+01  -1.22581840425430e+00
1.69000000000000e+01  -1.22572082497823e+00
1.69500000000000e+01  -1.22563050676822e+00
1.70000000000000e+01  -1.22554691427653e+00
1.70500000000000e+01  -1.22546955007063e+00
1.71000000000000e+01  -1.22539795477059e+00
1.71500000000000e+01  -1.22533170286570e+00
1.72000000000000e+01  -1.22527039862653e+00
1.72500000000000e+01  -1.22521367261465e+00
1.73000000000000e+01  -1.22516117810817e+00
1.73500000000000e+01  -1.22511258784888e+00
1.74000000000000e+01  -1.22506759097651e+00
1.74500000000000e+01  -1.22502589028638e+00
1.75000000000000e+01  -1.22498700791701e+00
1.75500000000000e+01  -1.22495171535182e+00
1.76000000000000e+01  -1.22491895169235e+00
1.76500000000000e+01  -1.22488855450598e+00
1.77000000000000e+01  -1.22486036915002e+00
1.77500000000000e+01  -1.22483424872907e+00
1.78000000000000e+01  -1.22481005405240e+00
1.78500000000000e+01  -1.22478765346836e+00
1.79000000000000e+01  -1.22476692256988e+00
1.79500000000000e+01  -1.22474774398496e+00
1.80000000000000e+01  -1.22473000696701e+00
1.80500000000000e+01  -1.22471360724018e+00
1.81000000000000e+01  -1.22469844688723e+00
1.81500000000000e+01  -1.22468443427131e+00
1.82000000000000e+01  -1.22467148335022e+00
1.82500000000000e+01  -1.22465951311101e+00
1.83000000000000e+01  -1.22464844951249e+00
1.83500000000000e+01  -1.22463822286877e+00
1.84000000000000e+01  -1.22462876808875e+00
1.84500000000000e+01  -1.22462002487225e+00
1.85000000000000e+01  -1.22461193761178e+00
1.85500000000000e+01  -1.22460445525112e+00
1.86000000000000e+01  -1.22459753095752e+00
1.86500000000000e+01  -1.22459112161582e+00
1.87000000000000e+01  -1.22458518712313e+00
1.87500000000000e+01  -1.22457969074261e+00
1.88000000000000e+01  -1.22457459890797e+00
1.88500000000000e+01  -1.22456988289891e+00
1.89000000000000e+01  -1.22456551433773e+00
1.89500000000000e+01  -1.22456146798504e+00
1.90000000000000e+01  -1.22455772121472e+00
1.90500000000000e+01  -1.22455425348886e+00
1.91000000000000e+01  -1.22455104595836e+00
1.91500000000000e+01  -1.22454808126011e+00
1.92000000000000e+01  -1.22454534327942e+00
1.92500000000000e+01  -1.22454281717409e+00
1.93000000000000e+01  -1.22454048919956e+00
1.93500000000000e+01  -1.22453834649535e+00
1.94000000000000e+01  -1.22453637610968e+00
1.94500000000000e+01  -1.22453456567178e+00
1.95000000000000e+01  -1.22453290309491e+00
1.95500000000000e+01  -1.22453137549900e+00
1.96000000000000e+01  -1.22452996994890e+00
1.96500000000000e+01  -1.22452867298152e+00
1.97000000000000e+01  -1.22452747018160e+00
1.97500000000000e+01  -1.22452634603463e+00
1.98000000000000e+01  -1.22452528363879e+00
1.98500000000000e+01  -1.22452426453860e+00
1.99000000000000e+01  -1.22452326855049e+00
1.99500000000000e+01  -1.22452227366755e+00
2.00000000000000e+01  -1.22452125596418e+00
