0.00000000000000e+00  -2.16665913110231e-04
2.50000000000000e-02  -2.35148827834735e-04
5.00000000000000e-02  -2.54150355104599e-04
7.50000000000000e-02  -2.73931856289875e-04
1.00000000000000e-01  -2.94737530949323e-04
1.25000000000000e-01  -3.16796856179099e-04
1.50000000000000e-01  -3.40327025961455e-04
1.75000000000000e-01  -3.65535390513426e-04
2.00000000000000e-01  -3.92621895635537e-04
2.25000000000000e-01  -4.21781522060488e-04
2.50000000000000e-01  -4.53206724801856e-04
2.75000000000000e-01  -4.87089872502787e-04
3.00000000000000e-01  -5.23625686784695e-04
3.25000000000000e-01  -5.63013681595955e-04
3.50000000000000e-01  -6.05460602560596e-04
3.75000000000000e-01  -6.51182866327008e-04
4.00000000000000e-01  -7.00408999916620e-04
4.25000000000000e-01  -7.53382080072609e-04
4.50000000000000e-01  -8.10362172608594e-04
4.75000000000000e-01  -8.71628771757323e-04
5.00000000000000e-01  -9.37483239519383e-04
5.25000000000000e-01  -1.00825124501188e-03
5.50000000000000e-01  -1.08428520381714e-03
5.75000000000000e-01  -1.16596671733141e-03
6.00000000000000e-01  -1.25370901211356e-03
6.25000000000000e-01  -1.34795937923375e-03
6.50000000000000e-01  -1.44920161362215e-03
6.75000000000000e-01  -1.55795845341764e-03
7.00000000000000e-01  -1.67479401931648e-03
7.25000000000000e-01  -1.80031625392103e-03
7.50000000000000e-01  -1.93517936108844e-03
7.75000000000000e-01  -2.08008624527933e-03
8.00000000000000e-01  -2.23579095090649e-03
8.25000000000000e-01  -2.40310110168362e-03
8.50000000000000e-01  -2.58288033997394e-03
8.75000000000000e-01  -2.77605076613899e-03
9.00000000000000e-01  -2.98359537788720e-03
9.25000000000000e-01  -3.20656050962272e-03
9.50000000000000e-01  -3.44605827179401e-03
9.75000000000000e-01  -3.70326899024259e-03
1.00000000000000e+00  -3.97944364555174e-03
1.02500000000000e+00  -4.27590631239514e-03
1.05000000000000e+00  -4.59405659888561e-03
1.07500000000000e+00  -4.93537208592385e-03
1.10000000000000e+00  -5.30141076654700e-03
1.12500000000000e+00  -5.69381348527749e-03
1.15000000000000e+00  -6.11430637747165e-03
1.17500000000000e+00  -6.56470330866837e-03
1.20000000000000e+00  -7.04690831393793e-03
1.22500000000000e+00  -7.56291803723054e-03
1.25000000000000e+00  -8.11706528514016e-03
1.27500000000000e+00  -8.71013009624748e-03
1.30000000000000e+00  -9.34507686403980e-03
1.32500000000000e+00  -1.00245653819228e-02
1.35000000000000e+00  -1.07514328355917e-02
1.37500000000000e+00  -1.15286958887557e-02
1.40000000000000e+00  -1.23595527688628e-02
1.42500000000000e+00  -1.32473853528243e-02
1.45000000000000e+00  -1.41957612527395e-02
1.47500000000000e+00  -1.52084359016200e-02
1.50000000000000e+00  -1.62893546391146e-02
1.52500000000000e+00  -1.74426547972339e-02
1.55000000000000e+00  -1.86726677860746e-02
1.57500000000000e+00  -1.99839211795446e-02
1.60000000000000e+00  -2.13811408010869e-02
1.62500000000000e+00  -2.28692528094050e-02
1.65000000000000e+00  -2.44533857841868e-02
1.67500000000000e+00  -2.61388728118296e-02
1.70000000000000e+00  -2.79312535711647e-02
1.72500000000000e+00  -2.98362764191817e-02
1.75000000000000e+00  -3.18599004767535e-02
1.77500000000000e+00  -3.40082977143605e-02
1.80000000000000e+00  -3.62878550378155e-02
1.82500000000000e+00  -3.87051763739882e-02
1.85000000000000e+00  -4.12670847565298e-02
1.87500000000000e+00  -4.39814734440522e-02
1.90000000000000e+00  -4.68517019836822e-02
1.92500000000000e+00  -4.98884971151615e-02
1.95000000000000e+00  -5.30986644435023e-02
1.97500000000000e+00  -5.64892717775898e-02
2.00000000000000e+00  -6.00675885742563e-02
2.02500000000000e+00  -6.38410253823534e-02
2.05000000000000e+00  -6.78170732868259e-02
2.07500000000000e+00  -7.20032433527835e-02
2.10000000000000e+00  -7.64070060695754e-02
2.12500000000000e+00  -8.10357307948620e-02
2.15000000000000e+00  -8.58966251986884e-02
2.17500000000000e+00  -9.09966747075577e-02
2.20000000000000e+00  -9.63425819485035e-02
2.22500000000000e+00  -1.01940706193163e-01
2.25000000000000e+00  -1.07797002801850e-01
2.27500000000000e+00  -1.13916962667629e-01
2.30000000000000e+00  -1.20305551660387e-01
2.32500000000000e+00  -1.26967150070904e-01
2.35000000000000e+00  -1.33905492054933e-01
2.37500000000000e+00  -1.41123605077267e-01
2.40000000000000e+00  -1.48623749355812e-01
2.42500000000000e+00  -1.56407357305664e-01
2.45000000000000e+00  -1.64474972983179e-01
2.47500000000000e+00  -1.72826191530046e-01
2.50000000000000e+00  -1.81448847232899e-01
2.52500000000000e+00  -1.90364046330426e-01
2.55000000000000e+00  -1.99548936817014e-01
2.57500000000000e+00  -2.08999806718578e-01
2.60000000000000e+00  -2.18710915456223e-01
2.62500000000000e+00  -2.28674551988961e-01
2.65000000000000e+00  -2.38881092956438e-01
2.67500000000000e+00  -2.49319060821650e-01
2.70000000000000e+00  -2.59975182013668e-01
2.72500000000000e+00  -2.70834445070359e-01
2.75000000000000e+00  -2.81880158781107e-01
2.77500000000000e+00  -2.93094010329533e-01
2.80000000000000e+00  -3.04456123436219e-01
2.82500000000000e+00  -3.15945116501429e-01
2.85000000000000e+00  -3.27538160747828e-01
2.87500000000000e+00  -3.39211038363208e-01
2.90000000000000e+00  -3.50938200643203e-01
2.92500000000000e+00  -3.62692826134017e-01
2.95000000000000e+00  -3.74446878775143e-01
2.97500000000000e+00  -3.86171166042082e-01
3.00000000000000e+00  -3.97835397089068e-01
3.02500000000000e+00  -4.09408240891789e-01
3.05000000000000e+00  -4.20857384390105e-01
3.07500000000000e+00  -4.32149590630775e-01
3.10000000000000e+00  -4.43250756910172e-01
3.12500000000000e+00  -4.54137054160330e-01
3.15000000000000e+00  -4.64756009332767e-01
3.17500000000000e+00  -4.75092452373696e-01
3.20000000000000e+00  -4.85111973491373e-01
3.22500000000000e+00  -4.94781523808726e-01
3.25000000000000e+00  -5.04069509795710e-01
3.27500000000000e+00  -5.12945887701667e-01
3.30000000000000e+00  -5.21382257987685e-01
3.32500000000000e+00  -5.29351959758953e-01
3.35000000000000e+00  -5.36830165197126e-01
3.37500000000000e+00  -5.43793973992674e-01
3.40000000000000e+00  -5.50222507777248e-01
3.42500000000000e+00  -5.56097004556035e-01
3.45000000000000e+00  -5.61400913140116e-01
3.47500000000000e+00  -5.66119987578825e-01
3.50000000000000e+00  -5.70242381592109e-01
3.52500000000000e+00  -5.73758743002883e-01
3.55000000000000e+00  -5.76662308169389e-01
3.57500000000000e+00  -5.78948996417557e-01
3.60000000000000e+00  -5.80617504473359e-01
3.62500000000000e+00  -5.81669400895172e-01
3.65000000000000e+00  -5.82109220506132e-01
3.67500000000000e+00  -5.81944558826495e-01
3.70000000000000e+00  -5.81186166505994e-01
3.72500000000000e+00  -5.79848043756198e-01
3.75000000000000e+00  -5.77929832502141e-01
3.77500000000000e+00  -5.75480066731619e-01
3.80000000000000e+00  -5.72491087356550e-01
3.82500000000000e+00  -5.68987196251294e-01
3.85000000000000e+00  -5.64993539249067e-01
3.87500000000000e+00  -5.60536085360162e-01
3.90000000000000e+00  -5.55641605990168e-01
3.92500000000000e+00  -5.50337654158195e-01
3.95000000000000e+00  -5.44652543715094e-01
3.97500000000000e+00  -5.38615328561678e-01
4.00000000000000e+00  -5.32255781866947e-01
4.02500000000000e+00  -5.25604375286305e-01
4.05000000000000e+00  -5.18692258179787e-01
4.07500000000000e+00  -5.11550534125369e-01
4.10000000000000e+00  -5.04210698730088e-01
4.12500000000000e+00  -4.96704352819253e-01
4.15000000000000e+00  -4.89062802723087e-01
4.17500000000000e+00  -4.81317092303515e-01
4.20000000000000e+00  -4.73497775275143e-01
4.22500000000000e+00  -4.65634687526231e-01
4.25000000000000e+00  -4.57756719439668e-01
4.27500000000000e+00  -4.49891588213951e-01
4.30000000000000e+00  -4.42065610184159e-01
4.32500000000000e+00  -4.34303473142929e-01
4.35000000000000e+00  -4.26628008661431e-01
4.37500000000000e+00  -4.19073524871212e-01
4.40000000000000e+00  -4.11644877777780e-01
4.42500000000000e+00  -4.04378243716574e-01
4.45000000000000e+00  -3.97291961621959e-01
4.47500000000000e+00  -3.90403762094485e-01
4.50000000000000e+00  -3.83730694987974e-01
4.52500000000000e+00  -3.77289056996613e-01
4.55000000000000e+00  -3.71094319242053e-01
4.57500000000000e+00  -3.65161054860494e-01
4.60000000000000e+00  -3.59502866589784e-01
4.62500000000000e+00  -3.54132314356511e-01
4.65000000000000e+00  -3.49060842863096e-01
4.67500000000000e+00  -3.44298709174884e-01
4.70000000000000e+00  -3.39855442697166e-01
4.72500000000000e+00  -3.35739437053146e-01
4.75000000000000e+00  -3.31958085306345e-01
4.77500000000000e+00  -3.28518014481689e-01
4.80000000000000e+00  -3.25424975635173e-01
4.82500000000000e+00  -3.22683950955544e-01
4.85000000000000e+00  -3.20299260865995e-01
4.87500000000000e+00  -3.18274671125843e-01
4.90000000000000e+00  -3.16613499932224e-01
4.92500000000000e+00  -3.15318725021774e-01
4.95000000000000e+00  -3.14393090772317e-01
4.97500000000000e+00  -3.13839215304554e-01
5.00000000000000e+00  -3.13659697583747e-01
5.02500000000000e+00  -3.13839215304554e-01
5.05000000000000e+00  -3.14393090772318e-01
5.07500000000000e+00  -3.15318725021775e-01
5.10000000000000e+00  -3.16613499932226e-01
5.12500000000000e+00  -3.18274671125845e-01
5.15000000000000e+00  -3.20299260865998e-01
5.17500000000000e+00  -3.22683950955548e-01
5.20000000000000e+00  -3.25424975635176e-01
5.22500000000000e+00  -3.28518014481694e-01
5.25000000000000e+00  -3.31958085306350e-01
5.27500000000000e+00  -3.35739437053151e-01
5.30000000000000e+00  -3.39855442697172e-01
5.32500000000000e+00  -3.44298709174891e-01
5.35000000000000e+00  -3.49060842863103e-01
5.37500000000000e+00  -3.54132314356519e-01
5.40000000000000e+00  -3.59502866589793e-01
5.42500000000000e+00  -3.65161054860503e-01
5.45000000000000e+00  -3.71094319242063e-01
5.47500000000000e+00  -3.77289056996624e-01
5.50000000000000e+00  -3.83730694987985e-01
5.52500000000000e+00  -3.90403762094497e-01
5.55000000000000e+00  -3.97291961621971e-01
5.57500000000000e+00  -4.04378243716586e-01
5.60000000000000e+00  -4.11644877777794e-01
5.62500000000000e+00  -4.19059964410362e-01
5.65000000000000e+00  -4.26628008661447e-01
5.67500000000000e+00  -4.34303473142945e-01
5.70000000000000e+00  -4.42065610184176e-01
5.72500000000000e+00  -4.49891588213968e-01
5.75000000000000e+00  -4.57756719439686e-01
5.77500000000000e+00  -4.65634687526249e-01
5.80000000000000e+00  -4.73497775275163e-01
5.82500000000000e+00  -4.81317092303535e-01
5.85000000000000e+00  -4.89062802723107e-01
5.87500000000000e+00  -4.96704352819274e-01
5.90000000000000e+00  -5.04210698730110e-01
5.92500000000000e+00  -5.11550534125391e-01
5.95000000000000e+00  -5.18692258179809e-01
5.97500000000000e+00  -5.25604375286328e-01
6.00000000000000e+00  -5.32255781866971e-01
6.02500000000000e+00  -5.38615328561702e-01
6.05000000000000e+00  -5.44652543715119e-01
6.07500000000000e+00  -5.50337654158221e-01
6.10000000000000e+00  -5.55641605990194e-01
6.12500000000000e+00  -5.60536085360189e-01
6.15000000000000e+00  -5.64993539249094e-01
6.17500000000000e+00  -5.68987196251321e-01
6.20000000000000e+00  -5.72491087356577e-01
6.22500000000000e+00  -5.75480066731647e-01
6.25000000000000e+00  -5.77947534782899e-01
6.27500000000000e+00  -5.79848043756227e-01
6.30000000000000e+00  -5.81186166506023e-01
6.32500000000000e+00  -5.81944558826524e-01
6.35000000000000e+00  -5.82109220506161e-01
6.37500000000000e+00  -5.81669400895201e-01
6.40000000000000e+00  -5.80617504473388e-01
6.42500000000000e+00  -5.78948996417586e-01
6.45000000000000e+00  -5.76662308169419e-01
6.47500000000000e+00  -5.73758743002913e-01
6.50000000000000e+00  -5.70242381592139e-01
6.52500000000000e+00  -5.66119987578854e-01
6.55000000000000e+00  -5.61400913140144e-01
6.57500000000000e+00  -5.56097004556063e-01
6.60000000000000e+00  -5.50222507777276e-01
6.62500000000000e+00  -5.43793973992701e-01
6.65000000000000e+00  -5.36830165197153e-01
6.67500000000000e+00  -5.29351959758981e-01
6.70000000000000e+00  -5.21382257987712e-01
6.72500000000000e+00  -5.12945887701694e-01
6.75000000000000e+00  -5.04069509795736e-01
6.77500000000000e+00  -4.94781523808752e-01
6.80000000000000e+00  -4.85111973491398e-01
6.82500000000000e+00  -4.75092452373720e-01
6.85000000000000e+00  -4.64756009332791e-01
6.87500000000000e+00  -4.54125972917037e-01
6.90000000000000e+00  -4.43250756910196e-01
6.92500000000000e+00  -4.32149590630797e-01
6.95000000000000e+00  -4.20857384390128e-01
6.97500000000000e+00  -4.09408240891810e-01
7.00000000000000e+00  -3.97835397089090e-01
7.02500000000000e+00  -3.86171166042102e-01
7.05000000000000e+00  -3.74446878775163e-01
7.07500000000000e+00  -3.62692826134037e-01
7.10000000000000e+00  -3.50938200643222e-01
7.12500000000000e+00  -3.39211038363226e-01
7.15000000000000e+00  -3.27538160747846e-01
7.17500000000000e+00  -3.15945116501446e-01
7.20000000000000e+00  -3.04456123436236e-01
7.22500000000000e+00  -2.93094010329549e-01
7.25000000000000e+00  -2.81880158781122e-01
7.27500000000000e+00  -2.70834445070374e-01
7.30000000000000e+00  -2.59975182013682e-01
7.32500000000000e+00  -2.49319060821664e-01
7.35000000000000e+00  -2.38881092956451e-01
7.37500000000000e+00  -2.28674551988974e-01
7.40000000000000e+00  -2.18710915456235e-01
7.42500000000000e+00  -2.08999806718590e-01
7.45000000000000e+00  -1.99548936817025e-01
7.47500000000000e+00  -1.90364046330437e-01
7.50000000000000e+00  -1.81459598617374e-01
7.52500000000000e+00  -1.72826191530056e-01
7.55000000000000e+00  -1.64474972983187e-01
7.57500000000000e+00  -1.56407357305672e-01
7.60000000000000e+00  -1.48623749355820e-01
7.62500000000000e+00  -1.41123605077275e-01
7.65000000000000e+00  -1.33905492054941e-01
7.67500000000000e+00  -1.26967150070912e-01
7.70000000000000e+00  -1.20305551660394e-01
7.72500000000000e+00  -1.13916962667636e-01
7.75000000000000e+00  -1.07797002801857e-01
7.77500000000000e+00  -1.01940706193169e-01
7.80000000000000e+00  -9.63425819485088e-02
7.82500000000000e+00  -9.09966747075629e-02
7.85000000000000e+00  -8.58966251986932e-02
7.87500000000000e+00  -8.10357307948665e-02
7.90000000000000e+00  -7.64070060695798e-02
7.92500000000000e+00  -7.20032433527876e-02
7.95000000000000e+00  -6.78170732868297e-02
7.97500000000000e+00  -6.38410253823570e-02
8.00000000000000e+00  -6.00675885742597e-02
8.02500000000000e+00  -5.64892717775930e-02
8.05000000000000e+00  -5.30986644435051e-02
8.07500000000000e+00  -4.98884971151643e-02
8.10000000000000e+00  -4.68517019836848e-02
8.12500000000000e+00  -4.39806244116000e-02
8.15000000000000e+00  -4.12670847565322e-02
8.17500000000000e+00  -3.87051763739904e-02
8.20000000000000e+00  -3.62878550378175e-02
8.22500000000000e+00  -3.40082977143625e-02
8.25000000000000e+00  -3.18599004767553e-02
8.27500000000000e+00  -2.98362764191833e-02
8.30000000000000e+00  -2.79312535711662e-02
8.32500000000000e+00  -2.61388728118310e-02
8.35000000000000e+00  -2.44533857841882e-02
8.37500000000000e+00  -2.28692528094062e-02
8.40000000000000e+00  -2.13811408010881e-02
8.42500000000000e+00  -1.99839211795456e-02
8.45000000000000e+00  -1.86726677860756e-02
8.47500000000000e+00  -1.74426547972348e-02
8.50000000000000e+00  -1.62893546391154e-02
8.52500000000000e+00  -1.52084359016208e-02
8.55000000000000e+00  -1.41957612527402e-02
8.57500000000000e+00  -1.32473853528249e-02
8.60000000000000e+00  -1.23595527688634e-02
8.62500000000000e+00  -1.15286958887562e-02
8.65000000000000e+00  -1.07514328355921e-02
8.67500000000000e+00  -1.00245653819232e-02
8.70000000000000e+00  -9.34507686404018e-03
8.72500000000000e+00  -8.71013009624782e-03
8.75000000000000e+00  -8.11482417072554e-03
8.77500000000000e+00  -7.56291803723089e-03
8.80000000000000e+00  -7.04690831393824e-03
8.82500000000000e+00  -6.56470330866865e-03
8.85000000000000e+00  -6.11430637747192e-03
8.87500000000000e+00  -5.69381348527773e-03
8.90000000000000e+00  -5.30141076654721e-03
8.92500000000000e+00  -4.93537208592403e-03
8.95000000000000e+00  -4.59405659888577e-03
8.97500000000000e+00  -4.27590631239529e-03
9.00000000000000e+00  -3.97944364555186e-03
9.02500000000000e+00  -3.70326899024269e-03
9.05000000000000e+00  -3.44605827179408e-03
9.07500000000000e+00  -3.20656050962276e-03
9.10000000000000e+00  -2.98359537788724e-03
9.12500000000000e+00  -2.77605076613900e-03
9.15000000000000e+00  -2.58288033997395e-03
9.17500000000000e+00  -2.40310110168360e-03
9.20000000000000e+00  -2.23579095090646e-03
9.22500000000000e+00  -2.08008624527928e-03
9.25000000000000e+00  -1.93517936108838e-03
9.27500000000000e+00  -1.80031625392096e-03
9.30000000000000e+00  -1.67479401931639e-03
9.32500000000000e+00  -1.55795845341754e-03
9.35000000000000e+00  -1.44920161362204e-03
9.37500000000000e+00  -1.34795937923362e-03
9.40000000000000e+00  -1.25370901211342e-03
9.42500000000000e+00  -1.16596671733126e-03
9.45000000000000e+00  -1.08428520381697e-03
9.47500000000000e+00  -1.00825124501170e-03
9.50000000000000e+00  -9.37483239519193e-04
9.52500000000000e+00  -8.71628771757121e-04
9.55000000000000e+00  -8.10362172608381e-04
9.57500000000000e+00  -7.53382080072383e-04
9.60000000000000e+00  -7.00408999916381e-04
9.62500000000000e+00  -6.51182866326761e-04
9.65000000000000e+00  -6.05460602560337e-04
9.67500000000000e+00  -5.63013681595682e-04
9.70000000000000e+00  -5.23625686784411e-04
9.72500000000000e+00  -4.87089872502492e-04
9.75000000000000e+00  -4.53206724801550e-04
9.77500000000000e+00  -4.21781522060172e-04
9.80000000000000e+00  -3.92621895635210e-04
9.82500000000000e+00  -3.65535390513088e-04
9.85000000000000e+00  -3.40327025961105e-04
9.87500000000000e+00  -3.16796856178741e-04
9.90000000000000e+00  -2.94737530948955e-04
9.92500000000000e+00  -2.73931856289497e-04
9.95000000000000e+00  -2.54150355104213e-04
9.97500000000000e+00  -2.35148827834340e-04
1.00000000000000e+01  -2.16665913109830e-04
