0.00000000000000e+00  -3.46136966025852e-02
2.50000000000000e-02  -3.90108361905123e-02
5.00000000000000e-02  -4.34972109283209e-02
7.50000000000000e-02  -4.81331262094943e-02
1.00000000000000e-01  -5.29654231663697e-02
1.25000000000000e-01  -5.80293080807394e-02
1.50000000000000e-01  -6.33501817944506e-02
1.75000000000000e-01  -6.89454691200072e-02
2.00000000000000e-01  -7.48264482511720e-02
2.25000000000000e-01  -8.10000801735661e-02
2.50000000000000e-01  -8.74708380752724e-02
2.75000000000000e-01  -9.42425367574350e-02
3.00000000000000e-01  -1.01320162044861e-01
3.25000000000000e-01  -1.08707692394336e-01
3.50000000000000e-01  -1.16411673681932e-01
3.75000000000000e-01  -1.24443679995934e-01
4.00000000000000e-01  -1.32809707307857e-01
4.25000000000000e-01  -1.41520046218378e-01
4.50000000000000e-01  -1.50585961568357e-01
4.75000000000000e-01  -1.60016372049862e-01
5.00000000000000e-01  -1.69814529817188e-01
5.25000000000000e-01  -1.79974700097883e-01
5.50000000000000e-01  -1.90478840803766e-01
5.75000000000000e-01  -2.01293282141955e-01
6.00000000000000e-01  -2.12365406225884e-01
6.25000000000000e-01  -2.23837349619271e-01
6.50000000000000e-01  -2.35499905321190e-01
6.75000000000000e-01  -2.47493958200131e-01
7.00000000000000e-01  -2.59776159816148e-01
7.25000000000000e-01  -2.72307887626431e-01
7.50000000000000e-01  -2.85053973744215e-01
7.75000000000000e-01  -2.97981433697680e-01
8.00000000000000e-01  -3.11058195188861e-01
8.25000000000000e-01  -3.24251826852558e-01
8.50000000000000e-01  -3.37528267015234e-01
8.75000000000000e-01  -3.50850552453929e-01
9.00000000000000e-01  -3.64177547155161e-01
9.25000000000000e-01  -3.77462671073835e-01
9.50000000000000e-01  -3.90658120267319e-01
9.75000000000000e-01  -4.03710557614958e-01
1.00000000000000e+00  -4.16562280430800e-01
1.02500000000000e+00  -4.29152920486041e-01
1.05000000000000e+00  -4.41418590268748e-01
1.07500000000000e+00  -4.53292856166686e-01
1.10000000000000e+00  -4.64707711650151e-01
1.12500000000000e+00  -4.75594550454803e-01
1.15000000000000e+00  -4.85885139764493e-01
1.17500000000000e+00  -4.95512593394097e-01
1.20000000000000e+00  -5.04412344972348e-01
1.22500000000000e+00  -5.12523121124665e-01
1.25000000000000e+00  -5.19731583604597e-01
1.27500000000000e+00  -5.26001601008204e-01
1.30000000000000e+00  -5.31232778602992e-01
1.32500000000000e+00  -5.35357750383711e-01
1.35000000000000e+00  -5.38309420448091e-01
1.37500000000000e+00  -5.40021750795968e-01
1.40000000000000e+00  -5.40430549128401e-01
1.42500000000000e+00  -5.39474256646791e-01
1.45000000000000e+00  -5.37094735852005e-01
1.47500000000000e+00  -5.33238058343495e-01
1.50000000000000e+00  -5.27855292618420e-01
1.52500000000000e+00  -5.20903291870763e-01
1.55000000000000e+00  -5.12345481790458e-01
1.57500000000000e+00  -5.02152407222827e-01
1.60000000000000e+00  -4.90302556231663e-01
1.62500000000000e+00  -4.76783478888845e-01
1.65000000000000e+00  -4.61590479944227e-01
1.67500000000000e+00  -4.44728966426751e-01
1.70000000000000e+00  -4.26214436620427e-01
1.72500000000000e+00  -4.06072469040341e-01
1.75000000000000e+00  -3.84338711408634e-01
1.77500000000000e+00  -3.61058869630502e-01
1.80000000000000e+00  -3.36288696770190e-01
1.82500000000000e+00  -3.10093982026977e-01
1.85000000000000e+00  -2.82550539711179e-01
1.87500000000000e+00  -2.53872540804978e-01
1.90000000000000e+00  -2.23801509802835e-01
1.92500000000000e+00  -1.92800635226703e-01
1.95000000000000e+00  -1.60937699162534e-01
1.97500000000000e+00  -1.28310904442781e-01
2.00000000000000e+00  -9.50446229796942e-02
2.02500000000000e+00  -6.12851440986332e-02
2.05000000000000e+00  -2.71964228713656e-02
2.07500000000000e+00  7.04417155062456e-03
2.10000000000000e+00  4.12501076028367e-02
2.12500000000000e+00  7.52299429744450e-02
2.15000000000000e+00  1.08791576274996e-01
2.17500000000000e+00  1.41746498701106e-01
2.20000000000000e+00  1.73896798779821e-01
2.22500000000000e+00  2.05049471333112e-01
2.25000000000000e+00  2.35009418416409e-01
2.27500000000000e+00  2.63590284029257e-01
2.30000000000000e+00  2.90604274483887e-01
2.32500000000000e+00  3.15864892923009e-01
2.35000000000000e+00  3.39189673837594e-01
2.37500000000000e+00  3.60402917584665e-01
2.40000000000000e+00  3.79338424905078e-01
2.42500000000000e+00  3.95842231441314e-01
2.45000000000000e+00  4.09775342255261e-01
2.47500000000000e+00  4.21016466346002e-01
2.50000000000000e+00  4.29317129486987e-01
2.52500000000000e+00  4.35081351630487e-01
2.55000000000000e+00  4.37758601529659e-01
2.57500000000000e+00  4.37361986262095e-01
2.60000000000000e+00  4.33906001673396e-01
2.62500000000000e+00  4.27410086352845e-01
2.65000000000000e+00  4.17902175609079e-01
2.67500000000000e+00  4.05422255445762e-01
2.70000000000000e+00  3.90025916537253e-01
2.72500000000000e+00  3.71787908204285e-01
2.75000000000000e+00  3.50805692389631e-01
2.77500000000000e+00  3.27202997633775e-01
2.80000000000000e+00  3.01133373050592e-01
2.82500000000000e+00  2.72766343559289e-01
2.85000000000000e+00  2.42300030190677e-01
2.87500000000000e+00  2.09956828823104e-01
2.90000000000000e+00  1.75977132787336e-01
2.92500000000000e+00  1.40621178531754e-01
2.95000000000000e+00  1.04164872176666e-01
2.97500000000000e+00  6.68956160686222e-02
3.00000000000000e+00  2.91081353347208e-02
3.02500000000000e+00  -8.89969556307442e-03
3.05000000000000e+00  -4.68310262736244e-02
3.07500000000000e+00  -8.43942040023025e-02
3.10000000000000e+00  -1.21306946956682e-01
3.12500000000000e+00  -1.57178811483875e-01
3.15000000000000e+00  -1.91688259796250e-01
3.17500000000000e+00  -2.24576269877722e-01
3.20000000000000e+00  -2.55546004026097e-01
3.22500000000000e+00  -2.84315783691418e-01
3.25000000000000e+00  -3.10621221322190e-01
3.27500000000000e+00  -3.34217352211604e-01
3.30000000000000e+00  -3.54880766343756e-01
3.32500000000000e+00  -3.72411740239873e-01
3.35000000000000e+00  -3.86636368804539e-01
3.37500000000000e+00  -3.97408697171912e-01
3.40000000000000e+00  -4.04612852551950e-01
3.42500000000000e+00  -4.08165176076635e-01
3.45000000000000e+00  -4.08012859034517e-01
3.47500000000000e+00  -4.04137520838433e-01
3.50000000000000e+00  -3.96556747986052e-01
3.52500000000000e+00  -3.85319297851354e-01
3.55000000000000e+00  -3.70510621908583e-01
3.57500000000000e+00  -3.52251496343712e-01
3.60000000000000e+00  -3.30696652665915e-01
3.62500000000000e+00  -3.06033408319043e-01
3.65000000000000e+00  -2.78480297293091e-01
3.67500000000000e+00  -2.48285700735668e-01
3.70000000000000e+00  -2.15726477563476e-01
3.72500000000000e+00  -1.81106595073771e-01
3.75000000000000e+00  -1.44739118186367e-01
3.77500000000000e+00  -1.06983220764079e-01
3.80000000000000e+00  -6.81922105338248e-02
3.82500000000000e+00  -2.87392435619684e-02
3.85000000000000e+00  1.09929463749760e-02
3.87500000000000e+00  5.06159755904961e-02
3.90000000000000e+00  8.97397382882235e-02
3.92500000000000e+00  1.27976334362081e-01
3.95000000000000e+00  1.64943997196431e-01
3.97500000000000e+00  2.00271021466226e-01
4.00000000000000e+00  2.33599690937147e-01
4.02500000000000e+00  2.64590206265755e-01
4.05000000000000e+00  2.92924612799636e-01
4.07500000000000e+00  3.18309411854208e-01
4.10000000000000e+00  3.40479701050602e-01
4.12500000000000e+00  3.59203901506191e-01
4.15000000000000e+00  3.74279952696874e-01
4.17500000000000e+00  3.85544473203573e-01
4.20000000000000e+00  3.92873383102065e-01
4.22500000000000e+00  3.96182526352783e-01
4.25000000000000e+00  3.95428293190641e-01
4.27500000000000e+00  3.90608242514843e-01
4.30000000000000e+00  3.81761724278702e-01
4.32500000000000e+00  3.68970501879449e-01
4.35000000000000e+00  3.52359374548057e-01
4.37500000000000e+00  3.32096070344712e-01
4.40000000000000e+00  3.08376856066303e-01
4.42500000000000e+00  2.81447291654390e-01
4.45000000000000e+00  2.51579683517726e-01
4.47500000000000e+00  2.19079957746053e-01
4.50000000000000e+00  1.84283549256621e-01
4.52500000000000e+00  1.47551290940713e-01
4.55000000000000e+00  1.09265302810181e-01
4.57500000000000e+00  6.98248811439649e-02
4.60000000000000e+00  2.96423876346201e-02
4.62500000000000e+00  -1.08608614651489e-02
4.65000000000000e+00  -5.12587061959736e-02
4.67500000000000e+00  -9.11242537452803e-02
4.70000000000000e+00  -1.30037120281971e-01
4.72500000000000e+00  -1.67585460928242e-01
4.75000000000000e+00  -2.03372919650541e-01
4.77500000000000e+00  -2.37017533814023e-01
4.80000000000000e+00  -2.68161551012434e-01
4.82500000000000e+00  -2.96474240590408e-01
4.85000000000000e+00  -3.21654705165760e-01
4.87500000000000e+00  -3.43434692151780e-01
4.90000000000000e+00  -3.61581405279528e-01
4.92500000000000e+00  -3.75900316120126e-01
4.95000000000000e+00  -3.86237975607053e-01
4.97500000000000e+00  -3.92484825558437e-01
5.00000000000000e+00  -3.94578010199354e-01
5.02500000000000e+00  -3.92484825558400e-01
5.05000000000000e+00  -3.86237975606978e-01
5.07500000000000e+00  -3.75900316120017e-01
5.10000000000000e+00  -3.61581405279386e-01
5.12500000000000e+00  -3.43434692151607e-01
5.15000000000000e+00  -3.21654705165558e-01
5.17500000000000e+00  -2.96474240590180e-01
5.20000000000000e+00  -2.68161551012183e-01
5.22500000000000e+00  -2.37017533813751e-01
5.25000000000000e+00  -2.03372919650254e-01
5.27500000000000e+00  -1.67585460927940e-01
5.30000000000000e+00  -1.30037120281659e-01
5.32500000000000e+00  -9.11242537449641e-02
5.35000000000000e+00  -5.12587061956555e-02
5.37500000000000e+00  -1.08608614648346e-02
5.40000000000000e+00  2.96423876349305e-02
5.42500000000000e+00  6.98248811442658e-02
5.45000000000000e+00  1.09265302810468e-01
5.47500000000000e+00  1.47551290940985e-01
5.50000000000000e+00  1.84283549256871e-01
5.52500000000000e+00  2.19079957746282e-01
5.55000000000000e+00  2.51579683517929e-01
5.57500000000000e+00  2.81447291654564e-01
5.60000000000000e+00  3.08376856066449e-01
5.62500000000000e+00  3.32096799739160e-01
5.65000000000000e+00  3.52359374548137e-01
5.67500000000000e+00  3.68970501879496e-01
5.70000000000000e+00  3.81761724278714e-01
5.72500000000000e+00  3.90608242514821e-01
5.75000000000000e+00  3.95428293190584e-01
5.77500000000000e+00  3.96182526352692e-01
5.80000000000000e+00  3.92873383101941e-01
5.82500000000000e+00  3.85544473203418e-01
5.85000000000000e+00  3.74279952696688e-01
5.87500000000000e+00  3.59203901505979e-01
5.90000000000000e+00  3.40479701050363e-01
5.92500000000000e+00  3.18309411853948e-01
5.95000000000000e+00  2.92924612799355e-01
5.97500000000000e+00  2.64590206265458e-01
6.00000000000000e+00  2.33599690936837e-01
6.02500000000000e+00  2.00271021465908e-01
6.05000000000000e+00  1.64943997196106e-01
6.07500000000000e+00  1.27976334361753e-01
6.10000000000000e+00  8.97397382878965e-02
6.12500000000000e+00  5.06159755901757e-02
6.15000000000000e+00  1.09929463746632e-02
6.17500000000000e+00  -2.87392435622711e-02
6.20000000000000e+00  -6.81922105341114e-02
6.22500000000000e+00  -1.06983220764347e-01
6.25000000000000e+00  -1.44755759556088e-01
6.27500000000000e+00  -1.81106595073992e-01
6.30000000000000e+00  -2.15726477563671e-01
6.32500000000000e+00  -2.48285700735834e-01
6.35000000000000e+00  -2.78480297293227e-01
6.37500000000000e+00  -3.06033408319147e-01
6.40000000000000e+00  -3.30696652665987e-01
6.42500000000000e+00  -3.52251496343750e-01
6.45000000000000e+00  -3.70510621908587e-01
6.47500000000000e+00  -3.85319297851326e-01
6.50000000000000e+00  -3.96556747985990e-01
6.52500000000000e+00  -4.04137520838340e-01
6.55000000000000e+00  -4.08012859034392e-01
6.57500000000000e+00  -4.08165176076480e-01
6.60000000000000e+00  -4.04612852551767e-01
6.62500000000000e+00  -3.97408697171703e-01
6.65000000000000e+00  -3.86636368804308e-01
6.67500000000000e+00  -3.72411740239621e-01
6.70000000000000e+00  -3.54880766343485e-01
6.72500000000000e+00  -3.34217352211318e-01
6.75000000000000e+00  -3.10621221321893e-01
6.77500000000000e+00  -2.84315783691110e-01
6.80000000000000e+00  -2.55546004025782e-01
6.82500000000000e+00  -2.24576269877404e-01
6.85000000000000e+00  -1.91688259795933e-01
6.87500000000000e+00  -1.57300517791915e-01
6.90000000000000e+00  -1.21306946956377e-01
6.92500000000000e+00  -8.43942040020059e-02
6.95000000000000e+00  -4.68310262733409e-02
6.97500000000000e+00  -8.89969556280508e-03
7.00000000000000e+00  2.91081353349718e-02
7.02500000000000e+00  6.68956160688543e-02
7.05000000000000e+00  1.04164872176876e-01
7.07500000000000e+00  1.40621178531939e-01
7.10000000000000e+00  1.75977132787496e-01
7.12500000000000e+00  2.09956828823237e-01
7.15000000000000e+00  2.42300030190782e-01
7.17500000000000e+00  2.72766343559366e-01
7.20000000000000e+00  3.01133373050641e-01
7.22500000000000e+00  3.27202997633795e-01
7.25000000000000e+00  3.50805692389620e-01
7.27500000000000e+00  3.71787908204245e-01
7.30000000000000e+00  3.90025916537185e-01
7.32500000000000e+00  4.05422255445665e-01
7.35000000000000e+00  4.17902175608956e-01
7.37500000000000e+00  4.27410086352696e-01
7.40000000000000e+00  4.33906001673223e-01
7.42500000000000e+00  4.37361986261899e-01
7.45000000000000e+00  4.37758601529441e-01
7.47500000000000e+00  4.35081351630250e-01
7.50000000000000e+00  4.29464751167350e-01
7.52500000000000e+00  4.21016466345731e-01
7.55000000000000e+00  4.09775342254975e-01
7.57500000000000e+00  3.95842231441018e-01
7.60000000000000e+00  3.79338424904773e-01
7.62500000000000e+00  3.60402917584353e-01
7.65000000000000e+00  3.39189673837277e-01
7.67500000000000e+00  3.15864892922691e-01
7.70000000000000e+00  2.90604274483570e-01
7.72500000000000e+00  2.63590284028943e-01
7.75000000000000e+00  2.35009418416102e-01
7.77500000000000e+00  2.05049471332811e-01
7.80000000000000e+00  1.73896798779529e-01
7.82500000000000e+00  1.41746498700827e-01
7.85000000000000e+00  1.08791576274730e-01
7.87500000000000e+00  7.52299429741950e-02
7.90000000000000e+00  4.12501076026043e-02
7.92500000000000e+00  7.04417155040980e-03
7.95000000000000e+00  -2.71964228715603e-02
7.97500000000000e+00  -6.12851440988074e-02
8.00000000000000e+00  -9.50446229798458e-02
8.02500000000000e+00  -1.28310904442910e-01
8.05000000000000e+00  -1.60937699162642e-01
8.07500000000000e+00  -1.92800635226786e-01
8.10000000000000e+00  -2.23801509802894e-01
8.12500000000000e+00  -2.53744198220167e-01
8.15000000000000e+00  -2.82550539711189e-01
8.17500000000000e+00  -3.10093982026964e-01
8.20000000000000e+00  -3.36288696770153e-01
8.22500000000000e+00  -3.61058869630440e-01
8.25000000000000e+00  -3.84338711408549e-01
8.27500000000000e+00  -4.06072469040234e-01
8.30000000000000e+00  -4.26214436620299e-01
8.32500000000000e+00  -4.44728966426601e-01
8.35000000000000e+00  -4.61590479944058e-01
8.37500000000000e+00  -4.76783478888657e-01
8.40000000000000e+00  -4.90302556231458e-01
8.42500000000000e+00  -5.02152407222605e-01
8.45000000000000e+00  -5.12345481790221e-01
8.47500000000000e+00  -5.20903291870511e-01
8.50000000000000e+00  -5.27855292618155e-01
8.52500000000000e+00  -5.33238058343218e-01
8.55000000000000e+00  -5.37094735851717e-01
8.57500000000000e+00  -5.39474256646494e-01
8.60000000000000e+00  -5.40430549128095e-01
8.62500000000000e+00  -5.40021750795656e-01
8.65000000000000e+00  -5.38309420447772e-01
8.67500000000000e+00  -5.35357750383387e-01
8.70000000000000e+00  -5.31232778602665e-01
8.72500000000000e+00  -5.26001601007874e-01
8.75000000000000e+00  -5.19787914655653e-01
8.77500000000000e+00  -5.12523121124332e-01
8.80000000000000e+00  -5.04412344972014e-01
8.82500000000000e+00  -4.95512593393764e-01
8.85000000000000e+00  -4.85885139764163e-01
8.87500000000000e+00  -4.75594550454476e-01
8.90000000000000e+00  -4.64707711649828e-01
8.92500000000000e+00  -4.53292856166367e-01
8.95000000000000e+00  -4.41418590268434e-01
8.97500000000000e+00  -4.29152920485734e-01
9.00000000000000e+00  -4.16562280430498e-01
9.02500000000000e+00  -4.03710557614664e-01
9.05000000000000e+00  -3.90658120267031e-01
9.07500000000000e+00  -3.77462671073554e-01
9.10000000000000e+00  -3.64177547154888e-01
9.12500000000000e+00  -3.50850552453664e-01
9.15000000000000e+00  -3.37528267014978e-01
9.17500000000000e+00  -3.24251826852310e-01
9.20000000000000e+00  -3.11058195188622e-01
9.22500000000000e+00  -2.97981433697450e-01
9.25000000000000e+00  -2.85053973743995e-01
9.27500000000000e+00  -2.72307887626220e-01
9.30000000000000e+00  -2.59776159815945e-01
9.32500000000000e+00  -2.47493958199937e-01
9.35000000000000e+00  -2.35499905321006e-01
9.37500000000000e+00  -2.23620326686152e-01
9.40000000000000e+00  -2.12365406225716e-01
9.42500000000000e+00  -2.01293282141795e-01
9.45000000000000e+00  -1.90478840803614e-01
9.47500000000000e+00  -1.79974700097739e-01
9.50000000000000e+00  -1.69814529817052e-01
9.52500000000000e+00  -1.60016372049734e-01
9.55000000000000e+00  -1.50585961568237e-01
9.57500000000000e+00  -1.41520046218264e-01
9.60000000000000e+00  -1.32809707307750e-01
9.62500000000000e+00  -1.24443679995834e-01
9.65000000000000e+00  -1.16411673681838e-01
9.67500000000000e+00  -1.08707692394248e-01
9.70000000000000e+00  -1.01320162044778e-01
9.72500000000000e+00  -9.42425367573579e-02
9.75000000000000e+00  -8.74708380752009e-02
9.77500000000000e+00  -8.10000801734999e-02
9.80000000000000e+00  -7.48264482511103e-02
9.82500000000000e+00  -6.89454691199502e-02
9.85000000000000e+00  -6.33501817943979e-02
9.87500000000000e+00  -5.80293080806915e-02
9.90000000000000e+00  -5.29654231663259e-02
9.92500000000000e+00  -4.81331262094543e-02
9.95000000000000e+00  -4.34972109282849e-02
9.97500000000000e+00  -3.90108361904798e-02
1.00000000000000e+01  -3.46136966025568e-02
