0.00000000000000e+00  -4.16632878750733e-02
2.50000000000000e-02  -4.64538039556165e-02
5.00000000000000e-02  -5.14935234041996e-02
7.50000000000000e-02  -5.67717924777989e-02
1.00000000000000e-01  -6.22837841504265e-02
1.25000000000000e-01  -6.80295122076885e-02
1.50000000000000e-01  -7.40128453413430e-02
1.75000000000000e-01  -8.02405212438590e-02
2.00000000000000e-01  -8.67211607029760e-02
2.25000000000000e-01  -9.34642816962614e-02
2.50000000000000e-01  -1.00479313485671e-01
2.75000000000000e-01  -1.07774610712106e-01
3.00000000000000e-01  -1.15356467489973e-01
3.25000000000000e-01  -1.23229389651289e-01
3.50000000000000e-01  -1.31394791350786e-01
3.75000000000000e-01  -1.39849820383473e-01
4.00000000000000e-01  -1.48591632719276e-01
4.25000000000000e-01  -1.57613098160213e-01
4.50000000000000e-01  -1.66904332682941e-01
4.75000000000000e-01  -1.76454230781310e-01
5.00000000000000e-01  -1.86251997808925e-01
5.25000000000000e-01  -1.96288682321697e-01
5.50000000000000e-01  -2.06558708420394e-01
5.75000000000000e-01  -2.17061408093206e-01
6.00000000000000e-01  -2.27802553558290e-01
6.25000000000000e-01  -2.38638154132965e-01
6.50000000000000e-01  -2.49791524238193e-01
6.75000000000000e-01  -2.61025904160779e-01
7.00000000000000e-01  -2.72344892436036e-01
7.25000000000000e-01  -2.83741739866679e-01
7.50000000000000e-01  -2.95200621612239e-01
7.75000000000000e-01  -3.06697909278476e-01
8.00000000000000e-01  -3.18203443006800e-01
8.25000000000000e-01  -3.29681803563689e-01
8.50000000000000e-01  -3.41093584430096e-01
8.75000000000000e-01  -3.52396663890876e-01
9.00000000000000e-01  -3.63547477124193e-01
9.25000000000000e-01  -3.74502288290944e-01
9.50000000000000e-01  -3.85217007054972e-01
9.75000000000000e-01  -3.95648589172833e-01
1.00000000000000e+00  -4.05755395178154e-01
1.02500000000000e+00  -4.15495441854317e-01
1.05000000000000e+00  -4.24828381616484e-01
1.07500000000000e+00  -4.33714258502353e-01
1.10000000000000e+00  -4.42112264162898e-01
1.12500000000000e+00  -4.49979493853123e-01
1.15000000000000e+00  -4.57269702422809e-01
1.17500000000000e+00  -4.63932060307256e-01
1.20000000000000e+00  -4.69909909518041e-01
1.22500000000000e+00  -4.75139519633759e-01
1.25000000000000e+00  -4.79722444376347e-01
1.27500000000000e+00  -4.83337479455375e-01
1.30000000000000e+00  -4.86192774621979e-01
1.32500000000000e+00  -4.88223914404357e-01
1.35000000000000e+00  -4.89377361521221e-01
1.37500000000000e+00  -4.89609376490838e-01
1.40000000000000e+00  -4.88884937240086e-01
1.42500000000000e+00  -4.87176658713495e-01
1.45000000000000e+00  -4.84463712482302e-01
1.47500000000000e+00  -4.80730746353493e-01
1.50000000000000e+00  -4.75966803978855e-01
1.52500000000000e+00  -4.70164244464023e-01
1.55000000000000e+00  -4.63317661977530e-01
1.57500000000000e+00  -4.55414899998546e-01
1.60000000000000e+00  -4.46465389524330e-01
1.62500000000000e+00  -4.36460213835881e-01
1.65000000000000e+00  -4.25404025825495e-01
1.67500000000000e+00  -4.13299520696384e-01
1.70000000000000e+00  -4.00150041359181e-01
1.72500000000000e+00  -3.85962183828459e-01
1.75000000000000e+00  -3.70748402619239e-01
1.77500000000000e+00  -3.54529616143502e-01
1.80000000000000e+00  -3.37337812106706e-01
1.82500000000000e+00  -3.19218652904291e-01
1.85000000000000e+00  -3.00234081018198e-01
1.87500000000000e+00  -2.80224775723027e-01
1.90000000000000e+00  -2.59601731647020e-01
1.92500000000000e+00  -2.38077700829084e-01
1.95000000000000e+00  -2.15742495196849e-01
1.97500000000000e+00  -1.92674800672461e-01
2.00000000000000e+00  -1.68944954337388e-01
2.02500000000000e+00  -1.44617721597246e-01
2.05000000000000e+00  -1.19755073346607e-01
2.07500000000000e+00  -9.44189631338191e-02
2.10000000000000e+00  -6.86741043258197e-02
2.12500000000000e+00  -4.25907472729519e-02
2.15000000000000e+00  -1.62474564737805e-02
2.17500000000000e+00  1.02661122600938e-02
2.20000000000000e+00  3.68709932191987e-02
2.22500000000000e+00  6.34516805971549e-02
2.25000000000000e+00  8.99039984005358e-02
2.27500000000000e+00  1.16114029175230e-01
2.30000000000000e+00  1.41958400260656e-01
2.32500000000000e+00  1.67306337318409e-01
2.35000000000000e+00  1.92021717860906e-01
2.37500000000000e+00  2.15965124780028e-01
2.40000000000000e+00  2.38995899875770e-01
2.42500000000000e+00  2.60974197384880e-01
2.45000000000000e+00  2.81763037509510e-01
2.47500000000000e+00  3.01230359945857e-01
2.50000000000000e+00  3.19060600966782e-01
2.52500000000000e+00  3.35386660508259e-01
2.55000000000000e+00  3.49831335176489e-01
2.57500000000000e+00  3.62249183998789e-01
2.60000000000000e+00  3.72506622541497e-01
2.62500000000000e+00  3.80477036071782e-01
2.65000000000000e+00  3.86035892719465e-01
2.67500000000000e+00  3.89060257675880e-01
2.70000000000000e+00  3.89431421064724e-01
2.72500000000000e+00  3.87040532885900e-01
2.75000000000000e+00  3.81795664420360e-01
2.77500000000000e+00  3.73633435337090e-01
2.80000000000000e+00  3.62531281333145e-01
2.82500000000000e+00  3.48438091876819e-01
2.85000000000000e+00  3.31393310683640e-01
2.87500000000000e+00  3.11406196104299e-01
2.90000000000000e+00  2.88561840013423e-01
2.92500000000000e+00  2.62961436264121e-01
2.95000000000000e+00  2.34730772334796e-01
2.97500000000000e+00  2.04027839668289e-01
3.00000000000000e+00  1.71044766292064e-01
3.02500000000000e+00  1.36008239341759e-01
3.05000000000000e+00  9.91765361221593e-02
3.07500000000000e+00  6.08321474520072e-02
3.10000000000000e+00  2.12665342087423e-02
3.12500000000000e+00  -1.91565793174498e-02
3.15000000000000e+00  -6.00137322818822e-02
3.17500000000000e+00  -1.00990599439109e-01
3.20000000000000e+00  -1.41653520903829e-01
3.22500000000000e+00  -1.81577253888647e-01
3.25000000000000e+00  -2.20339868182535e-01
3.27500000000000e+00  -2.57517641629292e-01
3.30000000000000e+00  -2.92685914318961e-01
3.32500000000000e+00  -3.25424765816471e-01
3.35000000000000e+00  -3.55325398663772e-01
3.37500000000000e+00  -3.82001131254594e-01
3.40000000000000e+00  -4.05097136937790e-01
3.42500000000000e+00  -4.24299905567021e-01
3.45000000000000e+00  -4.39282312152718e-01
3.47500000000000e+00  -4.49842022370541e-01
3.50000000000000e+00  -4.55757052784459e-01
3.52500000000000e+00  -4.56874317976453e-01
3.55000000000000e+00  -4.53099507669892e-01
3.57500000000000e+00  -4.44397401614957e-01
3.60000000000000e+00  -4.30792184474062e-01
3.62500000000000e+00  -4.12367760707274e-01
3.65000000000000e+00  -3.89268069457743e-01
3.67500000000000e+00  -3.61697399437119e-01
3.70000000000000e+00  -3.29920703810974e-01
3.72500000000000e+00  -2.94263915084229e-01
3.75000000000000e+00  -2.55100506905790e-01
3.77500000000000e+00  -2.12858575513070e-01
3.80000000000000e+00  -1.68008523492980e-01
3.82500000000000e+00  -1.21057801509620e-01
3.85000000000000e+00  -7.25472035119614e-02
3.87500000000000e+00  -2.30428564429642e-02
3.90000000000000e+00  2.68717900512888e-02
3.92500000000000e+00  7.66039739124669e-02
3.95000000000000e+00  1.25559630960869e-01
3.97500000000000e+00  1.73151405186298e-01
4.00000000000000e+00  2.18806659038927e-01
4.02500000000000e+00  2.61975483720182e-01
4.05000000000000e+00  3.02138709473608e-01
4.07500000000000e+00  3.38815776678660e-01
4.10000000000000e+00  3.71564646245167e-01
4.12500000000000e+00  4.00005080726858e-01
4.15000000000000e+00  4.23798321950040e-01
4.17500000000000e+00  4.42670145893401e-01
4.20000000000000e+00  4.56410970408888e-01
4.22500000000000e+00  4.64875962942585e-01
4.25000000000000e+00  4.67985148255593e-01
4.27500000000000e+00  4.65723516144906e-01
4.30000000000000e+00  4.58141129164293e-01
4.32500000000000e+00  4.45353230345171e-01
4.35000000000000e+00  4.27540350917490e-01
4.37500000000000e+00  4.04950530836341e-01
4.40000000000000e+00  3.77849484544923e-01
4.42500000000000e+00  3.46594212517047e-01
4.45000000000000e+00  3.11569819546760e-01
4.47500000000000e+00  2.73201009876059e-01
4.50000000000000e+00  2.31945855920634e-01
4.52500000000000e+00  1.88289566995621e-01
4.55000000000000e+00  1.42738258041364e-01
4.57500000000000e+00  9.58127183491567e-02
4.60000000000000e+00  4.80421802870010e-02
4.62500000000000e+00  -4.19119746367436e-05
4.65000000000000e+00  -4.79121337370850e-02
4.67500000000000e+00  -9.50513110476979e-02
4.70000000000000e+00  -1.40954876801261e-01
4.72500000000000e+00  -1.85138321891364e-01
4.75000000000000e+00  -2.27142740133178e-01
4.77500000000000e+00  -2.66532994465471e-01
4.80000000000000e+00  -3.02907322815564e-01
4.82500000000000e+00  -3.35899242418025e-01
4.85000000000000e+00  -3.65179454133378e-01
4.87500000000000e+00  -3.90457746766794e-01
4.90000000000000e+00  -4.11484901386797e-01
4.92500000000000e+00  -4.28054595643960e-01
4.95000000000000e+00  -4.40005308089603e-01
4.97500000000000e+00  -4.47222222494499e-01
5.00000000000000e+00  -4.49639132167565e-01
5.02500000000000e+00  -4.47222222494488e-01
5.05000000000000e+00  -4.40005308089583e-01
5.07500000000000e+00  -4.28054595643932e-01
5.10000000000000e+00  -4.11484901386762e-01
5.12500000000000e+00  -3.90457746766752e-01
5.15000000000000e+00  -3.65179454133330e-01
5.17500000000000e+00  -3.35899242417971e-01
5.20000000000000e+00  -3.02907322815505e-01
5.22500000000000e+00  -2.66532994465407e-01
5.25000000000000e+00  -2.27142740133109e-01
5.27500000000000e+00  -1.85138321891290e-01
5.30000000000000e+00  -1.40954876801185e-01
5.32500000000000e+00  -9.50513110476191e-02
5.35000000000000e+00  -4.79121337370050e-02
5.37500000000000e+00  -4.19119745581333e-05
5.40000000000000e+00  4.80421802870815e-02
5.42500000000000e+00  9.58127183492358e-02
5.45000000000000e+00  1.42738258041440e-01
5.47500000000000e+00  1.88289566995695e-01
5.50000000000000e+00  2.31945855920701e-01
5.52500000000000e+00  2.73201009876123e-01
5.55000000000000e+00  3.11569819546816e-01
5.57500000000000e+00  3.46594212517094e-01
5.60000000000000e+00  3.77849484544964e-01
5.62500000000000e+00  4.04948418030640e-01
5.65000000000000e+00  4.27540350917514e-01
5.67500000000000e+00  4.45353230345185e-01
5.70000000000000e+00  4.58141129164296e-01
5.72500000000000e+00  4.65723516144899e-01
5.75000000000000e+00  4.67985148255575e-01
5.77500000000000e+00  4.64875962942558e-01
5.80000000000000e+00  4.56410970408850e-01
5.82500000000000e+00  4.42670145893354e-01
5.85000000000000e+00  4.23798321949983e-01
5.87500000000000e+00  4.00005080726792e-01
5.90000000000000e+00  3.71564646245092e-01
5.92500000000000e+00  3.38815776678578e-01
5.95000000000000e+00  3.02138709473520e-01
5.97500000000000e+00  2.61975483720089e-01
6.00000000000000e+00  2.18806659038830e-01
6.02500000000000e+00  1.73151405186199e-01
6.05000000000000e+00  1.25559630960769e-01
6.07500000000000e+00  7.66039739123681e-02
6.10000000000000e+00  2.68717900511915e-02
6.12500000000000e+00  -2.30428564430556e-02
6.15000000000000e+00  -7.25472035120489e-02
6.17500000000000e+00  -1.21057801509704e-01
6.20000000000000e+00  -1.68008523493055e-01
6.22500000000000e+00  -2.12858575513136e-01
6.25000000000000e+00  -2.55114259986621e-01
6.27500000000000e+00  -2.94263915084266e-01
6.30000000000000e+00  -3.29920703811001e-01
6.32500000000000e+00  -3.61697399437135e-01
6.35000000000000e+00  -3.89268069457750e-01
6.37500000000000e+00  -4.12367760707271e-01
6.40000000000000e+00  -4.30792184474050e-01
6.42500000000000e+00  -4.44397401614936e-01
6.45000000000000e+00  -4.53099507669861e-01
6.47500000000000e+00  -4.56874317976411e-01
6.50000000000000e+00  -4.55757052784407e-01
6.52500000000000e+00  -4.49842022370479e-01
6.55000000000000e+00  -4.39282312152648e-01
6.57500000000000e+00  -4.24299905566949e-01
6.60000000000000e+00  -4.05097136937711e-01
6.62500000000000e+00  -3.82001131254509e-01
6.65000000000000e+00  -3.55325398663684e-01
6.67500000000000e+00  -3.25424765816380e-01
6.70000000000000e+00  -2.92685914318868e-01
6.72500000000000e+00  -2.57517641629201e-01
6.75000000000000e+00  -2.20339868182448e-01
6.77500000000000e+00  -1.81577253888562e-01
6.80000000000000e+00  -1.41653520903748e-01
6.82500000000000e+00  -1.00990599439034e-01
6.85000000000000e+00  -6.00137322818135e-02
6.87500000000000e+00  -1.92351161267007e-02
6.90000000000000e+00  2.12665342087960e-02
6.92500000000000e+00  6.08321474520568e-02
6.95000000000000e+00  9.91765361222016e-02
6.97500000000000e+00  1.36008239341794e-01
7.00000000000000e+00  1.71044766292089e-01
7.02500000000000e+00  2.04027839668304e-01
7.05000000000000e+00  2.34730772334799e-01
7.07500000000000e+00  2.62961436264114e-01
7.10000000000000e+00  2.88561840013409e-01
7.12500000000000e+00  3.11406196104278e-01
7.15000000000000e+00  3.31393310683616e-01
7.17500000000000e+00  3.48438091876790e-01
7.20000000000000e+00  3.62531281333113e-01
7.22500000000000e+00  3.73633435337054e-01
7.25000000000000e+00  3.81795664420320e-01
7.27500000000000e+00  3.87040532885857e-01
7.30000000000000e+00  3.89431421064677e-01
7.32500000000000e+00  3.89060257675829e-01
7.35000000000000e+00  3.86035892719408e-01
7.37500000000000e+00  3.80477036071722e-01
7.40000000000000e+00  3.72506622541433e-01
7.42500000000000e+00  3.62249183998725e-01
7.45000000000000e+00  3.49831335176425e-01
7.47500000000000e+00  3.35386660508196e-01
7.50000000000000e+00  3.19251077412753e-01
7.52500000000000e+00  3.01230359945806e-01
7.55000000000000e+00  2.81763037509463e-01
7.57500000000000e+00  2.60974197384837e-01
7.60000000000000e+00  2.38995899875731e-01
7.62500000000000e+00  2.15965124779994e-01
7.65000000000000e+00  1.92021717860876e-01
7.67500000000000e+00  1.67306337318385e-01
7.70000000000000e+00  1.41958400260637e-01
7.72500000000000e+00  1.16114029175215e-01
7.75000000000000e+00  8.99039984005248e-02
7.77500000000000e+00  6.34516805971459e-02
7.80000000000000e+00  3.68709932191916e-02
7.82500000000000e+00  1.02661122600898e-02
7.85000000000000e+00  -1.62474564737825e-02
7.87500000000000e+00  -4.25907472729516e-02
7.90000000000000e+00  -6.86741043258171e-02
7.92500000000000e+00  -9.44189631338154e-02
7.95000000000000e+00  -1.19755073346601e-01
7.97500000000000e+00  -1.44617721597239e-01
8.00000000000000e+00  -1.68944954337379e-01
8.02500000000000e+00  -1.92674800672450e-01
8.05000000000000e+00  -2.15742495196839e-01
8.07500000000000e+00  -2.38077700829071e-01
8.10000000000000e+00  -2.59601731647006e-01
8.12500000000000e+00  -2.80464924413361e-01
8.15000000000000e+00  -3.00234081018182e-01
8.17500000000000e+00  -3.19218652904274e-01
8.20000000000000e+00  -3.37337812106689e-01
8.22500000000000e+00  -3.54529616143485e-01
8.25000000000000e+00  -3.70748402619223e-01
8.27500000000000e+00  -3.85962183828445e-01
8.30000000000000e+00  -4.00150041359168e-01
8.32500000000000e+00  -4.13299520696372e-01
8.35000000000000e+00  -4.25404025825484e-01
8.37500000000000e+00  -4.36460213835870e-01
8.40000000000000e+00  -4.46465389524321e-01
8.42500000000000e+00  -4.55414899998538e-01
8.45000000000000e+00  -4.63317661977524e-01
8.47500000000000e+00  -4.70164244464018e-01
8.50000000000000e+00  -4.75966803978850e-01
8.52500000000000e+00  -4.80730746353489e-01
8.55000000000000e+00  -4.84463712482299e-01
8.57500000000000e+00  -4.87176658713493e-01
8.60000000000000e+00  -4.88884937240084e-01
8.62500000000000e+00  -4.89609376490836e-01
8.65000000000000e+00  -4.89377361521219e-01
8.67500000000000e+00  -4.88223914404356e-01
8.70000000000000e+00  -4.86192774621978e-01
8.72500000000000e+00  -4.83337479455375e-01
8.75000000000000e+00  -4.79548843790771e-01
8.77500000000000e+00  -4.75139519633759e-01
8.80000000000000e+00  -4.69909909518041e-01
8.82500000000000e+00  -4.63932060307256e-01
8.85000000000000e+00  -4.57269702422809e-01
8.87500000000000e+00  -4.49979493853124e-01
8.90000000000000e+00  -4.42112264162898e-01
8.92500000000000e+00  -4.33714258502353e-01
8.95000000000000e+00  -4.24828381616484e-01
8.97500000000000e+00  -4.15495441854317e-01
9.00000000000000e+00  -4.05755395178154e-01
9.02500000000000e+00  -3.95648589172832e-01
9.05000000000000e+00  -3.85217007054971e-01
9.07500000000000e+00  -3.74502288290942e-01
9.10000000000000e+00  -3.63547477124192e-01
9.12500000000000e+00  -3.52396663890874e-01
9.15000000000000e+00  -3.41093584430094e-01
9.17500000000000e+00  -3.29681803563686e-01
9.20000000000000e+00  -3.18203443006797e-01
9.22500000000000e+00  -3.06697909278472e-01
9.25000000000000e+00  -2.95200621612235e-01
9.27500000000000e+00  -2.83741739866675e-01
9.30000000000000e+00  -2.72344892436031e-01
9.32500000000000e+00  -2.61025904160773e-01
9.35000000000000e+00  -2.49791524238188e-01
9.37500000000000e+00  -2.38795889606327e-01
9.40000000000000e+00  -2.27802553558285e-01
9.42500000000000e+00  -2.17061408093200e-01
9.45000000000000e+00  -2.06558708420388e-01
9.47500000000000e+00  -1.96288682321691e-01
9.50000000000000e+00  -1.86251997808919e-01
9.52500000000000e+00  -1.76454230781304e-01
9.55000000000000e+00  -1.66904332682935e-01
9.57500000000000e+00  -1.57613098160208e-01
9.60000000000000e+00  -1.48591632719271e-01
9.62500000000000e+00  -1.39849820383468e-01
9.65000000000000e+00  -1.31394791350782e-01
9.67500000000000e+00  -1.23229389651284e-01
9.70000000000000e+00  -1.15356467489968e-01
9.72500000000000e+00  -1.07774610712102e-01
9.75000000000000e+00  -1.00479313485668e-01
9.77500000000000e+00  -9.34642816962588e-02
9.80000000000000e+00  -8.67211607029735e-02
9.82500000000000e+00  -8.02405212438569e-02
9.85000000000000e+00  -7.40128453413412e-02
9.87500000000000e+00  -6.80295122076876e-02
9.90000000000000e+00  -6.22837841504259e-02
9.92500000000000e+00  -5.67717924777984e-02
9.95000000000000e+00  -5.14935234041993e-02
9.97500000000000e+00  -4.64538039556159e-02
1.00000000000000e+01  -4.16632878750727e-02
