0.00000000000000e+00  8.09624318581840e-04
2.50000000000000e-02  7.99455958313188e-04
5.00000000000000e-02  7.65685358031207e-04
7.50000000000000e-02  7.06261967129818e-04
1.00000000000000e-01  6.18074388913808e-04
1.25000000000000e-01  4.97005071196041e-04
1.50000000000000e-01  3.37984996894699e-04
1.75000000000000e-01  1.35048374630513e-04
2.00000000000000e-01  -1.18612670676047e-04
2.25000000000000e-01  -4.30593407207482e-04
2.50000000000000e-01  -8.09221805652116e-04
2.75000000000000e-01  -1.26350384860680e-03
3.00000000000000e-01  -1.80306883997969e-03
3.25000000000000e-01  -2.43820901777423e-03
3.50000000000000e-01  -3.17979742500242e-03
3.75000000000000e-01  -4.03909514076312e-03
4.00000000000000e-01  -5.02845302111446e-03
4.25000000000000e-01  -6.16065326666913e-03
4.50000000000000e-01  -7.44911121693807e-03
4.75000000000000e-01  -8.90807714467360e-03
5.00000000000000e-01  -1.05528380502134e-02
5.25000000000000e-01  -1.23999194558237e-02
5.50000000000000e-01  -1.44672872000428e-02
5.75000000000000e-01  -1.67745492320248e-02
6.00000000000000e-01  -1.93431574058829e-02
6.25000000000000e-01  -2.22902171013334e-02
6.50000000000000e-01  -2.53118327086874e-02
6.75000000000000e-01  -2.87289513961838e-02
7.00000000000000e-01  -3.25241182737483e-02
7.25000000000000e-01  -3.66907889044645e-02
7.50000000000000e-01  -4.12314741518796e-02
7.75000000000000e-01  -4.61558850273090e-02
8.00000000000000e-01  -5.14790775371416e-02
8.25000000000000e-01  -5.72195975301455e-02
8.50000000000000e-01  -6.33976255447719e-02
8.75000000000000e-01  -7.00331216564615e-02
9.00000000000000e-01  -7.71439703249484e-02
9.25000000000000e-01  -8.47441252415660e-02
9.50000000000000e-01  -9.28446842045288e-02
9.75000000000000e-01  -1.01450737880290e-01
1.00000000000000e+00  -1.10559168235935e-01
1.02500000000000e+00  -1.20165741713310e-01
1.05000000000000e+00  -1.30257487538419e-01
1.07500000000000e+00  -1.40814647048784e-01
1.10000000000000e+00  -1.51812623020809e-01
1.12500000000000e+00  -1.63223928997143e-01
1.15000000000000e+00  -1.75020138614044e-01
1.17500000000000e+00  -1.87173834928740e-01
1.20000000000000e+00  -1.99660559746796e-01
1.22500000000000e+00  -2.12460762949473e-01
1.25000000000000e+00  -2.25361645813663e-01
1.27500000000000e+00  -2.38554298064332e-01
1.30000000000000e+00  -2.51735984493736e-01
1.32500000000000e+00  -2.64850781397815e-01
1.35000000000000e+00  -2.77824885014624e-01
1.37500000000000e+00  -2.90568359812649e-01
1.40000000000000e+00  -3.02976886779112e-01
1.42500000000000e+00  -3.14933511708278e-01
1.45000000000000e+00  -3.26310393489771e-01
1.47500000000000e+00  -3.36970552396875e-01
1.50000000000000e+00  -3.46769618374850e-01
1.52500000000000e+00  -3.55557579329236e-01
1.55000000000000e+00  -3.63180529414167e-01
1.57500000000000e+00  -3.69498929216846e-01
1.60000000000000e+00  -3.74342291207797e-01
1.62500000000000e+00  -3.77562991895281e-01
1.65000000000000e+00  -3.79018182872740e-01
1.67500000000000e+00  -3.78566784226162e-01
1.70000000000000e+00  -3.76073113515673e-01
1.72500000000000e+00  -3.71410193710362e-01
1.75000000000000e+00  -3.64460923332188e-01
1.77500000000000e+00  -3.55118665749010e-01
1.80000000000000e+00  -3.43286527848272e-01
1.82500000000000e+00  -3.28875024475783e-01
1.85000000000000e+00  -3.11797305064911e-01
1.87500000000000e+00  -2.92190256093730e-01
1.90000000000000e+00  -2.69736219317002e-01
1.92500000000000e+00  -2.44727649645575e-01
1.95000000000000e+00  -2.17180104285910e-01
1.97500000000000e+00  -1.87149190172789e-01
2.00000000000000e+00  -1.54730772281657e-01
2.02500000000000e+00  -1.20061181940965e-01
2.05000000000000e+00  -8.33163887134231e-02
2.07500000000000e+00  -4.47104313884091e-02
2.10000000000000e+00  -4.49245499831540e-03
2.12500000000000e+00  3.70561297234600e-02
2.15000000000000e+00  7.96271301340636e-02
2.17500000000000e+00  1.22891432140430e-01
2.20000000000000e+00  1.66484871678581e-01
2.22500000000000e+00  2.10027003478044e-01
2.25000000000000e+00  2.53112139317172e-01
2.27500000000000e+00  2.95338789454327e-01
2.30000000000000e+00  3.36286288956417e-01
2.32500000000000e+00  3.75524886978590e-01
2.35000000000000e+00  4.12625274660163e-01
2.37500000000000e+00  4.47164543586058e-01
2.40000000000000e+00  4.78731618123822e-01
2.42500000000000e+00  5.06930613450291e-01
2.45000000000000e+00  5.31381934901441e-01
2.47500000000000e+00  5.51719250523167e-01
2.50000000000000e+00  5.67767474214664e-01
2.52500000000000e+00  5.79049367326080e-01
2.55000000000000e+00  5.85512691433031e-01
2.57500000000000e+00  5.86993627786281e-01
2.60000000000000e+00  5.83372678700194e-01
2.62500000000000e+00  5.74585747126996e-01
2.65000000000000e+00  5.60635216231025e-01
2.67500000000000e+00  5.41594196596620e-01
2.70000000000000e+00  5.17606254417371e-01
2.72500000000000e+00  4.88881575148639e-01
2.75000000000000e+00  4.55690965184500e-01
2.77500000000000e+00  4.18354489859172e-01
2.80000000000000e+00  3.77229342399813e-01
2.82500000000000e+00  3.32771936002024e-01
2.85000000000000e+00  2.85427936290185e-01
2.87500000000000e+00  2.35733163545588e-01
2.90000000000000e+00  1.84195753732251e-01
2.92500000000000e+00  1.31371478905488e-01
2.95000000000000e+00  7.78416467333834e-02
2.97500000000000e+00  2.41923200456744e-02
3.00000000000000e+00  -2.89980022486862e-02
3.02500000000000e+00  -8.11687714748933e-02
3.05000000000000e+00  -1.31782681517431e-01
3.07500000000000e+00  -1.80324766848733e-01
3.10000000000000e+00  -2.26290594687756e-01
3.12500000000000e+00  -2.69262864574741e-01
3.15000000000000e+00  -3.08885643034202e-01
3.17500000000000e+00  -3.44796094118743e-01
3.20000000000000e+00  -3.76737674814048e-01
3.22500000000000e+00  -4.04502647988310e-01
3.25000000000000e+00  -4.27939236430733e-01
3.27500000000000e+00  -4.46958776890008e-01
3.30000000000000e+00  -4.61535521868808e-01
3.32500000000000e+00  -4.71701878752896e-01
3.35000000000000e+00  -4.77544339647951e-01
3.37500000000000e+00  -4.79194636043596e-01
3.40000000000000e+00  -4.76824285293289e-01
3.42500000000000e+00  -4.70639681517729e-01
3.45000000000000e+00  -4.60920701899730e-01
3.47500000000000e+00  -4.47869110905773e-01
3.50000000000000e+00  -4.31788119226112e-01
3.52500000000000e+00  -4.12962912225748e-01
3.55000000000000e+00  -3.91672580449444e-01
3.57500000000000e+00  -3.68186651839101e-01
3.60000000000000e+00  -3.42761623951121e-01
3.62500000000000e+00  -3.15637496173788e-01
3.65000000000000e+00  -2.87034301944633e-01
3.67500000000000e+00  -2.57148640967810e-01
3.70000000000000e+00  -2.26150211431466e-01
3.72500000000000e+00  -1.94178342225113e-01
3.75000000000000e+00  -1.61342135881060e-01
3.77500000000000e+00  -1.27750070821478e-01
3.80000000000000e+00  -9.35223456333919e-02
3.82500000000000e+00  -5.86971085374803e-02
3.85000000000000e+00  -2.33356978884290e-02
3.87500000000000e+00  1.24853776312387e-02
3.90000000000000e+00  4.86824588173250e-02
3.92500000000000e+00  8.51623532343534e-02
3.95000000000000e+00  1.21813587990529e-01
3.97500000000000e+00  1.58500381267148e-01
4.00000000000000e+00  1.95049234332544e-01
4.02500000000000e+00  2.31243358447112e-01
4.05000000000000e+00  2.66818317161748e-01
4.07500000000000e+00  3.01490444944864e-01
4.10000000000000e+00  3.34921479654237e-01
4.12500000000000e+00  3.66727205125479e-01
4.15000000000000e+00  3.96500801928485e-01
4.17500000000000e+00  4.23799209318352e-01
4.20000000000000e+00  4.48154992441556e-01
4.22500000000000e+00  4.69088209542116e-01
4.25000000000000e+00  4.86118279167771e-01
4.27500000000000e+00  4.98775847376144e-01
4.30000000000000e+00  5.06614654940916e-01
4.32500000000000e+00  5.09223404557993e-01
4.35000000000000e+00  5.06237628051679e-01
4.37500000000000e+00  4.97363536375889e-01
4.40000000000000e+00  4.82354016200979e-01
4.42500000000000e+00  4.61120208830413e-01
4.45000000000000e+00  4.33598539505967e-01
4.47500000000000e+00  3.99851801967299e-01
4.50000000000000e+00  3.60065102908327e-01
4.52500000000000e+00  3.14541806433608e-01
4.55000000000000e+00  2.63699478514731e-01
4.57500000000000e+00  2.08065831446685e-01
4.60000000000000e+00  1.48274668304249e-01
4.62500000000000e+00  8.50618273983783e-02
4.65000000000000e+00  1.92611267325720e-02
4.67500000000000e+00  -4.81996915407253e-02
4.70000000000000e+00  -1.16359220246886e-01
4.72500000000000e+00  -1.84198630412245e-01
4.75000000000000e+00  -2.50680093719598e-01
4.77500000000000e+00  -3.14745457636151e-01
4.80000000000000e+00  -3.75360454918935e-01
4.82500000000000e+00  -4.31532272354172e-01
4.85000000000000e+00  -4.82327119496658e-01
4.87500000000000e+00  -5.26887797409106e-01
4.90000000000000e+00  -5.64451267401536e-01
4.92500000000000e+00  -5.94366219770624e-01
4.95000000000000e+00  -6.16110642539075e-01
4.97500000000000e+00  -6.29309390194993e-01
5.00000000000000e+00  -6.33751752431246e-01
5.02500000000000e+00  -6.29309390194976e-01
5.05000000000000e+00  -6.16110642539037e-01
5.07500000000000e+00  -5.94366219770564e-01
5.10000000000000e+00  -5.64451267401454e-01
5.12500000000000e+00  -5.26887797409005e-01
5.15000000000000e+00  -4.82327119496539e-01
5.17500000000000e+00  -4.31532272354037e-01
5.20000000000000e+00  -3.75360454918787e-01
5.22500000000000e+00  -3.14745457635994e-01
5.25000000000000e+00  -2.50680093719436e-01
5.27500000000000e+00  -1.84198630412077e-01
5.30000000000000e+00  -1.16359220246718e-01
5.32500000000000e+00  -4.81996915405632e-02
5.35000000000000e+00  1.92611267327277e-02
5.37500000000000e+00  8.50618273985218e-02
5.40000000000000e+00  1.48274668304383e-01
5.42500000000000e+00  2.08065831446806e-01
5.45000000000000e+00  2.63699478514836e-01
5.47500000000000e+00  3.14541806433699e-01
5.50000000000000e+00  3.60065102908398e-01
5.52500000000000e+00  3.99851801967354e-01
5.55000000000000e+00  4.33598539506003e-01
5.57500000000000e+00  4.61120208830431e-01
5.60000000000000e+00  4.82354016200982e-01
5.62500000000000e+00  4.97351553580829e-01
5.65000000000000e+00  5.06237628051651e-01
5.67500000000000e+00  5.09223404557953e-01
5.70000000000000e+00  5.06614654940864e-01
5.72500000000000e+00  4.98775847376083e-01
5.75000000000000e+00  4.86118279167702e-01
5.77500000000000e+00  4.69088209542042e-01
5.80000000000000e+00  4.48154992441478e-01
5.82500000000000e+00  4.23799209318273e-01
5.85000000000000e+00  3.96500801928404e-01
5.87500000000000e+00  3.66727205125400e-01
5.90000000000000e+00  3.34921479654158e-01
5.92500000000000e+00  3.01490444944788e-01
5.95000000000000e+00  2.66818317161678e-01
5.97500000000000e+00  2.31243358447046e-01
6.00000000000000e+00  1.95049234332483e-01
6.02500000000000e+00  1.58500381267091e-01
6.05000000000000e+00  1.21813587990476e-01
6.07500000000000e+00  8.51623532343030e-02
6.10000000000000e+00  4.86824588172763e-02
6.12500000000000e+00  1.24853776311936e-02
6.15000000000000e+00  -2.33356978884737e-02
6.17500000000000e+00  -5.86971085375250e-02
6.20000000000000e+00  -9.35223456334349e-02
6.22500000000000e+00  -1.27750070821521e-01
6.25000000000000e+00  -1.61338525157058e-01
6.27500000000000e+00  -1.94178342225171e-01
6.30000000000000e+00  -2.26150211431525e-01
6.32500000000000e+00  -2.57148640967867e-01
6.35000000000000e+00  -2.87034301944689e-01
6.37500000000000e+00  -3.15637496173841e-01
6.40000000000000e+00  -3.42761623951172e-01
6.42500000000000e+00  -3.68186651839148e-01
6.45000000000000e+00  -3.91672580449488e-01
6.47500000000000e+00  -4.12962912225789e-01
6.50000000000000e+00  -4.31788119226151e-01
6.52500000000000e+00  -4.47869110905809e-01
6.55000000000000e+00  -4.60920701899760e-01
6.57500000000000e+00  -4.70639681517747e-01
6.60000000000000e+00  -4.76824285293301e-01
6.62500000000000e+00  -4.79194636043601e-01
6.65000000000000e+00  -4.77544339647947e-01
6.67500000000000e+00  -4.71701878752882e-01
6.70000000000000e+00  -4.61535521868784e-01
6.72500000000000e+00  -4.46958776889968e-01
6.75000000000000e+00  -4.27939236430681e-01
6.77500000000000e+00  -4.04502647988245e-01
6.80000000000000e+00  -3.76737674813967e-01
6.82500000000000e+00  -3.44796094118652e-01
6.85000000000000e+00  -3.08885643034102e-01
6.87500000000000e+00  -2.69174457158438e-01
6.90000000000000e+00  -2.26290594687637e-01
6.92500000000000e+00  -1.80324766848610e-01
6.95000000000000e+00  -1.31782681517305e-01
6.97500000000000e+00  -8.11687714747627e-02
7.00000000000000e+00  -2.89980022485541e-02
7.02500000000000e+00  2.41923200458112e-02
7.05000000000000e+00  7.78416467335223e-02
7.07500000000000e+00  1.31371478905624e-01
7.10000000000000e+00  1.84195753732383e-01
7.12500000000000e+00  2.35733163545710e-01
7.15000000000000e+00  2.85427936290296e-01
7.17500000000000e+00  3.32771936002123e-01
7.20000000000000e+00  3.77229342399895e-01
7.22500000000000e+00  4.18354489859241e-01
7.25000000000000e+00  4.55690965184553e-01
7.27500000000000e+00  4.88881575148676e-01
7.30000000000000e+00  5.17606254417394e-01
7.32500000000000e+00  5.41594196596630e-01
7.35000000000000e+00  5.60635216231026e-01
7.37500000000000e+00  5.74585747126984e-01
7.40000000000000e+00  5.83372678700169e-01
7.42500000000000e+00  5.86993627786241e-01
7.45000000000000e+00  5.85512691432977e-01
7.47500000000000e+00  5.79049367326013e-01
7.50000000000000e+00  5.67586463621957e-01
7.52500000000000e+00  5.51719250523066e-01
7.55000000000000e+00  5.31381934901328e-01
7.57500000000000e+00  5.06930613450165e-01
7.60000000000000e+00  4.78731618123685e-01
7.62500000000000e+00  4.47164543585914e-01
7.65000000000000e+00  4.12625274660012e-01
7.67500000000000e+00  3.75524886978433e-01
7.70000000000000e+00  3.36286288956259e-01
7.72500000000000e+00  2.95338789454168e-01
7.75000000000000e+00  2.53112139317014e-01
7.77500000000000e+00  2.10027003477889e-01
7.80000000000000e+00  1.66484871678432e-01
7.82500000000000e+00  1.22891432140288e-01
7.85000000000000e+00  7.96271301339302e-02
7.87500000000000e+00  3.70561297233374e-02
7.90000000000000e+00  -4.49245499842695e-03
7.92500000000000e+00  -4.47104313885096e-02
7.95000000000000e+00  -8.33163887135097e-02
7.97500000000000e+00  -1.20061181941041e-01
8.00000000000000e+00  -1.54730772281719e-01
8.02500000000000e+00  -1.87149190172839e-01
8.05000000000000e+00  -2.17180104285947e-01
8.07500000000000e+00  -2.44727649645599e-01
8.10000000000000e+00  -2.69736219317013e-01
8.12500000000000e+00  -2.91964380265776e-01
8.15000000000000e+00  -3.11797305064900e-01
8.17500000000000e+00  -3.28875024475760e-01
8.20000000000000e+00  -3.43286527848237e-01
8.22500000000000e+00  -3.55118665748963e-01
8.25000000000000e+00  -3.64460923332130e-01
8.27500000000000e+00  -3.71410193710293e-01
8.30000000000000e+00  -3.76073113515595e-01
8.32500000000000e+00  -3.78566784226075e-01
8.35000000000000e+00  -3.79018182872645e-01
8.37500000000000e+00  -3.77562991895178e-01
8.40000000000000e+00  -3.74342291207687e-01
8.42500000000000e+00  -3.69498929216731e-01
8.45000000000000e+00  -3.63180529414045e-01
8.47500000000000e+00  -3.55557579329111e-01
8.50000000000000e+00  -3.46769618374721e-01
8.52500000000000e+00  -3.36970552396744e-01
8.55000000000000e+00  -3.26310393489638e-01
8.57500000000000e+00  -3.14933511708144e-01
8.60000000000000e+00  -3.02976886778978e-01
8.62500000000000e+00  -2.90568359812516e-01
8.65000000000000e+00  -2.77824885014491e-01
8.67500000000000e+00  -2.64850781397682e-01
8.70000000000000e+00  -2.51735984493605e-01
8.72500000000000e+00  -2.38554298064203e-01
8.75000000000000e+00  -2.25561751820974e-01
8.77500000000000e+00  -2.12460762949351e-01
8.80000000000000e+00  -1.99660559746675e-01
8.82500000000000e+00  -1.87173834928622e-01
8.85000000000000e+00  -1.75020138613930e-01
8.87500000000000e+00  -1.63223928997033e-01
8.90000000000000e+00  -1.51812623020703e-01
8.92500000000000e+00  -1.40814647048682e-01
8.95000000000000e+00  -1.30257487538320e-01
8.97500000000000e+00  -1.20165741713216e-01
9.00000000000000e+00  -1.10559168235845e-01
9.02500000000000e+00  -1.01450737880205e-01
9.05000000000000e+00  -9.28446842044472e-02
9.07500000000000e+00  -8.47441252414888e-02
9.10000000000000e+00  -7.71439703248758e-02
9.12500000000000e+00  -7.00331216563928e-02
9.15000000000000e+00  -6.33976255447074e-02
9.17500000000000e+00  -5.72195975300847e-02
9.20000000000000e+00  -5.14790775370844e-02
9.22500000000000e+00  -4.61558850272556e-02
9.25000000000000e+00  -4.12314741518296e-02
9.27500000000000e+00  -3.66907889044178e-02
9.30000000000000e+00  -3.25241182737047e-02
9.32500000000000e+00  -2.87289513961433e-02
9.35000000000000e+00  -2.53118327086498e-02
9.37500000000000e+00  -2.21966092749984e-02
9.40000000000000e+00  -1.93431574058505e-02
9.42500000000000e+00  -1.67745492319946e-02
9.45000000000000e+00  -1.44672872000147e-02
9.47500000000000e+00  -1.23999194557978e-02
9.50000000000000e+00  -1.05528380501894e-02
9.52500000000000e+00  -8.90807714465128e-03
9.55000000000000e+00  -7.44911121691732e-03
9.57500000000000e+00  -6.16065326664982e-03
9.60000000000000e+00  -5.02845302109640e-03
9.62500000000000e+00  -4.03909514074631e-03
9.65000000000000e+00  -3.17979742498665e-03
9.67500000000000e+00  -2.43820901775935e-03
9.70000000000000e+00  -1.80306883996565e-03
9.72500000000000e+00  -1.26350384859349e-03
9.75000000000000e+00  -8.09221805639471e-04
9.77500000000000e+00  -4.30593407195422e-04
9.80000000000000e+00  -1.18612670664492e-04
9.82500000000000e+00  1.35048374641587e-04
9.85000000000000e+00  3.37984996905316e-04
9.87500000000000e+00  4.97005071206174e-04
9.90000000000000e+00  6.18074388923444e-04
9.92500000000000e+00  7.06261967138898e-04
9.95000000000000e+00  7.65685358039632e-04
9.97500000000000e+00  7.99455958320828e-04
1.00000000000000e+01  8.09624318588514e-04
