0.00000000000000e+00  -3.47069415196791e-02
2.50000000000000e-02  -3.89551338440153e-02
5.00000000000000e-02  -4.33939281150813e-02
7.50000000000000e-02  -4.80371239518909e-02
1.00000000000000e-01  -5.28984444826573e-02
1.25000000000000e-01  -5.79914378641177e-02
1.50000000000000e-01  -6.33293788008565e-02
1.75000000000000e-01  -6.89251700646304e-02
2.00000000000000e-01  -7.47912440136937e-02
2.25000000000000e-01  -8.09394641121209e-02
2.50000000000000e-01  -8.73810264491336e-02
2.75000000000000e-01  -9.41263612584230e-02
3.00000000000000e-01  -1.01185034437475e-01
3.25000000000000e-01  -1.08565649066897e-01
3.50000000000000e-01  -1.16275746929738e-01
3.75000000000000e-01  -1.24321710030816e-01
4.00000000000000e-01  -1.32708662116045e-01
4.25000000000000e-01  -1.41440370191752e-01
4.50000000000000e-01  -1.50519146044009e-01
4.75000000000000e-01  -1.59945747757956e-01
5.00000000000000e-01  -1.69719281237121e-01
5.25000000000000e-01  -1.79837101722751e-01
5.50000000000000e-01  -1.90294715313131e-01
5.75000000000000e-01  -2.01085680482911e-01
6.00000000000000e-01  -2.12201509602432e-01
6.25000000000000e-01  -2.23626591606166e-01
6.50000000000000e-01  -2.35355493987001e-01
6.75000000000000e-01  -2.47364640341705e-01
7.00000000000000e-01  -2.59635972738382e-01
7.25000000000000e-01  -2.72148222630861e-01
7.50000000000000e-01  -2.84876914844471e-01
7.75000000000000e-01  -2.97794371561806e-01
8.00000000000000e-01  -3.10869716308487e-01
8.25000000000000e-01  -3.24068877938938e-01
8.50000000000000e-01  -3.37354594622147e-01
8.75000000000000e-01  -3.50686417827436e-01
9.00000000000000e-01  -3.64020716310226e-01
9.25000000000000e-01  -3.77310680097806e-01
9.50000000000000e-01  -3.90506506532827e-01
9.75000000000000e-01  -4.03555339019562e-01
1.00000000000000e+00  -4.16401250858167e-01
1.02500000000000e+00  -4.28985824763608e-01
1.05000000000000e+00  -4.41247803790326e-01
1.07500000000000e+00  -4.53123350790560e-01
1.10000000000000e+00  -4.64546307872662e-01
1.12500000000000e+00  -4.75448455859410e-01
1.15000000000000e+00  -4.85759773746329e-01
1.17500000000000e+00  -4.95408698160002e-01
1.20000000000000e+00  -5.04322382816391e-01
1.22500000000000e+00  -5.12426957979151e-01
1.25000000000000e+00  -5.19653649021457e-01
1.27500000000000e+00  -5.25923603942740e-01
1.30000000000000e+00  -5.31164333490677e-01
1.32500000000000e+00  -5.35304477515494e-01
1.35000000000000e+00  -5.38274066482240e-01
1.37500000000000e+00  -5.40005150071936e-01
1.40000000000000e+00  -5.40432425782730e-01
1.42500000000000e+00  -5.39493867531044e-01
1.45000000000000e+00  -5.37131354252727e-01
1.47500000000000e+00  -5.33291298504201e-01
1.50000000000000e+00  -5.27925275063616e-01
1.52500000000000e+00  -5.20990649531998e-01
1.55000000000000e+00  -5.12451206934400e-01
1.57500000000000e+00  -5.02277785848414e-01
1.60000000000000e+00  -4.90448869587171e-01
1.62500000000000e+00  -4.76951463701365e-01
1.65000000000000e+00  -4.61780674913606e-01
1.67500000000000e+00  -4.44941212115105e-01
1.70000000000000e+00  -4.26447661631614e-01
1.72500000000000e+00  -4.06324762489381e-01
1.75000000000000e+00  -3.84607681681091e-01
1.77500000000000e+00  -3.61342289431816e-01
1.80000000000000e+00  -3.36585434464965e-01
1.82500000000000e+00  -3.10405219268225e-01
1.85000000000000e+00  -2.82881275359516e-01
1.87500000000000e+00  -2.54107392792802e-01
1.90000000000000e+00  -2.24181198870197e-01
1.92500000000000e+00  -1.93219965103936e-01
1.95000000000000e+00  -1.61347026307611e-01
1.97500000000000e+00  -1.28696972550950e-01
2.00000000000000e+00  -9.54147829454045e-02
2.02500000000000e+00  -6.16549594297557e-02
2.05000000000000e+00  -2.75806605557125e-02
2.07500000000000e+00  6.63716472648716e-03
2.10000000000000e+00  4.08206432824804e-02
2.12500000000000e+00  7.47858440081755e-02
2.15000000000000e+00  1.08343644044154e-01
2.17500000000000e+00  1.41300594990072e-01
2.20000000000000e+00  1.73461790063028e-01
2.22500000000000e+00  2.04630695640989e-01
2.25000000000000e+00  2.34611086191560e-01
2.27500000000000e+00  2.63208465065085e-01
2.30000000000000e+00  2.90231658675559e-01
2.32500000000000e+00  3.15494416650096e-01
2.35000000000000e+00  3.38817011978395e-01
2.37500000000000e+00  3.60027841162198e-01
2.40000000000000e+00  3.78965024364755e-01
2.42500000000000e+00  3.95478005560288e-01
2.45000000000000e+00  4.09429152683457e-01
2.47500000000000e+00  4.20695357778818e-01
2.50000000000000e+00  4.29167166246121e-01
2.52500000000000e+00  4.34759003146333e-01
2.55000000000000e+00  4.37399571887336e-01
2.57500000000000e+00  4.37035399246854e-01
2.60000000000000e+00  4.33635241761254e-01
2.62500000000000e+00  4.27190306022275e-01
2.65000000000000e+00  4.17714468973751e-01
2.67500000000000e+00  4.05244498208342e-01
2.70000000000000e+00  3.89840272264262e-01
2.72500000000000e+00  3.71585000922002e-01
2.75000000000000e+00  3.50585445501061e-01
2.77500000000000e+00  3.26972139156673e-01
2.80000000000000e+00  3.00899607176533e-01
2.82500000000000e+00  2.72542478658239e-01
2.85000000000000e+00  2.42097681755245e-01
2.87500000000000e+00  2.09783118893019e-01
2.90000000000000e+00  1.75833841960591e-01
2.92500000000000e+00  1.40503102439759e-01
2.95000000000000e+00  1.04060023535795e-01
2.97500000000000e+00  6.67872723081457e-02
3.00000000000000e+00  2.89787318011387e-02
3.02500000000000e+00  -9.06282682531340e-03
3.05000000000000e+00  -4.70280721650093e-02
3.07500000000000e+00  -8.46034404347550e-02
3.10000000000000e+00  -1.21473463343659e-01
3.12500000000000e+00  -1.57324374648811e-01
3.15000000000000e+00  -1.91846792122148e-01
3.17500000000000e+00  -2.24740671846670e-01
3.20000000000000e+00  -2.55712564103750e-01
3.22500000000000e+00  -2.84483092170972e-01
3.25000000000000e+00  -3.10789257002829e-01
3.27500000000000e+00  -3.34386741911410e-01
3.30000000000000e+00  -3.55052217247101e-01
3.32500000000000e+00  -3.72585645079276e-01
3.35000000000000e+00  -3.86812583876995e-01
3.37500000000000e+00  -3.97586493189693e-01
3.40000000000000e+00  -4.04791038327876e-01
3.42500000000000e+00  -4.08342395043817e-01
3.45000000000000e+00  -4.08187389592973e-01
3.47500000000000e+00  -4.04307602910098e-01
3.50000000000000e+00  -3.96720766369027e-01
3.52500000000000e+00  -3.85475836991551e-01
3.55000000000000e+00  -3.70658570072017e-01
3.57500000000000e+00  -3.52390057064607e-01
3.60000000000000e+00  -3.30825263470615e-01
3.62500000000000e+00  -3.06151566725720e-01
3.65000000000000e+00  -2.78587294087266e-01
3.67500000000000e+00  -2.48380260521537e-01
3.70000000000000e+00  -2.15806306591034e-01
3.72500000000000e+00  -1.81167836341751e-01
3.75000000000000e+00  -1.44782276361897e-01
3.77500000000000e+00  -1.07008034703272e-01
3.80000000000000e+00  -6.81978898204887e-02
3.82500000000000e+00  -2.87251397868200e-02
3.85000000000000e+00  1.10273294484242e-02
3.87500000000000e+00  5.06709734929410e-02
3.90000000000000e+00  8.98155189444686e-02
3.92500000000000e+00  1.28072892823826e-01
3.95000000000000e+00  1.65061152007954e-01
3.97500000000000e+00  2.00408412662958e-01
4.00000000000000e+00  2.33756779677138e-01
4.02500000000000e+00  2.64766276094036e-01
4.05000000000000e+00  2.93118772545470e-01
4.07500000000000e+00  3.18520605052077e-01
4.10000000000000e+00  3.40706698839109e-01
4.12500000000000e+00  3.59445329284733e-01
4.15000000000000e+00  3.74534291125231e-01
4.17500000000000e+00  3.85810071007202e-01
4.20000000000000e+00  3.93148471305090e-01
4.22500000000000e+00  3.96465233938706e-01
4.25000000000000e+00  3.95716664190749e-01
4.27500000000000e+00  3.90900254524330e-01
4.30000000000000e+00  3.82055308400496e-01
4.32500000000000e+00  3.69263564095750e-01
4.35000000000000e+00  3.52649818519579e-01
4.37500000000000e+00  3.32381812181474e-01
4.40000000000000e+00  3.08655858294354e-01
4.42500000000000e+00  2.81717583544777e-01
4.45000000000000e+00  2.51839381062913e-01
4.47500000000000e+00  2.19327290041571e-01
4.50000000000000e+00  1.84516882977194e-01
4.52500000000000e+00  1.47769152910851e-01
4.55000000000000e+00  1.09466400669251e-01
4.57500000000000e+00  7.00081221057234e-02
4.60000000000000e+00  2.98068953412267e-02
4.62500000000000e+00  -1.07157319946531e-02
4.65000000000000e+00  -5.11333555227138e-02
4.67500000000000e+00  -9.10188268731253e-02
4.70000000000000e+00  -1.29951504076733e-01
4.72500000000000e+00  -1.67519280964774e-01
4.75000000000000e+00  -2.03325542278567e-01
4.77500000000000e+00  -2.36988068945878e-01
4.80000000000000e+00  -2.68148862906048e-01
4.82500000000000e+00  -2.96476961792412e-01
4.85000000000000e+00  -3.21671253614716e-01
4.87500000000000e+00  -3.43463291441531e-01
4.90000000000000e+00  -3.61620108082667e-01
4.92500000000000e+00  -3.75947030771591e-01
4.95000000000000e+00  -3.86290495847840e-01
4.97500000000000e+00  -3.92540863439435e-01
5.00000000000000e+00  -3.94635232145289e-01
5.02500000000000e+00  -3.92540863349841e-01
5.05000000000000e+00  -3.86290495669736e-01
5.07500000000000e+00  -3.75947030507129e-01
5.10000000000000e+00  -3.61620107735043e-01
5.12500000000000e+00  -3.43463291014943e-01
5.15000000000000e+00  -3.21671253114315e-01
5.17500000000000e+00  -2.96476961224233e-01
5.20000000000000e+00  -2.68148862276942e-01
5.22500000000000e+00  -2.36988068263428e-01
5.25000000000000e+00  -2.03325541550995e-01
5.27500000000000e+00  -1.67519280200835e-01
5.30000000000000e+00  -1.29951503285611e-01
5.32500000000000e+00  -9.10188260643240e-02
5.35000000000000e+00  -5.11333547059388e-02
5.37500000000000e+00  -1.07157311796900e-02
5.40000000000000e+00  2.98068961446249e-02
5.42500000000000e+00  7.00081228879502e-02
5.45000000000000e+00  1.09466401420971e-01
5.47500000000000e+00  1.47769153623112e-01
5.50000000000000e+00  1.84516883641525e-01
5.52500000000000e+00  2.19327290650094e-01
5.55000000000000e+00  2.51839381608417e-01
5.57500000000000e+00  2.81717584020817e-01
5.60000000000000e+00  3.08655858695329e-01
5.62500000000000e+00  3.32382551353179e-01
5.65000000000000e+00  3.52649818757276e-01
5.67500000000000e+00  3.69263564247176e-01
5.70000000000000e+00  3.82055308463919e-01
5.72500000000000e+00  3.90900254499061e-01
5.75000000000000e+00  3.95716664077140e-01
5.77500000000000e+00  3.96465233738143e-01
5.80000000000000e+00  3.93148471019971e-01
5.82500000000000e+00  3.85810070640905e-01
5.85000000000000e+00  3.74534290682069e-01
5.87500000000000e+00  3.59445328769902e-01
5.90000000000000e+00  3.40706698258616e-01
5.92500000000000e+00  3.18520604412666e-01
5.95000000000000e+00  2.93118771854545e-01
5.97500000000000e+00  2.64766275359569e-01
6.00000000000000e+00  2.33756778907564e-01
6.02500000000000e+00  2.00408411867090e-01
6.05000000000000e+00  1.65061151194872e-01
6.07500000000000e+00  1.28072892002769e-01
6.10000000000000e+00  8.98155181247267e-02
6.12500000000000e+00  5.06709726837538e-02
6.15000000000000e+00  1.10273286588704e-02
6.17500000000000e+00  -2.87251405479168e-02
6.20000000000000e+00  -6.81978905446569e-02
6.22500000000000e+00  -1.07008035382495e-01
6.25000000000000e+00  -1.44792355817249e-01
6.27500000000000e+00  -1.81167836909265e-01
6.30000000000000e+00  -2.15806307093085e-01
6.32500000000000e+00  -2.48380260952696e-01
6.35000000000000e+00  -2.78587294442911e-01
6.37500000000000e+00  -3.06151567002073e-01
6.40000000000000e+00  -3.30825263664783e-01
6.42500000000000e+00  -3.52390057174598e-01
6.45000000000000e+00  -3.70658570096757e-01
6.47500000000000e+00  -3.85475836930888e-01
6.50000000000000e+00  -3.96720766223720e-01
6.52500000000000e+00  -4.04307602681803e-01
6.55000000000000e+00  -4.08187389284213e-01
6.57500000000000e+00  -4.08342394657947e-01
6.60000000000000e+00  -4.04791037869039e-01
6.62500000000000e+00  -3.97586492662763e-01
6.65000000000000e+00  -3.86812583287527e-01
6.67500000000000e+00  -3.72585644433434e-01
6.70000000000000e+00  -3.55052216551583e-01
6.72500000000000e+00  -3.34386741173377e-01
6.75000000000000e+00  -3.10789256229824e-01
6.77500000000000e+00  -2.84483091370837e-01
6.80000000000000e+00  -2.55712563284544e-01
6.82500000000000e+00  -2.24740671016587e-01
6.85000000000000e+00  -1.91846791289426e-01
6.87500000000000e+00  -1.57323095135265e-01
6.90000000000000e+00  -1.21473462530133e-01
6.92500000000000e+00  -8.46034396427487e-02
6.95000000000000e+00  -4.70280714021366e-02
6.97500000000000e+00  -9.06282609884163e-03
7.00000000000000e+00  2.89787324843488e-02
7.02500000000000e+00  6.67872729417074e-02
7.05000000000000e+00  1.04060024113843e-01
7.07500000000000e+00  1.40503102957003e-01
7.10000000000000e+00  1.75833842412353e-01
7.12500000000000e+00  2.09783119275269e-01
7.15000000000000e+00  2.42097682064630e-01
7.17500000000000e+00  2.72542478892103e-01
7.20000000000000e+00  3.00899607332924e-01
7.22500000000000e+00  3.26972139234359e-01
7.25000000000000e+00  3.50585445499516e-01
7.27500000000000e+00  3.71585000841410e-01
7.30000000000000e+00  3.89840272105498e-01
7.32500000000000e+00  4.05244497972950e-01
7.35000000000000e+00  4.17714468663915e-01
7.37500000000000e+00  4.27190305640793e-01
7.40000000000000e+00  4.33635241311498e-01
7.42500000000000e+00  4.37035398732731e-01
7.45000000000000e+00  4.37399571313244e-01
7.47500000000000e+00  4.34759002517110e-01
7.50000000000000e+00  4.29169636471149e-01
7.52500000000000e+00  4.20695357055341e-01
7.55000000000000e+00  4.09429151921497e-01
7.57500000000000e+00  3.95478004765931e-01
7.60000000000000e+00  3.78965023544261e-01
7.62500000000000e+00  3.60027840321949e-01
7.65000000000000e+00  3.38817011124836e-01
7.67500000000000e+00  3.15494415789684e-01
7.70000000000000e+00  2.90231657814714e-01
7.72500000000000e+00  2.63208464210140e-01
7.75000000000000e+00  2.34611085348716e-01
7.77500000000000e+00  2.04630694816263e-01
7.80000000000000e+00  1.73461789262220e-01
7.82500000000000e+00  1.41300594218726e-01
7.85000000000000e+00  1.08343643307521e-01
7.87500000000000e+00  7.47858433111856e-02
7.90000000000000e+00  4.08206426297128e-02
7.92500000000000e+00  6.63716412214738e-03
7.95000000000000e+00  -2.75806611078076e-02
7.97500000000000e+00  -6.16549599261974e-02
8.00000000000000e+00  -9.54147833831997e-02
8.02500000000000e+00  -1.28696972927533e-01
8.05000000000000e+00  -1.61347026620844e-01
8.07500000000000e+00  -1.93219965352106e-01
8.10000000000000e+00  -2.24181199052020e-01
8.12500000000000e+00  -2.54105038667552e-01
8.15000000000000e+00  -2.82881275406466e-01
8.17500000000000e+00  -3.10405219247454e-01
8.20000000000000e+00  -3.36585434376804e-01
8.22500000000000e+00  -3.61342289276961e-01
8.25000000000000e+00  -3.84607681460588e-01
8.27500000000000e+00  -4.06324762204601e-01
8.30000000000000e+00  -4.26447661284233e-01
8.32500000000000e+00  -4.44941211707081e-01
8.35000000000000e+00  -4.61780674447156e-01
8.37500000000000e+00  -4.76951463178942e-01
8.40000000000000e+00  -4.90448869011436e-01
8.42500000000000e+00  -5.02277785222207e-01
8.45000000000000e+00  -5.12451206260722e-01
8.47500000000000e+00  -5.20990648813978e-01
8.50000000000000e+00  -5.27925274304491e-01
8.52500000000000e+00  -5.33291297707289e-01
8.55000000000000e+00  -5.37131353421403e-01
8.57500000000000e+00  -5.39493866668719e-01
8.60000000000000e+00  -5.40432424892826e-01
8.62500000000000e+00  -5.40005149157869e-01
8.65000000000000e+00  -5.38274065547398e-01
8.67500000000000e+00  -5.35304476563221e-01
8.70000000000000e+00  -5.31164332524256e-01
8.72500000000000e+00  -5.25923602965377e-01
8.75000000000000e+00  -5.19647788932743e-01
8.77500000000000e+00  -5.12426956989138e-01
8.80000000000000e+00  -5.04322381824448e-01
8.82500000000000e+00  -4.95408697168891e-01
8.85000000000000e+00  -4.85759772758681e-01
8.87500000000000e+00  -4.75448454877718e-01
8.90000000000000e+00  -4.64546306899274e-01
8.92500000000000e+00  -4.53123349827674e-01
8.95000000000000e+00  -4.41247802839987e-01
8.97500000000000e+00  -4.28985823827705e-01
9.00000000000000e+00  -4.16401249938433e-01
9.02500000000000e+00  -4.03555338117571e-01
9.05000000000000e+00  -3.90506505650004e-01
9.07500000000000e+00  -3.77310679235420e-01
9.10000000000000e+00  -3.64020715469400e-01
9.12500000000000e+00  -3.50686417009146e-01
9.15000000000000e+00  -3.37354593827231e-01
9.17500000000000e+00  -3.24068877168097e-01
9.20000000000000e+00  -3.10869715562292e-01
9.22500000000000e+00  -2.97794370840707e-01
9.25000000000000e+00  -2.84876914148800e-01
9.27500000000000e+00  -2.72148221960834e-01
9.30000000000000e+00  -2.59635972094114e-01
9.32500000000000e+00  -2.47364639723211e-01
9.35000000000000e+00  -2.35355493394200e-01
9.37500000000000e+00  -2.23631569889783e-01
9.40000000000000e+00  -2.12201509060472e-01
9.42500000000000e+00  -2.01085679965951e-01
9.45000000000000e+00  -1.90294714820802e-01
9.47500000000000e+00  -1.79837101254630e-01
9.50000000000000e+00  -1.69719280792734e-01
9.52500000000000e+00  -1.59945747336786e-01
9.55000000000000e+00  -1.50519145645504e-01
9.57500000000000e+00  -1.41440369815326e-01
9.60000000000000e+00  -1.32708661761089e-01
9.62500000000000e+00  -1.24321709696703e-01
9.65000000000000e+00  -1.16275746615821e-01
9.67500000000000e+00  -1.08565648772522e-01
9.70000000000000e+00  -1.01185034161983e-01
9.72500000000000e+00  -9.41263610011527e-02
9.75000000000000e+00  -8.73810262094276e-02
9.77500000000000e+00  -8.09394638893283e-02
9.80000000000000e+00  -7.47912438071732e-02
9.82500000000000e+00  -6.89251698737555e-02
9.85000000000000e+00  -6.33293786250168e-02
9.87500000000000e+00  -5.79914377027233e-02
9.90000000000000e+00  -5.28984443351395e-02
9.92500000000000e+00  -4.80371238177055e-02
9.95000000000000e+00  -4.33939279937112e-02
9.97500000000000e+00  -3.89551337349710e-02
1.00000000000000e+01  -3.47069414225018e-02
