0.00000000000000e+00  -3.47088200807600e-02
2.50000000000000e-02  -3.89571759056647e-02
5.00000000000000e-02  -4.33961366431712e-02
7.50000000000000e-02  -4.80395002752464e-02
1.00000000000000e-01  -5.29009880958653e-02
1.25000000000000e-01  -5.79941462415675e-02
1.50000000000000e-01  -6.33322472220136e-02
1.75000000000000e-01  -6.89281914505426e-02
2.00000000000000e-01  -7.47944087747298e-02
2.25000000000000e-01  -8.09427600069430e-02
2.50000000000000e-01  -8.73844384549010e-02
2.75000000000000e-01  -9.41298714522294e-02
3.00000000000000e-01  -1.01188621889019e-01
3.25000000000000e-01  -1.08569289742382e-01
3.50000000000000e-01  -1.16279413607011e-01
3.75000000000000e-01  -1.24325372225734e-01
4.00000000000000e-01  -1.32712286020073e-01
4.25000000000000e-01  -1.41443918620802e-01
4.50000000000000e-01  -1.50522578398501e-01
4.75000000000000e-01  -1.59949019994118e-01
5.00000000000000e-01  -1.69722345849521e-01
5.25000000000000e-01  -1.79839907738061e-01
5.50000000000000e-01  -1.90297208295123e-01
5.75000000000000e-01  -2.01087802548690e-01
6.00000000000000e-01  -2.12203199449891e-01
6.25000000000000e-01  -2.23621046107595e-01
6.50000000000000e-01  -2.35356739256810e-01
6.75000000000000e-01  -2.47367445949051e-01
7.00000000000000e-01  -2.59637470102583e-01
7.25000000000000e-01  -2.72147225418548e-01
7.50000000000000e-01  -2.84873336904951e-01
7.75000000000000e-01  -2.97788742400641e-01
8.00000000000000e-01  -3.10862794099296e-01
8.25000000000000e-01  -3.24061360073409e-01
8.50000000000000e-01  -3.37346925798269e-01
8.75000000000000e-01  -3.50678695675950e-01
9.00000000000000e-01  -3.64012694559287e-01
9.25000000000000e-01  -3.77301869275868e-01
9.50000000000000e-01  -3.90496190152014e-01
9.75000000000000e-01  -4.03542752536766e-01
1.00000000000000e+00  -4.16385878325864e-01
1.02500000000000e+00  -4.28967217485736e-01
1.05000000000000e+00  -4.41225849577480e-01
1.07500000000000e+00  -4.53098385280849e-01
1.10000000000000e+00  -4.64519067918234e-01
1.12500000000000e+00  -4.75419874978647e-01
1.15000000000000e+00  -4.85730619641711e-01
1.17500000000000e+00  -4.95379052301633e-01
1.20000000000000e+00  -5.04290962091202e-01
1.22500000000000e+00  -5.12390278405761e-01
1.25000000000000e+00  -5.19621109431552e-01
1.27500000000000e+00  -5.25879232456856e-01
1.30000000000000e+00  -5.31113899273100e-01
1.32500000000000e+00  -5.35251166408217e-01
1.35000000000000e+00  -5.38219172789667e-01
1.37500000000000e+00  -5.39948678958847e-01
1.40000000000000e+00  -5.40373606285492e-01
1.42500000000000e+00  -5.39431576182079e-01
1.45000000000000e+00  -5.37064449318230e-01
1.47500000000000e+00  -5.33218864835122e-01
1.50000000000000e+00  -5.27846779559882e-01
1.52500000000000e+00  -5.20906007219998e-01
1.55000000000000e+00  -5.12360757657723e-01
1.57500000000000e+00  -5.02182176044473e-01
1.60000000000000e+00  -4.90348882095240e-01
1.62500000000000e+00  -4.76847509282988e-01
1.65000000000000e+00  -4.61673244053061e-01
1.67500000000000e+00  -4.44830365037590e-01
1.70000000000000e+00  -4.26332782269888e-01
1.72500000000000e+00  -4.06204576398866e-01
1.75000000000000e+00  -3.84480537903426e-01
1.77500000000000e+00  -3.61206706306873e-01
1.80000000000000e+00  -3.36440909391318e-01
1.82500000000000e+00  -3.10253302412075e-01
1.85000000000000e+00  -2.82726907312075e-01
1.87500000000000e+00  -2.53949327903267e-01
1.90000000000000e+00  -2.24016556230585e-01
1.92500000000000e+00  -1.93049344790574e-01
1.95000000000000e+00  -1.61170775158390e-01
1.97500000000000e+00  -1.28515261767701e-01
2.00000000000000e+00  -9.52276754479336e-02
2.02500000000000e+00  -6.14624669615433e-02
2.05000000000000e+00  -2.73827905412673e-02
2.07500000000000e+00  6.84037257261054e-03
2.10000000000000e+00  4.10290905950046e-02
2.12500000000000e+00  7.49993576587634e-02
2.15000000000000e+00  1.08561970277411e-01
2.17500000000000e+00  1.41523403807890e-01
2.20000000000000e+00  1.73688781082521e-01
2.22500000000000e+00  2.04861554649934e-01
2.25000000000000e+00  2.34845521058938e-01
2.27500000000000e+00  2.63446231857408e-01
2.30000000000000e+00  2.90472538204460e-01
2.32500000000000e+00  3.15738193358379e-01
2.35000000000000e+00  3.39063455164551e-01
2.37500000000000e+00  3.60276688543395e-01
2.40000000000000e+00  3.79215967978293e-01
2.42500000000000e+00  3.95730680003522e-01
2.45000000000000e+00  4.09683125692187e-01
2.47500000000000e+00  4.20950123144146e-01
2.50000000000000e+00  4.29422530842646e-01
2.52500000000000e+00  4.35014759310561e-01
2.55000000000000e+00  4.37655272749484e-01
2.57500000000000e+00  4.37290630919451e-01
2.60000000000000e+00  4.33889636867107e-01
2.62500000000000e+00  4.27443549619198e-01
2.65000000000000e+00  4.17966296876070e-01
2.67500000000000e+00  4.05494687705156e-01
2.70000000000000e+00  3.90088625234473e-01
2.72500000000000e+00  3.71831319346113e-01
2.75000000000000e+00  3.50829499369737e-01
2.77500000000000e+00  3.27213626776071e-01
2.80000000000000e+00  3.01138107870391e-01
2.82500000000000e+00  2.72777643426772e-01
2.85000000000000e+00  2.42329168563384e-01
2.87500000000000e+00  2.10010550129035e-01
2.90000000000000e+00  1.76056974125066e-01
2.92500000000000e+00  1.40721767155528e-01
2.95000000000000e+00  1.04274080537721e-01
2.97500000000000e+00  6.69965744127381e-02
3.00000000000000e+00  2.91831018560037e-02
3.02500000000000e+00  -8.86360701218384e-03
3.05000000000000e+00  -4.68342609161116e-02
3.07500000000000e+00  -8.44153233141109e-02
3.10000000000000e+00  -1.21291328288016e-01
3.12500000000000e+00  -1.57148702641995e-01
3.15000000000000e+00  -1.91677376747359e-01
3.17500000000000e+00  -2.24577838410169e-01
3.20000000000000e+00  -2.55556575857666e-01
3.22500000000000e+00  -2.84334165213064e-01
3.25000000000000e+00  -3.10647572697347e-01
3.27500000000000e+00  -3.34252456831059e-01
3.30000000000000e+00  -3.54925470636097e-01
3.32500000000000e+00  -3.72466563837506e-01
3.35000000000000e+00  -3.86701285065271e-01
3.37500000000000e+00  -3.97483084056109e-01
3.40000000000000e+00  -4.04695613855264e-01
3.42500000000000e+00  -4.08255033018298e-01
3.45000000000000e+00  -4.08108144703920e-01
3.47500000000000e+00  -4.04236502310521e-01
3.50000000000000e+00  -3.96657807157021e-01
3.52500000000000e+00  -3.85420977803701e-01
3.55000000000000e+00  -3.70611731194987e-01
3.57500000000000e+00  -3.52351122091623e-01
3.60000000000000e+00  -3.30794082502829e-01
3.62500000000000e+00  -3.06127961118471e-01
3.65000000000000e+00  -2.78571062741223e-01
3.67500000000000e+00  -2.48371187718729e-01
3.70000000000000e+00  -2.15804171375775e-01
3.72500000000000e+00  -1.81172423446446e-01
3.75000000000000e+00  -1.44793281549895e-01
3.77500000000000e+00  -1.07025131656683e-01
3.80000000000000e+00  -6.82207631576277e-02
3.82500000000000e+00  -2.87534577995525e-02
3.85000000000000e+00  1.09939109718311e-02
3.87500000000000e+00  5.06328078478886e-02
3.90000000000000e+00  8.97729654930215e-02
3.92500000000000e+00  1.28026314380630e-01
3.95000000000000e+00  1.65010912629079e-01
3.97500000000000e+00  2.00354875837661e-01
4.00000000000000e+00  2.33700306922555e-01
4.02500000000000e+00  2.64707225952793e-01
4.05000000000000e+00  2.93057499986216e-01
4.07500000000000e+00  3.18457458471415e-01
4.10000000000000e+00  3.40642030087919e-01
4.12500000000000e+00  3.59379481366055e-01
4.15000000000000e+00  3.74467603958976e-01
4.17500000000000e+00  3.85742882291991e-01
4.20000000000000e+00  3.93081117111555e-01
4.22500000000000e+00  3.96398049034254e-01
4.25000000000000e+00  3.95649982095786e-01
4.27500000000000e+00  3.90834407299949e-01
4.30000000000000e+00  3.81990626167624e-01
4.32500000000000e+00  3.69200374285759e-01
4.35000000000000e+00  3.52588444856356e-01
4.37500000000000e+00  3.32322579958580e-01
4.40000000000000e+00  3.08599080200562e-01
4.42500000000000e+00  2.81663565926494e-01
4.45000000000000e+00  2.51788419307766e-01
4.47500000000000e+00  2.19279664298616e-01
4.50000000000000e+00  1.84472853904352e-01
4.52500000000000e+00  1.47728957449577e-01
4.55000000000000e+00  1.09430247846425e-01
4.57500000000000e+00  6.99761888627794e-02
4.60000000000000e+00  2.97793223905024e-02
4.62500000000000e+00  -1.07388442863320e-02
4.65000000000000e+00  -5.11519512232228e-02
4.67500000000000e+00  -9.10328985470003e-02
4.70000000000000e+00  -1.29961094448762e-01
4.72500000000000e+00  -1.67524484938575e-01
4.75000000000000e+00  -2.03326508394474e-01
4.77500000000000e+00  -2.36984999894610e-01
4.80000000000000e+00  -2.68142014418657e-01
4.82500000000000e+00  -2.96466640584122e-01
4.85000000000000e+00  -3.21657814382657e-01
4.87500000000000e+00  -3.43447132916356e-01
4.90000000000000e+00  -3.61601668134076e-01
4.92500000000000e+00  -3.75926780567733e-01
4.95000000000000e+00  -3.86268933068613e-01
4.97500000000000e+00  -3.92518504543685e-01
5.00000000000000e+00  -3.94612603691903e-01
5.02500000000000e+00  -3.92518504543704e-01
5.05000000000000e+00  -3.86268933068647e-01
5.07500000000000e+00  -3.75926780567782e-01
5.10000000000000e+00  -3.61601668134139e-01
5.12500000000000e+00  -3.43447132916433e-01
5.15000000000000e+00  -3.21657814382746e-01
5.17500000000000e+00  -2.96466640584223e-01
5.20000000000000e+00  -2.68142014418767e-01
5.22500000000000e+00  -2.36984999894728e-01
5.25000000000000e+00  -2.03326508394599e-01
5.27500000000000e+00  -1.67524484938704e-01
5.30000000000000e+00  -1.29961094448895e-01
5.32500000000000e+00  -9.10328985471341e-02
5.35000000000000e+00  -5.11519512233576e-02
5.37500000000000e+00  -1.07388442864672e-02
5.40000000000000e+00  2.97793223903723e-02
5.42500000000000e+00  6.99761888626541e-02
5.45000000000000e+00  1.09430247846305e-01
5.47500000000000e+00  1.47728957449466e-01
5.50000000000000e+00  1.84472853904248e-01
5.52500000000000e+00  2.19279664298524e-01
5.55000000000000e+00  2.51788419307684e-01
5.57500000000000e+00  2.81663565926422e-01
5.60000000000000e+00  3.08599080200504e-01
5.62500000000000e+00  3.32323312245404e-01
5.65000000000000e+00  3.52588444856321e-01
5.67500000000000e+00  3.69200374285739e-01
5.70000000000000e+00  3.81990626167618e-01
5.72500000000000e+00  3.90834407299957e-01
5.75000000000000e+00  3.95649982095808e-01
5.77500000000000e+00  3.96398049034290e-01
5.80000000000000e+00  3.93081117111605e-01
5.82500000000000e+00  3.85742882292054e-01
5.85000000000000e+00  3.74467603959052e-01
5.87500000000000e+00  3.59379481366143e-01
5.90000000000000e+00  3.40642030088015e-01
5.92500000000000e+00  3.18457458471520e-01
5.95000000000000e+00  2.93057499986331e-01
5.97500000000000e+00  2.64707225952914e-01
6.00000000000000e+00  2.33700306922681e-01
6.02500000000000e+00  2.00354875837790e-01
6.05000000000000e+00  1.65010912629208e-01
6.07500000000000e+00  1.28026314380759e-01
6.10000000000000e+00  8.97729654931470e-02
6.12500000000000e+00  5.06328078480120e-02
6.15000000000000e+00  1.09939109719481e-02
6.17500000000000e+00  -2.87534577994444e-02
6.20000000000000e+00  -6.82207631575273e-02
6.22500000000000e+00  -1.07025131656591e-01
6.25000000000000e+00  -1.44803467506204e-01
6.27500000000000e+00  -1.81172423446369e-01
6.30000000000000e+00  -2.15804171375712e-01
6.32500000000000e+00  -2.48371187718678e-01
6.35000000000000e+00  -2.78571062741185e-01
6.37500000000000e+00  -3.06127961118447e-01
6.40000000000000e+00  -3.30794082502820e-01
6.42500000000000e+00  -3.52351122091627e-01
6.45000000000000e+00  -3.70611731195006e-01
6.47500000000000e+00  -3.85420977803734e-01
6.50000000000000e+00  -3.96657807157068e-01
6.52500000000000e+00  -4.04236502310581e-01
6.55000000000000e+00  -4.08108144703992e-01
6.57500000000000e+00  -4.08255033018383e-01
6.60000000000000e+00  -4.04695613855360e-01
6.62500000000000e+00  -3.97483084056215e-01
6.65000000000000e+00  -3.86701285065386e-01
6.67500000000000e+00  -3.72466563837629e-01
6.70000000000000e+00  -3.54925470636227e-01
6.72500000000000e+00  -3.34252456831194e-01
6.75000000000000e+00  -3.10647572697487e-01
6.77500000000000e+00  -2.84334165213206e-01
6.80000000000000e+00  -2.55556575857808e-01
6.82500000000000e+00  -2.24577838410312e-01
6.85000000000000e+00  -1.91677376747502e-01
6.87500000000000e+00  -1.57147196432767e-01
6.90000000000000e+00  -1.21291328288154e-01
6.92500000000000e+00  -8.44153233142430e-02
6.95000000000000e+00  -4.68342609162378e-02
6.97500000000000e+00  -8.86360701230135e-03
7.00000000000000e+00  2.91831018558945e-02
7.02500000000000e+00  6.69965744126399e-02
7.05000000000000e+00  1.04274080537633e-01
7.07500000000000e+00  1.40721767155451e-01
7.10000000000000e+00  1.76056974125002e-01
7.12500000000000e+00  2.10010550128983e-01
7.15000000000000e+00  2.42329168563346e-01
7.17500000000000e+00  2.72777643426748e-01
7.20000000000000e+00  3.01138107870382e-01
7.22500000000000e+00  3.27213626776076e-01
7.25000000000000e+00  3.50829499369755e-01
7.27500000000000e+00  3.71831319346143e-01
7.30000000000000e+00  3.90088625234517e-01
7.32500000000000e+00  4.05494687705212e-01
7.35000000000000e+00  4.17966296876139e-01
7.37500000000000e+00  4.27443549619278e-01
7.40000000000000e+00  4.33889636867198e-01
7.42500000000000e+00  4.37290630919552e-01
7.45000000000000e+00  4.37655272749593e-01
7.47500000000000e+00  4.35014759310678e-01
7.50000000000000e+00  4.29424609974084e-01
7.52500000000000e+00  4.20950123144285e-01
7.55000000000000e+00  4.09683125692329e-01
7.57500000000000e+00  3.95730680003667e-01
7.60000000000000e+00  3.79215967978439e-01
7.62500000000000e+00  3.60276688543543e-01
7.65000000000000e+00  3.39063455164699e-01
7.67500000000000e+00  3.15738193358527e-01
7.70000000000000e+00  2.90472538204607e-01
7.72500000000000e+00  2.63446231857552e-01
7.75000000000000e+00  2.34845521059079e-01
7.77500000000000e+00  2.04861554650070e-01
7.80000000000000e+00  1.73688781082651e-01
7.82500000000000e+00  1.41523403808016e-01
7.85000000000000e+00  1.08561970277530e-01
7.87500000000000e+00  7.49993576588753e-02
7.90000000000000e+00  4.10290905951090e-02
7.92500000000000e+00  6.84037257270541e-03
7.95000000000000e+00  -2.73827905411814e-02
7.97500000000000e+00  -6.14624669614676e-02
8.00000000000000e+00  -9.52276754478674e-02
8.02500000000000e+00  -1.28515261767646e-01
8.05000000000000e+00  -1.61170775158347e-01
8.07500000000000e+00  -1.93049344790541e-01
8.10000000000000e+00  -2.24016556230564e-01
8.12500000000000e+00  -2.53958151936255e-01
8.15000000000000e+00  -2.82726907312077e-01
8.17500000000000e+00  -3.10253302412089e-01
8.20000000000000e+00  -3.36440909391344e-01
8.22500000000000e+00  -3.61206706306909e-01
8.25000000000000e+00  -3.84480537903474e-01
8.27500000000000e+00  -4.06204576398925e-01
8.30000000000000e+00  -4.26332782269958e-01
8.32500000000000e+00  -4.44830365037671e-01
8.35000000000000e+00  -4.61673244053152e-01
8.37500000000000e+00  -4.76847509283089e-01
8.40000000000000e+00  -4.90348882095351e-01
8.42500000000000e+00  -5.02182176044593e-01
8.45000000000000e+00  -5.12360757657851e-01
8.47500000000000e+00  -5.20906007220134e-01
8.50000000000000e+00  -5.27846779560026e-01
8.52500000000000e+00  -5.33218864835273e-01
8.55000000000000e+00  -5.37064449318388e-01
8.57500000000000e+00  -5.39431576182242e-01
8.60000000000000e+00  -5.40373606285661e-01
8.62500000000000e+00  -5.39948678959021e-01
8.65000000000000e+00  -5.38219172789845e-01
8.67500000000000e+00  -5.35251166408398e-01
8.70000000000000e+00  -5.31113899273285e-01
8.72500000000000e+00  -5.25879232457043e-01
8.75000000000000e+00  -5.19599172427377e-01
8.77500000000000e+00  -5.12390278405942e-01
8.80000000000000e+00  -5.04290962091383e-01
8.82500000000000e+00  -4.95379052301814e-01
8.85000000000000e+00  -4.85730619641891e-01
8.87500000000000e+00  -4.75419874978827e-01
8.90000000000000e+00  -4.64519067918411e-01
8.92500000000000e+00  -4.53098385281025e-01
8.95000000000000e+00  -4.41225849577653e-01
8.97500000000000e+00  -4.28967217485906e-01
9.00000000000000e+00  -4.16385878326030e-01
9.02500000000000e+00  -4.03542752536928e-01
9.05000000000000e+00  -3.90496190152172e-01
9.07500000000000e+00  -3.77301869276021e-01
9.10000000000000e+00  -3.64012694559437e-01
9.12500000000000e+00  -3.50678695676095e-01
9.15000000000000e+00  -3.37346925798411e-01
9.17500000000000e+00  -3.24061360073545e-01
9.20000000000000e+00  -3.10862794099427e-01
9.22500000000000e+00  -2.97788742400768e-01
9.25000000000000e+00  -2.84873336905073e-01
9.27500000000000e+00  -2.72147225418665e-01
9.30000000000000e+00  -2.59637470102694e-01
9.32500000000000e+00  -2.47367445949157e-01
9.35000000000000e+00  -2.35356739256911e-01
9.37500000000000e+00  -2.23632763403669e-01
9.40000000000000e+00  -2.12203199449983e-01
9.42500000000000e+00  -2.01087802548775e-01
9.45000000000000e+00  -1.90297208295203e-01
9.47500000000000e+00  -1.79839907738137e-01
9.50000000000000e+00  -1.69722345849593e-01
9.52500000000000e+00  -1.59949019994185e-01
9.55000000000000e+00  -1.50522578398565e-01
9.57500000000000e+00  -1.41443918620862e-01
9.60000000000000e+00  -1.32712286020130e-01
9.62500000000000e+00  -1.24325372225788e-01
9.65000000000000e+00  -1.16279413607062e-01
9.67500000000000e+00  -1.08569289742430e-01
9.70000000000000e+00  -1.01188621889064e-01
9.72500000000000e+00  -9.41298714522717e-02
9.75000000000000e+00  -8.73844384549408e-02
9.77500000000000e+00  -8.09427600069805e-02
9.80000000000000e+00  -7.47944087747645e-02
9.82500000000000e+00  -6.89281914505748e-02
9.85000000000000e+00  -6.33322472220433e-02
9.87500000000000e+00  -5.79941462415954e-02
9.90000000000000e+00  -5.29009880958909e-02
9.92500000000000e+00  -4.80395002752698e-02
9.95000000000000e+00  -4.33961366431928e-02
9.97500000000000e+00  -3.89571759056844e-02
1.00000000000000e+01  -3.47088200807785e-02
