0.00000000000000e+00  -3.51726785286441e-02
2.50000000000000e-02  -3.88804849235045e-02
5.00000000000000e-02  -4.31531201848124e-02
7.50000000000000e-02  -4.78338675753068e-02
1.00000000000000e-01  -5.28145041847490e-02
1.25000000000000e-01  -5.80282975193632e-02
1.50000000000000e-01  -6.34430020912768e-02
1.75000000000000e-01  -6.90538560079619e-02
2.00000000000000e-01  -7.48765775616777e-02
2.25000000000000e-01  -8.09403618189096e-02
2.50000000000000e-01  -8.72808772098125e-02
2.75000000000000e-01  -9.39332621176505e-02
3.00000000000000e-01  -1.00925121468239e-01
3.25000000000000e-01  -1.08282231476126e-01
3.50000000000000e-01  -1.16016346967364e-01
3.75000000000000e-01  -1.24113923651331e-01
4.00000000000000e-01  -1.32578144209564e-01
4.25000000000000e-01  -1.41388211361669e-01
4.50000000000000e-01  -1.50511850004911e-01
4.75000000000000e-01  -1.59917809353793e-01
5.00000000000000e-01  -1.69588365079639e-01
5.25000000000000e-01  -1.79531821450177e-01
5.50000000000000e-01  -1.89795013469124e-01
5.75000000000000e-01  -2.00475809015767e-01
6.00000000000000e-01  -2.11735610984546e-01
6.25000000000000e-01  -2.21782188509170e-01
6.50000000000000e-01  -2.35015919476712e-01
6.75000000000000e-01  -2.47437123171555e-01
7.00000000000000e-01  -2.59530043427465e-01
7.25000000000000e-01  -2.71629873830079e-01
7.50000000000000e-01  -2.83943988627942e-01
7.75000000000000e-01  -2.96573173643538e-01
8.00000000000000e-01  -3.09532857184317e-01
8.25000000000000e-01  -3.22774340953738e-01
8.50000000000000e-01  -3.36206030962291e-01
8.75000000000000e-01  -3.49714668438533e-01
9.00000000000000e-01  -3.63186560740122e-01
9.25000000000000e-01  -3.76528812264846e-01
9.50000000000000e-01  -3.89642507070228e-01
9.75000000000000e-01  -4.02465999297848e-01
1.00000000000000e+00  -4.14996175631665e-01
1.02500000000000e+00  -4.27188332958185e-01
1.05000000000000e+00  -4.39050499997130e-01
1.07500000000000e+00  -4.50611149095108e-01
1.10000000000000e+00  -4.61886908019290e-01
1.12500000000000e+00  -4.72850271751079e-01
1.15000000000000e+00  -4.83397314279781e-01
1.17500000000000e+00  -4.93315400396282e-01
1.20000000000000e+00  -5.02250897486719e-01
1.22500000000000e+00  -5.09676887326149e-01
1.25000000000000e+00  -5.17787876950527e-01
1.27500000000000e+00  -5.22429971440283e-01
1.30000000000000e+00  -5.27087621027790e-01
1.32500000000000e+00  -5.31173241354960e-01
1.35000000000000e+00  -5.34262923278899e-01
1.37500000000000e+00  -5.36071021256445e-01
1.40000000000000e+00  -5.36424741728705e-01
1.42500000000000e+00  -5.35238731505595e-01
1.45000000000000e+00  -5.32489666150376e-01
1.47500000000000e+00  -5.28190838364192e-01
1.50000000000000e+00  -5.22366746370607e-01
1.52500000000000e+00  -5.15027682300145e-01
1.55000000000000e+00  -5.06144320574824e-01
1.57500000000000e+00  -4.95729266609354e-01
1.60000000000000e+00  -4.83752575667262e-01
1.62500000000000e+00  -4.70166667629735e-01
1.65000000000000e+00  -4.54927282138460e-01
1.67500000000000e+00  -4.37986569054162e-01
1.70000000000000e+00  -4.19307720827460e-01
1.72500000000000e+00  -3.98879604869732e-01
1.75000000000000e+00  -3.76731395923964e-01
1.77500000000000e+00  -3.52947208435608e-01
1.80000000000000e+00  -3.27680728923444e-01
1.82500000000000e+00  -3.01169848350433e-01
1.85000000000000e+00  -2.73751294494577e-01
1.87500000000000e+00  -2.44929593744415e-01
1.90000000000000e+00  -2.14694493144554e-01
1.92500000000000e+00  -1.83498063994929e-01
1.95000000000000e+00  -1.51434457594949e-01
1.97500000000000e+00  -1.18618301163122e-01
2.00000000000000e+00  -8.51823894540305e-02
2.02500000000000e+00  -5.12753763752982e-02
2.05000000000000e+00  -1.70594666045670e-02
2.07500000000000e+00  1.72918927935304e-02
2.10000000000000e+00  5.15963207504019e-02
2.12500000000000e+00  8.56648105765194e-02
2.15000000000000e+00  1.19304038344448e-01
2.17500000000000e+00  1.52318671271875e-01
2.20000000000000e+00  1.84511847237757e-01
2.22500000000000e+00  2.15685656189628e-01
2.25000000000000e+00  2.45646026954695e-01
2.27500000000000e+00  2.74200700803073e-01
2.30000000000000e+00  3.01161408647295e-01
2.32500000000000e+00  3.26344692839566e-01
2.35000000000000e+00  3.49572728969012e-01
2.37500000000000e+00  3.70674147658936e-01
2.40000000000000e+00  3.89484856364061e-01
2.42500000000000e+00  4.05848861167783e-01
2.45000000000000e+00  4.19619088579427e-01
2.47500000000000e+00  4.30658207331490e-01
2.50000000000000e+00  4.38902292625747e-01
2.52500000000000e+00  4.44234971110423e-01
2.55000000000000e+00  4.46602753254752e-01
2.57500000000000e+00  4.45949943831291e-01
2.60000000000000e+00  4.42244089586462e-01
2.62500000000000e+00  4.35476066988418e-01
2.65000000000000e+00  4.25660169974916e-01
2.67500000000000e+00  4.12834197701188e-01
2.70000000000000e+00  3.97059542287810e-01
2.72500000000000e+00  3.78421276568574e-01
2.75000000000000e+00  3.57028241838358e-01
2.77500000000000e+00  3.33013135600993e-01
2.80000000000000e+00  3.06532599317141e-01
2.82500000000000e+00  2.77764826847916e-01
2.85000000000000e+00  2.46906454789739e-01
2.87500000000000e+00  2.14169407427214e-01
2.90000000000000e+00  1.79802667823238e-01
2.92500000000000e+00  1.44060423165002e-01
2.95000000000000e+00  1.07207913358555e-01
2.97500000000000e+00  6.95263793015538e-02
3.00000000000000e+00  3.13110809157106e-02
3.02500000000000e+00  -7.13009142485813e-03
3.05000000000000e+00  -4.54821846950143e-02
3.07500000000000e+00  -8.34292437158953e-02
3.10000000000000e+00  -1.20657948821678e-01
3.12500000000000e+00  -1.56862665435911e-01
3.15000000000000e+00  -1.91721277801532e-01
3.17500000000000e+00  -2.24938030246398e-01
3.20000000000000e+00  -2.56218336729841e-01
3.22500000000000e+00  -2.85281996973981e-01
3.25000000000000e+00  -3.11865457644133e-01
3.27500000000000e+00  -3.35724073529213e-01
3.30000000000000e+00  -3.56634368722148e-01
3.32500000000000e+00  -3.74396297800286e-01
3.35000000000000e+00  -3.88835507005800e-01
3.37500000000000e+00  -3.99805595426102e-01
3.40000000000000e+00  -4.07190376174244e-01
3.42500000000000e+00  -4.10906137569332e-01
3.45000000000000e+00  -4.10900109303109e-01
3.47500000000000e+00  -4.07154089009729e-01
3.50000000000000e+00  -3.99686090463930e-01
3.52500000000000e+00  -3.88545394894652e-01
3.55000000000000e+00  -3.73818066750201e-01
3.57500000000000e+00  -3.55625501641483e-01
3.60000000000000e+00  -3.34122974285230e-01
3.62500000000000e+00  -3.09498186447231e-01
3.65000000000000e+00  -2.81969814885559e-01
3.67500000000000e+00  -2.51786059293806e-01
3.70000000000000e+00  -2.19223190244309e-01
3.72500000000000e+00  -1.84584097131380e-01
3.75000000000000e+00  -1.48186400440931e-01
3.77500000000000e+00  -1.10388507314820e-01
3.80000000000000e+00  -7.15438758871817e-02
3.82500000000000e+00  -3.20261856152259e-02
3.85000000000000e+00  7.78128928965754e-03
3.87500000000000e+00  4.74896056515995e-02
3.90000000000000e+00  8.67080771199457e-02
3.92500000000000e+00  1.25048199958954e-01
3.95000000000000e+00  1.62127578837498e-01
3.97500000000000e+00  1.97573852618762e-01
4.00000000000000e+00  2.31028620149937e-01
4.02500000000000e+00  2.62151366051921e-01
4.05000000000000e+00  2.90623386509014e-01
4.07500000000000e+00  3.16150406318524e-01
4.10000000000000e+00  3.38467094955109e-01
4.12500000000000e+00  3.57340962330937e-01
4.15000000000000e+00  3.72569308762047e-01
4.17500000000000e+00  3.83988139449766e-01
4.20000000000000e+00  3.91472789799150e-01
4.22500000000000e+00  3.94938550737427e-01
4.25000000000000e+00  3.94341294032431e-01
4.27500000000000e+00  3.89678097611039e-01
4.30000000000000e+00  3.80987870877615e-01
4.32500000000000e+00  3.68351980032443e-01
4.35000000000000e+00  3.51894873390171e-01
4.37500000000000e+00  3.31783947858758e-01
4.40000000000000e+00  3.08215286166351e-01
4.42500000000000e+00  2.81434085530134e-01
4.45000000000000e+00  2.51712419741550e-01
4.47500000000000e+00  2.19355977334553e-01
4.50000000000000e+00  1.84699946946096e-01
4.52500000000000e+00  1.48104902676618e-01
4.55000000000000e+00  1.09952689450548e-01
4.57500000000000e+00  7.06423083767808e-02
4.60000000000000e+00  3.05858021091783e-02
4.62500000000000e+00  -9.79585979293886e-03
4.65000000000000e+00  -5.00768955043095e-02
4.67500000000000e+00  -8.98308255732273e-02
4.70000000000000e+00  -1.28637700175996e-01
4.72500000000000e+00  -1.66086121826050e-01
4.75000000000000e+00  -2.01780210552495e-01
4.77500000000000e+00  -2.35338484496141e-01
4.80000000000000e+00  -2.66403669945741e-01
4.82500000000000e+00  -2.94645502939365e-01
4.85000000000000e+00  -3.19763530865769e-01
4.87500000000000e+00  -3.41489914065749e-01
4.90000000000000e+00  -3.59592227433520e-01
4.92500000000000e+00  -3.73876262018069e-01
4.95000000000000e+00  -3.84188826624528e-01
4.97500000000000e+00  -3.90420549415536e-01
5.00000000000000e+00  -3.92508679512557e-01
5.02500000000000e+00  -3.90420549415487e-01
5.05000000000000e+00  -3.84188826624482e-01
5.07500000000000e+00  -3.73876262018028e-01
5.10000000000000e+00  -3.59592227433485e-01
5.12500000000000e+00  -3.41489914065720e-01
5.15000000000000e+00  -3.19763530865745e-01
5.17500000000000e+00  -2.94645502939346e-01
5.20000000000000e+00  -2.66403669945727e-01
5.22500000000000e+00  -2.35338484496132e-01
5.25000000000000e+00  -2.01780210552491e-01
5.27500000000000e+00  -1.66086121826048e-01
5.30000000000000e+00  -1.28637700175999e-01
5.32500000000000e+00  -8.98308255732344e-02
5.35000000000000e+00  -5.00768955043193e-02
5.37500000000000e+00  -9.79585979295242e-03
5.40000000000000e+00  3.05858021091652e-02
5.42500000000000e+00  7.06423083767672e-02
5.45000000000000e+00  1.09952689450534e-01
5.47500000000000e+00  1.48104902676606e-01
5.50000000000000e+00  1.84699946946082e-01
5.52500000000000e+00  2.19355977334541e-01
5.55000000000000e+00  2.51712419741538e-01
5.57500000000000e+00  2.81434085530121e-01
5.60000000000000e+00  3.08215286166340e-01
5.62500000000000e+00  3.31784706698223e-01
5.65000000000000e+00  3.51894873390154e-01
5.67500000000000e+00  3.68351980032428e-01
5.70000000000000e+00  3.80987870877600e-01
5.72500000000000e+00  3.89678097611025e-01
5.75000000000000e+00  3.94341294032417e-01
5.77500000000000e+00  3.94938550737413e-01
5.80000000000000e+00  3.91472789799136e-01
5.82500000000000e+00  3.83988139449751e-01
5.85000000000000e+00  3.72569308762032e-01
5.87500000000000e+00  3.57340962330923e-01
5.90000000000000e+00  3.38467094955094e-01
5.92500000000000e+00  3.16150406318510e-01
5.95000000000000e+00  2.90623386509006e-01
5.97500000000000e+00  2.62151366051913e-01
6.00000000000000e+00  2.31028620149930e-01
6.02500000000000e+00  1.97573852618757e-01
6.05000000000000e+00  1.62127578837494e-01
6.07500000000000e+00  1.25048199958950e-01
6.10000000000000e+00  8.67080771199415e-02
6.12500000000000e+00  4.74896056515982e-02
6.15000000000000e+00  7.78128928965686e-03
6.17500000000000e+00  -3.20261856152263e-02
6.20000000000000e+00  -7.15438758871789e-02
6.22500000000000e+00  -1.10388507314814e-01
6.25000000000000e+00  -1.48196836114542e-01
6.27500000000000e+00  -1.84584097131385e-01
6.30000000000000e+00  -2.19223190244314e-01
6.32500000000000e+00  -2.51786059293810e-01
6.35000000000000e+00  -2.81969814885562e-01
6.37500000000000e+00  -3.09498186447233e-01
6.40000000000000e+00  -3.34122974285233e-01
6.42500000000000e+00  -3.55625501641486e-01
6.45000000000000e+00  -3.73818066750203e-01
6.47500000000000e+00  -3.88545394894655e-01
6.50000000000000e+00  -3.99686090463933e-01
6.52500000000000e+00  -4.07154089009731e-01
6.55000000000000e+00  -4.10900109303107e-01
6.57500000000000e+00  -4.10906137569332e-01
6.60000000000000e+00  -4.07190376174241e-01
6.62500000000000e+00  -3.99805595426098e-01
6.65000000000000e+00  -3.88835507005797e-01
6.67500000000000e+00  -3.74396297800283e-01
6.70000000000000e+00  -3.56634368722147e-01
6.72500000000000e+00  -3.35724073529212e-01
6.75000000000000e+00  -3.11865457644134e-01
6.77500000000000e+00  -2.85281996973982e-01
6.80000000000000e+00  -2.56218336729841e-01
6.82500000000000e+00  -2.24938030246397e-01
6.85000000000000e+00  -1.91721277801530e-01
6.87500000000000e+00  -1.56861253526351e-01
6.90000000000000e+00  -1.20657948821682e-01
6.92500000000000e+00  -8.34292437158978e-02
6.95000000000000e+00  -4.54821846950184e-02
6.97500000000000e+00  -7.13009142486256e-03
7.00000000000000e+00  3.13110809157040e-02
7.02500000000000e+00  6.95263793015468e-02
7.05000000000000e+00  1.07207913358545e-01
7.07500000000000e+00  1.44060423164991e-01
7.10000000000000e+00  1.79802667823228e-01
7.12500000000000e+00  2.14169407427203e-01
7.15000000000000e+00  2.46906454789730e-01
7.17500000000000e+00  2.77764826847909e-01
7.20000000000000e+00  3.06532599317139e-01
7.22500000000000e+00  3.33013135600995e-01
7.25000000000000e+00  3.57028241838362e-01
7.27500000000000e+00  3.78421276568582e-01
7.30000000000000e+00  3.97059542287822e-01
7.32500000000000e+00  4.12834197701204e-01
7.35000000000000e+00  4.25660169974937e-01
7.37500000000000e+00  4.35476066988443e-01
7.40000000000000e+00  4.42244089586491e-01
7.42500000000000e+00  4.45949943831323e-01
7.45000000000000e+00  4.46602753254785e-01
7.47500000000000e+00  4.44234971110459e-01
7.50000000000000e+00  4.38839450176932e-01
7.52500000000000e+00  4.30658207331519e-01
7.55000000000000e+00  4.19619088579452e-01
7.57500000000000e+00  4.05848861167805e-01
7.60000000000000e+00  3.89484856364080e-01
7.62500000000000e+00  3.70674147658954e-01
7.65000000000000e+00  3.49572728969027e-01
7.67500000000000e+00  3.26344692839578e-01
7.70000000000000e+00  3.01161408647307e-01
7.72500000000000e+00  2.74200700803084e-01
7.75000000000000e+00  2.45646026954706e-01
7.77500000000000e+00  2.15685656189638e-01
7.80000000000000e+00  1.84511847237766e-01
7.82500000000000e+00  1.52318671271881e-01
7.85000000000000e+00  1.19304038344453e-01
7.87500000000000e+00  8.56648105765256e-02
7.90000000000000e+00  5.15963207504094e-02
7.92500000000000e+00  1.72918927935372e-02
7.95000000000000e+00  -1.70594666045601e-02
7.97500000000000e+00  -5.12753763752923e-02
8.00000000000000e+00  -8.51823894540248e-02
8.02500000000000e+00  -1.18618301163118e-01
8.05000000000000e+00  -1.51434457594947e-01
8.07500000000000e+00  -1.83498063994928e-01
8.10000000000000e+00  -2.14694493144556e-01
8.12500000000000e+00  -2.45875264319747e-01
8.15000000000000e+00  -2.73751294494559e-01
8.17500000000000e+00  -3.01169848350420e-01
8.20000000000000e+00  -3.27680728923435e-01
8.22500000000000e+00  -3.52947208435601e-01
8.25000000000000e+00  -3.76731395923961e-01
8.27500000000000e+00  -3.98879604869736e-01
8.30000000000000e+00  -4.19307720827468e-01
8.32500000000000e+00  -4.37986569054174e-01
8.35000000000000e+00  -4.54927282138477e-01
8.37500000000000e+00  -4.70166667629757e-01
8.40000000000000e+00  -4.83752575667289e-01
8.42500000000000e+00  -4.95729266609388e-01
8.45000000000000e+00  -5.06144320574854e-01
8.47500000000000e+00  -5.15027682300181e-01
8.50000000000000e+00  -5.22366746370648e-01
8.52500000000000e+00  -5.28190838364236e-01
8.55000000000000e+00  -5.32489666150423e-01
8.57500000000000e+00  -5.35238731505645e-01
8.60000000000000e+00  -5.36424741728757e-01
8.62500000000000e+00  -5.36071021256498e-01
8.65000000000000e+00  -5.34262923278952e-01
8.67500000000000e+00  -5.31173241355012e-01
8.70000000000000e+00  -5.27087621027838e-01
8.72500000000000e+00  -5.22429971440328e-01
8.75000000000000e+00  -5.14860877872284e-01
8.77500000000000e+00  -5.09676887326204e-01
8.80000000000000e+00  -5.02250897486769e-01
8.82500000000000e+00  -4.93315400396328e-01
8.85000000000000e+00  -4.83397314279823e-01
8.87500000000000e+00  -4.72850271751117e-01
8.90000000000000e+00  -4.61886908019325e-01
8.92500000000000e+00  -4.50611149095140e-01
8.95000000000000e+00  -4.39050499997159e-01
8.97500000000000e+00  -4.27188332958213e-01
9.00000000000000e+00  -4.14996175631690e-01
9.02500000000000e+00  -4.02465999297871e-01
9.05000000000000e+00  -3.89642507070250e-01
9.07500000000000e+00  -3.76528812264869e-01
9.10000000000000e+00  -3.63186560740146e-01
9.12500000000000e+00  -3.49714668438556e-01
9.15000000000000e+00  -3.36206030962314e-01
9.17500000000000e+00  -3.22774340953760e-01
9.20000000000000e+00  -3.09532857184339e-01
9.22500000000000e+00  -2.96573173643560e-01
9.25000000000000e+00  -2.83943988627964e-01
9.27500000000000e+00  -2.71629873830100e-01
9.30000000000000e+00  -2.59530043427485e-01
9.32500000000000e+00  -2.47437123171574e-01
9.35000000000000e+00  -2.35015919476730e-01
9.37500000000000e+00  -2.23811859424662e-01
9.40000000000000e+00  -2.11735610984567e-01
9.42500000000000e+00  -2.00475809015785e-01
9.45000000000000e+00  -1.89795013469141e-01
9.47500000000000e+00  -1.79531821450194e-01
9.50000000000000e+00  -1.69588365079655e-01
9.52500000000000e+00  -1.59917809353809e-01
9.55000000000000e+00  -1.50511850004927e-01
9.57500000000000e+00  -1.41388211361684e-01
9.60000000000000e+00  -1.32578144209578e-01
9.62500000000000e+00  -1.24113923651345e-01
9.65000000000000e+00  -1.16016346967377e-01
9.67500000000000e+00  -1.08282231476138e-01
9.70000000000000e+00  -1.00925121468250e-01
9.72500000000000e+00  -9.39332621176604e-02
9.75000000000000e+00  -8.72808772098208e-02
9.77500000000000e+00  -8.09403618189158e-02
9.80000000000000e+00  -7.48765775616810e-02
9.82500000000000e+00  -6.90538560079623e-02
9.85000000000000e+00  -6.34430020912739e-02
9.87500000000000e+00  -5.80282975193575e-02
9.90000000000000e+00  -5.28145041847397e-02
9.92500000000000e+00  -4.78338675752934e-02
9.95000000000000e+00  -4.31531201847949e-02
9.97500000000000e+00  -3.88804849234823e-02
1.00000000000000e+01  -3.51726785286174e-02
