0.00000000000000e+00  6.96955663686141e-04
2.50000000000000e-02  8.05238323545104e-04
5.00000000000000e-02  9.16435457063124e-04
7.50000000000000e-02  1.03043418588540e-03
1.00000000000000e-01  1.14712463979058e-03
1.25000000000000e-01  1.26637361760358e-03
1.50000000000000e-01  1.38799824810834e-03
1.75000000000000e-01  1.51173965096063e-03
2.00000000000000e-01  1.63723659760092e-03
2.25000000000000e-01  1.76399917216711e-03
2.50000000000000e-01  1.89138243240743e-03
2.75000000000000e-01  2.01856007059313e-03
3.00000000000000e-01  2.14449807443140e-03
3.25000000000000e-01  2.26792838797812e-03
3.50000000000000e-01  2.38732257255066e-03
3.75000000000000e-01  2.50086546764075e-03
4.00000000000000e-01  2.60642885182721e-03
4.25000000000000e-01  2.70154510368881e-03
4.50000000000000e-01  2.78338086271706e-03
4.75000000000000e-01  2.84871069022902e-03
5.00000000000000e-01  2.89389073028013e-03
5.25000000000000e-01  2.91483237057698e-03
5.50000000000000e-01  2.90697590339013e-03
5.75000000000000e-01  2.86526418646695e-03
6.00000000000000e-01  2.78411630394439e-03
6.25000000000000e-01  2.65076828418451e-03
6.50000000000000e-01  2.47665888908102e-03
6.75000000000000e-01  2.23711778276331e-03
7.00000000000000e-01  1.92571257307111e-03
7.25000000000000e-01  1.53459170644000e-03
7.50000000000000e-01  1.05455488434524e-03
7.75000000000000e-01  4.75123479745795e-04
8.00000000000000e-01  -2.15389046471899e-04
8.25000000000000e-01  -1.02980672905005e-03
8.50000000000000e-01  -1.98202068191545e-03
8.75000000000000e-01  -3.08691868173583e-03
9.00000000000000e-01  -4.36031475147575e-03
9.25000000000000e-01  -5.81887874395273e-03
9.50000000000000e-01  -7.48006592539361e-03
9.75000000000000e-01  -9.36204655899022e-03
1.00000000000000e+00  -1.14836354884560e-02
1.02500000000000e+00  -1.38642217215816e-02
1.05000000000000e+00  -1.65236980137912e-02
1.07500000000000e+00  -1.94823904516989e-02
1.10000000000000e+00  -2.27609880366644e-02
1.12500000000000e+00  -2.63804722683492e-02
1.15000000000000e+00  -3.03620467282730e-02
1.17500000000000e+00  -3.47270666633691e-02
1.20000000000000e+00  -3.94969685695418e-02
1.22500000000000e+00  -4.46931997752209e-02
1.25000000000000e+00  -5.03513891684091e-02
1.27500000000000e+00  -5.64225758335957e-02
1.30000000000000e+00  -6.29826689629496e-02
1.32500000000000e+00  -7.00372590499259e-02
1.35000000000000e+00  -7.75911711164131e-02
1.37500000000000e+00  -8.56476876622848e-02
1.40000000000000e+00  -9.42077716149486e-02
1.42500000000000e+00  -1.03269289278896e-01
1.45000000000000e+00  -1.12826233285253e-01
1.47500000000000e+00  -1.22867945541330e-01
1.50000000000000e+00  -1.33378340180171e-01
1.52500000000000e+00  -1.44335126510103e-01
1.55000000000000e+00  -1.55709031964289e-01
1.57500000000000e+00  -1.67460550026661e-01
1.60000000000000e+00  -1.79547158938015e-01
1.62500000000000e+00  -1.91912020931488e-01
1.65000000000000e+00  -2.04493242438259e-01
1.67500000000000e+00  -2.17218033797222e-01
1.70000000000000e+00  -2.30003509879046e-01
1.72500000000000e+00  -2.42757490710230e-01
1.75000000000000e+00  -2.55379302097160e-01
1.77500000000000e+00  -2.67760576250172e-01
1.80000000000000e+00  -2.79786052407600e-01
1.82500000000000e+00  -2.91334377459846e-01
1.85000000000000e+00  -3.02278906573424e-01
1.87500000000000e+00  -3.12427389531320e-01
1.90000000000000e+00  -3.21735031938673e-01
1.92500000000000e+00  -3.29956844476898e-01
1.95000000000000e+00  -3.36949787896568e-01
1.97500000000000e+00  -3.42563385750568e-01
2.00000000000000e+00  -3.46642724726145e-01
2.02500000000000e+00  -3.49031454976958e-01
2.05000000000000e+00  -3.49574790455126e-01
2.07500000000000e+00  -3.48122509243278e-01
2.10000000000000e+00  -3.44531953886596e-01
2.12500000000000e+00  -3.38671031724871e-01
2.15000000000000e+00  -3.30421215224546e-01
2.17500000000000e+00  -3.19680542310766e-01
2.20000000000000e+00  -3.06365993128426e-01
2.22500000000000e+00  -2.90416992057527e-01
2.25000000000000e+00  -2.71800034984796e-01
2.27500000000000e+00  -2.50504006632839e-01
2.30000000000000e+00  -2.26549769744051e-01
2.32500000000000e+00  -1.99990824182995e-01
2.35000000000000e+00  -1.70913966038780e-01
2.37500000000000e+00  -1.39439946727450e-01
2.40000000000000e+00  -1.05724132094358e-01
2.42500000000000e+00  -6.99571615165513e-02
2.45000000000000e+00  -3.23656070051524e-02
2.47500000000000e+00  6.78736769226252e-03
2.50000000000000e+00  4.71515234207399e-02
2.52500000000000e+00  8.84780129158760e-02
2.55000000000000e+00  1.30310479134346e-01
2.57500000000000e+00  1.72261133692617e-01
2.60000000000000e+00  2.13908130574397e-01
2.62500000000000e+00  2.54802408565799e-01
2.65000000000000e+00  2.94474533690505e-01
2.67500000000000e+00  3.32441541644928e-01
2.70000000000000e+00  3.68213780233384e-01
2.72500000000000e+00  4.01301751803244e-01
2.75000000000000e+00  4.31222955680108e-01
2.77500000000000e+00  4.57508730602966e-01
2.80000000000000e+00  4.79711097159358e-01
2.82500000000000e+00  4.97411584505170e-01
2.85000000000000e+00  5.10235086696943e-01
2.87500000000000e+00  5.17851701394532e-01
2.90000000000000e+00  5.19974346086850e-01
2.92500000000000e+00  5.16380861255994e-01
2.95000000000000e+00  5.06917070751285e-01
2.97500000000000e+00  4.91499842163307e-01
3.00000000000000e+00  4.70120147197952e-01
3.02500000000000e+00  4.42846122050463e-01
3.05000000000000e+00  4.09826127779471e-01
3.07500000000000e+00  3.71291810681041e-01
3.10000000000000e+00  3.27561162662710e-01
3.12500000000000e+00  2.79066721500998e-01
3.15000000000000e+00  2.26252502510141e-01
3.17500000000000e+00  1.69708191140820e-01
3.20000000000000e+00  1.10054756216427e-01
3.22500000000000e+00  4.79839741290138e-02
3.25000000000000e+00  -1.57537428557318e-02
3.27500000000000e+00  -8.03615182934802e-02
3.30000000000000e+00  -1.45008183256270e-01
3.32500000000000e+00  -2.08840448027523e-01
3.35000000000000e+00  -2.70995073797048e-01
3.37500000000000e+00  -3.30611044356046e-01
3.40000000000000e+00  -3.86841737792120e-01
3.42500000000000e+00  -4.38867098184283e-01
3.45000000000000e+00  -4.85910687620919e-01
3.47500000000000e+00  -5.27264950683003e-01
3.50000000000000e+00  -5.62275280030050e-01
3.52500000000000e+00  -5.90374487090452e-01
3.55000000000000e+00  -6.11086457587499e-01
3.57500000000000e+00  -6.24035383305881e-01
3.60000000000000e+00  -6.28954433632270e-01
3.62500000000000e+00  -6.25690726933856e-01
3.65000000000000e+00  -6.14209892509743e-01
3.67500000000000e+00  -5.94598477500123e-01
3.70000000000000e+00  -5.67064359755405e-01
3.72500000000000e+00  -5.31933891750064e-01
3.75000000000000e+00  -4.89647628975633e-01
3.77500000000000e+00  -4.40754385154520e-01
3.80000000000000e+00  -3.85913739982127e-01
3.82500000000000e+00  -3.25863458140139e-01
3.85000000000000e+00  -2.61424922408268e-01
3.87500000000000e+00  -1.93487605146080e-01
3.90000000000000e+00  -1.22993539774836e-01
3.92500000000000e+00  -5.09217922593260e-02
3.95000000000000e+00  2.17270674103063e-02
3.97500000000000e+00  9.39464937367300e-02
4.00000000000000e+00  1.64739494233586e-01
4.02500000000000e+00  2.33134157943663e-01
4.05000000000000e+00  2.98199183957054e-01
4.07500000000000e+00  3.59056841292886e-01
4.10000000000000e+00  4.14905175671745e-01
4.12500000000000e+00  4.65020275809851e-01
4.15000000000000e+00  5.08754098551962e-01
4.17500000000000e+00  5.45567371237746e-01
4.20000000000000e+00  5.75029982252720e-01
4.22500000000000e+00  5.96821371579162e-01
4.25000000000000e+00  6.10730921347047e-01
4.27500000000000e+00  6.16658346384962e-01
4.30000000000000e+00  6.14614084771038e-01
4.32500000000000e+00  6.04719688383867e-01
4.35000000000000e+00  5.87208213453432e-01
4.37500000000000e+00  5.62413725151088e-01
4.40000000000000e+00  5.30745181840048e-01
4.42500000000000e+00  4.92699973226302e-01
4.45000000000000e+00  4.48852708911098e-01
4.47500000000000e+00  3.99838570190034e-01
4.50000000000000e+00  3.46342969469874e-01
4.52500000000000e+00  2.89091209685375e-01
4.55000000000000e+00  2.28838143716129e-01
4.57500000000000e+00  1.66357833803369e-01
4.60000000000000e+00  1.02433210966810e-01
4.62500000000000e+00  3.78457344214801e-02
4.65000000000000e+00  -2.66349490054724e-02
4.67500000000000e+00  -9.02613454579253e-02
4.70000000000000e+00  -1.52308249909795e-01
4.72500000000000e+00  -2.12086056913686e-01
4.75000000000000e+00  -2.68947252064315e-01
4.77500000000000e+00  -3.22283730496942e-01
4.80000000000000e+00  -3.71538936833215e-01
4.82500000000000e+00  -4.16209417781833e-01
4.85000000000000e+00  -4.55846374739219e-01
4.87500000000000e+00  -4.90057216390167e-01
4.90000000000000e+00  -5.18507111308520e-01
4.92500000000000e+00  -5.40920540557823e-01
4.95000000000000e+00  -5.57082850291987e-01
4.97500000000000e+00  -5.66841804355953e-01
5.00000000000000e+00  -5.70109136886356e-01
5.02500000000000e+00  -5.66841804355931e-01
5.05000000000000e+00  -5.57082850291943e-01
5.07500000000000e+00  -5.40920540557760e-01
5.10000000000000e+00  -5.18507111308437e-01
5.12500000000000e+00  -4.90057216390065e-01
5.15000000000000e+00  -4.55846374739100e-01
5.17500000000000e+00  -4.16209417781698e-01
5.20000000000000e+00  -3.71538936833065e-01
5.22500000000000e+00  -3.22283730496778e-01
5.25000000000000e+00  -2.68947252064140e-01
5.27500000000000e+00  -2.12086056913499e-01
5.30000000000000e+00  -1.52308249909600e-01
5.32500000000000e+00  -9.02613454577253e-02
5.35000000000000e+00  -2.66349490052688e-02
5.37500000000000e+00  3.78457344216820e-02
5.40000000000000e+00  1.02433210967014e-01
5.42500000000000e+00  1.66357833803568e-01
5.45000000000000e+00  2.28838143716321e-01
5.47500000000000e+00  2.89091209685560e-01
5.50000000000000e+00  3.46342969470045e-01
5.52500000000000e+00  3.99838570190194e-01
5.55000000000000e+00  4.48852708911240e-01
5.57500000000000e+00  4.92699973226424e-01
5.60000000000000e+00  5.30745181840151e-01
5.62500000000000e+00  5.62424611112111e-01
5.65000000000000e+00  5.87208213453489e-01
5.67500000000000e+00  6.04719688383899e-01
5.70000000000000e+00  6.14614084771043e-01
5.72500000000000e+00  6.16658346384941e-01
5.75000000000000e+00  6.10730921346999e-01
5.77500000000000e+00  5.96821371579088e-01
5.80000000000000e+00  5.75029982252620e-01
5.82500000000000e+00  5.45567371237623e-01
5.85000000000000e+00  5.08754098551814e-01
5.87500000000000e+00  4.65020275809683e-01
5.90000000000000e+00  4.14905175671555e-01
5.92500000000000e+00  3.59056841292680e-01
5.95000000000000e+00  2.98199183956835e-01
5.97500000000000e+00  2.33134157943433e-01
6.00000000000000e+00  1.64739494233349e-01
6.02500000000000e+00  9.39464937364903e-02
6.05000000000000e+00  2.17270674100646e-02
6.07500000000000e+00  -5.09217922595644e-02
6.10000000000000e+00  -1.22993539775069e-01
6.12500000000000e+00  -1.93487605146299e-01
6.15000000000000e+00  -2.61424922408476e-01
6.17500000000000e+00  -3.25863458140333e-01
6.20000000000000e+00  -3.85913739982300e-01
6.22500000000000e+00  -4.40754385154669e-01
6.25000000000000e+00  -4.89649044496597e-01
6.27500000000000e+00  -5.31933891750160e-01
6.30000000000000e+00  -5.67064359755475e-01
6.32500000000000e+00  -5.94598477500163e-01
6.35000000000000e+00  -6.14209892509756e-01
6.37500000000000e+00  -6.25690726933839e-01
6.40000000000000e+00  -6.28954433632225e-01
6.42500000000000e+00  -6.24035383305809e-01
6.45000000000000e+00  -6.11086457587400e-01
6.47500000000000e+00  -5.90374487090328e-01
6.50000000000000e+00  -5.62275280029903e-01
6.52500000000000e+00  -5.27264950682835e-01
6.55000000000000e+00  -4.85910687620730e-01
6.57500000000000e+00  -4.38867098184080e-01
6.60000000000000e+00  -3.86841737791903e-01
6.62500000000000e+00  -3.30611044355820e-01
6.65000000000000e+00  -2.70995073796818e-01
6.67500000000000e+00  -2.08840448027288e-01
6.70000000000000e+00  -1.45008183256036e-01
6.72500000000000e+00  -8.03615182932479e-02
6.75000000000000e+00  -1.57537428555092e-02
6.77500000000000e+00  4.79839741292281e-02
6.80000000000000e+00  1.10054756216632e-01
6.82500000000000e+00  1.69708191141008e-01
6.85000000000000e+00  2.26252502510312e-01
6.87500000000000e+00  2.79041581617684e-01
6.90000000000000e+00  3.27561162662842e-01
6.92500000000000e+00  3.71291810681153e-01
6.95000000000000e+00  4.09826127779561e-01
6.97500000000000e+00  4.42846122050531e-01
7.00000000000000e+00  4.70120147197995e-01
7.02500000000000e+00  4.91499842163326e-01
7.05000000000000e+00  5.06917070751281e-01
7.07500000000000e+00  5.16380861255967e-01
7.10000000000000e+00  5.19974346086802e-01
7.12500000000000e+00  5.17851701394463e-01
7.15000000000000e+00  5.10235086696857e-01
7.17500000000000e+00  4.97411584505066e-01
7.20000000000000e+00  4.79711097159240e-01
7.22500000000000e+00  4.57508730602833e-01
7.25000000000000e+00  4.31222955679965e-01
7.27500000000000e+00  4.01301751803091e-01
7.30000000000000e+00  3.68213780233222e-01
7.32500000000000e+00  3.32441541644761e-01
7.35000000000000e+00  2.94474533690331e-01
7.37500000000000e+00  2.54802408565624e-01
7.40000000000000e+00  2.13908130574220e-01
7.42500000000000e+00  1.72261133692440e-01
7.45000000000000e+00  1.30310479134173e-01
7.47500000000000e+00  8.84780129157088e-02
7.50000000000000e+00  4.72013479891216e-02
7.52500000000000e+00  6.78736769211250e-03
7.55000000000000e+00  -3.23656070052937e-02
7.57500000000000e+00  -6.99571615166815e-02
7.60000000000000e+00  -1.05724132094477e-01
7.62500000000000e+00  -1.39439946727556e-01
7.65000000000000e+00  -1.70913966038874e-01
7.67500000000000e+00  -1.99990824183075e-01
7.70000000000000e+00  -2.26549769744119e-01
7.72500000000000e+00  -2.50504006632894e-01
7.75000000000000e+00  -2.71800034984837e-01
7.77500000000000e+00  -2.90416992057556e-01
7.80000000000000e+00  -3.06365993128443e-01
7.82500000000000e+00  -3.19680542310771e-01
7.85000000000000e+00  -3.30421215224540e-01
7.87500000000000e+00  -3.38671031724855e-01
7.90000000000000e+00  -3.44531953886570e-01
7.92500000000000e+00  -3.48122509243242e-01
7.95000000000000e+00  -3.49574790455082e-01
7.97500000000000e+00  -3.49031454976906e-01
8.00000000000000e+00  -3.46642724726086e-01
8.02500000000000e+00  -3.42563385750503e-01
8.05000000000000e+00  -3.36949787896497e-01
8.07500000000000e+00  -3.29956844476822e-01
8.10000000000000e+00  -3.21735031938592e-01
8.12500000000000e+00  -3.12488503814945e-01
8.15000000000000e+00  -3.02278906573338e-01
8.17500000000000e+00  -2.91334377459757e-01
8.20000000000000e+00  -2.79786052407510e-01
8.22500000000000e+00  -2.67760576250081e-01
8.25000000000000e+00  -2.55379302097070e-01
8.27500000000000e+00  -2.42757490710139e-01
8.30000000000000e+00  -2.30003509878957e-01
8.32500000000000e+00  -2.17218033797134e-01
8.35000000000000e+00  -2.04493242438173e-01
8.37500000000000e+00  -1.91912020931404e-01
8.40000000000000e+00  -1.79547158937933e-01
8.42500000000000e+00  -1.67460550026581e-01
8.45000000000000e+00  -1.55709031964212e-01
8.47500000000000e+00  -1.44335126510030e-01
8.50000000000000e+00  -1.33378340180100e-01
8.52500000000000e+00  -1.22867945541263e-01
8.55000000000000e+00  -1.12826233285189e-01
8.57500000000000e+00  -1.03269289278835e-01
8.60000000000000e+00  -9.42077716148914e-02
8.62500000000000e+00  -8.56476876622308e-02
8.65000000000000e+00  -7.75911711163623e-02
8.67500000000000e+00  -7.00372590498782e-02
8.70000000000000e+00  -6.29826689629054e-02
8.72500000000000e+00  -5.64225758335547e-02
8.75000000000000e+00  -5.03371480248812e-02
8.77500000000000e+00  -4.46931997751859e-02
8.80000000000000e+00  -3.94969685695095e-02
8.82500000000000e+00  -3.47270666633395e-02
8.85000000000000e+00  -3.03620467282462e-02
8.87500000000000e+00  -2.63804722683248e-02
8.90000000000000e+00  -2.27609880366422e-02
8.92500000000000e+00  -1.94823904516790e-02
8.95000000000000e+00  -1.65236980137732e-02
8.97500000000000e+00  -1.38642217215656e-02
9.00000000000000e+00  -1.14836354884418e-02
9.02500000000000e+00  -9.36204655897760e-03
9.05000000000000e+00  -7.48006592538239e-03
9.07500000000000e+00  -5.81887874394287e-03
9.10000000000000e+00  -4.36031475146721e-03
9.12500000000000e+00  -3.08691868172843e-03
9.15000000000000e+00  -1.98202068190913e-03
9.17500000000000e+00  -1.02980672904464e-03
9.20000000000000e+00  -2.15389046467354e-04
9.22500000000000e+00  4.75123479749527e-04
9.25000000000000e+00  1.05455488434828e-03
9.27500000000000e+00  1.53459170644240e-03
9.30000000000000e+00  1.92571257307296e-03
9.32500000000000e+00  2.23711778276466e-03
9.35000000000000e+00  2.47665888908193e-03
9.37500000000000e+00  2.65740122726228e-03
9.40000000000000e+00  2.78411630394453e-03
9.42500000000000e+00  2.86526418646678e-03
9.45000000000000e+00  2.90697590338969e-03
9.47500000000000e+00  2.91483237057629e-03
9.50000000000000e+00  2.89389073027923e-03
9.52500000000000e+00  2.84871069022794e-03
9.55000000000000e+00  2.78338086271580e-03
9.57500000000000e+00  2.70154510368741e-03
9.60000000000000e+00  2.60642885182568e-03
9.62500000000000e+00  2.50086546763912e-03
9.65000000000000e+00  2.38732257254894e-03
9.67500000000000e+00  2.26792838797631e-03
9.70000000000000e+00  2.14449807442953e-03
9.72500000000000e+00  2.01856007059121e-03
9.75000000000000e+00  1.89138243240547e-03
9.77500000000000e+00  1.76399917216513e-03
9.80000000000000e+00  1.63723659759892e-03
9.82500000000000e+00  1.51173965095863e-03
9.85000000000000e+00  1.38799824810636e-03
9.87500000000000e+00  1.26637361760166e-03
9.90000000000000e+00  1.14712463978872e-03
9.92500000000000e+00  1.03043418588362e-03
9.95000000000000e+00  9.16435457061471e-04
9.97500000000000e+00  8.05238323543603e-04
1.00000000000000e+01  6.96955663684844e-04
