0.00000000000000e+00  -3.46904579040480e-02
2.50000000000000e-02  -3.89578093761599e-02
5.00000000000000e-02  -4.34023796007128e-02
7.50000000000000e-02  -4.80441304122352e-02
1.00000000000000e-01  -5.29011633735624e-02
1.25000000000000e-01  -5.79898799720398e-02
1.50000000000000e-01  -6.33251418157254e-02
1.75000000000000e-01  -6.89204308295936e-02
2.00000000000000e-01  -7.47880094517397e-02
2.25000000000000e-01  -8.09390808295820e-02
2.50000000000000e-01  -8.73839490160670e-02
2.75000000000000e-01  -9.41321791658716e-02
3.00000000000000e-01  -1.01192757731607e-01
3.25000000000000e-01  -1.08573681125523e-01
3.50000000000000e-01  -1.16282372420122e-01
3.75000000000000e-01  -1.24325880464032e-01
4.00000000000000e-01  -1.32709470240162e-01
4.25000000000000e-01  -1.41437760521466e-01
4.50000000000000e-01  -1.50514214668021e-01
4.75000000000000e-01  -1.59940631424113e-01
5.00000000000000e-01  -1.69716635715318e-01
5.25000000000000e-01  -1.79839169445584e-01
5.50000000000000e-01  -1.90301982294316e-01
5.75000000000000e-01  -2.01095122513458e-01
6.00000000000000e-01  -2.12204427724574e-01
6.25000000000000e-01  -2.23663010941078e-01
6.50000000000000e-01  -2.35351443710022e-01
6.75000000000000e-01  -2.47348342849319e-01
7.00000000000000e-01  -2.59622498992498e-01
7.25000000000000e-01  -2.72143350186344e-01
7.50000000000000e-01  -2.84880416028784e-01
7.75000000000000e-01  -2.97802731806770e-01
8.00000000000000e-01  -3.10878282634162e-01
8.25000000000000e-01  -3.24073437589613e-01
8.50000000000000e-01  -3.37352383854450e-01
8.75000000000000e-01  -3.50676560850562e-01
9.00000000000000e-01  -3.64004094378278e-01
9.25000000000000e-01  -3.77289230754252e-01
9.50000000000000e-01  -3.90483411482186e-01
9.75000000000000e-01  -4.03533945476028e-01
1.00000000000000e+00  -4.16383566826170e-01
1.02500000000000e+00  -4.28973424992535e-01
1.05000000000000e+00  -4.41240511270126e-01
1.07500000000000e+00  -4.53118709487028e-01
1.10000000000000e+00  -4.64539846702403e-01
1.12500000000000e+00  -4.75434743904488e-01
1.15000000000000e+00  -4.85734266708599e-01
1.17500000000000e+00  -4.95370376055124e-01
1.20000000000000e+00  -5.04277178907525e-01
1.22500000000000e+00  -5.12391978950334e-01
1.25000000000000e+00  -5.19591867221349e-01
1.27500000000000e+00  -5.25892344334603e-01
1.30000000000000e+00  -5.31139246337675e-01
1.32500000000000e+00  -5.35273094244090e-01
1.35000000000000e+00  -5.38232072611316e-01
1.37500000000000e+00  -5.39953255218604e-01
1.40000000000000e+00  -5.40373830744839e-01
1.42500000000000e+00  -5.39432328446374e-01
1.45000000000000e+00  -5.37069843834882e-01
1.47500000000000e+00  -5.33231264355194e-01
1.50000000000000e+00  -5.27866495063148e-01
1.52500000000000e+00  -5.20931684303425e-01
1.55000000000000e+00  -5.12390449387401e-01
1.57500000000000e+00  -5.02212695102867e-01
1.60000000000000e+00  -4.90377117066504e-01
1.62500000000000e+00  -4.76871527603092e-01
1.65000000000000e+00  -4.61691981179753e-01
1.67500000000000e+00  -4.44844437733802e-01
1.70000000000000e+00  -4.26344706036316e-01
1.72500000000000e+00  -4.06218387055711e-01
1.75000000000000e+00  -3.84500817321308e-01
1.77500000000000e+00  -3.61237012286916e-01
1.80000000000000e+00  -3.36481609694397e-01
1.82500000000000e+00  -3.10298812937240e-01
1.85000000000000e+00  -2.82762334424138e-01
1.87500000000000e+00  -2.53979935494883e-01
1.90000000000000e+00  -2.24050675877598e-01
1.92500000000000e+00  -1.93085353647520e-01
1.95000000000000e+00  -1.61207811934236e-01
1.97500000000000e+00  -1.28552988871975e-01
2.00000000000000e+00  -9.52660790994728e-02
2.02500000000000e+00  -6.15016952598483e-02
2.05000000000000e+00  -2.74230295004752e-02
2.07500000000000e+00  6.79898502714431e-03
2.10000000000000e+00  4.09865126675110e-02
2.12500000000000e+00  7.49556537612523e-02
2.15000000000000e+00  1.08517283145251e-01
2.17500000000000e+00  1.41477888652776e-01
2.20000000000000e+00  1.73642673092775e-01
2.22500000000000e+00  2.04815077656243e-01
2.25000000000000e+00  2.34798856157454e-01
2.27500000000000e+00  2.63399510876245e-01
2.30000000000000e+00  2.90425819055975e-01
2.32500000000000e+00  3.15691457528133e-01
2.35000000000000e+00  3.39016627336953e-01
2.37500000000000e+00  3.60229678364029e-01
2.40000000000000e+00  3.79168733952926e-01
2.42500000000000e+00  3.95683315533789e-01
2.45000000000000e+00  4.09635967247963e-01
2.47500000000000e+00  4.20903880572601e-01
2.50000000000000e+00  4.29376903412816e-01
2.52500000000000e+00  4.34969836345771e-01
2.55000000000000e+00  4.37611069257124e-01
2.57500000000000e+00  4.37247182621339e-01
2.60000000000000e+00  4.33846994140828e-01
2.62500000000000e+00  4.27401771903644e-01
2.65000000000000e+00  4.17925447541183e-01
2.67500000000000e+00  4.05454829385883e-01
2.70000000000000e+00  3.90049815628923e-01
2.72500000000000e+00  3.71793607477920e-01
2.75000000000000e+00  3.50792922314632e-01
2.77500000000000e+00  3.27178206852653e-01
2.80000000000000e+00  3.01103850295118e-01
2.82500000000000e+00  2.72744565563709e-01
2.85000000000000e+00  2.42297284099185e-01
2.87500000000000e+00  2.09979860725519e-01
2.90000000000000e+00  1.76027494138342e-01
2.92500000000000e+00  1.40693519641631e-01
2.95000000000000e+00  1.04247093515141e-01
2.97500000000000e+00  6.69708773818350e-02
3.00000000000000e+00  2.91587225753207e-02
3.02500000000000e+00  -8.88664549272003e-03
3.05000000000000e+00  -4.68559429650975e-02
3.07500000000000e+00  -8.44356431716816e-02
3.10000000000000e+00  -1.21310292261969e-01
3.12500000000000e+00  -1.57166303243265e-01
3.15000000000000e+00  -1.91693528982947e-01
3.17500000000000e+00  -2.24592529363913e-01
3.20000000000000e+00  -2.55569790573452e-01
3.22500000000000e+00  -2.84345888427565e-01
3.25000000000000e+00  -3.10657790500137e-01
3.27500000000000e+00  -3.34261158252086e-01
3.30000000000000e+00  -3.54932649160530e-01
3.32500000000000e+00  -3.72472218847942e-01
3.35000000000000e+00  -3.86705423211318e-01
3.37500000000000e+00  -3.97485720551327e-01
3.40000000000000e+00  -4.04696773701478e-01
3.42500000000000e+00  -4.08254752157277e-01
3.45000000000000e+00  -4.08106468683781e-01
3.47500000000000e+00  -4.04233487855851e-01
3.50000000000000e+00  -3.96653522529277e-01
3.52500000000000e+00  -3.85415501875962e-01
3.55000000000000e+00  -3.70605153143579e-01
3.57500000000000e+00  -3.52343540905161e-01
3.60000000000000e+00  -3.30785606308688e-01
3.62500000000000e+00  -3.06118706326673e-01
3.65000000000000e+00  -2.78561153005756e-01
3.67500000000000e+00  -2.48360752716288e-01
3.70000000000000e+00  -2.15793345401922e-01
3.72500000000000e+00  -1.81161343829200e-01
3.75000000000000e+00  -1.44782084009434e-01
3.77500000000000e+00  -1.07013947933456e-01
3.80000000000000e+00  -6.82097259341161e-02
3.82500000000000e+00  -2.87426958528159e-02
3.85000000000000e+00  1.10042741575851e-02
3.87500000000000e+00  5.06426551970232e-02
3.90000000000000e+00  8.97821871824754e-02
3.92500000000000e+00  1.28034808412208e-01
3.95000000000000e+00  1.65018585130028e-01
3.97500000000000e+00  2.00361641089534e-01
4.00000000000000e+00  2.33706087118360e-01
4.02500000000000e+00  2.64711950682427e-01
4.05000000000000e+00  2.93061105450190e-01
4.07500000000000e+00  3.18459887013849e-01
4.10000000000000e+00  3.40643226732310e-01
4.12500000000000e+00  3.59379395222263e-01
4.15000000000000e+00  3.74466185897582e-01
4.17500000000000e+00  3.85740083254100e-01
4.20000000000000e+00  3.93076886650092e-01
4.22500000000000e+00  3.96392334086751e-01
4.25000000000000e+00  3.95642725988662e-01
4.27500000000000e+00  3.90825548984284e-01
4.30000000000000e+00  3.81980099686426e-01
4.32500000000000e+00  3.69188108472721e-01
4.35000000000000e+00  3.52574363266108e-01
4.37500000000000e+00  3.32306602356172e-01
4.40000000000000e+00  3.08581120484392e-01
4.42500000000000e+00  2.81643538315198e-01
4.45000000000000e+00  2.51766236553122e-01
4.47500000000000e+00  2.19255240334822e-01
4.50000000000000e+00  1.84446106503596e-01
4.52500000000000e+00  1.47699810883896e-01
4.55000000000000e+00  1.09398635555862e-01
4.57500000000000e+00  6.99420561298249e-02
4.60000000000000e+00  2.97426290208354e-02
4.62500000000000e+00  -1.07781212768156e-02
4.65000000000000e+00  -5.11938149150879e-02
4.67500000000000e+00  -9.10773294176584e-02
4.70000000000000e+00  -1.30008049279813e-01
4.72500000000000e+00  -1.67573895124925e-01
4.75000000000000e+00  -2.03378279010820e-01
4.77500000000000e+00  -2.37039008956520e-01
4.80000000000000e+00  -2.68198113216697e-01
4.82500000000000e+00  -2.96524654527454e-01
4.85000000000000e+00  -3.21717544352103e-01
4.87500000000000e+00  -3.43508357126940e-01
4.90000000000000e+00  -3.61664144507028e-01
4.92500000000000e+00  -3.75990249611969e-01
4.95000000000000e+00  -3.86333121271684e-01
4.97500000000000e+00  -3.92583128272192e-01
5.00000000000000e+00  -3.94677373601384e-01
5.02500000000000e+00  -3.92583128272187e-01
5.05000000000000e+00  -3.86333121271675e-01
5.07500000000000e+00  -3.75990249611956e-01
5.10000000000000e+00  -3.61664144507011e-01
5.12500000000000e+00  -3.43508357126920e-01
5.15000000000000e+00  -3.21717544352079e-01
5.17500000000000e+00  -2.96524654527426e-01
5.20000000000000e+00  -2.68198113216666e-01
5.22500000000000e+00  -2.37039008956485e-01
5.25000000000000e+00  -2.03378279010783e-01
5.27500000000000e+00  -1.67573895124884e-01
5.30000000000000e+00  -1.30008049279771e-01
5.32500000000000e+00  -9.10773294176143e-02
5.35000000000000e+00  -5.11938149150434e-02
5.37500000000000e+00  -1.07781212767726e-02
5.40000000000000e+00  2.97426290208802e-02
5.42500000000000e+00  6.99420561298692e-02
5.45000000000000e+00  1.09398635555904e-01
5.47500000000000e+00  1.47699810883938e-01
5.50000000000000e+00  1.84446106503634e-01
5.52500000000000e+00  2.19255240334860e-01
5.55000000000000e+00  2.51766236553155e-01
5.57500000000000e+00  2.81643538315227e-01
5.60000000000000e+00  3.08581120484418e-01
5.62500000000000e+00  3.32307333315322e-01
5.65000000000000e+00  3.52574363266121e-01
5.67500000000000e+00  3.69188108472730e-01
5.70000000000000e+00  3.81980099686430e-01
5.72500000000000e+00  3.90825548984284e-01
5.75000000000000e+00  3.95642725988656e-01
5.77500000000000e+00  3.96392334086740e-01
5.80000000000000e+00  3.93076886650077e-01
5.82500000000000e+00  3.85740083254081e-01
5.85000000000000e+00  3.74466185897558e-01
5.87500000000000e+00  3.59379395222235e-01
5.90000000000000e+00  3.40643226732278e-01
5.92500000000000e+00  3.18459887013813e-01
5.95000000000000e+00  2.93061105450151e-01
5.97500000000000e+00  2.64711950682385e-01
6.00000000000000e+00  2.33706087118316e-01
6.02500000000000e+00  2.00361641089488e-01
6.05000000000000e+00  1.65018585129980e-01
6.07500000000000e+00  1.28034808412158e-01
6.10000000000000e+00  8.97821871824246e-02
6.12500000000000e+00  5.06426551969740e-02
6.15000000000000e+00  1.10042741575351e-02
6.17500000000000e+00  -2.87426958528669e-02
6.20000000000000e+00  -6.82097259341651e-02
6.22500000000000e+00  -1.07013947933503e-01
6.25000000000000e+00  -1.44792272837183e-01
6.27500000000000e+00  -1.81161343829240e-01
6.30000000000000e+00  -2.15793345401960e-01
6.32500000000000e+00  -2.48360752716322e-01
6.35000000000000e+00  -2.78561153005787e-01
6.37500000000000e+00  -3.06118706326699e-01
6.40000000000000e+00  -3.30785606308711e-01
6.42500000000000e+00  -3.52343540905180e-01
6.45000000000000e+00  -3.70605153143593e-01
6.47500000000000e+00  -3.85415501875971e-01
6.50000000000000e+00  -3.96653522529282e-01
6.52500000000000e+00  -4.04233487855852e-01
6.55000000000000e+00  -4.08106468683776e-01
6.57500000000000e+00  -4.08254752157268e-01
6.60000000000000e+00  -4.04696773701465e-01
6.62500000000000e+00  -3.97485720551310e-01
6.65000000000000e+00  -3.86705423211297e-01
6.67500000000000e+00  -3.72472218847918e-01
6.70000000000000e+00  -3.54932649160502e-01
6.72500000000000e+00  -3.34261158252055e-01
6.75000000000000e+00  -3.10657790500105e-01
6.77500000000000e+00  -2.84345888427531e-01
6.80000000000000e+00  -2.55569790573414e-01
6.82500000000000e+00  -2.24592529363876e-01
6.85000000000000e+00  -1.91693528982909e-01
6.87500000000000e+00  -1.57164824837614e-01
6.90000000000000e+00  -1.21310292261931e-01
6.92500000000000e+00  -8.44356431716432e-02
6.95000000000000e+00  -4.68559429650608e-02
6.97500000000000e+00  -8.88664549268363e-03
7.00000000000000e+00  2.91587225753549e-02
7.02500000000000e+00  6.69708773818682e-02
7.05000000000000e+00  1.04247093515171e-01
7.07500000000000e+00  1.40693519641658e-01
7.10000000000000e+00  1.76027494138367e-01
7.12500000000000e+00  2.09979860725541e-01
7.15000000000000e+00  2.42297284099205e-01
7.17500000000000e+00  2.72744565563727e-01
7.20000000000000e+00  3.01103850295132e-01
7.22500000000000e+00  3.27178206852664e-01
7.25000000000000e+00  3.50792922314639e-01
7.27500000000000e+00  3.71793607477923e-01
7.30000000000000e+00  3.90049815628923e-01
7.32500000000000e+00  4.05454829385879e-01
7.35000000000000e+00  4.17925447541176e-01
7.37500000000000e+00  4.27401771903633e-01
7.40000000000000e+00  4.33846994140814e-01
7.42500000000000e+00  4.37247182621321e-01
7.45000000000000e+00  4.37611069257103e-01
7.47500000000000e+00  4.34969836345747e-01
7.50000000000000e+00  4.29380518945256e-01
7.52500000000000e+00  4.20903880572576e-01
7.55000000000000e+00  4.09635967247936e-01
7.57500000000000e+00  3.95683315533759e-01
7.60000000000000e+00  3.79168733952893e-01
7.62500000000000e+00  3.60229678363996e-01
7.65000000000000e+00  3.39016627336917e-01
7.67500000000000e+00  3.15691457528096e-01
7.70000000000000e+00  2.90425819055939e-01
7.72500000000000e+00  2.63399510876209e-01
7.75000000000000e+00  2.34798856157418e-01
7.77500000000000e+00  2.04815077656207e-01
7.80000000000000e+00  1.73642673092738e-01
7.82500000000000e+00  1.41477888652741e-01
7.85000000000000e+00  1.08517283145218e-01
7.87500000000000e+00  7.49556537612208e-02
7.90000000000000e+00  4.09865126674820e-02
7.92500000000000e+00  6.79898502711644e-03
7.95000000000000e+00  -2.74230295005006e-02
7.97500000000000e+00  -6.15016952598719e-02
8.00000000000000e+00  -9.52660790994934e-02
8.02500000000000e+00  -1.28552988871994e-01
8.05000000000000e+00  -1.61207811934254e-01
8.07500000000000e+00  -1.93085353647534e-01
8.10000000000000e+00  -2.24050675877609e-01
8.12500000000000e+00  -2.53955338942566e-01
8.15000000000000e+00  -2.82762334424144e-01
8.17500000000000e+00  -3.10298812937244e-01
8.20000000000000e+00  -3.36481609694399e-01
8.22500000000000e+00  -3.61237012286915e-01
8.25000000000000e+00  -3.84500817321305e-01
8.27500000000000e+00  -4.06218387055706e-01
8.30000000000000e+00  -4.26344706036309e-01
8.32500000000000e+00  -4.44844437733793e-01
8.35000000000000e+00  -4.61691981179742e-01
8.37500000000000e+00  -4.76871527603079e-01
8.40000000000000e+00  -4.90377117066490e-01
8.42500000000000e+00  -5.02212695102850e-01
8.45000000000000e+00  -5.12390449387385e-01
8.47500000000000e+00  -5.20931684303407e-01
8.50000000000000e+00  -5.27866495063128e-01
8.52500000000000e+00  -5.33231264355174e-01
8.55000000000000e+00  -5.37069843834860e-01
8.57500000000000e+00  -5.39432328446352e-01
8.60000000000000e+00  -5.40373830744816e-01
8.62500000000000e+00  -5.39953255218581e-01
8.65000000000000e+00  -5.38232072611292e-01
8.67500000000000e+00  -5.35273094244066e-01
8.70000000000000e+00  -5.31139246337651e-01
8.72500000000000e+00  -5.25892344334580e-01
8.75000000000000e+00  -5.19656327287127e-01
8.77500000000000e+00  -5.12391978950307e-01
8.80000000000000e+00  -5.04277178907498e-01
8.82500000000000e+00  -4.95370376055097e-01
8.85000000000000e+00  -4.85734266708572e-01
8.87500000000000e+00  -4.75434743904461e-01
8.90000000000000e+00  -4.64539846702375e-01
8.92500000000000e+00  -4.53118709487002e-01
8.95000000000000e+00  -4.41240511270099e-01
8.97500000000000e+00  -4.28973424992509e-01
9.00000000000000e+00  -4.16383566826144e-01
9.02500000000000e+00  -4.03533945476002e-01
9.05000000000000e+00  -3.90483411482159e-01
9.07500000000000e+00  -3.77289230754226e-01
9.10000000000000e+00  -3.64004094378253e-01
9.12500000000000e+00  -3.50676560850537e-01
9.15000000000000e+00  -3.37352383854427e-01
9.17500000000000e+00  -3.24073437589589e-01
9.20000000000000e+00  -3.10878282634138e-01
9.22500000000000e+00  -2.97802731806748e-01
9.25000000000000e+00  -2.84880416028762e-01
9.27500000000000e+00  -2.72143350186322e-01
9.30000000000000e+00  -2.59622498992477e-01
9.32500000000000e+00  -2.47348342849299e-01
9.35000000000000e+00  -2.35351443710002e-01
9.37500000000000e+00  -2.23611015715915e-01
9.40000000000000e+00  -2.12204427724555e-01
9.42500000000000e+00  -2.01095122513438e-01
9.45000000000000e+00  -1.90301982294297e-01
9.47500000000000e+00  -1.79839169445566e-01
9.50000000000000e+00  -1.69716635715301e-01
9.52500000000000e+00  -1.59940631424097e-01
9.55000000000000e+00  -1.50514214668006e-01
9.57500000000000e+00  -1.41437760521451e-01
9.60000000000000e+00  -1.32709470240148e-01
9.62500000000000e+00  -1.24325880464019e-01
9.65000000000000e+00  -1.16282372420110e-01
9.67500000000000e+00  -1.08573681125511e-01
9.70000000000000e+00  -1.01192757731597e-01
9.72500000000000e+00  -9.41321791658625e-02
9.75000000000000e+00  -8.73839490160589e-02
9.77500000000000e+00  -8.09390808295748e-02
9.80000000000000e+00  -7.47880094517329e-02
9.82500000000000e+00  -6.89204308295874e-02
9.85000000000000e+00  -6.33251418157196e-02
9.87500000000000e+00  -5.79898799720350e-02
9.90000000000000e+00  -5.29011633735579e-02
9.92500000000000e+00  -4.80441304122309e-02
9.95000000000000e+00  -4.34023796007089e-02
9.97500000000000e+00  -3.89578093761560e-02
1.00000000000000e+01  -3.46904579040447e-02
