0.00000000000000e+00  -3.46643779419313e-02
2.50000000000000e-02  -3.89617496099494e-02
5.00000000000000e-02  -4.34158187453466e-02
7.50000000000000e-02  -4.80557186872540e-02
1.00000000000000e-01  -5.29061744220920e-02
1.25000000000000e-01  -5.79880119374509e-02
1.50000000000000e-01  -6.33186675759692e-02
1.75000000000000e-01  -6.89126973892151e-02
2.00000000000000e-01  -7.47822864915666e-02
2.25000000000000e-01  -8.09377584140912e-02
2.50000000000000e-01  -8.73880844584274e-02
2.75000000000000e-01  -9.41413930506634e-02
3.00000000000000e-01  -1.01205479095218e-01
3.25000000000000e-01  -1.08587353037103e-01
3.50000000000000e-01  -1.16294115691096e-01
3.75000000000000e-01  -1.24334054209306e-01
4.00000000000000e-01  -1.32712358885521e-01
4.25000000000000e-01  -1.41435079113658e-01
4.50000000000000e-01  -1.50507801631495e-01
4.75000000000000e-01  -1.59934328764381e-01
5.00000000000000e-01  -1.69715356668970e-01
5.25000000000000e-01  -1.79847153576934e-01
5.50000000000000e-01  -1.90320238038689e-01
5.75000000000000e-01  -2.01118057167118e-01
6.00000000000000e-01  -2.12215664881290e-01
6.25000000000000e-01  -2.23619711941435e-01
6.50000000000000e-01  -2.35365375847548e-01
6.75000000000000e-01  -2.47380469715259e-01
7.00000000000000e-01  -2.59651494522775e-01
7.25000000000000e-01  -2.72160603057781e-01
7.50000000000000e-01  -2.84885732178946e-01
7.75000000000000e-01  -2.97800735077416e-01
8.00000000000000e-01  -3.10875513538323e-01
8.25000000000000e-01  -3.24076150202281e-01
8.50000000000000e-01  -3.37365040826887e-01
8.75000000000000e-01  -3.50701026548224e-01
9.00000000000000e-01  -3.64039526142360e-01
9.25000000000000e-01  -3.77332668286849e-01
9.50000000000000e-01  -3.90530129493672e-01
9.75000000000000e-01  -4.03578717188491e-01
1.00000000000000e+00  -4.16423247802350e-01
1.02500000000000e+00  -4.29005118059400e-01
1.05000000000000e+00  -4.41263975918499e-01
1.07500000000000e+00  -4.53137423736433e-01
1.10000000000000e+00  -4.64560721431129e-01
1.12500000000000e+00  -4.75466489644874e-01
1.15000000000000e+00  -4.85784412907538e-01
1.17500000000000e+00  -4.95440942799784e-01
1.20000000000000e+00  -5.04359001116292e-01
1.22500000000000e+00  -5.12457683028976e-01
1.25000000000000e+00  -5.19725020395097e-01
1.27500000000000e+00  -5.25949706290185e-01
1.30000000000000e+00  -5.31176387987417e-01
1.32500000000000e+00  -5.35320109118597e-01
1.35000000000000e+00  -5.38300932908711e-01
1.37500000000000e+00  -5.40044103789021e-01
1.40000000000000e+00  -5.40480209010155e-01
1.42500000000000e+00  -5.39545340255205e-01
1.45000000000000e+00  -5.37181255252815e-01
1.47500000000000e+00  -5.33335539390279e-01
1.50000000000000e+00  -5.27961767326633e-01
1.52500000000000e+00  -5.21019664605747e-01
1.55000000000000e+00  -5.12475269269419e-01
1.57500000000000e+00  -5.02301096776336e-01
1.60000000000000e+00  -4.90476324731605e-01
1.62500000000000e+00  -4.76986102476685e-01
1.65000000000000e+00  -4.61825856081054e-01
1.67500000000000e+00  -4.44997943561559e-01
1.70000000000000e+00  -4.26513317561277e-01
1.72500000000000e+00  -4.06393188028397e-01
1.75000000000000e+00  -3.84670684895083e-01
1.77500000000000e+00  -3.61392520756352e-01
1.80000000000000e+00  -3.36620653548941e-01
1.82500000000000e+00  -3.10433949230182e-01
1.85000000000000e+00  -2.82929844456870e-01
1.87500000000000e+00  -2.53814037839224e-01
1.90000000000000e+00  -2.24285050009387e-01
1.92500000000000e+00  -1.93431437106020e-01
1.95000000000000e+00  -1.61518388112633e-01
1.97500000000000e+00  -1.28777899558567e-01
2.00000000000000e+00  -9.54150205075864e-02
2.02500000000000e+00  -6.16140975464910e-02
2.05000000000000e+00  -2.75450197737143e-02
2.07500000000000e+00  6.63053621206929e-03
2.10000000000000e+00  4.07528613233454e-02
2.12500000000000e+00  7.46579689951523e-02
2.15000000000000e+00  1.08171350196479e-01
2.17500000000000e+00  1.41101728441662e-01
2.20000000000000e+00  1.73265340315544e-01
2.22500000000000e+00  2.04463213574437e-01
2.25000000000000e+00  2.34489550927091e-01
2.27500000000000e+00  2.63138560203661e-01
2.30000000000000e+00  2.90204207721999e-01
2.32500000000000e+00  3.15485761229917e-01
2.35000000000000e+00  3.38793332847458e-01
2.37500000000000e+00  3.59953422009162e-01
2.40000000000000e+00  3.78814458406335e-01
2.42500000000000e+00  3.95252344929316e-01
2.45000000000000e+00  4.09176000609747e-01
2.47500000000000e+00  4.20532903562837e-01
2.50000000000000e+00  4.29047294808176e-01
2.52500000000000e+00  4.34615787828298e-01
2.55000000000000e+00  4.37247327853073e-01
2.57500000000000e+00  4.36881620863413e-01
2.60000000000000e+00  4.33482723362555e-01
2.62500000000000e+00  4.27038923768984e-01
2.65000000000000e+00  4.17562623809361e-01
2.67500000000000e+00  4.05090219911447e-01
2.70000000000000e+00  3.89681984597029e-01
2.72500000000000e+00  3.71421947874842e-01
2.75000000000000e+00  3.50417778633503e-01
2.77500000000000e+00  3.26800666034425e-01
2.80000000000000e+00  3.00725200904754e-01
2.82500000000000e+00  2.72366559121094e-01
2.85000000000000e+00  2.41921580481823e-01
2.87500000000000e+00  2.09607750507805e-01
2.90000000000000e+00  1.75659663442355e-01
2.92500000000000e+00  1.40329933049071e-01
2.95000000000000e+00  1.03887047740230e-01
2.97500000000000e+00  6.66132257052025e-02
3.00000000000000e+00  2.88022700388515e-02
3.02500000000000e+00  -9.24257613005864e-03
3.05000000000000e+00  -4.72107745104581e-02
3.07500000000000e+00  -8.47866365205655e-02
3.10000000000000e+00  -1.21651468159483e-01
3.12500000000000e+00  -1.57499716279690e-01
3.15000000000000e+00  -1.92020748635854e-01
3.17500000000000e+00  -2.24912716977354e-01
3.20000000000000e+00  -2.55882238881658e-01
3.22500000000000e+00  -2.84649982378240e-01
3.25000000000000e+00  -3.10952975140645e-01
3.27500000000000e+00  -3.34546913678562e-01
3.30000000000000e+00  -3.55208472529885e-01
3.32500000000000e+00  -3.72737613452786e-01
3.35000000000000e+00  -3.86959894617781e-01
3.37500000000000e+00  -3.97728779799796e-01
3.40000000000000e+00  -4.04927947570235e-01
3.42500000000000e+00  -4.08473600489050e-01
3.45000000000000e+00  -4.08312581282748e-01
3.47500000000000e+00  -4.04426500294240e-01
3.50000000000000e+00  -3.96833125666231e-01
3.52500000000000e+00  -3.85581448280700e-01
3.55000000000000e+00  -3.70757262719592e-01
3.57500000000000e+00  -3.52481702072988e-01
3.60000000000000e+00  -3.30909772747280e-01
3.62500000000000e+00  -3.06228889273341e-01
3.65000000000000e+00  -2.78657409114698e-01
3.67500000000000e+00  -2.48443167475710e-01
3.70000000000000e+00  -2.15862012109734e-01
3.72500000000000e+00  -1.81216338127303e-01
3.75000000000000e+00  -1.44823691501463e-01
3.77500000000000e+00  -1.07042489018915e-01
3.80000000000000e+00  -6.82254910328089e-02
3.82500000000000e+00  -2.87460114031976e-02
3.85000000000000e+00  1.10130548149823e-02
3.87500000000000e+00  5.06631602128601e-02
3.90000000000000e+00  8.98140338685723e-02
3.92500000000000e+00  1.28077610188209e-01
3.95000000000000e+00  1.65071957746765e-01
3.97500000000000e+00  2.00425208129084e-01
4.00000000000000e+00  2.33779484770799e-01
4.02500000000000e+00  2.64794831799288e-01
4.05000000000000e+00  2.93153142874612e-01
4.07500000000000e+00  3.18560778707818e-01
4.10000000000000e+00  3.40752686725149e-01
4.12500000000000e+00  3.59497167479316e-01
4.15000000000000e+00  3.74592039084520e-01
4.17500000000000e+00  3.85873809379477e-01
4.20000000000000e+00  3.93218299428395e-01
4.22500000000000e+00  3.96541267021937e-01
4.25000000000000e+00  3.95799030178198e-01
4.27500000000000e+00  3.90989090643668e-01
4.30000000000000e+00  3.82150757394207e-01
4.32500000000000e+00  3.69365770136012e-01
4.35000000000000e+00  3.52758922806591e-01
4.37500000000000e+00  3.32497935306566e-01
4.40000000000000e+00  3.08779123736448e-01
4.42500000000000e+00  2.81848084899261e-01
4.45000000000000e+00  2.51977190360870e-01
4.47500000000000e+00  2.19472453343983e-01
4.50000000000000e+00  1.84669416530742e-01
4.52500000000000e+00  1.47929039865331e-01
4.55000000000000e+00  1.09633588356578e-01
4.57500000000000e+00  7.01825198805494e-02
4.60000000000000e+00  2.99883729831619e-02
4.62500000000000e+00  -1.05273453172196e-02
4.65000000000000e+00  -5.09382717271871e-02
4.67500000000000e+00  -9.08172988756746e-02
4.70000000000000e+00  -1.29743824848948e-01
4.72500000000000e+00  -1.67305782571590e-01
4.75000000000000e+00  -2.03106593828661e-01
4.77500000000000e+00  -2.36764075065273e-01
4.80000000000000e+00  -2.67920261052206e-01
4.82500000000000e+00  -2.96244219442691e-01
4.85000000000000e+00  -3.21434865329192e-01
4.87500000000000e+00  -3.43223775800184e-01
4.90000000000000e+00  -3.61378004496935e-01
4.92500000000000e+00  -3.75702896170281e-01
4.95000000000000e+00  -3.86044901237413e-01
4.97500000000000e+00  -3.92294390338652e-01
5.00000000000000e+00  -3.94388468894239e-01
5.02500000000000e+00  -3.92294390339163e-01
5.05000000000000e+00  -3.86044901238420e-01
5.07500000000000e+00  -3.75702896171772e-01
5.10000000000000e+00  -3.61378004498892e-01
5.12500000000000e+00  -3.43223775802585e-01
5.15000000000000e+00  -3.21434865332006e-01
5.17500000000000e+00  -2.96244219445884e-01
5.20000000000000e+00  -2.67920261055741e-01
5.22500000000000e+00  -2.36764075069106e-01
5.25000000000000e+00  -2.03106593832746e-01
5.27500000000000e+00  -1.67305782575875e-01
5.30000000000000e+00  -1.29743824853384e-01
5.32500000000000e+00  -9.08172988802095e-02
5.35000000000000e+00  -5.09382717317643e-02
5.37500000000000e+00  -1.05273453217857e-02
5.40000000000000e+00  2.99883729786654e-02
5.42500000000000e+00  7.01825198761746e-02
5.45000000000000e+00  1.09633588352376e-01
5.47500000000000e+00  1.47929039861355e-01
5.50000000000000e+00  1.84669416527037e-01
5.52500000000000e+00  2.19472453340595e-01
5.55000000000000e+00  2.51977190357839e-01
5.57500000000000e+00  2.81848084896621e-01
5.60000000000000e+00  3.08779123734234e-01
5.62500000000000e+00  3.32498687073957e-01
5.65000000000000e+00  3.52758922805292e-01
5.67500000000000e+00  3.69365770135200e-01
5.70000000000000e+00  3.82150757393889e-01
5.72500000000000e+00  3.90989090643848e-01
5.75000000000000e+00  3.95799030178874e-01
5.77500000000000e+00  3.96541267023100e-01
5.80000000000000e+00  3.93218299430031e-01
5.82500000000000e+00  3.85873809381567e-01
5.85000000000000e+00  3.74592039087038e-01
5.87500000000000e+00  3.59497167482234e-01
5.90000000000000e+00  3.40752686728431e-01
5.92500000000000e+00  3.18560778711427e-01
5.95000000000000e+00  2.93153142878505e-01
5.97500000000000e+00  2.64794831803422e-01
6.00000000000000e+00  2.33779484775124e-01
6.02500000000000e+00  2.00425208133552e-01
6.05000000000000e+00  1.65071957751324e-01
6.07500000000000e+00  1.28077610192807e-01
6.10000000000000e+00  8.98140338731557e-02
6.12500000000000e+00  5.06631602173804e-02
6.15000000000000e+00  1.10130548193861e-02
6.17500000000000e+00  -2.87460113989607e-02
6.20000000000000e+00  -6.82254910287834e-02
6.22500000000000e+00  -1.07042489015145e-01
6.25000000000000e+00  -1.44833622800826e-01
6.27500000000000e+00  -1.81216338124172e-01
6.30000000000000e+00  -2.15862012106975e-01
6.32500000000000e+00  -2.48443167473351e-01
6.35000000000000e+00  -2.78657409112765e-01
6.37500000000000e+00  -3.06228889271853e-01
6.40000000000000e+00  -3.30909772746254e-01
6.42500000000000e+00  -3.52481702072434e-01
6.45000000000000e+00  -3.70757262719514e-01
6.47500000000000e+00  -3.85581448281099e-01
6.50000000000000e+00  -3.96833125667101e-01
6.52500000000000e+00  -4.04426500295573e-01
6.55000000000000e+00  -4.08312581284527e-01
6.57500000000000e+00  -4.08473600491256e-01
6.60000000000000e+00  -4.04927947572844e-01
6.62500000000000e+00  -3.97728779802779e-01
6.65000000000000e+00  -3.86959894621109e-01
6.67500000000000e+00  -3.72737613456422e-01
6.70000000000000e+00  -3.55208472533792e-01
6.72500000000000e+00  -3.34546913682698e-01
6.75000000000000e+00  -3.10952975144970e-01
6.77500000000000e+00  -2.84649982382708e-01
6.80000000000000e+00  -2.55882238886224e-01
6.82500000000000e+00  -2.24912716981973e-01
6.85000000000000e+00  -1.92020748640481e-01
6.87500000000000e+00  -1.57485714883379e-01
6.90000000000000e+00  -1.21651468163988e-01
6.92500000000000e+00  -8.47866365249427e-02
6.95000000000000e+00  -4.72107745146669e-02
6.97500000000000e+00  -9.24257613405744e-03
7.00000000000000e+00  2.88022700350986e-02
7.02500000000000e+00  6.66132257017321e-02
7.05000000000000e+00  1.03887047737072e-01
7.07500000000000e+00  1.40329933046255e-01
7.10000000000000e+00  1.75659663439908e-01
7.12500000000000e+00  2.09607750505746e-01
7.15000000000000e+00  2.41921580480172e-01
7.17500000000000e+00  2.72366559119865e-01
7.20000000000000e+00  3.00725200903956e-01
7.22500000000000e+00  3.26800666034065e-01
7.25000000000000e+00  3.50417778633581e-01
7.27500000000000e+00  3.71421947875358e-01
7.30000000000000e+00  3.89681984597976e-01
7.32500000000000e+00  4.05090219912817e-01
7.35000000000000e+00  4.17562623811141e-01
7.37500000000000e+00  4.27038923771157e-01
7.40000000000000e+00  4.33482723365102e-01
7.42500000000000e+00  4.36881620866312e-01
7.45000000000000e+00  4.37247327856300e-01
7.47500000000000e+00  4.34615787831826e-01
7.50000000000000e+00  4.29314633933441e-01
7.52500000000000e+00  4.20532903566883e-01
7.55000000000000e+00  4.09176000613999e-01
7.57500000000000e+00  3.95252344933742e-01
7.60000000000000e+00  3.78814458410898e-01
7.62500000000000e+00  3.59953422013829e-01
7.65000000000000e+00  3.38793332852192e-01
7.67500000000000e+00  3.15485761234683e-01
7.70000000000000e+00  2.90204207726761e-01
7.72500000000000e+00  2.63138560208384e-01
7.75000000000000e+00  2.34489550931741e-01
7.77500000000000e+00  2.04463213578981e-01
7.80000000000000e+00  1.73265340319950e-01
7.82500000000000e+00  1.41101728445900e-01
7.85000000000000e+00  1.08171350200520e-01
7.87500000000000e+00  7.46579689989701e-02
7.90000000000000e+00  4.07528613269153e-02
7.92500000000000e+00  6.63053621536700e-03
7.95000000000000e+00  -2.75450197707083e-02
7.97500000000000e+00  -6.16140975437958e-02
8.00000000000000e+00  -9.54150205052171e-02
8.02500000000000e+00  -1.28777899556539e-01
8.05000000000000e+00  -1.61518388110958e-01
8.07500000000000e+00  -1.93431437104704e-01
8.10000000000000e+00  -2.24285050008439e-01
8.12500000000000e+00  -2.54226009263564e-01
8.15000000000000e+00  -2.82929844456669e-01
8.17500000000000e+00  -3.10433949230356e-01
8.20000000000000e+00  -3.36620653549488e-01
8.22500000000000e+00  -3.61392520757264e-01
8.25000000000000e+00  -3.84670684896357e-01
8.27500000000000e+00  -4.06393188030025e-01
8.30000000000000e+00  -4.26513317563248e-01
8.32500000000000e+00  -4.44997943563862e-01
8.35000000000000e+00  -4.61825856083677e-01
8.37500000000000e+00  -4.76986102479614e-01
8.40000000000000e+00  -4.90476324734826e-01
8.42500000000000e+00  -5.02301096779832e-01
8.45000000000000e+00  -5.12475269273175e-01
8.47500000000000e+00  -5.21019664609744e-01
8.50000000000000e+00  -5.27961767330854e-01
8.52500000000000e+00  -5.33335539394706e-01
8.55000000000000e+00  -5.37181255257428e-01
8.57500000000000e+00  -5.39545340259985e-01
8.60000000000000e+00  -5.40480209015084e-01
8.62500000000000e+00  -5.40044103794080e-01
8.65000000000000e+00  -5.38300932913881e-01
8.67500000000000e+00  -5.35320109123860e-01
8.70000000000000e+00  -5.31176387992755e-01
8.72500000000000e+00  -5.25949706295581e-01
8.75000000000000e+00  -5.19651960255635e-01
8.77500000000000e+00  -5.12457683034436e-01
8.80000000000000e+00  -5.04359001121760e-01
8.82500000000000e+00  -4.95440942805245e-01
8.85000000000000e+00  -4.85784412912978e-01
8.87500000000000e+00  -4.75466489650279e-01
8.90000000000000e+00  -4.64560721436485e-01
8.92500000000000e+00  -4.53137423741731e-01
8.95000000000000e+00  -4.41263975923726e-01
8.97500000000000e+00  -4.29005118064546e-01
9.00000000000000e+00  -4.16423247807406e-01
9.02500000000000e+00  -4.03578717193448e-01
9.05000000000000e+00  -3.90530129498521e-01
9.07500000000000e+00  -3.77332668291585e-01
9.10000000000000e+00  -3.64039526146977e-01
9.12500000000000e+00  -3.50701026552716e-01
9.15000000000000e+00  -3.37365040831250e-01
9.17500000000000e+00  -3.24076150206511e-01
9.20000000000000e+00  -3.10875513542416e-01
9.22500000000000e+00  -2.97800735081372e-01
9.25000000000000e+00  -2.84885732182761e-01
9.27500000000000e+00  -2.72160603061455e-01
9.30000000000000e+00  -2.59651494526306e-01
9.32500000000000e+00  -2.47380469718649e-01
9.35000000000000e+00  -2.35365375850796e-01
9.37500000000000e+00  -2.23578400153292e-01
9.40000000000000e+00  -2.12215664884259e-01
9.42500000000000e+00  -2.01118057169949e-01
9.45000000000000e+00  -1.90320238041385e-01
9.47500000000000e+00  -1.79847153579497e-01
9.50000000000000e+00  -1.69715356671403e-01
9.52500000000000e+00  -1.59934328766686e-01
9.55000000000000e+00  -1.50507801633676e-01
9.57500000000000e+00  -1.41435079115719e-01
9.60000000000000e+00  -1.32712358887463e-01
9.62500000000000e+00  -1.24334054211135e-01
9.65000000000000e+00  -1.16294115692814e-01
9.67500000000000e+00  -1.08587353038714e-01
9.70000000000000e+00  -1.01205479096726e-01
9.72500000000000e+00  -9.41413930520715e-02
9.75000000000000e+00  -8.73880844597397e-02
9.77500000000000e+00  -8.09377584153113e-02
9.80000000000000e+00  -7.47822864926975e-02
9.82500000000000e+00  -6.89126973902604e-02
9.85000000000000e+00  -6.33186675769322e-02
9.87500000000000e+00  -5.79880119383354e-02
9.90000000000000e+00  -5.29061744229006e-02
9.92500000000000e+00  -4.80557186879895e-02
9.95000000000000e+00  -4.34158187460122e-02
9.97500000000000e+00  -3.89617496105474e-02
1.00000000000000e+01  -3.46643779424649e-02
