0.00000000000000e+00  -2.81857602319552e-02
2.50000000000000e-02  -3.18740028756906e-02
5.00000000000000e-02  -3.56657440290795e-02
7.50000000000000e-02  -3.96066159143773e-02
1.00000000000000e-01  -4.37335178814732e-02
1.25000000000000e-01  -4.80758327643013e-02
1.50000000000000e-01  -5.26566432372518e-02
1.75000000000000e-01  -5.74939481715827e-02
2.00000000000000e-01  -6.26018789918326e-02
2.25000000000000e-01  -6.79919160322309e-02
2.50000000000000e-01  -7.36741048931109e-02
2.75000000000000e-01  -7.96582727973208e-02
3.00000000000000e-01  -8.59552449466353e-02
3.25000000000000e-01  -9.25741226077149e-02
3.50000000000000e-01  -9.95256201601085e-02
3.75000000000000e-01  -1.06823946994764e-01
4.00000000000000e-01  -1.14478122217889e-01
4.25000000000000e-01  -1.22499827251142e-01
4.50000000000000e-01  -1.30901146521876e-01
4.75000000000000e-01  -1.39692308153381e-01
5.00000000000000e-01  -1.48879424655122e-01
5.25000000000000e-01  -1.58462233612988e-01
5.50000000000000e-01  -1.68431838379526e-01
5.75000000000000e-01  -1.78768448764190e-01
6.00000000000000e-01  -1.89439121723579e-01
6.25000000000000e-01  -2.00595438605681e-01
6.50000000000000e-01  -2.11909842729334e-01
6.75000000000000e-01  -2.23645039118727e-01
7.00000000000000e-01  -2.35747590535902e-01
7.25000000000000e-01  -2.48171143863906e-01
7.50000000000000e-01  -2.60874750572069e-01
7.75000000000000e-01  -2.73821187181279e-01
8.00000000000000e-01  -2.86975275729255e-01
8.25000000000000e-01  -3.00302204235827e-01
8.50000000000000e-01  -3.13765847168210e-01
8.75000000000000e-01  -3.27327085906278e-01
9.00000000000000e-01  -3.40942129207843e-01
9.25000000000000e-01  -3.54560833673928e-01
9.50000000000000e-01  -3.68128932741177e-01
9.75000000000000e-01  -3.81584754585411e-01
1.00000000000000e+00  -3.94858502597507e-01
1.02500000000000e+00  -4.07878057207402e-01
1.05000000000000e+00  -4.20563745884252e-01
1.07500000000000e+00  -4.32830762831254e-01
1.10000000000000e+00  -4.44591588680475e-01
1.12500000000000e+00  -4.55758410187673e-01
1.15000000000000e+00  -4.66245539927131e-01
1.17500000000000e+00  -4.75971835986474e-01
1.20000000000000e+00  -4.84863121661502e-01
1.22500000000000e+00  -4.92854605151015e-01
1.25000000000000e+00  -4.99713572446212e-01
1.27500000000000e+00  -5.05572670028604e-01
1.30000000000000e+00  -5.10141890596087e-01
1.32500000000000e+00  -5.13352177088209e-01
1.35000000000000e+00  -5.15128817095558e-01
1.37500000000000e+00  -5.15393443246229e-01
1.40000000000000e+00  -5.14066033592290e-01
1.42500000000000e+00  -5.11066911996257e-01
1.45000000000000e+00  -5.06318748517559e-01
1.47500000000000e+00  -4.99748559799002e-01
1.50000000000000e+00  -4.91289709453247e-01
1.52500000000000e+00  -4.80883908449269e-01
1.55000000000000e+00  -4.68483215498833e-01
1.57500000000000e+00  -4.54061878795091e-01
1.60000000000000e+00  -4.37583022499959e-01
1.62500000000000e+00  -4.19038986079435e-01
1.65000000000000e+00  -3.98439170938207e-01
1.67500000000000e+00  -3.75804019225921e-01
1.70000000000000e+00  -3.51167772894062e-01
1.72500000000000e+00  -3.24580817731751e-01
1.75000000000000e+00  -2.96109161059306e-01
1.77500000000000e+00  -2.65833478703696e-01
1.80000000000000e+00  -2.33846426639730e-01
1.82500000000000e+00  -2.00248368715819e-01
1.85000000000000e+00  -1.65141171742624e-01
1.87500000000000e+00  -1.28813121446014e-01
1.90000000000000e+00  -9.11792279484493e-02
1.92500000000000e+00  -5.26299307480907e-02
1.95000000000000e+00  -1.33465232396969e-02
1.97500000000000e+00  2.64756898146553e-02
2.00000000000000e+00  6.66249374691227e-02
2.02500000000000e+00  1.06870527777633e-01
2.05000000000000e+00  1.46963167412550e-01
2.07500000000000e+00  1.86637245716346e-01
2.10000000000000e+00  2.25615775037509e-01
2.12500000000000e+00  2.63615668711349e-01
2.15000000000000e+00  3.00357628110540e-01
2.17500000000000e+00  3.35576690879562e-01
2.20000000000000e+00  3.68960876953778e-01
2.22500000000000e+00  4.00265740978780e-01
2.25000000000000e+00  4.29215690340267e-01
2.27500000000000e+00  4.55553667974230e-01
2.30000000000000e+00  4.79037941257571e-01
2.32500000000000e+00  4.99443534708517e-01
2.35000000000000e+00  5.16563662687034e-01
2.37500000000000e+00  5.30211162095240e-01
2.40000000000000e+00  5.40219925077816e-01
2.42500000000000e+00  5.46446331722421e-01
2.45000000000000e+00  5.48770682760106e-01
2.47500000000000e+00  5.47098632265724e-01
2.50000000000000e+00  5.41497290828699e-01
2.52500000000000e+00  5.31775064000032e-01
2.55000000000000e+00  5.18083473471546e-01
2.57500000000000e+00  5.00497836932622e-01
2.60000000000000e+00  4.79113077482615e-01
2.62500000000000e+00  4.54054377470587e-01
2.65000000000000e+00  4.25487832335021e-01
2.67500000000000e+00  3.93624145283368e-01
2.70000000000000e+00  3.58717845390841e-01
2.72500000000000e+00  3.21061694156410e-01
2.75000000000000e+00  2.80979781953616e-01
2.77500000000000e+00  2.38812735246469e-01
2.80000000000000e+00  1.94901759045558e-01
2.82500000000000e+00  1.49677557147646e-01
2.85000000000000e+00  1.03508258523532e-01
2.87500000000000e+00  5.68418373256211e-02
2.90000000000000e+00  1.00839221403880e-02
2.92500000000000e+00  -3.63396451035002e-02
2.95000000000000e+00  -8.19973230679295e-02
2.97500000000000e+00  -1.26465192440508e-01
3.00000000000000e+00  -1.69332938177817e-01
3.02500000000000e+00  -2.10209918952695e-01
3.05000000000000e+00  -2.48727441744992e-01
3.07500000000000e+00  -2.84537614686977e-01
3.10000000000000e+00  -3.17304373514757e-01
3.12500000000000e+00  -3.46740146791050e-01
3.15000000000000e+00  -3.72699191492853e-01
3.17500000000000e+00  -3.94866364476559e-01
3.20000000000000e+00  -4.13119953380331e-01
3.22500000000000e+00  -4.27352979933690e-01
3.25000000000000e+00  -4.37487657569351e-01
3.27500000000000e+00  -4.43489849035046e-01
3.30000000000000e+00  -4.45374501735302e-01
3.32500000000000e+00  -4.43204881732944e-01
3.35000000000000e+00  -4.37089625114976e-01
3.37500000000000e+00  -4.27175287138325e-01
3.40000000000000e+00  -4.13637292438173e-01
3.42500000000000e+00  -3.96670687263246e-01
3.45000000000000e+00  -3.76558719999515e-01
3.47500000000000e+00  -3.53524909309800e-01
3.50000000000000e+00  -3.27890275951523e-01
3.52500000000000e+00  -2.99951304653967e-01
3.55000000000000e+00  -2.70026750801181e-01
3.57500000000000e+00  -2.38447045308397e-01
3.60000000000000e+00  -2.05544657553711e-01
3.62500000000000e+00  -1.71650341570436e-01
3.65000000000000e+00  -1.37087881519559e-01
3.67500000000000e+00  -1.02171494015705e-01
3.70000000000000e+00  -6.72041759318131e-02
3.72500000000000e+00  -3.24794205874590e-02
3.75000000000000e+00  1.71375998258246e-03
3.77500000000000e+00  3.51599008470180e-02
3.80000000000000e+00  6.75714994215291e-02
3.82500000000000e+00  9.87555224977991e-02
3.85000000000000e+00  1.28520703801640e-01
3.87500000000000e+00  1.56687000045415e-01
3.90000000000000e+00  1.83095046980446e-01
3.92500000000000e+00  2.07607886442832e-01
3.95000000000000e+00  2.30107340586698e-01
3.97500000000000e+00  2.50493152813715e-01
4.00000000000000e+00  2.68675691071772e-01
4.02500000000000e+00  2.84576561509419e-01
4.05000000000000e+00  2.98130446477942e-01
4.07500000000000e+00  3.09288494847005e-01
4.10000000000000e+00  3.18008286266462e-01
4.12500000000000e+00  3.24252062023555e-01
4.15000000000000e+00  3.27995582338648e-01
4.17500000000000e+00  3.29221174824100e-01
4.20000000000000e+00  3.27918879282798e-01
4.22500000000000e+00  3.24087592506677e-01
4.25000000000000e+00  3.17736213075246e-01
4.27500000000000e+00  3.08884786154119e-01
4.30000000000000e+00  2.97565648293537e-01
4.32500000000000e+00  2.83824572226892e-01
4.35000000000000e+00  2.67721911669260e-01
4.37500000000000e+00  2.49332867671951e-01
4.40000000000000e+00  2.28763923523748e-01
4.42500000000000e+00  2.06131574374617e-01
4.45000000000000e+00  1.81570868699778e-01
4.47500000000000e+00  1.55243292415216e-01
4.50000000000000e+00  1.27335361933843e-01
4.52500000000000e+00  9.80572172216495e-02
4.55000000000000e+00  6.76412148538772e-02
4.57500000000000e+00  3.63405210711658e-02
4.60000000000000e+00  4.42770483572111e-03
4.62500000000000e+00  -2.78066691125256e-02
4.65000000000000e+00  -6.00554471997646e-02
4.67500000000000e+00  -9.19962939621372e-02
4.70000000000000e+00  -1.23305282061901e-01
4.72500000000000e+00  -1.53652136508877e-01
4.75000000000000e+00  -1.82709174519762e-01
4.77500000000000e+00  -2.10151088449898e-01
4.80000000000000e+00  -2.35665400302481e-01
4.82500000000000e+00  -2.58956603867844e-01
4.85000000000000e+00  -2.79750306862759e-01
4.87500000000000e+00  -2.97797373069708e-01
4.90000000000000e+00  -3.12878064476184e-01
4.92500000000000e+00  -3.24806183413973e-01
4.95000000000000e+00  -3.33433214698441e-01
4.97500000000000e+00  -3.38652467767825e-01
5.00000000000000e+00  -3.40403218822524e-01
5.02500000000000e+00  -3.38652467767827e-01
5.05000000000000e+00  -3.33433214698442e-01
5.07500000000000e+00  -3.24806183413972e-01
5.10000000000000e+00  -3.12878064476181e-01
5.12500000000000e+00  -2.97797373069703e-01
5.15000000000000e+00  -2.79750306862751e-01
5.17500000000000e+00  -2.58956603867835e-01
5.20000000000000e+00  -2.35665400302469e-01
5.22500000000000e+00  -2.10151088449886e-01
5.25000000000000e+00  -1.82709174519749e-01
5.27500000000000e+00  -1.53652136508862e-01
5.30000000000000e+00  -1.23305282061886e-01
5.32500000000000e+00  -9.19962939621243e-02
5.35000000000000e+00  -6.00554471997519e-02
5.37500000000000e+00  -2.78066691125153e-02
5.40000000000000e+00  4.42770483573172e-03
5.42500000000000e+00  3.63405210711755e-02
5.45000000000000e+00  6.76412148538854e-02
5.47500000000000e+00  9.80572172216585e-02
5.50000000000000e+00  1.27335361933850e-01
5.52500000000000e+00  1.55243292415224e-01
5.55000000000000e+00  1.81570868699785e-01
5.57500000000000e+00  2.06131574374623e-01
5.60000000000000e+00  2.28763923523755e-01
5.62500000000000e+00  2.49333746115926e-01
5.65000000000000e+00  2.67721911669267e-01
5.67500000000000e+00  2.83824572226901e-01
5.70000000000000e+00  2.97565648293546e-01
5.72500000000000e+00  3.08884786154131e-01
5.75000000000000e+00  3.17736213075259e-01
5.77500000000000e+00  3.24087592506691e-01
5.80000000000000e+00  3.27918879282813e-01
5.82500000000000e+00  3.29221174824117e-01
5.85000000000000e+00  3.27995582338665e-01
5.87500000000000e+00  3.24252062023574e-01
5.90000000000000e+00  3.18008286266481e-01
5.92500000000000e+00  3.09288494847024e-01
5.95000000000000e+00  2.98130446477961e-01
5.97500000000000e+00  2.84576561509437e-01
6.00000000000000e+00  2.68675691071790e-01
6.02500000000000e+00  2.50493152813731e-01
6.05000000000000e+00  2.30107340586711e-01
6.07500000000000e+00  2.07607886442841e-01
6.10000000000000e+00  1.83095046980450e-01
6.12500000000000e+00  1.56687000045415e-01
6.15000000000000e+00  1.28520703801635e-01
6.17500000000000e+00  9.87555224977880e-02
6.20000000000000e+00  6.75714994215137e-02
6.22500000000000e+00  3.51599008469975e-02
6.25000000000000e+00  1.71706606279321e-03
6.27500000000000e+00  -3.24794205875030e-02
6.30000000000000e+00  -6.72041759318635e-02
6.32500000000000e+00  -1.02171494015758e-01
6.35000000000000e+00  -1.37087881519616e-01
6.37500000000000e+00  -1.71650341570494e-01
6.40000000000000e+00  -2.05544657553771e-01
6.42500000000000e+00  -2.38447045308457e-01
6.45000000000000e+00  -2.70026750801242e-01
6.47500000000000e+00  -2.99951304654030e-01
6.50000000000000e+00  -3.27890275951587e-01
6.52500000000000e+00  -3.53524909309865e-01
6.55000000000000e+00  -3.76558719999579e-01
6.57500000000000e+00  -3.96670687263302e-01
6.60000000000000e+00  -4.13637292438227e-01
6.62500000000000e+00  -4.27175287138375e-01
6.65000000000000e+00  -4.37089625115021e-01
6.67500000000000e+00  -4.43204881732984e-01
6.70000000000000e+00  -4.45374501735336e-01
6.72500000000000e+00  -4.43489849035069e-01
6.75000000000000e+00  -4.37487657569364e-01
6.77500000000000e+00  -4.27352979933694e-01
6.80000000000000e+00  -4.13119953380324e-01
6.82500000000000e+00  -3.94866364476542e-01
6.85000000000000e+00  -3.72699191492828e-01
6.87500000000000e+00  -3.46694508019665e-01
6.90000000000000e+00  -3.17304373514715e-01
6.92500000000000e+00  -2.84537614686929e-01
6.95000000000000e+00  -2.48727441744938e-01
6.97500000000000e+00  -2.10209918952634e-01
7.00000000000000e+00  -1.69332938177749e-01
7.02500000000000e+00  -1.26465192440432e-01
7.05000000000000e+00  -8.19973230678455e-02
7.07500000000000e+00  -3.63396451034120e-02
7.10000000000000e+00  1.00839221404799e-02
7.12500000000000e+00  5.68418373257122e-02
7.15000000000000e+00  1.03508258523622e-01
7.17500000000000e+00  1.49677557147735e-01
7.20000000000000e+00  1.94901759045641e-01
7.22500000000000e+00  2.38812735246549e-01
7.25000000000000e+00  2.80979781953691e-01
7.27500000000000e+00  3.21061694156478e-01
7.30000000000000e+00  3.58717845390906e-01
7.32500000000000e+00  3.93624145283429e-01
7.35000000000000e+00  4.25487832335081e-01
7.37500000000000e+00  4.54054377470642e-01
7.40000000000000e+00  4.79113077482665e-01
7.42500000000000e+00  5.00497836932665e-01
7.45000000000000e+00  5.18083473471582e-01
7.47500000000000e+00  5.31775064000060e-01
7.50000000000000e+00  5.41362620358356e-01
7.52500000000000e+00  5.47098632265723e-01
7.55000000000000e+00  5.48770682760094e-01
7.57500000000000e+00  5.46446331722400e-01
7.60000000000000e+00  5.40219925077785e-01
7.62500000000000e+00  5.30211162095201e-01
7.65000000000000e+00  5.16563662686986e-01
7.67500000000000e+00  4.99443534708461e-01
7.70000000000000e+00  4.79037941257508e-01
7.72500000000000e+00  4.55553667974161e-01
7.75000000000000e+00  4.29215690340194e-01
7.77500000000000e+00  4.00265740978702e-01
7.80000000000000e+00  3.68960876953697e-01
7.82500000000000e+00  3.35576690879479e-01
7.85000000000000e+00  3.00357628110457e-01
7.87500000000000e+00  2.63615668711266e-01
7.90000000000000e+00  2.25615775037426e-01
7.92500000000000e+00  1.86637245716264e-01
7.95000000000000e+00  1.46963167412472e-01
7.97500000000000e+00  1.06870527777555e-01
8.00000000000000e+00  6.66249374690481e-02
8.02500000000000e+00  2.64756898145832e-02
8.05000000000000e+00  -1.33465232397670e-02
8.07500000000000e+00  -5.26299307481558e-02
8.10000000000000e+00  -9.11792279485101e-02
8.12500000000000e+00  -1.28622000581768e-01
8.15000000000000e+00  -1.65141171742677e-01
8.17500000000000e+00  -2.00248368715867e-01
8.20000000000000e+00  -2.33846426639773e-01
8.22500000000000e+00  -2.65833478703730e-01
8.25000000000000e+00  -2.96109161059334e-01
8.27500000000000e+00  -3.24580817731773e-01
8.30000000000000e+00  -3.51167772894077e-01
8.32500000000000e+00  -3.75804019225929e-01
8.35000000000000e+00  -3.98439170938206e-01
8.37500000000000e+00  -4.19038986079427e-01
8.40000000000000e+00  -4.37583022499945e-01
8.42500000000000e+00  -4.54061878795071e-01
8.45000000000000e+00  -4.68483215498806e-01
8.47500000000000e+00  -4.80883908449236e-01
8.50000000000000e+00  -4.91289709453208e-01
8.52500000000000e+00  -4.99748559798957e-01
8.55000000000000e+00  -5.06318748517509e-01
8.57500000000000e+00  -5.11066911996203e-01
8.60000000000000e+00  -5.14066033592230e-01
8.62500000000000e+00  -5.15393443246165e-01
8.65000000000000e+00  -5.15128817095491e-01
8.67500000000000e+00  -5.13352177088138e-01
8.70000000000000e+00  -5.10141890596012e-01
8.72500000000000e+00  -5.05572670028526e-01
8.75000000000000e+00  -4.99893299251558e-01
8.77500000000000e+00  -4.92854605150933e-01
8.80000000000000e+00  -4.84863121661418e-01
8.82500000000000e+00  -4.75971835986387e-01
8.85000000000000e+00  -4.66245539927044e-01
8.87500000000000e+00  -4.55758410187585e-01
8.90000000000000e+00  -4.44591588680386e-01
8.92500000000000e+00  -4.32830762831165e-01
8.95000000000000e+00  -4.20563745884163e-01
8.97500000000000e+00  -4.07878057207314e-01
9.00000000000000e+00  -3.94858502597419e-01
9.02500000000000e+00  -3.81584754585324e-01
9.05000000000000e+00  -3.68128932741090e-01
9.07500000000000e+00  -3.54560833673844e-01
9.10000000000000e+00  -3.40942129207761e-01
9.12500000000000e+00  -3.27327085906197e-01
9.15000000000000e+00  -3.13765847168131e-01
9.17500000000000e+00  -3.00302204235750e-01
9.20000000000000e+00  -2.86975275729180e-01
9.22500000000000e+00  -2.73821187181207e-01
9.25000000000000e+00  -2.60874750571999e-01
9.27500000000000e+00  -2.48171143863838e-01
9.30000000000000e+00  -2.35747590535836e-01
9.32500000000000e+00  -2.23645039118664e-01
9.35000000000000e+00  -2.11909842729274e-01
9.37500000000000e+00  -2.00395502051624e-01
9.40000000000000e+00  -1.89439121723524e-01
9.42500000000000e+00  -1.78768448764137e-01
9.45000000000000e+00  -1.68431838379475e-01
9.47500000000000e+00  -1.58462233612940e-01
9.50000000000000e+00  -1.48879424655077e-01
9.52500000000000e+00  -1.39692308153337e-01
9.55000000000000e+00  -1.30901146521835e-01
9.57500000000000e+00  -1.22499827251103e-01
9.60000000000000e+00  -1.14478122217852e-01
9.62500000000000e+00  -1.06823946994730e-01
9.65000000000000e+00  -9.95256201600759e-02
9.67500000000000e+00  -9.25741226076838e-02
9.70000000000000e+00  -8.59552449466059e-02
9.72500000000000e+00  -7.96582727972931e-02
9.75000000000000e+00  -7.36741048930850e-02
9.77500000000000e+00  -6.79919160322066e-02
9.80000000000000e+00  -6.26018789918095e-02
9.82500000000000e+00  -5.74939481715608e-02
9.85000000000000e+00  -5.26566432372310e-02
9.87500000000000e+00  -4.80758327642821e-02
9.90000000000000e+00  -4.37335178814552e-02
9.92500000000000e+00  -3.96066159143604e-02
9.95000000000000e+00  -3.56657440290640e-02
9.97500000000000e+00  -3.18740028756764e-02
1.00000000000000e+01  -2.81857602319430e-02
