0.00000000000000e+00  -3.47000757661604e-02
2.50000000000000e-02  -3.89555972563824e-02
5.00000000000000e-02  -4.33964967231588e-02
7.50000000000000e-02  -4.80390208285701e-02
1.00000000000000e-01  -5.28986151555353e-02
1.25000000000000e-01  -5.79899340112032e-02
1.50000000000000e-01  -6.33268502303433e-02
1.75000000000000e-01  -6.89224649787383e-02
2.00000000000000e-01  -7.47891175565765e-02
2.25000000000000e-01  -8.09383952018426e-02
2.50000000000000e-01  -8.73811428937115e-02
2.75000000000000e-01  -9.41274731559384e-02
3.00000000000000e-01  -1.01186775860251e-01
3.25000000000000e-01  -1.08567428229821e-01
3.50000000000000e-01  -1.16276950738916e-01
3.75000000000000e-01  -1.24321962941602e-01
4.00000000000000e-01  -1.32707685813221e-01
4.25000000000000e-01  -1.41438203143114e-01
4.50000000000000e-01  -1.50516226830808e-01
4.75000000000000e-01  -1.59942862182191e-01
5.00000000000000e-01  -1.69717373205696e-01
5.25000000000000e-01  -1.79836947908476e-01
5.50000000000000e-01  -1.90296463592588e-01
5.75000000000000e-01  -2.01088252151173e-01
6.00000000000000e-01  -2.12201865364634e-01
6.25000000000000e-01  -2.23630371515690e-01
6.50000000000000e-01  -2.35354478818925e-01
6.75000000000000e-01  -2.47362358308663e-01
7.00000000000000e-01  -2.59634222423817e-01
7.25000000000000e-01  -2.72147616375542e-01
7.50000000000000e-01  -2.84877334860704e-01
7.75000000000000e-01  -2.97795338775348e-01
8.00000000000000e-01  -3.10870671928160e-01
8.25000000000000e-01  -3.24069377753940e-01
8.50000000000000e-01  -3.37354416027065e-01
8.75000000000000e-01  -3.50685579574960e-01
9.00000000000000e-01  -3.64019410991560e-01
9.25000000000000e-01  -3.77309119350779e-01
9.50000000000000e-01  -3.90505040396346e-01
9.75000000000000e-01  -4.03554286417903e-01
1.00000000000000e+00  -4.16400811405954e-01
1.02500000000000e+00  -4.28986064730671e-01
1.05000000000000e+00  -4.41248609908700e-01
1.07500000000000e+00  -4.53124432829545e-01
1.10000000000000e+00  -4.64547249981950e-01
1.12500000000000e+00  -4.75448816680284e-01
1.15000000000000e+00  -4.85759235290927e-01
1.17500000000000e+00  -4.95407263458650e-01
1.20000000000000e+00  -5.04320622333004e-01
1.22500000000000e+00  -5.12426304794700e-01
1.25000000000000e+00  -5.19653259174905e-01
1.27500000000000e+00  -5.25923160859944e-01
1.30000000000000e+00  -5.31163820263272e-01
1.32500000000000e+00  -5.35303880939242e-01
1.35000000000000e+00  -5.38273376314355e-01
1.37500000000000e+00  -5.40004358377527e-01
1.40000000000000e+00  -5.40431526370357e-01
1.42500000000000e+00  -5.39492855477403e-01
1.45000000000000e+00  -5.37130225516439e-01
1.47500000000000e+00  -5.33290049628738e-01
1.50000000000000e+00  -5.27923902969328e-01
1.52500000000000e+00  -5.20989151397270e-01
1.55000000000000e+00  -5.12449580165921e-01
1.57500000000000e+00  -5.02276030021000e-01
1.60000000000000e+00  -4.90446986262242e-01
1.62500000000000e+00  -4.76949456348867e-01
1.65000000000000e+00  -4.61778550646241e-01
1.67500000000000e+00  -4.44938981341638e-01
1.70000000000000e+00  -4.26445337614814e-01
1.72500000000000e+00  -4.06322360808598e-01
1.75000000000000e+00  -3.84605219599470e-01
1.77500000000000e+00  -3.61339785168146e-01
1.80000000000000e+00  -3.36582906370160e-01
1.82500000000000e+00  -3.10402684906446e-01
1.85000000000000e+00  -2.82878750493923e-01
1.87500000000000e+00  -2.54104905191882e-01
1.90000000000000e+00  -2.24178763723176e-01
1.92500000000000e+00  -1.93217612678774e-01
1.95000000000000e+00  -1.61344787819898e-01
1.97500000000000e+00  -1.28694878909554e-01
2.00000000000000e+00  -9.54128636376207e-02
2.02500000000000e+00  -6.16532415459505e-02
2.05000000000000e+00  -2.75791679534610e-02
2.07500000000000e+00  6.63841211876580e-03
2.10000000000000e+00  4.08216300223915e-02
2.12500000000000e+00  7.47865595567221e-02
2.15000000000000e+00  1.08344083043614e-01
2.17500000000000e+00  1.41300757402378e-01
2.20000000000000e+00  1.73461678791391e-01
2.22500000000000e+00  2.04630315096039e-01
2.25000000000000e+00  2.34610441121990e-01
2.27500000000000e+00  2.63207557297817e-01
2.30000000000000e+00  2.90230486570478e-01
2.32500000000000e+00  3.15492974876613e-01
2.35000000000000e+00  3.38815291613844e-01
2.37500000000000e+00  3.60025830112072e-01
2.40000000000000e+00  3.78962708104767e-01
2.42500000000000e+00  3.95475368200274e-01
2.45000000000000e+00  4.09426178353101e-01
2.47500000000000e+00  4.20692032335224e-01
2.50000000000000e+00  4.29163456308345e-01
2.52500000000000e+00  4.34754962498082e-01
2.55000000000000e+00  4.37395177272262e-01
2.57500000000000e+00  4.37030641214889e-01
2.60000000000000e+00  4.33630119966771e-01
2.62500000000000e+00  4.27184825125303e-01
2.65000000000000e+00  4.17708635144254e-01
2.67500000000000e+00  4.05238316233544e-01
2.70000000000000e+00  3.89833743259037e-01
2.72500000000000e+00  3.71578120642316e-01
2.75000000000000e+00  3.50578203260473e-01
2.77500000000000e+00  3.26964517345890e-01
2.80000000000000e+00  3.00891581386023e-01
2.82500000000000e+00  2.72534023355895e-01
2.85000000000000e+00  2.42088772313775e-01
2.87500000000000e+00  2.09773734507607e-01
2.90000000000000e+00  1.75823970077910e-01
2.92500000000000e+00  1.40492739279996e-01
2.95000000000000e+00  1.04049173831536e-01
2.97500000000000e+00  6.67759482601373e-02
3.00000000000000e+00  2.89669512509121e-02
3.02500000000000e+00  -9.07504300594676e-03
3.05000000000000e+00  -4.70407034675949e-02
3.07500000000000e+00  -8.46164708909633e-02
3.10000000000000e+00  -1.21486886485186e-01
3.12500000000000e+00  -1.57338134975164e-01
3.15000000000000e+00  -1.91860918716110e-01
3.17500000000000e+00  -2.24755113056169e-01
3.20000000000000e+00  -2.55727274979457e-01
3.22500000000000e+00  -2.84498030769210e-01
3.25000000000000e+00  -3.10804381386357e-01
3.27500000000000e+00  -3.34402007848086e-01
3.30000000000000e+00  -3.55067576606417e-01
3.32500000000000e+00  -3.72601044926770e-01
3.35000000000000e+00  -3.86827966266542e-01
3.37500000000000e+00  -3.97601795653671e-01
3.40000000000000e+00  -4.04806195065211e-01
3.42500000000000e+00  -4.08357338805898e-01
3.45000000000000e+00  -4.08202049990718e-01
3.47500000000000e+00  -4.04321908226572e-01
3.50000000000000e+00  -3.96734644483194e-01
3.52500000000000e+00  -3.85489215075408e-01
3.55000000000000e+00  -3.70671375305053e-01
3.57500000000000e+00  -3.52402217003929e-01
3.60000000000000e+00  -3.30836706076744e-01
3.62500000000000e+00  -3.06162220044058e-01
3.65000000000000e+00  -2.78597085585236e-01
3.67500000000000e+00  -2.48389116081392e-01
3.70000000000000e+00  -2.15814149158333e-01
3.72500000000000e+00  -1.81174584229513e-01
3.75000000000000e+00  -1.44787863466859e-01
3.77500000000000e+00  -1.07012394239399e-01
3.80000000000000e+00  -6.82009512831135e-02
3.82500000000000e+00  -2.87268345046849e-02
3.85000000000000e+00  1.10270682843994e-02
3.87500000000000e+00  5.06722107575696e-02
3.90000000000000e+00  8.98183174628870e-02
3.92500000000000e+00  1.28077313212761e-01
3.95000000000000e+00  1.65067252473673e-01
3.97500000000000e+00  2.00416248755890e-01
4.00000000000000e+00  2.33766404003180e-01
4.02500000000000e+00  2.64777737982538e-01
4.05000000000000e+00  2.93132117673892e-01
4.07500000000000e+00  3.18535875209189e-01
4.10000000000000e+00  3.40723931980706e-01
4.12500000000000e+00  3.59464558725602e-01
4.15000000000000e+00  3.74555545603344e-01
4.17500000000000e+00  3.85833374459121e-01
4.20000000000000e+00  3.93173842683729e-01
4.22500000000000e+00  3.96492687073458e-01
4.25000000000000e+00  3.95746207689978e-01
4.27500000000000e+00  3.90931891720228e-01
4.30000000000000e+00  3.82089037336298e-01
4.32500000000000e+00  3.69299377555318e-01
4.35000000000000e+00  3.52687704099346e-01
4.37500000000000e+00  3.32421750180252e-01
4.40000000000000e+00  3.08697826310657e-01
4.42500000000000e+00  2.81761551733918e-01
4.45000000000000e+00  2.51885314314546e-01
4.47500000000000e+00  2.19375147970899e-01
4.50000000000000e+00  1.84566619935577e-01
4.52500000000000e+00  1.47820718015829e-01
4.55000000000000e+00  1.09519737853961e-01
4.57500000000000e+00  7.00631701877305e-02
4.60000000000000e+00  2.98635881107571e-02
4.62500000000000e+00  -1.06574656670727e-02
4.65000000000000e+00  -5.10735915592111e-02
4.67500000000000e+00  -9.09576458420320e-02
4.70000000000000e+00  -1.29888991010950e-01
4.72500000000000e+00  -1.67455525144055e-01
4.75000000000000e+00  -2.03260637015768e-01
4.77500000000000e+00  -2.36922111356486e-01
4.80000000000000e+00  -2.68081953623014e-01
4.82500000000000e+00  -2.96409204670062e-01
4.85000000000000e+00  -3.21602755421753e-01
4.87500000000000e+00  -3.43394161543113e-01
4.90000000000000e+00  -3.61550458111574e-01
4.92500000000000e+00  -3.75876974288475e-01
4.95000000000000e+00  -3.86220147990556e-01
4.97500000000000e+00  -3.92470340561466e-01
5.00000000000000e+00  -3.94564651443252e-01
5.02500000000000e+00  -3.92470340561168e-01
5.05000000000000e+00  -3.86220147989963e-01
5.07500000000000e+00  -3.75876974287594e-01
5.10000000000000e+00  -3.61550458110416e-01
5.12500000000000e+00  -3.43394161541693e-01
5.15000000000000e+00  -3.21602755420089e-01
5.17500000000000e+00  -2.96409204668172e-01
5.20000000000000e+00  -2.68081953620922e-01
5.22500000000000e+00  -2.36922111354218e-01
5.25000000000000e+00  -2.03260637013352e-01
5.27500000000000e+00  -1.67455525141518e-01
5.30000000000000e+00  -1.29888991008325e-01
5.32500000000000e+00  -9.09576458393499e-02
5.35000000000000e+00  -5.10735915565044e-02
5.37500000000000e+00  -1.06574656643760e-02
5.40000000000000e+00  2.98635881134148e-02
5.42500000000000e+00  7.00631701903154e-02
5.45000000000000e+00  1.09519737856441e-01
5.47500000000000e+00  1.47820718018177e-01
5.50000000000000e+00  1.84566619937762e-01
5.52500000000000e+00  2.19375147972898e-01
5.55000000000000e+00  2.51885314316333e-01
5.57500000000000e+00  2.81761551735471e-01
5.60000000000000e+00  3.08697826311960e-01
5.62500000000000e+00  3.32422491256285e-01
5.65000000000000e+00  3.52687704100104e-01
5.67500000000000e+00  3.69299377555789e-01
5.70000000000000e+00  3.82089037336476e-01
5.72500000000000e+00  3.90931891720112e-01
5.75000000000000e+00  3.95746207689569e-01
5.77500000000000e+00  3.96492687072762e-01
5.80000000000000e+00  3.93173842682754e-01
5.82500000000000e+00  3.85833374457879e-01
5.85000000000000e+00  3.74555545601850e-01
5.87500000000000e+00  3.59464558723873e-01
5.90000000000000e+00  3.40723931978762e-01
5.92500000000000e+00  3.18535875207054e-01
5.95000000000000e+00  2.93132117671592e-01
5.97500000000000e+00  2.64777737980098e-01
6.00000000000000e+00  2.33766404000629e-01
6.02500000000000e+00  2.00416248753258e-01
6.05000000000000e+00  1.65067252470989e-01
6.07500000000000e+00  1.28077313210057e-01
6.10000000000000e+00  8.98183174601923e-02
6.12500000000000e+00  5.06722107549175e-02
6.15000000000000e+00  1.10270682818173e-02
6.17500000000000e+00  -2.87268345071688e-02
6.20000000000000e+00  -6.82009512854689e-02
6.22500000000000e+00  -1.07012394241600e-01
6.25000000000000e+00  -1.44797920040996e-01
6.27500000000000e+00  -1.81174584231335e-01
6.30000000000000e+00  -2.15814149159936e-01
6.32500000000000e+00  -2.48389116082756e-01
6.35000000000000e+00  -2.78597085586350e-01
6.37500000000000e+00  -3.06162220044907e-01
6.40000000000000e+00  -3.30836706077321e-01
6.42500000000000e+00  -3.52402217004228e-01
6.45000000000000e+00  -3.70671375305070e-01
6.47500000000000e+00  -3.85489215075144e-01
6.50000000000000e+00  -3.96734644482653e-01
6.52500000000000e+00  -4.04321908225761e-01
6.55000000000000e+00  -4.08202049989646e-01
6.57500000000000e+00  -4.08357338804576e-01
6.60000000000000e+00  -4.04806195063653e-01
6.62500000000000e+00  -3.97601795651895e-01
6.65000000000000e+00  -3.86827966264567e-01
6.67500000000000e+00  -3.72601044924616e-01
6.70000000000000e+00  -3.55067576604107e-01
6.72500000000000e+00  -3.34402007845645e-01
6.75000000000000e+00  -3.10804381383810e-01
6.77500000000000e+00  -2.84498030766582e-01
6.80000000000000e+00  -2.55727274976774e-01
6.82500000000000e+00  -2.24755113053460e-01
6.85000000000000e+00  -1.91860918713402e-01
6.87500000000000e+00  -1.57336920561346e-01
6.90000000000000e+00  -1.21486886482558e-01
6.92500000000000e+00  -8.46164708884140e-02
6.95000000000000e+00  -4.70407034651499e-02
6.97500000000000e+00  -9.07504300362761e-03
7.00000000000000e+00  2.89669512530819e-02
7.02500000000000e+00  6.67759482621391e-02
7.05000000000000e+00  1.04049173833350e-01
7.07500000000000e+00  1.40492739281605e-01
7.10000000000000e+00  1.75823970079302e-01
7.12500000000000e+00  2.09773734508768e-01
7.15000000000000e+00  2.42088772314697e-01
7.17500000000000e+00  2.72534023356569e-01
7.20000000000000e+00  3.00891581386444e-01
7.22500000000000e+00  3.26964517346055e-01
7.25000000000000e+00  3.50578203260381e-01
7.27500000000000e+00  3.71578120641968e-01
7.30000000000000e+00  3.89833743258438e-01
7.32500000000000e+00  4.05238316232700e-01
7.35000000000000e+00  4.17708635143173e-01
7.37500000000000e+00  4.27184825123995e-01
7.40000000000000e+00  4.33630119965248e-01
7.42500000000000e+00  4.37030641213165e-01
7.45000000000000e+00  4.37395177270351e-01
7.47500000000000e+00  4.34754962496001e-01
7.50000000000000e+00  4.29165950205141e-01
7.52500000000000e+00  4.20692032332856e-01
7.55000000000000e+00  4.09426178350618e-01
7.57500000000000e+00  3.95475368197696e-01
7.60000000000000e+00  3.78962708102115e-01
7.62500000000000e+00  3.60025830109366e-01
7.65000000000000e+00  3.38815291611106e-01
7.67500000000000e+00  3.15492974873863e-01
7.70000000000000e+00  2.90230486567738e-01
7.72500000000000e+00  2.63207557295106e-01
7.75000000000000e+00  2.34610441119328e-01
7.77500000000000e+00  2.04630315093443e-01
7.80000000000000e+00  1.73461678788880e-01
7.82500000000000e+00  1.41300757399971e-01
7.85000000000000e+00  1.08344083041325e-01
7.87500000000000e+00  7.47865595545684e-02
7.90000000000000e+00  4.08216300203867e-02
7.92500000000000e+00  6.63841211692109e-03
7.95000000000000e+00  -2.75791679551331e-02
7.97500000000000e+00  -6.16532415474407e-02
8.00000000000000e+00  -9.54128636389193e-02
8.02500000000000e+00  -1.28694878910655e-01
8.05000000000000e+00  -1.61344787820796e-01
8.07500000000000e+00  -1.93217612679463e-01
8.10000000000000e+00  -2.24178763723654e-01
8.12500000000000e+00  -2.54102536036339e-01
8.15000000000000e+00  -2.82878750493973e-01
8.17500000000000e+00  -3.10402684906283e-01
8.20000000000000e+00  -3.36582906369787e-01
8.22500000000000e+00  -3.61339785167563e-01
8.25000000000000e+00  -3.84605219598684e-01
8.27500000000000e+00  -4.06322360807614e-01
8.30000000000000e+00  -4.26445337613636e-01
8.32500000000000e+00  -4.44938981340274e-01
8.35000000000000e+00  -4.61778550644698e-01
8.37500000000000e+00  -4.76949456347154e-01
8.40000000000000e+00  -4.90446986260368e-01
8.42500000000000e+00  -5.02276030018975e-01
8.45000000000000e+00  -5.12449580163754e-01
8.47500000000000e+00  -5.20989151394970e-01
8.50000000000000e+00  -5.27923902966907e-01
8.52500000000000e+00  -5.33290049626206e-01
8.55000000000000e+00  -5.37130225513807e-01
8.57500000000000e+00  -5.39492855474681e-01
8.60000000000000e+00  -5.40431526367557e-01
8.62500000000000e+00  -5.40004358374658e-01
8.65000000000000e+00  -5.38273376311430e-01
8.67500000000000e+00  -5.35303880936270e-01
8.70000000000000e+00  -5.31163820260262e-01
8.72500000000000e+00  -5.25923160856907e-01
8.75000000000000e+00  -5.19650883678942e-01
8.77500000000000e+00  -5.12426304791637e-01
8.80000000000000e+00  -5.04320622329941e-01
8.82500000000000e+00  -4.95407263455596e-01
8.85000000000000e+00  -4.85759235287890e-01
8.87500000000000e+00  -4.75448816677271e-01
8.90000000000000e+00  -4.64547249978968e-01
8.92500000000000e+00  -4.53124432826600e-01
8.95000000000000e+00  -4.41248609905798e-01
8.97500000000000e+00  -4.28986064727818e-01
9.00000000000000e+00  -4.16400811403154e-01
9.02500000000000e+00  -4.03554286415161e-01
9.05000000000000e+00  -3.90505040393665e-01
9.07500000000000e+00  -3.77309119348164e-01
9.10000000000000e+00  -3.64019410989015e-01
9.12500000000000e+00  -3.50685579572487e-01
9.15000000000000e+00  -3.37354416024667e-01
9.17500000000000e+00  -3.24069377751617e-01
9.20000000000000e+00  -3.10870671925914e-01
9.22500000000000e+00  -2.97795338773181e-01
9.25000000000000e+00  -2.84877334858616e-01
9.27500000000000e+00  -2.72147616373532e-01
9.30000000000000e+00  -2.59634222421886e-01
9.32500000000000e+00  -2.47362358306811e-01
9.35000000000000e+00  -2.35354478817153e-01
9.37500000000000e+00  -2.23623840195121e-01
9.40000000000000e+00  -2.12201865363019e-01
9.42500000000000e+00  -2.01088252149634e-01
9.45000000000000e+00  -1.90296463591123e-01
9.47500000000000e+00  -1.79836947907084e-01
9.50000000000000e+00  -1.69717373204375e-01
9.52500000000000e+00  -1.59942862180940e-01
9.55000000000000e+00  -1.50516226829625e-01
9.57500000000000e+00  -1.41438203141997e-01
9.60000000000000e+00  -1.32707685812169e-01
9.62500000000000e+00  -1.24321962940615e-01
9.65000000000000e+00  -1.16276950737989e-01
9.67500000000000e+00  -1.08567428228953e-01
9.70000000000000e+00  -1.01186775859440e-01
9.72500000000000e+00  -9.41274731551802e-02
9.75000000000000e+00  -8.73811428930051e-02
9.77500000000000e+00  -8.09383952011858e-02
9.80000000000000e+00  -7.47891175559669e-02
9.82500000000000e+00  -6.89224649781746e-02
9.85000000000000e+00  -6.33268502298240e-02
9.87500000000000e+00  -5.79899340107276e-02
9.90000000000000e+00  -5.28986151551015e-02
9.92500000000000e+00  -4.80390208281764e-02
9.95000000000000e+00  -4.33964967228033e-02
9.97500000000000e+00  -3.89555972560618e-02
1.00000000000000e+01  -3.47000757658708e-02
