0.00000000000000e+00  -3.54189547607506e-02
2.50000000000000e-02  -3.90381088272465e-02
5.00000000000000e-02  -4.32894821104659e-02
7.50000000000000e-02  -4.79889481031004e-02
1.00000000000000e-01  -5.30075218658680e-02
1.25000000000000e-01  -5.82636501083684e-02
1.50000000000000e-01  -6.37155012699369e-02
1.75000000000000e-01  -6.93532556005001e-02
2.00000000000000e-01  -7.51913952414320e-02
2.25000000000000e-01  -8.12609943064078e-02
2.50000000000000e-01  -8.76020089622609e-02
2.75000000000000e-01  -9.42555675098362e-02
3.00000000000000e-01  -1.01256260464847e-01
3.25000000000000e-01  -1.08633760290495e-01
3.50000000000000e-01  -1.16402327609214e-01
3.75000000000000e-01  -1.24542371067071e-01
4.00000000000000e-01  -1.33059932932373e-01
4.25000000000000e-01  -1.41928373128520e-01
4.50000000000000e-01  -1.51105210486132e-01
4.75000000000000e-01  -1.60548963995161e-01
5.00000000000000e-01  -1.70235994057020e-01
5.25000000000000e-01  -1.80177343736697e-01
5.50000000000000e-01  -1.90435580014879e-01
5.75000000000000e-01  -2.01141635040072e-01
6.00000000000000e-01  -2.12511647380719e-01
6.25000000000000e-01  -2.22915969684767e-01
6.50000000000000e-01  -2.35862733072955e-01
6.75000000000000e-01  -2.48234240175072e-01
7.00000000000000e-01  -2.60405836429388e-01
7.25000000000000e-01  -2.72635524041059e-01
7.50000000000000e-01  -2.85080566585046e-01
7.75000000000000e-01  -2.97814093609028e-01
8.00000000000000e-01  -3.10841705236314e-01
8.25000000000000e-01  -3.24118076768762e-01
8.50000000000000e-01  -3.37563563289690e-01
8.75000000000000e-01  -3.51080804266792e-01
9.00000000000000e-01  -3.64571328155053e-01
9.25000000000000e-01  -3.77952156999660e-01
9.50000000000000e-01  -3.91134721260925e-01
9.75000000000000e-01  -4.04058949186599e-01
1.00000000000000e+00  -4.16711220609265e-01
1.02500000000000e+00  -4.29042566505400e-01
1.05000000000000e+00  -4.41045861967352e-01
1.07500000000000e+00  -4.52730171266523e-01
1.10000000000000e+00  -4.64095092916529e-01
1.12500000000000e+00  -4.75105104736382e-01
1.15000000000000e+00  -4.85663908913659e-01
1.17500000000000e+00  -4.95588777067675e-01
1.20000000000000e+00  -5.04584895312656e-01
1.22500000000000e+00  -5.12219709320911e-01
1.25000000000000e+00  -5.20073128742897e-01
1.27500000000000e+00  -5.25255114200658e-01
1.30000000000000e+00  -5.30174294726152e-01
1.32500000000000e+00  -5.34360005423164e-01
1.35000000000000e+00  -5.37476304034706e-01
1.37500000000000e+00  -5.39299805909883e-01
1.40000000000000e+00  -5.39697518970759e-01
1.42500000000000e+00  -5.38604678679226e-01
1.45000000000000e+00  -5.36002583003867e-01
1.47500000000000e+00  -5.31896427386828e-01
1.50000000000000e+00  -5.26293139710679e-01
1.52500000000000e+00  -5.19179215265286e-01
1.55000000000000e+00  -5.10498551714676e-01
1.57500000000000e+00  -5.00247293917334e-01
1.60000000000000e+00  -4.88385501578960e-01
1.62500000000000e+00  -4.74886648527162e-01
1.65000000000000e+00  -4.59696360851924e-01
1.67500000000000e+00  -4.42789284930183e-01
1.70000000000000e+00  -4.24167750272773e-01
1.72500000000000e+00  -4.03860432371366e-01
1.75000000000000e+00  -3.81921015545407e-01
1.77500000000000e+00  -3.58426855789058e-01
1.80000000000000e+00  -3.33477643618139e-01
1.82500000000000e+00  -3.07194066917063e-01
1.85000000000000e+00  -2.79716473785783e-01
1.87500000000000e+00  -2.55407553117475e-01
1.90000000000000e+00  -2.20293560557696e-01
1.92500000000000e+00  -1.87876716401451e-01
1.95000000000000e+00  -1.56450489548066e-01
1.97500000000000e+00  -1.24896892040733e-01
2.00000000000000e+00  -9.25923174919964e-02
2.02500000000000e+00  -5.93133795092370e-02
2.05000000000000e+00  -2.51427501201628e-02
2.07500000000000e+00  9.62500180170250e-03
2.10000000000000e+00  4.45775721115361e-02
2.12500000000000e+00  7.92790829677238e-02
2.15000000000000e+00  1.13364244406375e-01
2.17500000000000e+00  1.46632515915834e-01
2.20000000000000e+00  1.78738564103133e-01
2.22500000000000e+00  2.09517064221678e-01
2.25000000000000e+00  2.38904540647529e-01
2.27500000000000e+00  2.66830775297549e-01
2.30000000000000e+00  2.93282894275856e-01
2.32500000000000e+00  3.18254912428375e-01
2.35000000000000e+00  3.41697277897398e-01
2.37500000000000e+00  3.63466416676132e-01
2.40000000000000e+00  3.83274277163256e-01
2.42500000000000e+00  4.00637874717472e-01
2.45000000000000e+00  4.14828836212061e-01
2.47500000000000e+00  4.24822944589439e-01
2.50000000000000e+00  4.32652077578246e-01
2.52500000000000e+00  4.38451087201738e-01
2.55000000000000e+00  4.41090450896777e-01
2.57500000000000e+00  4.40611658682956e-01
2.60000000000000e+00  4.37050824614612e-01
2.62500000000000e+00  4.30442881233670e-01
2.65000000000000e+00  4.20825774022477e-01
2.67500000000000e+00  4.08244655856648e-01
2.70000000000000e+00  3.92756081457899e-01
2.72500000000000e+00  3.74432201846891e-01
2.75000000000000e+00  3.53364958796068e-01
2.77500000000000e+00  3.29670279282497e-01
2.80000000000000e+00  3.03492269940705e-01
2.82500000000000e+00  2.75003732315487e-01
2.85000000000000e+00  2.44403187205231e-01
2.87500000000000e+00  2.11911753733883e-01
2.90000000000000e+00  1.77780763880703e-01
2.92500000000000e+00  1.42278167711902e-01
2.95000000000000e+00  1.05684426580005e-01
2.97500000000000e+00  6.82884063232251e-02
3.00000000000000e+00  3.03832704648309e-02
3.02500000000000e+00  -7.73762658748503e-03
3.05000000000000e+00  -4.57848463422361e-02
3.07500000000000e+00  -8.34769730247726e-02
3.10000000000000e+00  -1.20544720377912e-01
3.12500000000000e+00  -1.56561616384331e-01
3.15000000000000e+00  -1.91221222895058e-01
3.17500000000000e+00  -2.24253542882015e-01
3.20000000000000e+00  -2.55365081599021e-01
3.22500000000000e+00  -2.84276340380339e-01
3.25000000000000e+00  -3.10724149872742e-01
3.27500000000000e+00  -3.34464003267566e-01
3.30000000000000e+00  -3.55272389532774e-01
3.32500000000000e+00  -3.72949126645021e-01
3.35000000000000e+00  -3.87319694821713e-01
3.37500000000000e+00  -3.98237569753066e-01
3.40000000000000e+00  -4.05586555834170e-01
3.42500000000000e+00  -4.09283119397047e-01
3.45000000000000e+00  -4.09273428183000e-01
3.47500000000000e+00  -4.05538643975719e-01
3.50000000000000e+00  -3.98096161309653e-01
3.52500000000000e+00  -3.86993840591636e-01
3.55000000000000e+00  -3.72316494364000e-01
3.57500000000000e+00  -3.54184402050781e-01
3.60000000000000e+00  -3.32751824703926e-01
3.62500000000000e+00  -3.08205519749497e-01
3.65000000000000e+00  -2.80763255733880e-01
3.67500000000000e+00  -2.50672327069992e-01
3.70000000000000e+00  -2.18208068783483e-01
3.72500000000000e+00  -1.83672371258946e-01
3.75000000000000e+00  -1.47381831228363e-01
3.77500000000000e+00  -1.09693213964636e-01
3.80000000000000e+00  -7.09592446250432e-02
3.82500000000000e+00  -3.15526564166920e-02
3.85000000000000e+00  8.14415448262645e-03
3.87500000000000e+00  4.77430590615604e-02
3.90000000000000e+00  8.68541256123155e-02
3.92500000000000e+00  1.25089549867777e-01
3.95000000000000e+00  1.62067585138633e-01
3.97500000000000e+00  1.97416472450501e-01
4.00000000000000e+00  2.30778370681039e-01
4.02500000000000e+00  2.61813286697075e-01
4.05000000000000e+00  2.90203005491726e-01
4.07500000000000e+00  3.15653684818870e-01
4.10000000000000e+00  3.37900220142798e-01
4.12500000000000e+00  3.56710553033648e-01
4.15000000000000e+00  3.71882223156597e-01
4.17500000000000e+00  3.83251433433584e-01
4.20000000000000e+00  3.90693673592103e-01
4.22500000000000e+00  3.94124343714003e-01
4.25000000000000e+00  3.93499377784280e-01
4.27500000000000e+00  3.88815867239878e-01
4.30000000000000e+00  3.80112684518480e-01
4.32500000000000e+00  3.67471106607308e-01
4.35000000000000e+00  3.51015438591917e-01
4.37500000000000e+00  3.30912836452811e-01
4.40000000000000e+00  3.07359117386967e-01
4.42500000000000e+00  2.80599149422932e-01
4.45000000000000e+00  2.50904630672024e-01
4.47500000000000e+00  2.18580813366707e-01
4.50000000000000e+00  1.83962394162082e-01
4.52500000000000e+00  1.47409404437395e-01
4.55000000000000e+00  1.09303100597545e-01
4.57500000000000e+00  7.00418543745784e-02
4.60000000000000e+00  3.00370431291969e-02
4.62500000000000e+00  -1.02910598477362e-02
4.65000000000000e+00  -5.05173950337034e-02
4.67500000000000e+00  -9.02162263730158e-02
4.70000000000000e+00  -1.28968340850317e-01
4.72500000000000e+00  -1.66363082604904e-01
4.75000000000000e+00  -2.02005293118695e-01
4.77500000000000e+00  -2.35514199481214e-01
4.80000000000000e+00  -2.66533200180270e-01
4.82500000000000e+00  -2.94732659767814e-01
4.85000000000000e+00  -3.19812703525796e-01
4.87500000000000e+00  -3.41506012132018e-01
4.90000000000000e+00  -3.59580616325989e-01
4.92500000000000e+00  -3.73842691574781e-01
4.95000000000000e+00  -3.84139352738882e-01
4.97500000000000e+00  -3.90361448738055e-01
5.00000000000000e+00  -3.92446357217272e-01
5.02500000000000e+00  -3.90361448737247e-01
5.05000000000000e+00  -3.84139352737173e-01
5.07500000000000e+00  -3.73842691572183e-01
5.10000000000000e+00  -3.59580616322535e-01
5.12500000000000e+00  -3.41506012127750e-01
5.15000000000000e+00  -3.19812703520768e-01
5.17500000000000e+00  -2.94732659762083e-01
5.20000000000000e+00  -2.66533200173904e-01
5.22500000000000e+00  -2.35514199474287e-01
5.25000000000000e+00  -2.02005293111293e-01
5.27500000000000e+00  -1.66363082597127e-01
5.30000000000000e+00  -1.28968340842290e-01
5.32500000000000e+00  -9.02162263647157e-02
5.35000000000000e+00  -5.05173950253504e-02
5.37500000000000e+00  -1.02910598394076e-02
5.40000000000000e+00  3.00370431374132e-02
5.42500000000000e+00  7.00418543825819e-02
5.45000000000000e+00  1.09303100605237e-01
5.47500000000000e+00  1.47409404444683e-01
5.50000000000000e+00  1.83962394168876e-01
5.52500000000000e+00  2.18580813372933e-01
5.55000000000000e+00  2.50904630677608e-01
5.57500000000000e+00  2.80599149427802e-01
5.60000000000000e+00  3.07359117391056e-01
5.62500000000000e+00  3.30913637208169e-01
5.65000000000000e+00  3.51015438594237e-01
5.67500000000000e+00  3.67471106608748e-01
5.70000000000000e+00  3.80112684519026e-01
5.72500000000000e+00  3.88815867239528e-01
5.75000000000000e+00  3.93499377783042e-01
5.77500000000000e+00  3.94124343711895e-01
5.80000000000000e+00  3.90693673589152e-01
5.82500000000000e+00  3.83251433429826e-01
5.85000000000000e+00  3.71882223152077e-01
5.87500000000000e+00  3.56710553028419e-01
5.90000000000000e+00  3.37900220136922e-01
5.92500000000000e+00  3.15653684812418e-01
5.95000000000000e+00  2.90203005484788e-01
5.97500000000000e+00  2.61813286689716e-01
6.00000000000000e+00  2.30778370673339e-01
6.02500000000000e+00  1.97416472442548e-01
6.05000000000000e+00  1.62067585130516e-01
6.07500000000000e+00  1.25089549859585e-01
6.10000000000000e+00  8.68541256041380e-02
6.12500000000000e+00  4.77430590534871e-02
6.15000000000000e+00  8.14415447473883e-03
6.17500000000000e+00  -3.15526564243145e-02
6.20000000000000e+00  -7.09592446323214e-02
6.22500000000000e+00  -1.09693213971497e-01
6.25000000000000e+00  -1.47392194992081e-01
6.27500000000000e+00  -1.83672371264380e-01
6.30000000000000e+00  -2.18208068788295e-01
6.32500000000000e+00  -2.50672327074110e-01
6.35000000000000e+00  -2.80763255737258e-01
6.37500000000000e+00  -3.08205519752097e-01
6.40000000000000e+00  -3.32751824705725e-01
6.42500000000000e+00  -3.54184402051761e-01
6.45000000000000e+00  -3.72316494364149e-01
6.47500000000000e+00  -3.86993840590950e-01
6.50000000000000e+00  -3.98096161308135e-01
6.52500000000000e+00  -4.05538643973386e-01
6.55000000000000e+00  -4.09273428179887e-01
6.57500000000000e+00  -4.09283119393201e-01
6.60000000000000e+00  -4.05586555829617e-01
6.62500000000000e+00  -3.98237569747849e-01
6.65000000000000e+00  -3.87319694815887e-01
6.67500000000000e+00  -3.72949126638651e-01
6.70000000000000e+00  -3.55272389525931e-01
6.72500000000000e+00  -3.34464003260323e-01
6.75000000000000e+00  -3.10724149865174e-01
6.77500000000000e+00  -2.84276340372518e-01
6.80000000000000e+00  -2.55365081591022e-01
6.82500000000000e+00  -2.24253542873924e-01
6.85000000000000e+00  -1.91221222886971e-01
6.87500000000000e+00  -1.56735038454618e-01
6.90000000000000e+00  -1.20544720370104e-01
6.92500000000000e+00  -8.34769730171872e-02
6.95000000000000e+00  -4.57848463349453e-02
6.97500000000000e+00  -7.73762658055111e-03
7.00000000000000e+00  3.03832704713459e-02
7.02500000000000e+00  6.82884063292653e-02
7.05000000000000e+00  1.05684426585513e-01
7.07500000000000e+00  1.42278167716827e-01
7.10000000000000e+00  1.77780763884998e-01
7.12500000000000e+00  2.11911753737505e-01
7.15000000000000e+00  2.44403187208147e-01
7.17500000000000e+00  2.75003732317675e-01
7.20000000000000e+00  3.03492269942205e-01
7.22500000000000e+00  3.29670279283239e-01
7.25000000000000e+00  3.53364958796046e-01
7.27500000000000e+00  3.74432201846108e-01
7.30000000000000e+00  3.92756081456367e-01
7.32500000000000e+00  4.08244655854385e-01
7.35000000000000e+00  4.20825774019505e-01
7.37500000000000e+00  4.30442881230013e-01
7.40000000000000e+00  4.37050824610300e-01
7.42500000000000e+00  4.40611658678018e-01
7.45000000000000e+00  4.41090450891250e-01
7.47500000000000e+00  4.38451087195662e-01
7.50000000000000e+00  4.29249683409440e-01
7.52500000000000e+00  4.24822944582705e-01
7.55000000000000e+00  4.14828836204913e-01
7.57500000000000e+00  4.00637874709975e-01
7.60000000000000e+00  3.83274277155480e-01
7.62500000000000e+00  3.63466416668150e-01
7.65000000000000e+00  3.41697277889277e-01
7.67500000000000e+00  3.18254912420183e-01
7.70000000000000e+00  2.93282894267656e-01
7.72500000000000e+00  2.66830775289401e-01
7.75000000000000e+00  2.38904540639493e-01
7.77500000000000e+00  2.09517064213813e-01
7.80000000000000e+00  1.78738564095506e-01
7.82500000000000e+00  1.46632515908497e-01
7.85000000000000e+00  1.13364244399382e-01
7.87500000000000e+00  7.92790829611116e-02
7.90000000000000e+00  4.45775721053438e-02
7.92500000000000e+00  9.62500179596909e-03
7.95000000000000e+00  -2.51427501253983e-02
7.97500000000000e+00  -5.93133795139418e-02
8.00000000000000e+00  -9.25923174961416e-02
8.02500000000000e+00  -1.24896892044297e-01
8.05000000000000e+00  -1.56450489551029e-01
8.07500000000000e+00  -1.87876716403792e-01
8.10000000000000e+00  -2.20293560559393e-01
8.12500000000000e+00  -2.51203535387695e-01
8.15000000000000e+00  -2.79716473786168e-01
8.17500000000000e+00  -3.07194066916799e-01
8.20000000000000e+00  -3.33477643617204e-01
8.22500000000000e+00  -3.58426855787459e-01
8.25000000000000e+00  -3.81921015543168e-01
8.27500000000000e+00  -4.03860432368515e-01
8.30000000000000e+00  -4.24167750269337e-01
8.32500000000000e+00  -4.42789284926182e-01
8.35000000000000e+00  -4.59696360847372e-01
8.37500000000000e+00  -4.74886648522070e-01
8.40000000000000e+00  -4.88385501573334e-01
8.42500000000000e+00  -5.00247293911189e-01
8.45000000000000e+00  -5.10498551708167e-01
8.47500000000000e+00  -5.19179215258314e-01
8.50000000000000e+00  -5.26293139703291e-01
8.52500000000000e+00  -5.31896427379076e-01
8.55000000000000e+00  -5.36002582995802e-01
8.57500000000000e+00  -5.38604678670889e-01
8.60000000000000e+00  -5.39697518962184e-01
8.62500000000000e+00  -5.39299805901096e-01
8.65000000000000e+00  -5.37476304025729e-01
8.67500000000000e+00  -5.34360005414022e-01
8.70000000000000e+00  -5.30174294716883e-01
8.72500000000000e+00  -5.25255114191324e-01
8.75000000000000e+00  -5.17897269376342e-01
8.77500000000000e+00  -5.12219709311239e-01
8.80000000000000e+00  -5.04584895302998e-01
8.82500000000000e+00  -4.95588777058051e-01
8.85000000000000e+00  -4.85663908904087e-01
8.87500000000000e+00  -4.75105104726879e-01
8.90000000000000e+00  -4.64095092907114e-01
8.92500000000000e+00  -4.52730171257214e-01
8.95000000000000e+00  -4.41045861958169e-01
8.97500000000000e+00  -4.29042566496359e-01
9.00000000000000e+00  -4.16711220600383e-01
9.02500000000000e+00  -4.04058949177887e-01
9.05000000000000e+00  -3.91134721252390e-01
9.07500000000000e+00  -3.77952156991321e-01
9.10000000000000e+00  -3.64571328146919e-01
9.12500000000000e+00  -3.51080804258882e-01
9.15000000000000e+00  -3.37563563282016e-01
9.17500000000000e+00  -3.24118076761332e-01
9.20000000000000e+00  -3.10841705229133e-01
9.22500000000000e+00  -2.97814093602100e-01
9.25000000000000e+00  -2.85080566578372e-01
9.27500000000000e+00  -2.72635524034636e-01
9.30000000000000e+00  -2.60405836423215e-01
9.32500000000000e+00  -2.48234240169143e-01
9.35000000000000e+00  -2.35862733067262e-01
9.37500000000000e+00  -2.24863803271880e-01
9.40000000000000e+00  -2.12511647375478e-01
9.42500000000000e+00  -2.01141635035046e-01
9.45000000000000e+00  -1.90435580010079e-01
9.47500000000000e+00  -1.80177343732131e-01
9.50000000000000e+00  -1.70235994052690e-01
9.52500000000000e+00  -1.60548963991067e-01
9.55000000000000e+00  -1.51105210482272e-01
9.57500000000000e+00  -1.41928373124888e-01
9.60000000000000e+00  -1.33059932928962e-01
9.62500000000000e+00  -1.24542371063876e-01
9.65000000000000e+00  -1.16402327606228e-01
9.67500000000000e+00  -1.08633760287718e-01
9.70000000000000e+00  -1.01256260462268e-01
9.72500000000000e+00  -9.42555675074504e-02
9.75000000000000e+00  -8.76020089600537e-02
9.77500000000000e+00  -8.12609943043696e-02
9.80000000000000e+00  -7.51913952395553e-02
9.82500000000000e+00  -6.93532555987794e-02
9.85000000000000e+00  -6.37155012683665e-02
9.87500000000000e+00  -5.82636501069431e-02
9.90000000000000e+00  -5.30075218645805e-02
9.92500000000000e+00  -4.79889481019435e-02
9.95000000000000e+00  -4.32894821094329e-02
9.97500000000000e+00  -3.90381088263314e-02
1.00000000000000e+01  -3.54189547599505e-02
