0.00000000000000e+00  4.33175544079209e-07
2.50000000000000e-02  3.82112458903825e-07
5.00000000000000e-02  3.39407998544283e-07
7.50000000000000e-02  3.06055030953495e-07
1.00000000000000e-01  2.82825091725306e-07
1.25000000000000e-01  2.70293086798859e-07
1.50000000000000e-01  2.68861995162983e-07
1.75000000000000e-01  2.78787571560554e-07
2.00000000000000e-01  3.00203049192857e-07
2.25000000000000e-01  3.33143842423960e-07
2.50000000000000e-01  3.77572249485085e-07
2.75000000000000e-01  4.33402155178963e-07
3.00000000000000e-01  5.00523733584211e-07
3.25000000000000e-01  5.78828150759705e-07
3.50000000000000e-01  6.68232267448930e-07
3.75000000000000e-01  7.68703341784370e-07
4.00000000000000e-01  8.80283731991853e-07
4.25000000000000e-01  1.00311559909493e-06
4.50000000000000e-01  1.13746560961926e-06
4.75000000000000e-01  1.28374963829694e-06
5.00000000000000e-01  1.44255747077090e-06
5.25000000000000e-01  1.61467750629927e-06
5.50000000000000e-01  1.80112146045971e-06
5.75000000000000e-01  2.00314906785387e-06
6.00000000000000e-01  2.22229278481162e-06
6.25000000000000e-01  2.46038249209556e-06
6.50000000000000e-01  2.71957019760529e-06
6.75000000000000e-01  3.00235473908181e-06
7.00000000000000e-01  3.31160648681189e-06
7.25000000000000e-01  3.65059204633243e-06
7.50000000000000e-01  4.02299896113486e-06
7.75000000000000e-01  4.43296041536945e-06
8.00000000000000e-01  4.88507993654969e-06
8.25000000000000e-01  5.38445609825674e-06
8.50000000000000e-01  5.93670722284366e-06
8.75000000000000e-01  6.54799608413992e-06
9.00000000000000e-01  7.22505461015564e-06
9.25000000000000e-01  7.97520858578602e-06
9.50000000000000e-01  8.80640235551578e-06
9.75000000000000e-01  9.72722352612333e-06
1.00000000000000e+00  1.07469276693854e-05
1.02500000000000e+00  1.18754630247811e-05
1.05000000000000e+00  1.31234952021966e-05
1.07500000000000e+00  1.45024318846293e-05
1.10000000000000e+00  1.60244475308922e-05
1.12500000000000e+00  1.77025080783184e-05
1.15000000000000e+00  1.95503956454654e-05
1.17500000000000e+00  2.15827332348193e-05
1.20000000000000e+00  2.38150094354994e-05
1.22500000000000e+00  2.62636031259627e-05
1.25000000000000e+00  2.90810309668075e-05
1.27500000000000e+00  3.20267019430956e-05
1.30000000000000e+00  3.52975233001376e-05
1.32500000000000e+00  3.89133259673899e-05
1.35000000000000e+00  4.28980359985029e-05
1.37500000000000e+00  4.72795403204416e-05
1.40000000000000e+00  5.20895524826056e-05
1.42500000000000e+00  5.73634784059496e-05
1.45000000000000e+00  6.31402821321035e-05
1.47500000000000e+00  6.94623515724923e-05
1.50000000000000e+00  7.63753642574569e-05
1.52500000000000e+00  8.39281530853741e-05
1.55000000000000e+00  9.21725720717761e-05
1.57500000000000e+00  1.01163362098473e-04
1.60000000000000e+00  1.10958016662669e-04
1.62500000000000e+00  1.21616647626087e-04
1.65000000000000e+00  1.33201850964087e-04
1.67500000000000e+00  1.45778572514785e-04
1.70000000000000e+00  1.59413973728176e-04
1.72500000000000e+00  1.74177297415250e-04
1.75000000000000e+00  1.90139733497118e-04
1.77500000000000e+00  2.07374284754127e-04
1.80000000000000e+00  2.25955632574984e-04
1.82500000000000e+00  2.45960002705873e-04
1.85000000000000e+00  2.67465030999578e-04
1.87500000000000e+00  2.90776977642821e-04
1.90000000000000e+00  3.15182427653131e-04
1.92500000000000e+00  3.41467996679508e-04
1.95000000000000e+00  3.69589555567265e-04
1.97500000000000e+00  3.99522947687366e-04
2.00000000000000e+00  4.31255928350038e-04
2.02500000000000e+00  4.64780104218380e-04
2.05000000000000e+00  5.00082872721969e-04
2.07500000000000e+00  5.37139361470465e-04
2.10000000000000e+00  5.75904367667226e-04
2.12500000000000e+00  6.16304297522910e-04
2.15000000000000e+00  6.58229105669082e-04
2.17500000000000e+00  7.01524234571829e-04
2.20000000000000e+00  7.45982553945357e-04
2.22500000000000e+00  7.91336300165610e-04
2.25000000000000e+00  8.37249015683870e-04
2.27500000000000e+00  8.83307488440367e-04
2.30000000000000e+00  9.29013691277889e-04
2.32500000000000e+00  9.73776721355386e-04
2.35000000000000e+00  1.01690473956158e-03
2.37500000000000e+00  1.05759690992857e-03
2.40000000000000e+00  1.09493533904545e-03
2.42500000000000e+00  1.12787701547191e-03
2.45000000000000e+00  1.15524574915182e-03
2.47500000000000e+00  1.17572411082689e-03
2.50000000000000e+00  1.18815664898038e-03
2.52500000000000e+00  1.18959959690028e-03
2.55000000000000e+00  1.17850136392076e-03
2.57500000000000e+00  1.15265706693775e-03
2.60000000000000e+00  1.10957843168523e-03
2.62500000000000e+00  1.04647271883632e-03
2.65000000000000e+00  9.60221650104455e-04
2.67500000000000e+00  8.47360334344516e-04
2.70000000000000e+00  7.04056193653933e-04
2.72500000000000e+00  5.26087889473866e-04
2.75000000000000e+00  3.08824248690315e-04
2.77500000000000e+00  4.72031897352686e-05
2.80000000000000e+00  -2.64289351312162e-04
2.82500000000000e+00  -6.31640494624605e-04
2.85000000000000e+00  -1.06133149052529e-03
2.87500000000000e+00  -1.56035879338692e-03
2.90000000000000e+00  -2.13625513553050e-03
2.92500000000000e+00  -2.79711060112427e-03
2.95000000000000e+00  -3.55159370008248e-03
2.97500000000000e+00  -4.40897244196431e-03
3.00000000000000e+00  -5.37913540987273e-03
3.02500000000000e+00  -6.47261283435335e-03
3.05000000000000e+00  -7.70059766729326e-03
3.07500000000000e+00  -9.07496665581995e-03
3.10000000000000e+00  -1.06083014162001e-02
3.12500000000000e+00  -1.23158911663303e-02
3.15000000000000e+00  -1.42034039298779e-02
3.17500000000000e+00  -1.62928134169188e-02
3.20000000000000e+00  -1.85979325215473e-02
3.22500000000000e+00  -2.11334915675291e-02
3.25000000000000e+00  -2.39150311111637e-02
3.27500000000000e+00  -2.69587947441472e-02
3.30000000000000e+00  -3.02816218964350e-02
3.32500000000000e+00  -3.39008406391046e-02
3.35000000000000e+00  -3.78341604872189e-02
3.37500000000000e+00  -4.20995652026881e-02
3.40000000000000e+00  -4.67152055971332e-02
3.42500000000000e+00  -5.16992923347478e-02
3.45000000000000e+00  -5.70699887351624e-02
3.47500000000000e+00  -6.28453035763058e-02
3.50000000000000e+00  -6.90429838972686e-02
3.52500000000000e+00  -7.56804078011656e-02
3.55000000000000e+00  -8.27744772579986e-02
3.57500000000000e+00  -9.03415109075198e-02
3.60000000000000e+00  -9.83971368620935e-02
3.62500000000000e+00  -1.06956185509560e-01
3.65000000000000e+00  -1.16032582316097e-01
3.67500000000000e+00  -1.25639240629083e-01
3.70000000000000e+00  -1.35787954479963e-01
3.72500000000000e+00  -1.46489291387105e-01
3.75000000000000e+00  -1.57741057116041e-01
3.77500000000000e+00  -1.69565804597259e-01
3.80000000000000e+00  -1.81960597328041e-01
3.82500000000000e+00  -1.94928039413699e-01
3.85000000000000e+00  -2.08468394761724e-01
3.87500000000000e+00  -2.22579486906411e-01
3.90000000000000e+00  -2.37256598833503e-01
3.92500000000000e+00  -2.52492372804815e-01
3.95000000000000e+00  -2.68276710182879e-01
3.97500000000000e+00  -2.84596671255570e-01
4.00000000000000e+00  -3.01436375060747e-01
4.02500000000000e+00  -3.18776899210882e-01
4.05000000000000e+00  -3.36596179717699e-01
4.07500000000000e+00  -3.54869187198493e-01
4.10000000000000e+00  -3.73567702561765e-01
4.12500000000000e+00  -3.92660276067058e-01
4.15000000000000e+00  -4.12112592489763e-01
4.17500000000000e+00  -4.31887157965142e-01
4.20000000000000e+00  -4.51943438601582e-01
4.22500000000000e+00  -4.72237999093844e-01
4.25000000000000e+00  -4.92724641336316e-01
4.27500000000000e+00  -5.13354543036272e-01
4.30000000000000e+00  -5.34076396327117e-01
4.32500000000000e+00  -5.54836546381645e-01
4.35000000000000e+00  -5.75579130025284e-01
4.37500000000000e+00  -5.96245239056239e-01
4.40000000000000e+00  -6.16777646563365e-01
4.42500000000000e+00  -6.37114258710736e-01
4.45000000000000e+00  -6.57193387856319e-01
4.47500000000000e+00  -6.76952457890329e-01
4.50000000000000e+00  -6.96328350973718e-01
4.52500000000000e+00  -7.15257754276677e-01
4.55000000000000e+00  -7.33677506717118e-01
4.57500000000000e+00  -7.51524945699176e-01
4.60000000000000e+00  -7.68738253851701e-01
4.62500000000000e+00  -7.85256805766746e-01
4.65000000000000e+00  -8.01021514738069e-01
4.67500000000000e+00  -8.15975179499617e-01
4.70000000000000e+00  -8.30062842696669e-01
4.72500000000000e+00  -8.43232106581873e-01
4.75000000000000e+00  -8.55433581557187e-01
4.77500000000000e+00  -8.66620790760104e-01
4.80000000000000e+00  -8.76750871281145e-01
4.82500000000000e+00  -8.85784760389129e-01
4.85000000000000e+00  -8.93687381756451e-01
4.87500000000000e+00  -9.00427831684350e-01
4.90000000000000e+00  -9.05979565328183e-01
4.92500000000000e+00  -9.10320582922698e-01
4.95000000000000e+00  -9.13433616007309e-01
4.97500000000000e+00  -9.15306313651363e-01
5.00000000000000e+00  -9.15931428679418e-01
5.02500000000000e+00  -9.15306313651363e-01
5.05000000000000e+00  -9.13433616007309e-01
5.07500000000000e+00  -9.10320582922699e-01
5.10000000000000e+00  -9.05979565328183e-01
5.12500000000000e+00  -9.00427831684350e-01
5.15000000000000e+00  -8.93687381756451e-01
5.17500000000000e+00  -8.85784760389129e-01
5.20000000000000e+00  -8.76750871281144e-01
5.22500000000000e+00  -8.66620790760103e-01
5.25000000000000e+00  -8.55433581557186e-01
5.27500000000000e+00  -8.43232106581872e-01
5.30000000000000e+00  -8.30062842696668e-01
5.32500000000000e+00  -8.15975179499615e-01
5.35000000000000e+00  -8.01021514738068e-01
5.37500000000000e+00  -7.85256805766746e-01
5.40000000000000e+00  -7.68738253851700e-01
5.42500000000000e+00  -7.51524945699175e-01
5.45000000000000e+00  -7.33677506717117e-01
5.47500000000000e+00  -7.15257754276675e-01
5.50000000000000e+00  -6.96328350973717e-01
5.52500000000000e+00  -6.76952457890327e-01
5.55000000000000e+00  -6.57193387856318e-01
5.57500000000000e+00  -6.37114258710735e-01
5.60000000000000e+00  -6.16777646563363e-01
5.62500000000000e+00  -5.96246214349355e-01
5.65000000000000e+00  -5.75579130025281e-01
5.67500000000000e+00  -5.54836546381642e-01
5.70000000000000e+00  -5.34076396327115e-01
5.72500000000000e+00  -5.13354543036269e-01
5.75000000000000e+00  -4.92724641336313e-01
5.77500000000000e+00  -4.72237999093841e-01
5.80000000000000e+00  -4.51943438601579e-01
5.82500000000000e+00  -4.31887157965141e-01
5.85000000000000e+00  -4.12112592489761e-01
5.87500000000000e+00  -3.92660276067056e-01
5.90000000000000e+00  -3.73567702561762e-01
5.92500000000000e+00  -3.54869187198490e-01
5.95000000000000e+00  -3.36596179717696e-01
5.97500000000000e+00  -3.18776899210880e-01
6.00000000000000e+00  -3.01436375060744e-01
6.02500000000000e+00  -2.84596671255568e-01
6.05000000000000e+00  -2.68276710182876e-01
6.07500000000000e+00  -2.52492372804813e-01
6.10000000000000e+00  -2.37256598833500e-01
6.12500000000000e+00  -2.22579486906410e-01
6.15000000000000e+00  -2.08468394761722e-01
6.17500000000000e+00  -1.94928039413697e-01
6.20000000000000e+00  -1.81960597328039e-01
6.22500000000000e+00  -1.69565804597258e-01
6.25000000000000e+00  -1.57752485158666e-01
6.27500000000000e+00  -1.46489291387103e-01
6.30000000000000e+00  -1.35787954479961e-01
6.32500000000000e+00  -1.25639240629082e-01
6.35000000000000e+00  -1.16032582316095e-01
6.37500000000000e+00  -1.06956185509559e-01
6.40000000000000e+00  -9.83971368620924e-02
6.42500000000000e+00  -9.03415109075190e-02
6.45000000000000e+00  -8.27744772579981e-02
6.47500000000000e+00  -7.56804078011649e-02
6.50000000000000e+00  -6.90429838972681e-02
6.52500000000000e+00  -6.28453035763052e-02
6.55000000000000e+00  -5.70699887351617e-02
6.57500000000000e+00  -5.16992923347472e-02
6.60000000000000e+00  -4.67152055971325e-02
6.62500000000000e+00  -4.20995652026877e-02
6.65000000000000e+00  -3.78341604872186e-02
6.67500000000000e+00  -3.39008406391043e-02
6.70000000000000e+00  -3.02816218964347e-02
6.72500000000000e+00  -2.69587947441469e-02
6.75000000000000e+00  -2.39150311111635e-02
6.77500000000000e+00  -2.11334915675289e-02
6.80000000000000e+00  -1.85979325215470e-02
6.82500000000000e+00  -1.62928134169185e-02
6.85000000000000e+00  -1.42034039298778e-02
6.87500000000000e+00  -1.23139095077384e-02
6.90000000000000e+00  -1.06083014162000e-02
6.92500000000000e+00  -9.07496665581978e-03
6.95000000000000e+00  -7.70059766729314e-03
6.97500000000000e+00  -6.47261283435320e-03
7.00000000000000e+00  -5.37913540987262e-03
7.02500000000000e+00  -4.40897244196418e-03
7.05000000000000e+00  -3.55159370008236e-03
7.07500000000000e+00  -2.79711060112417e-03
7.10000000000000e+00  -2.13625513553039e-03
7.12500000000000e+00  -1.56035879338681e-03
7.15000000000000e+00  -1.06133149052516e-03
7.17500000000000e+00  -6.31640494624458e-04
7.20000000000000e+00  -2.64289351312013e-04
7.22500000000000e+00  4.72031897354372e-05
7.25000000000000e+00  3.08824248690492e-04
7.27500000000000e+00  5.26087889474055e-04
7.30000000000000e+00  7.04056193654145e-04
7.32500000000000e+00  8.47360334344743e-04
7.35000000000000e+00  9.60221650104707e-04
7.37500000000000e+00  1.04647271883658e-03
7.40000000000000e+00  1.10957843168551e-03
7.42500000000000e+00  1.15265706693805e-03
7.45000000000000e+00  1.17850136392107e-03
7.47500000000000e+00  1.18959959690060e-03
7.50000000000000e+00  1.18784537145035e-03
7.52500000000000e+00  1.17572411082700e-03
7.55000000000000e+00  1.15524574915192e-03
7.57500000000000e+00  1.12787701547200e-03
7.60000000000000e+00  1.09493533904554e-03
7.62500000000000e+00  1.05759690992865e-03
7.65000000000000e+00  1.01690473956165e-03
7.67500000000000e+00  9.73776721355451e-04
7.70000000000000e+00  9.29013691277950e-04
7.72500000000000e+00  8.83307488440422e-04
7.75000000000000e+00  8.37249015683921e-04
7.77500000000000e+00  7.91336300165656e-04
7.80000000000000e+00  7.45982553945399e-04
7.82500000000000e+00  7.01524234571868e-04
7.85000000000000e+00  6.58229105669119e-04
7.87500000000000e+00  6.16304297522945e-04
7.90000000000000e+00  5.75904367667261e-04
7.92500000000000e+00  5.37139361470497e-04
7.95000000000000e+00  5.00082872722000e-04
7.97500000000000e+00  4.64780104218410e-04
8.00000000000000e+00  4.31255928350068e-04
8.02500000000000e+00  3.99522947687395e-04
8.05000000000000e+00  3.69589555567293e-04
8.07500000000000e+00  3.41467996679536e-04
8.10000000000000e+00  3.15182427653159e-04
8.12500000000000e+00  2.90549629164631e-04
8.15000000000000e+00  2.67465030999606e-04
8.17500000000000e+00  2.45960002705901e-04
8.20000000000000e+00  2.25955632575011e-04
8.22500000000000e+00  2.07374284754156e-04
8.25000000000000e+00  1.90139733497146e-04
8.27500000000000e+00  1.74177297415277e-04
8.30000000000000e+00  1.59413973728203e-04
8.32500000000000e+00  1.45778572514812e-04
8.35000000000000e+00  1.33201850964114e-04
8.37500000000000e+00  1.21616647626113e-04
8.40000000000000e+00  1.10958016662693e-04
8.42500000000000e+00  1.01163362098496e-04
8.45000000000000e+00  9.21725720717980e-05
8.47500000000000e+00  8.39281530853949e-05
8.50000000000000e+00  7.63753642574760e-05
8.52500000000000e+00  6.94623515725097e-05
8.55000000000000e+00  6.31402821321186e-05
8.57500000000000e+00  5.73634784059622e-05
8.60000000000000e+00  5.20895524826160e-05
8.62500000000000e+00  4.72795403204490e-05
8.65000000000000e+00  4.28980359985071e-05
8.67500000000000e+00  3.89133259673906e-05
8.70000000000000e+00  3.52975233001348e-05
8.72500000000000e+00  3.20267019430888e-05
8.75000000000000e+00  2.89458081766962e-05
8.77500000000000e+00  2.62636031259465e-05
8.80000000000000e+00  2.38150094354782e-05
8.82500000000000e+00  2.15827332347928e-05
8.85000000000000e+00  1.95503956454336e-05
8.87500000000000e+00  1.77025080782810e-05
8.90000000000000e+00  1.60244475308488e-05
8.92500000000000e+00  1.45024318845798e-05
8.95000000000000e+00  1.31234952021408e-05
8.97500000000000e+00  1.18754630247188e-05
9.00000000000000e+00  1.07469276693163e-05
9.02500000000000e+00  9.72722352604728e-06
9.05000000000000e+00  8.80640235543258e-06
9.07500000000000e+00  7.97520858569554e-06
9.10000000000000e+00  7.22505461005777e-06
9.12500000000000e+00  6.54799608403448e-06
9.15000000000000e+00  5.93670722273056e-06
9.17500000000000e+00  5.38445609813584e-06
9.20000000000000e+00  4.88507993642092e-06
9.22500000000000e+00  4.43296041523276e-06
9.25000000000000e+00  4.02299896099018e-06
9.27500000000000e+00  3.65059204617972e-06
9.30000000000000e+00  3.31160648665113e-06
9.32500000000000e+00  3.00235473891303e-06
9.35000000000000e+00  2.71957019742851e-06
9.37500000000000e+00  2.46038249191082e-06
9.40000000000000e+00  2.22229278461898e-06
9.42500000000000e+00  2.00314906765341e-06
9.45000000000000e+00  1.80112146025155e-06
9.47500000000000e+00  1.61467750608354e-06
9.50000000000000e+00  1.44255747054774e-06
9.52500000000000e+00  1.28374963806652e-06
9.55000000000000e+00  1.13746560938178e-06
9.57500000000000e+00  1.00311559885060e-06
9.60000000000000e+00  8.80283731740900e-07
9.62500000000000e+00  7.68703341527066e-07
9.65000000000000e+00  6.68232267185544e-07
9.67500000000000e+00  5.78828150490535e-07
9.70000000000000e+00  5.00523733309581e-07
9.72500000000000e+00  4.33402154899214e-07
9.75000000000000e+00  3.77572249200583e-07
9.77500000000000e+00  3.33143842135088e-07
9.80000000000000e+00  3.00203048900012e-07
9.82500000000000e+00  2.78787571264164e-07
9.85000000000000e+00  2.68861994863492e-07
9.87500000000000e+00  2.70293086496726e-07
9.90000000000000e+00  2.82825091421013e-07
9.92500000000000e+00  3.06055030647541e-07
9.95000000000000e+00  3.39407998237182e-07
9.97500000000000e+00  3.82112458596115e-07
1.00000000000000e+01  4.33175543771429e-07
