0.00000000000000e+00  -2.84517819277182e+00
5.00000000000000e-02  -2.84517837837978e+00
1.00000000000000e-01  -2.84517858702554e+00
1.50000000000000e-01  -2.84517881329869e+00
2.00000000000000e-01  -2.84517905240117e+00
2.50000000000000e-01  -2.84517930009975e+00
3.00000000000000e-01  -2.84517955267870e+00
3.50000000000000e-01  -2.84517980689229e+00
4.00000000000000e-01  -2.84518005991737e+00
4.50000000000000e-01  -2.84518030930596e+00
5.00000000000000e-01  -2.84518055293782e+00
5.50000000000000e-01  -2.84518078897299e+00
6.00000000000000e-01  -2.84518101580439e+00
6.50000000000000e-01  -2.84518123201038e+00
7.00000000000000e-01  -2.84518143630732e+00
7.50000000000000e-01  -2.84518162750215e+00
8.00000000000000e-01  -2.84518180444494e+00
8.50000000000000e-01  -2.84518196598152e+00
9.00000000000000e-01  -2.84518211090595e+00
9.50000000000000e-01  -2.84518223791318e+00
1.00000000000000e+00  -2.84518234555158e+00
1.05000000000000e+00  -2.84518243217551e+00
1.10000000000000e+00  -2.84518249589788e+00
1.15000000000000e+00  -2.84518253454276e+00
1.20000000000000e+00  -2.84518254559790e+00
1.25000000000000e+00  -2.84518252616732e+00
1.30000000000000e+00  -2.84518247292391e+00
1.35000000000000e+00  -2.84518238206193e+00
1.40000000000000e+00  -2.84518224924966e+00
1.45000000000000e+00  -2.84518206958189e+00
1.50000000000000e+00  -2.84518183753257e+00
1.55000000000000e+00  -2.84518154690730e+00
1.60000000000000e+00  -2.84518119079597e+00
1.65000000000000e+00  -2.84518076152527e+00
1.70000000000000e+00  -2.84518025061131e+00
1.75000000000000e+00  -2.84517964871216e+00
1.80000000000000e+00  -2.84517894558041e+00
1.85000000000000e+00  -2.84517813001577e+00
1.90000000000000e+00  -2.84517718981764e+00
1.95000000000000e+00  -2.84517611173763e+00
2.00000000000000e+00  -2.84517488143219e+00
2.05000000000000e+00  -2.84517348341514e+00
2.10000000000000e+00  -2.84517190101027e+00
2.15000000000000e+00  -2.84517011630386e+00
2.20000000000000e+00  -2.84516811009732e+00
2.25000000000000e+00  -2.84516586185970e+00
2.30000000000000e+00  -2.84516334968027e+00
2.35000000000000e+00  -2.84516055022114e+00
2.40000000000000e+00  -2.84515743866974e+00
2.45000000000000e+00  -2.84515398869148e+00
2.50000000000000e+00  -2.84515018390166e+00
2.55000000000000e+00  -2.84514569533582e+00
2.60000000000000e+00  -2.84514077451804e+00
2.65000000000000e+00  -2.84513534147973e+00
2.70000000000000e+00  -2.84512931777831e+00
2.75000000000000e+00  -2.84512262461351e+00
2.80000000000000e+00  -2.84511518094348e+00
2.85000000000000e+00  -2.84510690160104e+00
2.90000000000000e+00  -2.84509769540985e+00
2.95000000000000e+00  -2.84508746330058e+00
3.00000000000000e+00  -2.84507609642714e+00
3.05000000000000e+00  -2.84506347428288e+00
3.10000000000000e+00  -2.84504946281674e+00
3.15000000000000e+00  -2.84503391254946e+00
3.20000000000000e+00  -2.84501665668981e+00
3.25000000000000e+00  -2.84499750925071e+00
3.30000000000000e+00  -2.84497626316551e+00
3.35000000000000e+00  -2.84495268840410e+00
3.40000000000000e+00  -2.84492653008917e+00
3.45000000000000e+00  -2.84489750661236e+00
3.50000000000000e+00  -2.84486530775047e+00
3.55000000000000e+00  -2.84482959278165e+00
3.60000000000000e+00  -2.84478998860160e+00
3.65000000000000e+00  -2.84474608783975e+00
3.70000000000000e+00  -2.84469744697547e+00
3.75000000000000e+00  -2.84464395255937e+00
3.80000000000000e+00  -2.84458368390664e+00
3.85000000000000e+00  -2.84451728420869e+00
3.90000000000000e+00  -2.84444389740936e+00
3.95000000000000e+00  -2.84436264680455e+00
4.00000000000000e+00  -2.84427261817643e+00
4.05000000000000e+00  -2.84417284292773e+00
4.10000000000000e+00  -2.84406228121603e+00
4.15000000000000e+00  -2.84393980508805e+00
4.20000000000000e+00  -2.84380418161390e+00
4.25000000000000e+00  -2.84365405602137e+00
4.30000000000000e+00  -2.84348793483020e+00
4.35000000000000e+00  -2.84330416898638e+00
4.40000000000000e+00  -2.84310093699642e+00
4.45000000000000e+00  -2.84287622806160e+00
4.50000000000000e+00  -2.84262782521228e+00
4.55000000000000e+00  -2.84235328844219e+00
4.60000000000000e+00  -2.84204993784265e+00
4.65000000000000e+00  -2.84171483673691e+00
4.70000000000000e+00  -2.84134477481441e+00
4.75000000000000e+00  -2.84093625126502e+00
4.80000000000000e+00  -2.84048545791338e+00
4.85000000000000e+00  -2.83998826235313e+00
4.90000000000000e+00  -2.83944019108122e+00
4.95000000000000e+00  -2.83883641263215e+00
5.00000000000000e+00  -2.83817016180014e+00
5.05000000000000e+00  -2.83743974013834e+00
5.10000000000000e+00  -2.83663460909656e+00
5.15000000000000e+00  -2.83574839742108e+00
5.20000000000000e+00  -2.83477400427318e+00
5.25000000000000e+00  -2.83370358044086e+00
5.30000000000000e+00  -2.83252850955062e+00
5.35000000000000e+00  -2.83123938927922e+00
5.40000000000000e+00  -2.82982601256541e+00
5.45000000000000e+00  -2.82827734882171e+00
5.50000000000000e+00  -2.82658152514618e+00
5.55000000000000e+00  -2.82472580753414e+00
5.60000000000000e+00  -2.82269658208997e+00
5.65000000000000e+00  -2.82047933623883e+00
5.70000000000000e+00  -2.81805863993844e+00
5.75000000000000e+00  -2.81541812689083e+00
5.80000000000000e+00  -2.81254047575410e+00
5.85000000000000e+00  -2.80940739135418e+00
5.90000000000000e+00  -2.80599958589659e+00
5.95000000000000e+00  -2.80229676017817e+00
6.00000000000000e+00  -2.79827758479889e+00
6.05000000000000e+00  -2.79391968137355e+00
6.10000000000000e+00  -2.78919960374358e+00
6.15000000000000e+00  -2.78409281918878e+00
6.20000000000000e+00  -2.77857368963908e+00
6.25000000000000e+00  -2.77262031145625e+00
6.30000000000000e+00  -2.76620352285123e+00
6.35000000000000e+00  -2.75929790737762e+00
6.40000000000000e+00  -2.75187750621486e+00
6.45000000000000e+00  -2.74391617783268e+00
6.50000000000000e+00  -2.73538806510633e+00
6.55000000000000e+00  -2.72626806243183e+00
6.60000000000000e+00  -2.71653228284121e+00
6.65000000000000e+00  -2.70615852511776e+00
6.70000000000000e+00  -2.69512674091126e+00
6.75000000000000e+00  -2.68341950185324e+00
6.80000000000000e+00  -2.67102246667217e+00
6.85000000000000e+00  -2.65792484830878e+00
6.90000000000000e+00  -2.64412106636316e+00
6.95000000000000e+00  -2.62961064305953e+00
7.00000000000000e+00  -2.61439939202367e+00
7.05000000000000e+00  -2.59850026521833e+00
7.10000000000000e+00  -2.58193430867135e+00
7.15000000000000e+00  -2.56473171592767e+00
7.20000000000000e+00  -2.54693288150123e+00
7.25000000000000e+00  -2.52858945432696e+00
7.30000000000000e+00  -2.50976539121269e+00
7.35000000000000e+00  -2.49053801029116e+00
7.40000000000000e+00  -2.47099904447193e+00
7.45000000000000e+00  -2.45125569489335e+00
7.50000000000000e+00  -2.43143679552469e+00
7.55000000000000e+00  -2.41166928511557e+00
7.60000000000000e+00  -2.39212534462905e+00
7.65000000000000e+00  -2.37297653847773e+00
7.70000000000000e+00  -2.35441635541787e+00
7.75000000000000e+00  -2.33665841694569e+00
7.80000000000000e+00  -2.31993468569365e+00
7.85000000000000e+00  -2.30449367382673e+00
7.90000000000000e+00  -2.29059865143869e+00
7.95000000000000e+00  -2.27852585494838e+00
8.00000000000000e+00  -2.26856269549598e+00
8.05000000000000e+00  -2.26100596733931e+00
8.10000000000000e+00  -2.25616005625012e+00
8.15000000000000e+00  -2.25432365867107e+00
8.20000000000000e+00  -2.25579313897967e+00
8.25000000000000e+00  -2.26085402106772e+00
8.30000000000000e+00  -2.26977240749091e+00
8.35000000000000e+00  -2.28279042592384e+00
8.40000000000000e+00  -2.30011706023865e+00
8.45000000000000e+00  -2.32191898158373e+00
8.50000000000000e+00  -2.34831137946235e+00
8.55000000000000e+00  -2.37934879281137e+00
8.60000000000000e+00  -2.41501594107991e+00
8.65000000000000e+00  -2.45521855530801e+00
8.70000000000000e+00  -2.49977420920528e+00
8.75000000000000e+00  -2.54837796799155e+00
8.80000000000000e+00  -2.60073614216201e+00
8.85000000000000e+00  -2.65625108767271e+00
8.90000000000000e+00  -2.71436469244019e+00
8.95000000000000e+00  -2.77437484941888e+00
9.00000000000000e+00  -2.83545332049098e+00
9.05000000000000e+00  -2.89666360035629e+00
9.10000000000000e+00  -2.95697878042211e+00
9.15000000000000e+00  -3.01529941269306e+00
9.20000000000000e+00  -3.07047137366094e+00
9.25000000000000e+00  -3.12130372819460e+00
9.30000000000000e+00  -3.16658659342978e+00
9.35000000000000e+00  -3.20510900265900e+00
9.40000000000000e+00  -3.23576229914943e+00
9.45000000000000e+00  -3.25752234906880e+00
9.50000000000000e+00  -3.26955993874581e+00
9.55000000000000e+00  -3.27113081506169e+00
9.60000000000000e+00  -3.26177517416301e+00
9.65000000000000e+00  -3.24133404618851e+00
9.70000000000000e+00  -3.20996567999588e+00
9.75000000000000e+00  -3.16816192788855e+00
9.80000000000000e+00  -3.11676463034257e+00
9.85000000000000e+00  -3.05698200073335e+00
9.90000000000000e+00  -2.99040501006253e+00
9.95000000000000e+00  -2.91902377168471e+00
1.00000000000000e+01  -2.84509915268156e+00
1.00500000000000e+01  -2.77131930703671e+00
1.01000000000000e+01  -2.69993806867415e+00
1.01500000000000e+01  -2.63336107802556e+00
1.02000000000000e+01  -2.57357844844313e+00
1.02500000000000e+01  -2.52218115092632e+00
1.03000000000000e+01  -2.48037739884870e+00
1.03500000000000e+01  -2.44900903268477e+00
1.04000000000000e+01  -2.42856790473673e+00
1.04500000000000e+01  -2.41921226386130e+00
1.05000000000000e+01  -2.42078314019657e+00
1.05500000000000e+01  -2.43282072988875e+00
1.06000000000000e+01  -2.45458077981903e+00
1.06500000000000e+01  -2.48523407631609e+00
1.07000000000000e+01  -2.52375648554788e+00
1.07500000000000e+01  -2.56903935078189e+00
1.08000000000000e+01  -2.61987170531107e+00
1.08500000000000e+01  -2.67504366627165e+00
1.09000000000000e+01  -2.73336429853294e+00
1.09500000000000e+01  -2.79367947858727e+00
1.10000000000000e+01  -2.85488975843974e+00
1.10500000000000e+01  -2.91596822949809e+00
1.11000000000000e+01  -2.97597838646258e+00
1.11500000000000e+01  -3.03409199121578e+00
1.12000000000000e+01  -3.08960693671244e+00
1.12500000000000e+01  -3.14193992863128e+00
1.13000000000000e+01  -3.19056886964285e+00
1.13500000000000e+01  -3.23512452352827e+00
1.14000000000000e+01  -3.27532713774555e+00
1.14500000000000e+01  -3.31099428600443e+00
1.15000000000000e+01  -3.34203169934498e+00
1.15500000000000e+01  -3.36842409721634e+00
1.16000000000000e+01  -3.39022601855534e+00
1.16500000000000e+01  -3.40755265286526e+00
1.17000000000000e+01  -3.42057067129440e+00
1.17500000000000e+01  -3.42948905771486e+00
1.18000000000000e+01  -3.43454993980114e+00
1.18500000000000e+01  -3.43601942010885e+00
1.19000000000000e+01  -3.43418302252971e+00
1.19500000000000e+01  -3.42933711144113e+00
1.20000000000000e+01  -3.42178038328569e+00
1.20500000000000e+01  -3.41181722383505e+00
1.21000000000000e+01  -3.39974442734693e+00
1.21500000000000e+01  -3.38584940496145e+00
1.22000000000000e+01  -3.37040839309738e+00
1.22500000000000e+01  -3.35368466184842e+00
1.23000000000000e+01  -3.33592672337948e+00
1.23500000000000e+01  -3.31736654032295e+00
1.24000000000000e+01  -3.29821773417503e+00
1.24500000000000e+01  -3.27867379369192e+00
1.25000000000000e+01  -3.25891139443640e+00
1.25500000000000e+01  -3.23908738392086e+00
1.26000000000000e+01  -3.21934403434553e+00
1.26500000000000e+01  -3.19980506852945e+00
1.27000000000000e+01  -3.18057768761096e+00
1.27500000000000e+01  -3.16175362449961e+00
1.28000000000000e+01  -3.14341019732810e+00
1.28500000000000e+01  -3.12561136290429e+00
1.29000000000000e+01  -3.10840877016309e+00
1.29500000000000e+01  -3.09184281361844e+00
1.30000000000000e+01  -3.07594368681527e+00
1.30500000000000e+01  -3.06073243578144e+00
1.31000000000000e+01  -3.04622201247969e+00
1.31500000000000e+01  -3.03241823053582e+00
1.32000000000000e+01  -3.01932061217404e+00
1.32500000000000e+01  -3.00692357699446e+00
1.33000000000000e+01  -2.99521633793780e+00
1.33500000000000e+01  -2.98418455373255e+00
1.34000000000000e+01  -2.97381079601025e+00
1.34500000000000e+01  -2.96407501642067e+00
1.35000000000000e+01  -2.95495501374711e+00
1.35500000000000e+01  -2.94642690102161e+00
1.36000000000000e+01  -2.93846557264020e+00
1.36500000000000e+01  -2.93104517147814e+00
1.37000000000000e+01  -2.92413955600517e+00
1.37500000000000e+01  -2.91772762597066e+00
1.38000000000000e+01  -2.91176938921839e+00
1.38500000000000e+01  -2.90625025966915e+00
1.39000000000000e+01  -2.90114347511476e+00
1.39500000000000e+01  -2.89642339748516e+00
1.40000000000000e+01  -2.89206549406014e+00
1.40500000000000e+01  -2.88804631868115e+00
1.41000000000000e+01  -2.88434349296299e+00
1.41500000000000e+01  -2.88093568750562e+00
1.42000000000000e+01  -2.87780260310591e+00
1.42500000000000e+01  -2.87492495196936e+00
1.43000000000000e+01  -2.87228443892191e+00
1.43500000000000e+01  -2.86986374262165e+00
1.44000000000000e+01  -2.86764649677064e+00
1.44500000000000e+01  -2.86561727132657e+00
1.45000000000000e+01  -2.86376155371463e+00
1.45500000000000e+01  -2.86206573003918e+00
1.46000000000000e+01  -2.86051706629555e+00
1.46500000000000e+01  -2.85910368958180e+00
1.47000000000000e+01  -2.85781456931046e+00
1.47500000000000e+01  -2.85663949842027e+00
1.48000000000000e+01  -2.85556907458799e+00
1.48500000000000e+01  -2.85459468144013e+00
1.49000000000000e+01  -2.85370846976468e+00
1.49500000000000e+01  -2.85290333872292e+00
1.50000000000000e+01  -2.85217135814900e+00
1.50500000000000e+01  -2.85150666622916e+00
1.51000000000000e+01  -2.85090288778011e+00
1.51500000000000e+01  -2.85035481650821e+00
1.52000000000000e+01  -2.84985762094797e+00
1.52500000000000e+01  -2.84940682759634e+00
1.53000000000000e+01  -2.84899830404696e+00
1.53500000000000e+01  -2.84862824212447e+00
1.54000000000000e+01  -2.84829314101874e+00
1.54500000000000e+01  -2.84798979041921e+00
1.55000000000000e+01  -2.84771525364911e+00
1.55500000000000e+01  -2.84746685079980e+00
1.56000000000000e+01  -2.84724214186498e+00
1.56500000000000e+01  -2.84703890987502e+00
1.57000000000000e+01  -2.84685514403121e+00
1.57500000000000e+01  -2.84668902284004e+00
1.58000000000000e+01  -2.84653889724751e+00
1.58500000000000e+01  -2.84640327377336e+00
1.59000000000000e+01  -2.84628079764538e+00
1.59500000000000e+01  -2.84617023593369e+00
1.60000000000000e+01  -2.84607046068499e+00
1.60500000000000e+01  -2.84598043205686e+00
1.61000000000000e+01  -2.84589918145205e+00
1.61500000000000e+01  -2.84582579465273e+00
1.62000000000000e+01  -2.84575939495477e+00
1.62500000000000e+01  -2.84569949440719e+00
1.63000000000000e+01  -2.84564563188595e+00
1.63500000000000e+01  -2.84559699102166e+00
1.64000000000000e+01  -2.84555309025981e+00
1.64500000000000e+01  -2.84551348607976e+00
1.65000000000000e+01  -2.84547777111094e+00
1.65500000000000e+01  -2.84544557224905e+00
1.66000000000000e+01  -2.84541654877224e+00
1.66500000000000e+01  -2.84539039045731e+00
1.67000000000000e+01  -2.84536681569590e+00
1.67500000000000e+01  -2.84534556961070e+00
1.68000000000000e+01  -2.84532642217160e+00
1.68500000000000e+01  -2.84530916631195e+00
1.69000000000000e+01  -2.84529361604467e+00
1.69500000000000e+01  -2.84527960457853e+00
1.70000000000000e+01  -2.84526698243427e+00
1.70500000000000e+01  -2.84525561556083e+00
1.71000000000000e+01  -2.84524538345156e+00
1.71500000000000e+01  -2.84523617726036e+00
1.72000000000000e+01  -2.84522789791793e+00
1.72500000000000e+01  -2.84522045424790e+00
1.73000000000000e+01  -2.84521376108310e+00
1.73500000000000e+01  -2.84520773738168e+00
1.74000000000000e+01  -2.84520230434336e+00
1.74500000000000e+01  -2.84519738352559e+00
1.75000000000000e+01  -2.84519290647915e+00
1.75500000000000e+01  -2.84518909016993e+00
1.76000000000000e+01  -2.84518564019166e+00
1.76500000000000e+01  -2.84518252864027e+00
1.77000000000000e+01  -2.84517972918113e+00
1.77500000000000e+01  -2.84517721700171e+00
1.78000000000000e+01  -2.84517496876408e+00
1.78500000000000e+01  -2.84517296255754e+00
1.79000000000000e+01  -2.84517117785114e+00
1.79500000000000e+01  -2.84516959544626e+00
1.80000000000000e+01  -2.84516819742922e+00
1.80500000000000e+01  -2.84516696712378e+00
1.81000000000000e+01  -2.84516588904377e+00
1.81500000000000e+01  -2.84516494884563e+00
1.82000000000000e+01  -2.84516413328100e+00
1.82500000000000e+01  -2.84516343014925e+00
1.83000000000000e+01  -2.84516282825009e+00
1.83500000000000e+01  -2.84516231733613e+00
1.84000000000000e+01  -2.84516188806544e+00
1.84500000000000e+01  -2.84516153195410e+00
1.85000000000000e+01  -2.84516124132883e+00
1.85500000000000e+01  -2.84516100927951e+00
1.86000000000000e+01  -2.84516082961175e+00
1.86500000000000e+01  -2.84516069679947e+00
1.87000000000000e+01  -2.84516060593750e+00
1.87500000000000e+01  -2.84516055269408e+00
1.88000000000000e+01  -2.84516053326351e+00
1.88500000000000e+01  -2.84516054431865e+00
1.89000000000000e+01  -2.84516058296352e+00
1.89500000000000e+01  -2.84516064668590e+00
1.90000000000000e+01  -2.84516073330982e+00
1.90500000000000e+01  -2.84516084094822e+00
1.91000000000000e+01  -2.84516096795546e+00
1.91500000000000e+01  -2.84516111287989e+00
1.92000000000000e+01  -2.84516127441646e+00
1.92500000000000e+01  -2.84516145135926e+00
1.93000000000000e+01  -2.84516164255408e+00
1.93500000000000e+01  -2.84516184685102e+00
1.94000000000000e+01  -2.84516206305701e+00
1.94500000000000e+01  -2.84516228988841e+00
1.95000000000000e+01  -2.84516252592359e+00
1.95500000000000e+01  -2.84516276955545e+00
1.96000000000000e+01  -2.84516301894404e+00
1.96500000000000e+01  -2.84516327196912e+00
1.97000000000000e+01  -2.84516352618270e+00
1.97500000000000e+01  -2.84516377876165e+00
1.98000000000000e+01  -2.84516402646024e+00
1.98500000000000e+01  -2.84516426556271e+00
1.99000000000000e+01  -2.84516449183587e+00
1.99500000000000e+01  -2.84516470048162e+00
2.00000000000000e+01  -2.84516488608958e+00
