0.00000000000000e+00  -4.20683332625895e+00
5.00000000000000e-02  -4.20683331652122e+00
1.00000000000000e-01  -4.20683330632857e+00
1.50000000000000e-01  -4.20683329580796e+00
2.00000000000000e-01  -4.20683328505471e+00
2.50000000000000e-01  -4.20683327414210e+00
3.00000000000000e-01  -4.20683326313107e+00
3.50000000000000e-01  -4.20683325207725e+00
4.00000000000000e-01  -4.20683324103630e+00
4.50000000000000e-01  -4.20683323006156e+00
5.00000000000000e-01  -4.20683321920486e+00
5.50000000000000e-01  -4.20683320850239e+00
6.00000000000000e-01  -4.20683319795852e+00
6.50000000000000e-01  -4.20683318760952e+00
7.00000000000000e-01  -4.20683317747463e+00
7.50000000000000e-01  -4.20683316765814e+00
8.00000000000000e-01  -4.20683315807588e+00
8.50000000000000e-01  -4.20683314873165e+00
9.00000000000000e-01  -4.20683313966995e+00
9.50000000000000e-01  -4.20683313093280e+00
1.00000000000000e+00  -4.20683312254219e+00
1.05000000000000e+00  -4.20683311449166e+00
1.10000000000000e+00  -4.20683310675282e+00
1.15000000000000e+00  -4.20683309930507e+00
1.20000000000000e+00  -4.20683309221361e+00
1.25000000000000e+00  -4.20683308557854e+00
1.30000000000000e+00  -4.20683307933075e+00
1.35000000000000e+00  -4.20683307338057e+00
1.40000000000000e+00  -4.20683306789895e+00
1.45000000000000e+00  -4.20683306293189e+00
1.50000000000000e+00  -4.20683305846677e+00
1.55000000000000e+00  -4.20683305449865e+00
1.60000000000000e+00  -4.20683305105050e+00
1.65000000000000e+00  -4.20683304817599e+00
1.70000000000000e+00  -4.20683304594996e+00
1.75000000000000e+00  -4.20683304445837e+00
1.80000000000000e+00  -4.20683304376342e+00
1.85000000000000e+00  -4.20683304386408e+00
1.90000000000000e+00  -4.20683304491810e+00
1.95000000000000e+00  -4.20683304700865e+00
2.00000000000000e+00  -4.20683305021468e+00
2.05000000000000e+00  -4.20683305465489e+00
2.10000000000000e+00  -4.20683306044534e+00
2.15000000000000e+00  -4.20683306770302e+00
2.20000000000000e+00  -4.20683307655144e+00
2.25000000000000e+00  -4.20683308713480e+00
2.30000000000000e+00  -4.20683309962061e+00
2.35000000000000e+00  -4.20683311420410e+00
2.40000000000000e+00  -4.20683313110629e+00
2.45000000000000e+00  -4.20683315057054e+00
2.50000000000000e+00  -4.20683149513154e+00
2.55000000000000e+00  -4.20683261103014e+00
2.60000000000000e+00  -4.20683334970632e+00
2.65000000000000e+00  -4.20683379335172e+00
2.70000000000000e+00  -4.20683401381460e+00
2.75000000000000e+00  -4.20683407327770e+00
2.80000000000000e+00  -4.20683402493612e+00
2.85000000000000e+00  -4.20683391367657e+00
2.90000000000000e+00  -4.20683377675763e+00
2.95000000000000e+00  -4.20683364446517e+00
3.00000000000000e+00  -4.20683354078471e+00
3.05000000000000e+00  -4.20683348402317e+00
3.10000000000000e+00  -4.20683348742287e+00
3.15000000000000e+00  -4.20683355998269e+00
3.20000000000000e+00  -4.20683370701395e+00
3.25000000000000e+00  -4.20683393086150e+00
3.30000000000000e+00  -4.20683423133916e+00
3.35000000000000e+00  -4.20683460667001e+00
3.40000000000000e+00  -4.20683505407746e+00
3.45000000000000e+00  -4.20683557038560e+00
3.50000000000000e+00  -4.20683615267981e+00
3.55000000000000e+00  -4.20683679895399e+00
3.60000000000000e+00  -4.20683750878918e+00
3.65000000000000e+00  -4.20683828403908e+00
3.70000000000000e+00  -4.20683912953118e+00
3.75000000000000e+00  -4.20684005381043e+00
3.80000000000000e+00  -4.20684106925267e+00
3.85000000000000e+00  -4.20684219360526e+00
3.90000000000000e+00  -4.20684344985598e+00
3.95000000000000e+00  -4.20684486728316e+00
4.00000000000000e+00  -4.20684648209011e+00
4.05000000000000e+00  -4.20684833803955e+00
4.10000000000000e+00  -4.20685048709062e+00
4.15000000000000e+00  -4.20685299003669e+00
4.20000000000000e+00  -4.20685591717986e+00
4.25000000000000e+00  -4.20685934897908e+00
4.30000000000000e+00  -4.20686337677469e+00
4.35000000000000e+00  -4.20686810352494e+00
4.40000000000000e+00  -4.20687364419005e+00
4.45000000000000e+00  -4.20688012659384e+00
4.50000000000000e+00  -4.20688769196591e+00
4.55000000000000e+00  -4.20689649593236e+00
4.60000000000000e+00  -4.20690670877856e+00
4.65000000000000e+00  -4.20691851620109e+00
4.70000000000000e+00  -4.20693212004760e+00
4.75000000000000e+00  -4.20694773897916e+00
4.80000000000000e+00  -4.20696560914786e+00
4.85000000000000e+00  -4.20698598483443e+00
4.90000000000000e+00  -4.20700913907063e+00
4.95000000000000e+00  -4.20703536423283e+00
5.00000000000000e+00  -4.20706446643410e+00
5.05000000000000e+00  -4.20710431943587e+00
5.10000000000000e+00  -4.20714749226417e+00
5.15000000000000e+00  -4.20719597275155e+00
5.20000000000000e+00  -4.20725154544279e+00
5.25000000000000e+00  -4.20731587154638e+00
5.30000000000000e+00  -4.20739056888604e+00
5.35000000000000e+00  -4.20747729185837e+00
5.40000000000000e+00  -4.20757781139707e+00
5.45000000000000e+00  -4.20769409494351e+00
5.50000000000000e+00  -4.20782838642271e+00
5.55000000000000e+00  -4.20798328622677e+00
5.60000000000000e+00  -4.20816183119910e+00
5.65000000000000e+00  -4.20836757451692e+00
5.70000000000000e+00  -4.20860466573257e+00
5.75000000000000e+00  -4.20887793068215e+00
5.80000000000000e+00  -4.20919295157879e+00
5.85000000000000e+00  -4.20955614684340e+00
5.90000000000000e+00  -4.20997485109152e+00
5.95000000000000e+00  -4.21045739511854e+00
6.00000000000000e+00  -4.21101318587339e+00
6.05000000000000e+00  -4.21165278642282e+00
6.10000000000000e+00  -4.21238799590719e+00
6.15000000000000e+00  -4.21323192948177e+00
6.20000000000000e+00  -4.21419909823451e+00
6.25000000000000e+00  -4.21530794805754e+00
6.30000000000000e+00  -4.21657928510903e+00
6.35000000000000e+00  -4.21803439255352e+00
6.40000000000000e+00  -4.21969738275834e+00
6.45000000000000e+00  -4.22159546345618e+00
6.50000000000000e+00  -4.22375898100895e+00
6.55000000000000e+00  -4.22622146367168e+00
6.60000000000000e+00  -4.22901966488097e+00
6.65000000000000e+00  -4.23219360655566e+00
6.70000000000000e+00  -4.23578662239824e+00
6.75000000000000e+00  -4.23984540120579e+00
6.80000000000000e+00  -4.24442003017973e+00
6.85000000000000e+00  -4.24956403823560e+00
6.90000000000000e+00  -4.25533284737355e+00
6.95000000000000e+00  -4.26178452163297e+00
7.00000000000000e+00  -4.26897929678915e+00
7.05000000000000e+00  -4.27697623005495e+00
7.10000000000000e+00  -4.28583494446337e+00
7.15000000000000e+00  -4.29561365606529e+00
7.20000000000000e+00  -4.30636720113573e+00
7.25000000000000e+00  -4.31814506343970e+00
7.30000000000000e+00  -4.33098940149518e+00
7.35000000000000e+00  -4.34493307587106e+00
7.40000000000000e+00  -4.35999767650205e+00
7.45000000000000e+00  -4.37619155001913e+00
7.50000000000000e+00  -4.39350349760527e+00
7.55000000000000e+00  -4.41190872507897e+00
7.60000000000000e+00  -4.43136052420158e+00
7.65000000000000e+00  -4.45178707453009e+00
7.70000000000000e+00  -4.47309312123141e+00
7.75000000000000e+00  -4.49515919407181e+00
7.80000000000000e+00  -4.51784082640643e+00
7.85000000000000e+00  -4.54096883807733e+00
7.90000000000000e+00  -4.56435026292166e+00
7.95000000000000e+00  -4.58777109668264e+00
8.00000000000000e+00  -4.61099844270542e+00
8.05000000000000e+00  -4.63378614230958e+00
8.10000000000000e+00  -4.65588093906982e+00
8.15000000000000e+00  -4.67702400068292e+00
8.20000000000000e+00  -4.69695918456925e+00
8.25000000000000e+00  -4.71542979010089e+00
8.30000000000000e+00  -4.73221523438916e+00
8.35000000000000e+00  -4.74710556314709e+00
8.40000000000000e+00  -4.75991328061048e+00
8.45000000000000e+00  -4.77048433157603e+00
8.50000000000000e+00  -4.77870339063866e+00
8.55000000000000e+00  -4.78449818931786e+00
8.60000000000000e+00  -4.78784036656843e+00
8.65000000000000e+00  -4.78874295454665e+00
8.70000000000000e+00  -4.78725270273731e+00
8.75000000000000e+00  -4.78346033398357e+00
8.80000000000000e+00  -4.77748499165895e+00
8.85000000000000e+00  -4.76951807905059e+00
8.90000000000000e+00  -4.75973642153682e+00
8.95000000000000e+00  -4.74835136823430e+00
9.00000000000000e+00  -4.73559744797638e+00
9.05000000000000e+00  -4.72172102529138e+00
9.10000000000000e+00  -4.70697234808890e+00
9.15000000000000e+00  -4.69159965874847e+00
9.20000000000000e+00  -4.67584533939789e+00
9.25000000000000e+00  -4.65994261282063e+00
9.30000000000000e+00  -4.64411564236068e+00
9.35000000000000e+00  -4.62858014614133e+00
9.40000000000000e+00  -4.61352177986142e+00
9.45000000000000e+00  -4.59911383707056e+00
9.50000000000000e+00  -4.58550659042213e+00
9.55000000000000e+00  -4.57284298880369e+00
9.60000000000000e+00  -4.56124077980633e+00
9.65000000000000e+00  -4.55079753117615e+00
9.70000000000000e+00  -4.54159523249281e+00
9.75000000000000e+00  -4.53370214035567e+00
9.80000000000000e+00  -4.52717469043578e+00
9.85000000000000e+00  -4.52205786740497e+00
9.90000000000000e+00  -4.51838454893795e+00
9.95000000000000e+00  -4.51617316979496e+00
1.00000000000000e+01  -4.51542538590432e+00
1.00500000000000e+01  -4.51617316963477e+00
1.01000000000000e+01  -4.51838454861983e+00
1.01500000000000e+01  -4.52205786693309e+00
1.02000000000000e+01  -4.52717468981622e+00
1.02500000000000e+01  -4.53370213959646e+00
1.03000000000000e+01  -4.54159523160423e+00
1.03500000000000e+01  -4.55079753017072e+00
1.04000000000000e+01  -4.56124077869868e+00
1.04500000000000e+01  -4.57284298761022e+00
1.05000000000000e+01  -4.58550658916112e+00
1.05500000000000e+01  -4.59911383576224e+00
1.06000000000000e+01  -4.61352177852789e+00
1.06500000000000e+01  -4.62858014480578e+00
1.07000000000000e+01  -4.64411564104706e+00
1.07500000000000e+01  -4.65994261155405e+00
1.08000000000000e+01  -4.67584533820283e+00
1.08500000000000e+01  -4.69159965764885e+00
1.09000000000000e+01  -4.70697234710769e+00
1.09500000000000e+01  -4.72172102444976e+00
1.10000000000000e+01  -4.73559744729304e+00
1.10500000000000e+01  -4.74835136772467e+00
1.11000000000000e+01  -4.75973642121248e+00
1.11500000000000e+01  -4.76951807891872e+00
1.12000000000000e+01  -4.77748499172249e+00
1.12500000000000e+01  -4.78344240237569e+00
1.13000000000000e+01  -4.78725270316647e+00
1.13500000000000e+01  -4.78874295516396e+00
1.14000000000000e+01  -4.78784036736191e+00
1.14500000000000e+01  -4.78449819025132e+00
1.15000000000000e+01  -4.77870339167743e+00
1.15500000000000e+01  -4.77048433269664e+00
1.16000000000000e+01  -4.75991328179818e+00
1.16500000000000e+01  -4.74710556438356e+00
1.17000000000000e+01  -4.73221523564643e+00
1.17500000000000e+01  -4.71542979133203e+00
1.18000000000000e+01  -4.69695918572758e+00
1.18500000000000e+01  -4.67702400177504e+00
1.19000000000000e+01  -4.65588094007405e+00
1.19500000000000e+01  -4.63378614319997e+00
1.20000000000000e+01  -4.61099844344605e+00
1.20500000000000e+01  -4.58777109727154e+00
1.21000000000000e+01  -4.56435026335892e+00
1.21500000000000e+01  -4.54096883835459e+00
1.22000000000000e+01  -4.51784082651433e+00
1.22500000000000e+01  -4.49515919400323e+00
1.23000000000000e+01  -4.47309312098864e+00
1.23500000000000e+01  -4.45178707412528e+00
1.24000000000000e+01  -4.43136052365088e+00
1.24500000000000e+01  -4.41190872438920e+00
1.25000000000000e+01  -4.39350782628267e+00
1.25500000000000e+01  -4.37619154905003e+00
1.26000000000000e+01  -4.35999767543668e+00
1.26500000000000e+01  -4.34493307472003e+00
1.27000000000000e+01  -4.33098940025428e+00
1.27500000000000e+01  -4.31814506211525e+00
1.28000000000000e+01  -4.30636719974505e+00
1.28500000000000e+01  -4.29561365462870e+00
1.29000000000000e+01  -4.28583494299616e+00
1.29500000000000e+01  -4.27697622856254e+00
1.30000000000000e+01  -4.26897929526862e+00
1.30500000000000e+01  -4.26178452008457e+00
1.31000000000000e+01  -4.25533284582318e+00
1.31500000000000e+01  -4.24956403668663e+00
1.32000000000000e+01  -4.24442002863943e+00
1.32500000000000e+01  -4.23984539965493e+00
1.33000000000000e+01  -4.23578662084800e+00
1.33500000000000e+01  -4.23219360502224e+00
1.34000000000000e+01  -4.22901966337119e+00
1.34500000000000e+01  -4.22622146217952e+00
1.35000000000000e+01  -4.22375897952330e+00
1.35500000000000e+01  -4.22159546197069e+00
1.36000000000000e+01  -4.21969738128102e+00
1.36500000000000e+01  -4.21803439110367e+00
1.37000000000000e+01  -4.21657928368800e+00
1.37500000000000e+01  -4.21530548776991e+00
1.38000000000000e+01  -4.21419909677941e+00
1.38500000000000e+01  -4.21323192807063e+00
1.39000000000000e+01  -4.21238799454263e+00
1.39500000000000e+01  -4.21165278505936e+00
1.40000000000000e+01  -4.21101318448362e+00
1.40500000000000e+01  -4.21045739371098e+00
1.41000000000000e+01  -4.20997484969626e+00
1.41500000000000e+01  -4.20955614548283e+00
1.42000000000000e+01  -4.20919295024716e+00
1.42500000000000e+01  -4.20887792933685e+00
1.43000000000000e+01  -4.20860466433666e+00
1.43500000000000e+01  -4.20836757313884e+00
1.44000000000000e+01  -4.20816182984422e+00
1.44500000000000e+01  -4.20798328488774e+00
1.45000000000000e+01  -4.20782838502838e+00
1.45500000000000e+01  -4.20769409353221e+00
1.46000000000000e+01  -4.20757781000952e+00
1.46500000000000e+01  -4.20747729049546e+00
1.47000000000000e+01  -4.20739056752353e+00
1.47500000000000e+01  -4.20731587015352e+00
1.48000000000000e+01  -4.20725154401158e+00
1.48500000000000e+01  -4.20719597130774e+00
1.49000000000000e+01  -4.20714749084902e+00
1.49500000000000e+01  -4.20710431804426e+00
1.50000000000000e+01  -4.20706497124399e+00
1.50500000000000e+01  -4.20703536276669e+00
1.51000000000000e+01  -4.20700913761478e+00
1.51500000000000e+01  -4.20698598338563e+00
1.52000000000000e+01  -4.20696560768285e+00
1.52500000000000e+01  -4.20694773748943e+00
1.53000000000000e+01  -4.20693211854087e+00
1.53500000000000e+01  -4.20691851469023e+00
1.54000000000000e+01  -4.20690670727096e+00
1.54500000000000e+01  -4.20689649442182e+00
1.55000000000000e+01  -4.20688769043676e+00
1.55500000000000e+01  -4.20688012503715e+00
1.56000000000000e+01  -4.20687364263175e+00
1.56500000000000e+01  -4.20686810195346e+00
1.57000000000000e+01  -4.20686337517929e+00
1.57500000000000e+01  -4.20685934739833e+00
1.58000000000000e+01  -4.20685591559892e+00
1.58500000000000e+01  -4.20685298843237e+00
1.59000000000000e+01  -4.20685048545542e+00
1.59500000000000e+01  -4.20684833638524e+00
1.60000000000000e+01  -4.20684648043553e+00
1.60500000000000e+01  -4.20684486563829e+00
1.61000000000000e+01  -4.20684344820766e+00
1.61500000000000e+01  -4.20684219192154e+00
1.62000000000000e+01  -4.20684106753119e+00
1.62500000000000e+01  -4.20684005205007e+00
1.63000000000000e+01  -4.20683912784990e+00
1.63500000000000e+01  -4.20683828227473e+00
1.64000000000000e+01  -4.20683750697711e+00
1.64500000000000e+01  -4.20683679716177e+00
1.65000000000000e+01  -4.20683615093931e+00
1.65500000000000e+01  -4.20683556867977e+00
1.66000000000000e+01  -4.20683505236016e+00
1.66500000000000e+01  -4.20683460490247e+00
1.67000000000000e+01  -4.20683422951498e+00
1.67500000000000e+01  -4.20683392902100e+00
1.68000000000000e+01  -4.20683370519823e+00
1.68500000000000e+01  -4.20683355811997e+00
1.69000000000000e+01  -4.20683348552815e+00
1.69500000000000e+01  -4.20683348213051e+00
1.70000000000000e+01  -4.20683353890276e+00
1.70500000000000e+01  -4.20683364259423e+00
1.71000000000000e+01  -4.20683377490267e+00
1.71500000000000e+01  -4.20683391184227e+00
1.72000000000000e+01  -4.20683402310936e+00
1.72500000000000e+01  -4.20683407143354e+00
1.73000000000000e+01  -4.20683401192341e+00
1.73500000000000e+01  -4.20683379140311e+00
1.74000000000000e+01  -4.20683334773438e+00
1.74500000000000e+01  -4.20683260911247e+00
1.75000000000000e+01  -4.20683317094183e+00
1.75500000000000e+01  -4.20683314863952e+00
1.76000000000000e+01  -4.20683312926635e+00
1.76500000000000e+01  -4.20683311239375e+00
1.77000000000000e+01  -4.20683309775886e+00
1.77500000000000e+01  -4.20683308519706e+00
1.78000000000000e+01  -4.20683307457447e+00
1.78500000000000e+01  -4.20683306575233e+00
1.79000000000000e+01  -4.20683305856880e+00
1.79500000000000e+01  -4.20683305285233e+00
1.80000000000000e+01  -4.20683304842771e+00
1.80500000000000e+01  -4.20683304518217e+00
1.81000000000000e+01  -4.20683304314091e+00
1.81500000000000e+01  -4.20683304212275e+00
1.82000000000000e+01  -4.20683304203144e+00
1.82500000000000e+01  -4.20683304269282e+00
1.83000000000000e+01  -4.20683304417874e+00
1.83500000000000e+01  -4.20683304642973e+00
1.84000000000000e+01  -4.20683304933798e+00
1.84500000000000e+01  -4.20683305281963e+00
1.85000000000000e+01  -4.20683305681938e+00
1.85500000000000e+01  -4.20683306132529e+00
1.86000000000000e+01  -4.20683306634867e+00
1.86500000000000e+01  -4.20683307188616e+00
1.87000000000000e+01  -4.20683307784812e+00
1.87500000000000e+01  -4.20683308421247e+00
1.88000000000000e+01  -4.20683309078975e+00
1.88500000000000e+01  -4.20683309791050e+00
1.89000000000000e+01  -4.20683310539157e+00
1.89500000000000e+01  -4.20683311317613e+00
1.90000000000000e+01  -4.20683312127577e+00
1.90500000000000e+01  -4.20683312971251e+00
1.91000000000000e+01  -4.20683313849174e+00
1.91500000000000e+01  -4.20683314759420e+00
1.92000000000000e+01  -4.20683315698274e+00
1.92500000000000e+01  -4.20683316661622e+00
1.93000000000000e+01  -4.20683317648815e+00
1.93500000000000e+01  -4.20683318666910e+00
1.94000000000000e+01  -4.20683319707259e+00
1.94500000000000e+01  -4.20683320767307e+00
1.95000000000000e+01  -4.20683321842353e+00
1.95500000000000e+01  -4.20683322933526e+00
1.96000000000000e+01  -4.20683324037146e+00
1.96500000000000e+01  -4.20683325147391e+00
1.97000000000000e+01  -4.20683326258602e+00
1.97500000000000e+01  -4.20683327365156e+00
1.98000000000000e+01  -4.20683328461844e+00
1.98500000000000e+01  -4.20683329543030e+00
1.99000000000000e+01  -4.20683330601530e+00
1.99500000000000e+01  -4.20683331627170e+00
2.00000000000000e+01  -4.20683332605355e+00
