0.00000000000000e+00  2.67132215589231e-03
2.50000000000000e-02  2.79254999671032e-03
5.00000000000000e-02  2.91887200002999e-03
7.50000000000000e-02  3.05060589877180e-03
1.00000000000000e-01  3.18806973236543e-03
1.25000000000000e-01  3.33158321124427e-03
1.50000000000000e-01  3.48146908133977e-03
1.75000000000000e-01  3.63805448857606e-03
2.00000000000000e-01  3.80167234336433e-03
2.25000000000000e-01  3.97266268509737e-03
2.50000000000000e-01  4.15137404664403e-03
2.75000000000000e-01  4.33816481884370e-03
3.00000000000000e-01  4.53340461500079e-03
3.25000000000000e-01  4.73747563537926e-03
3.50000000000000e-01  4.95077403169701e-03
3.75000000000000e-01  5.17371127162045e-03
4.00000000000000e-01  5.40671550325893e-03
4.25000000000000e-01  5.65023291965924e-03
4.50000000000000e-01  5.90472912330011e-03
4.75000000000000e-01  6.17069049058663e-03
5.00000000000000e-01  6.44862553634483e-03
5.25000000000000e-01  6.73906627831607e-03
5.50000000000000e-01  7.04256960165156e-03
5.75000000000000e-01  7.35971862340686e-03
6.00000000000000e-01  7.69112405703632e-03
6.25000000000000e-01  8.03742557688763e-03
6.50000000000000e-01  8.39929318269621e-03
6.75000000000000e-01  8.77742856407975e-03
7.00000000000000e-01  9.17256646503272e-03
7.25000000000000e-01  9.58547604842075e-03
7.50000000000000e-01  1.00169622604753e-02
7.75000000000000e-01  1.04678671952878e-02
8.00000000000000e-01  1.09390714593045e-02
8.25000000000000e-01  1.14314955358209e-02
8.50000000000000e-01  1.19461011494760e-02
8.75000000000000e-01  1.24838926307469e-02
9.00000000000000e-01  1.30459182804433e-02
9.25000000000000e-01  1.36332717342021e-02
9.50000000000000e-01  1.42470933269816e-02
9.75000000000000e-01  1.48885714575563e-02
1.00000000000000e+00  1.55589439530112e-02
1.02500000000000e+00  1.62594994332362e-02
1.05000000000000e+00  1.69915786754208e-02
1.07500000000000e+00  1.77565759785484e-02
1.10000000000000e+00  1.85559405278909e-02
1.12500000000000e+00  1.93911777595032e-02
1.15000000000000e+00  2.02638507247176e-02
1.17500000000000e+00  2.11755814546381e-02
1.20000000000000e+00  2.21280523246353e-02
1.22500000000000e+00  2.31230074188408e-02
1.25000000000000e+00  2.41628375752056e-02
1.27500000000000e+00  2.52500321909705e-02
1.30000000000000e+00  2.63858240705261e-02
1.32500000000000e+00  2.75723995430139e-02
1.35000000000000e+00  2.88120342753671e-02
1.37500000000000e+00  3.01070971677325e-02
1.40000000000000e+00  3.14600542488918e-02
1.42500000000000e+00  3.28734725716826e-02
1.45000000000000e+00  3.43500241084205e-02
1.47500000000000e+00  3.58924896463198e-02
1.50000000000000e+00  3.75037626829156e-02
1.52500000000000e+00  3.91868533214849e-02
1.55000000000000e+00  4.09448921664678e-02
1.57500000000000e+00  4.27811342188893e-02
1.60000000000000e+00  4.46989627717806e-02
1.62500000000000e+00  4.67018933056005e-02
1.65000000000000e+00  4.87935773836569e-02
1.67500000000000e+00  5.09778065475278e-02
1.70000000000000e+00  5.32585162124835e-02
1.72500000000000e+00  5.56397895629073e-02
1.75000000000000e+00  5.81258614477173e-02
1.77500000000000e+00  6.07211222757879e-02
1.80000000000000e+00  6.34301219113706e-02
1.82500000000000e+00  6.62575735695164e-02
1.85000000000000e+00  6.92083577114964e-02
1.87500000000000e+00  7.22885310788215e-02
1.90000000000000e+00  7.55000457738223e-02
1.92500000000000e+00  7.88512659021243e-02
1.95000000000000e+00  8.23473301895559e-02
1.97500000000000e+00  8.59936558676464e-02
2.00000000000000e+00  8.97959151843661e-02
2.02500000000000e+00  9.37600119148655e-02
2.05000000000000e+00  9.78920578722153e-02
2.07500000000000e+00  1.02198349418145e-01
2.10000000000000e+00  1.06685343973785e-01
2.12500000000000e+00  1.11359636530401e-01
2.15000000000000e+00  1.16227936160141e-01
2.17500000000000e+00  1.21297042526768e-01
2.20000000000000e+00  1.26573822396404e-01
2.22500000000000e+00  1.32065186148267e-01
2.25000000000000e+00  1.37778064285411e-01
2.27500000000000e+00  1.43719383945469e-01
2.30000000000000e+00  1.49896045411387e-01
2.32500000000000e+00  1.56314898622168e-01
2.35000000000000e+00  1.62982719683607e-01
2.37500000000000e+00  1.69906187379038e-01
2.40000000000000e+00  1.77091859680066e-01
2.42500000000000e+00  1.84546150257311e-01
2.45000000000000e+00  1.92275304991144e-01
2.47500000000000e+00  2.00285378482432e-01
2.50000000000000e+00  2.08577879870183e-01
2.52500000000000e+00  2.17160276036952e-01
2.55000000000000e+00  2.26039364361803e-01
2.57500000000000e+00  2.35217853897470e-01
2.60000000000000e+00  2.44698053227347e-01
2.62500000000000e+00  2.54481693919120e-01
2.65000000000000e+00  2.64569753978406e-01
2.67500000000000e+00  2.74962281302388e-01
2.70000000000000e+00  2.85658217133452e-01
2.72500000000000e+00  2.96655219512824e-01
2.75000000000000e+00  3.07949486734203e-01
2.77500000000000e+00  3.19535580797400e-01
2.80000000000000e+00  3.31406250861975e-01
2.82500000000000e+00  3.43552256700869e-01
2.85000000000000e+00  3.55962192154046e-01
2.87500000000000e+00  3.68622308582124e-01
2.90000000000000e+00  3.81516338320014e-01
2.92500000000000e+00  3.94625318130556e-01
2.95000000000000e+00  4.07927412658155e-01
2.97500000000000e+00  4.21397737882415e-01
3.00000000000000e+00  4.35008184571779e-01
3.02500000000000e+00  4.48727241737164e-01
3.05000000000000e+00  4.62519820085595e-01
3.07500000000000e+00  4.76347075473843e-01
3.10000000000000e+00  4.90166232362064e-01
3.12500000000000e+00  5.03928281084189e-01
3.15000000000000e+00  5.17584034650608e-01
3.17500000000000e+00  5.31075180108230e-01
3.20000000000000e+00  5.44341763230771e-01
3.22500000000000e+00  5.57318772086004e-01
3.25000000000000e+00  5.69936302078363e-01
3.27500000000000e+00  5.82119720991551e-01
3.30000000000000e+00  5.93789834031145e-01
3.32500000000000e+00  6.04863048867200e-01
3.35000000000000e+00  6.15251540676857e-01
3.37500000000000e+00  6.24863417186949e-01
3.40000000000000e+00  6.33602883716603e-01
3.42500000000000e+00  6.41370408219850e-01
3.45000000000000e+00  6.48064193320600e-01
3.47500000000000e+00  6.53579733778526e-01
3.50000000000000e+00  6.57810349909403e-01
3.52500000000000e+00  6.60649282813622e-01
3.55000000000000e+00  6.61989079527359e-01
3.57500000000000e+00  6.61722820283123e-01
3.60000000000000e+00  6.59745345770317e-01
3.62500000000000e+00  6.55954484395791e-01
3.65000000000000e+00  6.50252279544401e-01
3.67500000000000e+00  6.42546216839560e-01
3.70000000000000e+00  6.32750451403797e-01
3.72500000000000e+00  6.20787035119311e-01
3.75000000000000e+00  6.06585833644372e-01
3.77500000000000e+00  5.90093121464101e-01
3.80000000000000e+00  5.71265990236900e-01
3.82500000000000e+00  5.50074043282835e-01
3.85000000000000e+00  5.26503995691168e-01
3.87500000000000e+00  5.00560797971507e-01
3.90000000000000e+00  4.72268759704955e-01
3.92500000000000e+00  4.41672673195262e-01
3.95000000000000e+00  4.08838937119969e-01
3.97500000000000e+00  3.73856680181564e-01
4.00000000000000e+00  3.36838884758625e-01
4.02500000000000e+00  2.97923510556975e-01
4.05000000000000e+00  2.57274618260832e-01
4.07500000000000e+00  2.15079487219491e-01
4.10000000000000e+00  1.71551431282518e-01
4.12500000000000e+00  1.26930139234808e-01
4.15000000000000e+00  8.14749078738104e-02
4.17500000000000e+00  3.54695892848308e-02
4.20000000000000e+00  -1.07803879301221e-02
4.22500000000000e+00  -5.69509974234693e-02
4.25000000000000e+00  -1.02702593873211e-01
4.27500000000000e+00  -1.47682891754073e-01
4.30000000000000e+00  -1.91529944108645e-01
4.32500000000000e+00  -2.33875121318528e-01
4.35000000000000e+00  -2.74346089875471e-01
4.37500000000000e+00  -3.12573890066696e-01
4.40000000000000e+00  -3.48190106146565e-01
4.42500000000000e+00  -3.80851302444700e-01
4.45000000000000e+00  -4.10217897557987e-01
4.47500000000000e+00  -4.35973456935948e-01
4.50000000000000e+00  -4.57828475656549e-01
4.52500000000000e+00  -4.75524161202009e-01
4.55000000000000e+00  -4.88836216234592e-01
4.57500000000000e+00  -4.97578621372424e-01
4.60000000000000e+00  -5.01607417965287e-01
4.62500000000000e+00  -5.00824490870429e-01
4.65000000000000e+00  -4.95181351228364e-01
4.67500000000000e+00  -4.84682919238679e-01
4.70000000000000e+00  -4.69381953356097e-01
4.72500000000000e+00  -4.49386574366033e-01
4.75000000000000e+00  -4.24861132653663e-01
4.77500000000000e+00  -3.96015749004991e-01
4.80000000000000e+00  -3.63115053376263e-01
4.82500000000000e+00  -3.26473571667501e-01
4.85000000000000e+00  -2.86451112496033e-01
4.87500000000000e+00  -2.43448153970034e-01
4.90000000000000e+00  -1.97901230462054e-01
4.92500000000000e+00  -1.50278319382554e-01
4.95000000000000e+00  -1.01074227953450e-01
4.97500000000000e+00  -5.08059799816285e-02
5.00000000000000e+00  8.20249985997774e-06
5.02500000000000e+00  5.08059798490547e-02
5.05000000000000e+00  1.01074227821069e-01
5.07500000000000e+00  1.50278319250491e-01
5.10000000000000e+00  1.97901230330434e-01
5.12500000000000e+00  2.43448153838981e-01
5.15000000000000e+00  2.86451112365667e-01
5.17500000000000e+00  3.26473571537940e-01
5.20000000000000e+00  3.63115053247620e-01
5.22500000000000e+00  3.96015748877377e-01
5.25000000000000e+00  4.24861132527182e-01
5.27500000000000e+00  4.49386574240787e-01
5.30000000000000e+00  4.69381953232180e-01
5.32500000000000e+00  4.84682919116181e-01
5.35000000000000e+00  4.95181351107369e-01
5.37500000000000e+00  5.00824490751015e-01
5.40000000000000e+00  5.01607417847527e-01
5.42500000000000e+00  4.97578621256384e-01
5.45000000000000e+00  4.88836216120333e-01
5.47500000000000e+00  4.75524161089583e-01
5.50000000000000e+00  4.57828475546007e-01
5.52500000000000e+00  4.35973456827330e-01
5.55000000000000e+00  4.10217897451331e-01
5.57500000000000e+00  3.80851302340038e-01
5.60000000000000e+00  3.48190106043920e-01
5.62500000000000e+00  3.12569791051921e-01
5.65000000000000e+00  2.74346089776921e-01
5.67500000000000e+00  2.33875121222043e-01
5.70000000000000e+00  1.91529944014234e-01
5.72500000000000e+00  1.47682891661736e-01
5.75000000000000e+00  1.02702593782948e-01
5.77500000000000e+00  5.69509973352755e-02
5.80000000000000e+00  1.07803878439891e-02
5.82500000000000e+00  -3.54695893689120e-02
5.85000000000000e+00  -8.14749079558579e-02
5.87500000000000e+00  -1.26930139314835e-01
5.90000000000000e+00  -1.71551431360546e-01
5.92500000000000e+00  -2.15079487295539e-01
5.95000000000000e+00  -2.57274618334922e-01
5.97500000000000e+00  -2.97923510629131e-01
6.00000000000000e+00  -3.36838884828873e-01
6.02500000000000e+00  -3.73856680249930e-01
6.05000000000000e+00  -4.08838937186483e-01
6.07500000000000e+00  -4.41672673259950e-01
6.10000000000000e+00  -4.72268759767849e-01
6.12500000000000e+00  -5.00560798032634e-01
6.15000000000000e+00  -5.26503995750561e-01
6.17500000000000e+00  -5.50074043340525e-01
6.20000000000000e+00  -5.71265990292918e-01
6.22500000000000e+00  -5.90093121518478e-01
6.25000000000000e+00  -6.06587143941296e-01
6.27500000000000e+00  -6.20787035170505e-01
6.30000000000000e+00  -6.32750451453448e-01
6.32500000000000e+00  -6.42546216887699e-01
6.35000000000000e+00  -6.50252279591061e-01
6.37500000000000e+00  -6.55954484441004e-01
6.40000000000000e+00  -6.59745345814114e-01
6.42500000000000e+00  -6.61722820325537e-01
6.45000000000000e+00  -6.61989079568422e-01
6.47500000000000e+00  -6.60649282853366e-01
6.50000000000000e+00  -6.57810349947858e-01
6.52500000000000e+00  -6.53579733815725e-01
6.55000000000000e+00  -6.48064193356574e-01
6.57500000000000e+00  -6.41370408254629e-01
6.60000000000000e+00  -6.33602883750218e-01
6.62500000000000e+00  -6.24863417219430e-01
6.65000000000000e+00  -6.15251540708234e-01
6.67500000000000e+00  -6.04863048897501e-01
6.70000000000000e+00  -5.93789834060401e-01
6.72500000000000e+00  -5.82119721019790e-01
6.75000000000000e+00  -5.69936302105614e-01
6.77500000000000e+00  -5.57318772112294e-01
6.80000000000000e+00  -5.44341763256129e-01
6.82500000000000e+00  -5.31075180132682e-01
6.85000000000000e+00  -5.17584034674182e-01
6.87500000000000e+00  -5.03930407290149e-01
6.90000000000000e+00  -4.90166232383959e-01
6.92500000000000e+00  -4.76347075494937e-01
6.95000000000000e+00  -4.62519820105912e-01
6.97500000000000e+00  -4.48727241756729e-01
7.00000000000000e+00  -4.35008184590616e-01
7.02500000000000e+00  -4.21397737900547e-01
7.05000000000000e+00  -4.07927412675606e-01
7.07500000000000e+00  -3.94625318147349e-01
7.10000000000000e+00  -3.81516338336169e-01
7.12500000000000e+00  -3.68622308597664e-01
7.15000000000000e+00  -3.55962192168990e-01
7.17500000000000e+00  -3.43552256715238e-01
7.20000000000000e+00  -3.31406250875789e-01
7.22500000000000e+00  -3.19535580810678e-01
7.25000000000000e+00  -3.07949486746964e-01
7.27500000000000e+00  -2.96655219525087e-01
7.30000000000000e+00  -2.85658217145234e-01
7.32500000000000e+00  -2.74962281313707e-01
7.35000000000000e+00  -2.64569753989277e-01
7.37500000000000e+00  -2.54481693929561e-01
7.40000000000000e+00  -2.44698053237373e-01
7.42500000000000e+00  -2.35217853907096e-01
7.45000000000000e+00  -2.26039364371044e-01
7.47500000000000e+00  -2.17160276045824e-01
7.50000000000000e+00  -2.08582210571788e-01
7.52500000000000e+00  -2.00285378490605e-01
7.55000000000000e+00  -1.92275304998986e-01
7.57500000000000e+00  -1.84546150264836e-01
7.60000000000000e+00  -1.77091859687286e-01
7.62500000000000e+00  -1.69906187385965e-01
7.65000000000000e+00  -1.62982719690251e-01
7.67500000000000e+00  -1.56314898628541e-01
7.70000000000000e+00  -1.49896045417500e-01
7.72500000000000e+00  -1.43719383951331e-01
7.75000000000000e+00  -1.37778064291033e-01
7.77500000000000e+00  -1.32065186153657e-01
7.80000000000000e+00  -1.26573822401572e-01
7.82500000000000e+00  -1.21297042531723e-01
7.85000000000000e+00  -1.16227936164891e-01
7.87500000000000e+00  -1.11359636534955e-01
7.90000000000000e+00  -1.06685343978150e-01
7.92500000000000e+00  -1.02198349422329e-01
7.95000000000000e+00  -9.78920578762258e-02
7.97500000000000e+00  -9.37600119187094e-02
8.00000000000000e+00  -8.97959151880500e-02
8.02500000000000e+00  -8.59936558711767e-02
8.05000000000000e+00  -8.23473301929388e-02
8.07500000000000e+00  -7.88512659053661e-02
8.10000000000000e+00  -7.55000457769286e-02
8.12500000000000e+00  -7.22875259432000e-02
8.15000000000000e+00  -6.92083577143482e-02
8.17500000000000e+00  -6.62575735722486e-02
8.20000000000000e+00  -6.34301219139881e-02
8.22500000000000e+00  -6.07211222782956e-02
8.25000000000000e+00  -5.81258614501197e-02
8.27500000000000e+00  -5.56397895652085e-02
8.30000000000000e+00  -5.32585162146880e-02
8.32500000000000e+00  -5.09778065496394e-02
8.35000000000000e+00  -4.87935773856797e-02
8.37500000000000e+00  -4.67018933075380e-02
8.40000000000000e+00  -4.46989627736363e-02
8.42500000000000e+00  -4.27811342206666e-02
8.45000000000000e+00  -4.09448921681700e-02
8.47500000000000e+00  -3.91868533231153e-02
8.50000000000000e+00  -3.75037626844771e-02
8.52500000000000e+00  -3.58924896478152e-02
8.55000000000000e+00  -3.43500241098526e-02
8.57500000000000e+00  -3.28734725730540e-02
8.60000000000000e+00  -3.14600542502052e-02
8.62500000000000e+00  -3.01070971689903e-02
8.65000000000000e+00  -2.88120342765714e-02
8.67500000000000e+00  -2.75723995441671e-02
8.70000000000000e+00  -2.63858240716305e-02
8.72500000000000e+00  -2.52500321920280e-02
8.75000000000000e+00  -2.41622538956537e-02
8.77500000000000e+00  -2.31230074198103e-02
8.80000000000000e+00  -2.21280523255637e-02
8.82500000000000e+00  -2.11755814555270e-02
8.85000000000000e+00  -2.02638507255687e-02
8.87500000000000e+00  -1.93911777603182e-02
8.90000000000000e+00  -1.85559405286712e-02
8.92500000000000e+00  -1.77565759792955e-02
8.95000000000000e+00  -1.69915786761360e-02
8.97500000000000e+00  -1.62594994339210e-02
9.00000000000000e+00  -1.55589439536668e-02
9.02500000000000e+00  -1.48885714581840e-02
9.05000000000000e+00  -1.42470933275825e-02
9.07500000000000e+00  -1.36332717347774e-02
9.10000000000000e+00  -1.30459182809941e-02
9.12500000000000e+00  -1.24838926312742e-02
9.15000000000000e+00  -1.19461011499808e-02
9.17500000000000e+00  -1.14314955363042e-02
9.20000000000000e+00  -1.09390714597672e-02
9.22500000000000e+00  -1.04678671957307e-02
9.25000000000000e+00  -1.00169622608993e-02
9.27500000000000e+00  -9.58547604882665e-03
9.30000000000000e+00  -9.17256646542126e-03
9.32500000000000e+00  -8.77742856445171e-03
9.35000000000000e+00  -8.39929318305227e-03
9.37500000000000e+00  -8.03742557722848e-03
9.40000000000000e+00  -7.69112405736260e-03
9.42500000000000e+00  -7.35971862371917e-03
9.45000000000000e+00  -7.04256960195051e-03
9.47500000000000e+00  -6.73906627860225e-03
9.50000000000000e+00  -6.44862553661876e-03
9.52500000000000e+00  -6.17069049084883e-03
9.55000000000000e+00  -5.90472912355109e-03
9.57500000000000e+00  -5.65023291989948e-03
9.60000000000000e+00  -5.40671550348887e-03
9.62500000000000e+00  -5.17371127184057e-03
9.65000000000000e+00  -4.95077403190770e-03
9.67500000000000e+00  -4.73747563558093e-03
9.70000000000000e+00  -4.53340461519383e-03
9.72500000000000e+00  -4.33816481902848e-03
9.75000000000000e+00  -4.15137404682091e-03
9.77500000000000e+00  -3.97266268526670e-03
9.80000000000000e+00  -3.80167234352642e-03
9.82500000000000e+00  -3.63805448873123e-03
9.85000000000000e+00  -3.48146908148832e-03
9.87500000000000e+00  -3.33158321138649e-03
9.90000000000000e+00  -3.18806973250159e-03
9.92500000000000e+00  -3.05060589890215e-03
9.95000000000000e+00  -2.91887200015479e-03
9.97500000000000e+00  -2.79254999682980e-03
1.00000000000000e+01  -2.67132215600669e-03
