0.00000000000000e+00  3.15326864534856e-05
5.00000000000000e-02  3.28282681159015e-05
1.00000000000000e-01  3.41069594959125e-05
1.50000000000000e-01  3.53728582921907e-05
2.00000000000000e-01  3.66295095531826e-05
2.50000000000000e-01  3.78799411021227e-05
3.00000000000000e-01  3.91266989620481e-05
3.50000000000000e-01  4.03718827808122e-05
4.00000000000000e-01  4.16171812560993e-05
4.50000000000000e-01  4.28639075604387e-05
5.00000000000000e-01  4.41130347662187e-05
5.50000000000000e-01  4.53652312707012e-05
6.00000000000000e-01  4.66208962210354e-05
6.50000000000000e-01  4.78801949392726e-05
7.00000000000000e-01  4.91430943473799e-05
7.50000000000000e-01  5.04093983922547e-05
8.00000000000000e-01  5.16787834707388e-05
8.50000000000000e-01  5.29508338546324e-05
9.00000000000000e-01  5.42250771157090e-05
9.50000000000000e-01  5.55010195507285e-05
1.00000000000000e+00  5.67781816064526e-05
1.05000000000000e+00  5.80561333046582e-05
1.10000000000000e+00  5.93345296671517e-05
1.15000000000000e+00  6.06131461407836e-05
1.20000000000000e+00  6.18919140224623e-05
1.25000000000000e+00  6.31709558841686e-05
1.30000000000000e+00  6.44506209979697e-05
1.35000000000000e+00  6.57315207610333e-05
1.40000000000000e+00  6.70145641206424e-05
1.45000000000000e+00  6.83009929992086e-05
1.50000000000000e+00  6.95924177192872e-05
1.55000000000000e+00  7.08908524285908e-05
1.60000000000000e+00  7.21987505250037e-05
1.65000000000000e+00  7.35190400815962e-05
1.70000000000000e+00  7.48551592716385e-05
1.75000000000000e+00  7.62110917936156e-05
1.80000000000000e+00  7.75914022962406e-05
1.85000000000000e+00  7.90012718034693e-05
1.90000000000000e+00  8.04465331395149e-05
1.95000000000000e+00  8.19337063538612e-05
2.00000000000000e+00  8.34700341462778e-05
2.05000000000000e+00  8.50635172918335e-05
2.10000000000000e+00  8.67229500659112e-05
2.15000000000000e+00  8.84579556692216e-05
2.20000000000000e+00  9.02790216528176e-05
2.25000000000000e+00  9.21975353431084e-05
2.30000000000000e+00  9.42258192668740e-05
2.35000000000000e+00  9.63771665762789e-05
2.40000000000000e+00  9.86658764738870e-05
2.45000000000000e+00  1.01107289637675e-04
2.50000000000000e+00  1.04124473205451e-04
2.55000000000000e+00  1.06895311085298e-04
2.60000000000000e+00  1.09980270280887e-04
2.65000000000000e+00  1.13418972868584e-04
2.70000000000000e+00  1.17252288161052e-04
2.75000000000000e+00  1.21523886886494e-04
2.80000000000000e+00  1.26281795367887e-04
2.85000000000000e+00  1.31579949702214e-04
2.90000000000000e+00  1.37479749939709e-04
2.95000000000000e+00  1.44051614263086e-04
3.00000000000000e+00  1.51376533166778e-04
3.05000000000000e+00  1.59547623636176e-04
3.10000000000000e+00  1.68671683326861e-04
3.15000000000000e+00  1.78870744743843e-04
3.20000000000000e+00  1.90283629420800e-04
3.25000000000000e+00  2.03067502099306e-04
3.30000000000000e+00  2.17399424908079e-04
3.35000000000000e+00  2.33477911542208e-04
3.40000000000000e+00  2.51524481442394e-04
3.45000000000000e+00  2.71785213974184e-04
3.50000000000000e+00  2.94532302607211e-04
3.55000000000000e+00  3.20065609094429e-04
3.60000000000000e+00  3.48714217651345e-04
3.65000000000000e+00  3.80837989135264e-04
3.70000000000000e+00  4.16829115224518e-04
3.75000000000000e+00  4.56740703096104e-04
3.80000000000000e+00  5.02448467472902e-04
3.85000000000000e+00  5.53235222857635e-04
3.90000000000000e+00  6.09891369115504e-04
3.95000000000000e+00  6.73222542938587e-04
4.00000000000000e+00  7.44066559939478e-04
4.05000000000000e+00  8.23310356744893e-04
4.10000000000000e+00  9.11906933089296e-04
4.15000000000000e+00  1.01089229390851e-03
4.20000000000000e+00  1.12140239143336e-03
4.25000000000000e+00  1.24469006728326e-03
4.30000000000000e+00  1.38214199455985e-03
4.35000000000000e+00  1.53529561994061e-03
4.40000000000000e+00  1.70585610577249e-03
4.45000000000000e+00  1.89571327216550e-03
4.50000000000000e+00  2.10695853908639e-03
4.55000000000000e+00  2.34190186845218e-03
4.60000000000000e+00  2.60308870622388e-03
4.65000000000000e+00  2.89331692450000e-03
4.70000000000000e+00  3.21565376361028e-03
4.75000000000000e+00  3.57345277420922e-03
4.80000000000000e+00  3.97037075936976e-03
4.85000000000000e+00  4.41038471667686e-03
4.90000000000000e+00  4.89780878032112e-03
4.95000000000000e+00  5.43731116319245e-03
5.00000000000000e+00  6.05240435302557e-03
5.05000000000000e+00  6.69175414527265e-03
5.10000000000000e+00  7.41457377030126e-03
5.15000000000000e+00  8.22113966090742e-03
5.20000000000000e+00  9.11414695975914e-03
5.25000000000000e+00  1.00984894045801e-02
5.30000000000000e+00  1.11810392133336e-02
5.35000000000000e+00  1.23704269694061e-02
5.40000000000000e+00  1.36768215067915e-02
5.45000000000000e+00  1.51117097952744e-02
5.50000000000000e+00  1.66876768256142e-02
5.55000000000000e+00  1.84181854947288e-02
5.60000000000000e+00  2.03173564908786e-02
5.65000000000000e+00  2.24002462831273e-02
5.70000000000000e+00  2.46823983763725e-02
5.75000000000000e+00  2.71794495777473e-02
5.80000000000000e+00  2.99087315143938e-02
5.85000000000000e+00  3.28877800762955e-02
5.90000000000000e+00  3.61348054619797e-02
5.95000000000000e+00  3.96691622242201e-02
6.00000000000000e+00  4.35118193157395e-02
6.05000000000000e+00  4.76858301349122e-02
6.10000000000000e+00  5.22168025714665e-02
6.15000000000000e+00  5.71333690521875e-02
6.20000000000000e+00  6.24676565866194e-02
6.25000000000000e+00  6.82345210842885e-02
6.30000000000000e+00  7.44493574703311e-02
6.35000000000000e+00  8.11555819607313e-02
6.40000000000000e+00  8.83783093709261e-02
6.45000000000000e+00  9.61434866700703e-02
6.50000000000000e+00  1.04477352372048e-01
6.55000000000000e+00  1.13405895926481e-01
6.60000000000000e+00  1.22954317109742e-01
6.65000000000000e+00  1.33146485415965e-01
6.70000000000000e+00  1.44004399448052e-01
6.75000000000000e+00  1.55547646308691e-01
6.80000000000000e+00  1.67792860991360e-01
6.85000000000000e+00  1.80753185771338e-01
6.90000000000000e+00  1.94436633040084e-01
6.95000000000000e+00  2.08846094732274e-01
7.00000000000000e+00  2.23978086308837e-01
7.05000000000000e+00  2.39822099071188e-01
7.10000000000000e+00  2.56359424301051e-01
7.15000000000000e+00  2.73562167908348e-01
7.20000000000000e+00  2.91392265079077e-01
7.25000000000000e+00  3.09800494923199e-01
7.30000000000000e+00  3.28725495122521e-01
7.35000000000000e+00  3.48092776578582e-01
7.40000000000000e+00  3.67813738060533e-01
7.45000000000000e+00  3.87784680853026e-01
7.50000000000000e+00  4.07871467275928e-01
7.55000000000000e+00  4.27959037175995e-01
7.60000000000000e+00  4.47866813214304e-01
7.65000000000000e+00  4.67424808647518e-01
7.70000000000000e+00  4.86440037038345e-01
7.75000000000000e+00  5.04698317571818e-01
7.80000000000000e+00  5.21966080371582e-01
7.85000000000000e+00  5.37992171816174e-01
7.90000000000000e+00  5.52509659855305e-01
7.95000000000000e+00  5.65237639326146e-01
8.00000000000000e+00  5.75883037269608e-01
8.05000000000000e+00  5.84142418246624e-01
8.10000000000000e+00  5.89703789654434e-01
8.15000000000000e+00  5.92259898177029e-01
8.20000000000000e+00  5.91504922378754e-01
8.25000000000000e+00  5.87142897810024e-01
8.30000000000000e+00  5.78896906707767e-01
8.35000000000000e+00  5.66513196963926e-01
8.40000000000000e+00  5.49770623289301e-01
8.45000000000000e+00  5.28490088377394e-01
8.50000000000000e+00  5.02543984068248e-01
8.55000000000000e+00  4.71865632512290e-01
8.60000000000000e+00  4.36458727334178e-01
8.65000000000000e+00  3.96406774796635e-01
8.70000000000000e+00  3.51882534964302e-01
8.75000000000000e+00  3.03185953324870e-01
8.80000000000000e+00  2.50604025316758e-01
8.85000000000000e+00  1.94734800586077e-01
8.90000000000000e+00  1.36136171011719e-01
8.95000000000000e+00  7.55145472693305e-02
9.00000000000000e+00  1.37068243241803e-02
9.05000000000000e+00  -4.83376530759642e-02
9.10000000000000e+00  -1.09575124907944e-01
9.15000000000000e+00  -1.68885450380348e-01
9.20000000000000e+00  -2.25090142440625e-01
9.25000000000000e+00  -2.76970402282199e-01
9.30000000000000e+00  -3.23285153851607e-01
9.35000000000000e+00  -3.62789078355605e-01
9.40000000000000e+00  -3.94339526318704e-01
9.45000000000000e+00  -4.16877669827117e-01
9.50000000000000e+00  -4.29542578630023e-01
9.55000000000000e+00  -4.31558177873965e-01
9.60000000000000e+00  -4.22438871889806e-01
9.65000000000000e+00  -4.02007044476215e-01
9.70000000000000e+00  -3.70410559183125e-01
9.75000000000000e+00  -3.28140259595216e-01
9.80000000000000e+00  -2.76047469615372e-01
9.85000000000000e+00  -2.15361493748164e-01
9.90000000000000e+00  -1.47707117383319e-01
9.95000000000000e+00  -7.51221070791796e-02
1.00000000000000e+01  7.47441241160246e-05
1.00500000000000e+01  7.51221403121547e-02
1.01000000000000e+01  1.47707150483291e-01
1.01500000000000e+01  2.15361526622123e-01
1.02000000000000e+01  2.76047502166865e-01
1.02500000000000e+01  3.28140291725896e-01
1.03000000000000e+01  3.70410590794342e-01
1.03500000000000e+01  4.02007075470625e-01
1.04000000000000e+01  4.22438902173028e-01
1.04500000000000e+01  4.31558207356267e-01
1.05000000000000e+01  4.29542607228045e-01
1.05500000000000e+01  4.16877697465619e-01
1.06000000000000e+01  3.94339552932362e-01
1.06500000000000e+01  3.62789103888615e-01
1.07000000000000e+01  3.23285178258846e-01
1.07500000000000e+01  2.76970425529365e-01
1.08000000000000e+01  2.25090164504508e-01
1.08500000000000e+01  1.68885471248362e-01
1.09000000000000e+01  1.09575144577548e-01
1.09500000000000e+01  4.83376715540056e-02
1.10000000000000e+01  -1.37068070222066e-02
1.10500000000000e+01  -7.55145311201394e-02
1.11000000000000e+01  -1.36136155985144e-01
1.11500000000000e+01  -1.94734786646105e-01
1.12000000000000e+01  -2.50604012422640e-01
1.12500000000000e+01  -3.03157450974667e-01
1.13000000000000e+01  -3.51882524025185e-01
1.13500000000000e+01  -3.96406764761560e-01
1.14000000000000e+01  -4.36458718152121e-01
1.14500000000000e+01  -4.71865624131644e-01
1.15000000000000e+01  -5.02543976437428e-01
1.15500000000000e+01  -5.28490081445387e-01
1.16000000000000e+01  -5.49770617006131e-01
1.16500000000000e+01  -5.66513191281049e-01
1.17000000000000e+01  -5.78896901578397e-01
1.17500000000000e+01  -5.87142893189377e-01
1.18000000000000e+01  -5.91504918224229e-01
1.18500000000000e+01  -5.92259894448307e-01
1.19000000000000e+01  -5.89703786313604e-01
1.19500000000000e+01  -5.84142415258203e-01
1.20000000000000e+01  -5.75883034600519e-01
1.20500000000000e+01  -5.65237636945727e-01
1.21000000000000e+01  -5.52509657735226e-01
1.21500000000000e+01  -5.37992169930361e-01
1.22000000000000e+01  -5.21966078696120e-01
1.22500000000000e+01  -5.04698316084852e-01
1.23000000000000e+01  -4.86440035719973e-01
1.23500000000000e+01  -4.67424807479675e-01
1.24000000000000e+01  -4.47866812180637e-01
1.24500000000000e+01  -4.27959036261729e-01
1.25000000000000e+01  -4.07885822595763e-01
1.25500000000000e+01  -3.87784680138940e-01
1.26000000000000e+01  -3.67813737429915e-01
1.26500000000000e+01  -3.48092776021813e-01
1.27000000000000e+01  -3.28725494631034e-01
1.27500000000000e+01  -3.09800494489374e-01
1.28000000000000e+01  -2.91392264696144e-01
1.28500000000000e+01  -2.73562167570304e-01
1.29000000000000e+01  -2.56359424002576e-01
1.29500000000000e+01  -2.39822098807571e-01
1.30000000000000e+01  -2.23978086075917e-01
1.30500000000000e+01  -2.08846094526373e-01
1.31000000000000e+01  -1.94436632857961e-01
1.31500000000000e+01  -1.80753185610139e-01
1.32000000000000e+01  -1.67792860848570e-01
1.32500000000000e+01  -1.55547646182107e-01
1.33000000000000e+01  -1.44004399335735e-01
1.33500000000000e+01  -1.33146485316214e-01
1.34000000000000e+01  -1.22954317021070e-01
1.34500000000000e+01  -1.13405895847584e-01
1.35000000000000e+01  -1.04477352301784e-01
1.35500000000000e+01  -9.61434866074366e-02
1.36000000000000e+01  -8.83783093150377e-02
1.36500000000000e+01  -8.11555819108040e-02
1.37000000000000e+01  -7.44493574256634e-02
1.37500000000000e+01  -6.82557567727974e-02
1.38000000000000e+01  -6.24676565507780e-02
1.38500000000000e+01  -5.71333690200304e-02
1.39000000000000e+01  -5.22168025425953e-02
1.39500000000000e+01  -4.76858301089709e-02
1.40000000000000e+01  -4.35118192924116e-02
1.40500000000000e+01  -3.96691622032240e-02
1.41000000000000e+01  -3.61348054430666e-02
1.41500000000000e+01  -3.28877800592451e-02
1.42000000000000e+01  -2.99087314990115e-02
1.42500000000000e+01  -2.71794495638615e-02
1.43000000000000e+01  -2.46823983638314e-02
1.43500000000000e+01  -2.24002462717962e-02
1.44000000000000e+01  -2.03173564806382e-02
1.44500000000000e+01  -1.84181854854721e-02
1.45000000000000e+01  -1.66876768172457e-02
1.45500000000000e+01  -1.51117097877078e-02
1.46000000000000e+01  -1.36768214999487e-02
1.46500000000000e+01  -1.23704269632160e-02
1.47000000000000e+01  -1.11810392077314e-02
1.47500000000000e+01  -1.00984893995071e-02
1.48000000000000e+01  -9.11414695516229e-03
1.48500000000000e+01  -8.22113965673967e-03
1.49000000000000e+01  -7.41457376652204e-03
1.49500000000000e+01  -6.69175414184860e-03
1.50000000000000e+01  -6.03393109588551e-03
1.50500000000000e+01  -5.43731116039178e-03
1.51000000000000e+01  -4.89780877778175e-03
1.51500000000000e+01  -4.41038471437494e-03
1.52000000000000e+01  -3.97037075728352e-03
1.52500000000000e+01  -3.57345277231884e-03
1.53000000000000e+01  -3.21565376189769e-03
1.53500000000000e+01  -2.89331692294879e-03
1.54000000000000e+01  -2.60308870481912e-03
1.54500000000000e+01  -2.34190186718030e-03
1.55000000000000e+01  -2.10695853793506e-03
1.55500000000000e+01  -1.89571327112352e-03
1.56000000000000e+01  -1.70585610482968e-03
1.56500000000000e+01  -1.53529561908773e-03
1.57000000000000e+01  -1.38214199378848e-03
1.57500000000000e+01  -1.24469006658575e-03
1.58000000000000e+01  -1.12140239080274e-03
1.58500000000000e+01  -1.01089229333841e-03
1.59000000000000e+01  -9.11906932573936e-04
1.59500000000000e+01  -8.23310356279006e-04
1.60000000000000e+01  -7.44066559518283e-04
1.60500000000000e+01  -6.73222542557747e-04
1.61000000000000e+01  -6.09891368771115e-04
1.61500000000000e+01  -5.53235222546213e-04
1.62000000000000e+01  -5.02448467191370e-04
1.62500000000000e+01  -4.57113672343110e-04
1.63000000000000e+01  -4.16829114994152e-04
1.63500000000000e+01  -3.80837988926780e-04
1.64000000000000e+01  -3.48714217462613e-04
1.64500000000000e+01  -3.20065608923523e-04
1.65000000000000e+01  -2.94532302452387e-04
1.65500000000000e+01  -2.71785213833870e-04
1.66000000000000e+01  -2.51524481315176e-04
1.66500000000000e+01  -2.33477911426813e-04
1.67000000000000e+01  -2.17399424803365e-04
1.67500000000000e+01  -2.03067502004246e-04
1.68000000000000e+01  -1.90283629334475e-04
1.68500000000000e+01  -1.78870744665431e-04
1.69000000000000e+01  -1.68671683255623e-04
1.69500000000000e+01  -1.59547623571454e-04
1.70000000000000e+01  -1.51376533107979e-04
1.70500000000000e+01  -1.44051614209681e-04
1.71000000000000e+01  -1.37479749891222e-04
1.71500000000000e+01  -1.31579949658219e-04
1.72000000000000e+01  -1.26281795328002e-04
1.72500000000000e+01  -1.21523886850375e-04
1.73000000000000e+01  -1.17252288128392e-04
1.73500000000000e+01  -1.13418972839108e-04
1.74000000000000e+01  -1.09980270254353e-04
1.74500000000000e+01  -1.06895311061492e-04
1.75000000000000e+01  -1.03717823624854e-04
1.75500000000000e+01  -1.01107289618789e-04
1.76000000000000e+01  -9.86658764571656e-05
1.76500000000000e+01  -9.63771665615877e-05
1.77000000000000e+01  -9.42258192540866e-05
1.77500000000000e+01  -9.21975353321052e-05
1.78000000000000e+01  -9.02790216434850e-05
1.78500000000000e+01  -8.84579556614517e-05
1.79000000000000e+01  -8.67229500596006e-05
1.79500000000000e+01  -8.50635172868831e-05
1.80000000000000e+01  -8.34700341425916e-05
1.80500000000000e+01  -8.19337063513468e-05
1.81000000000000e+01  -8.04465331380821e-05
1.81500000000000e+01  -7.90012718030305e-05
1.82000000000000e+01  -7.75914022967100e-05
1.82500000000000e+01  -7.62110917949092e-05
1.83000000000000e+01  -7.48551592736738e-05
1.83500000000000e+01  -7.35190400842918e-05
1.84000000000000e+01  -7.21987505282800e-05
1.84500000000000e+01  -7.08908524323696e-05
1.85000000000000e+01  -6.95924177234914e-05
1.85500000000000e+01  -6.83009930037627e-05
1.86000000000000e+01  -6.70145641254728e-05
1.86500000000000e+01  -6.57315207660686e-05
1.87000000000000e+01  -6.44506210031404e-05
1.87500000000000e+01  -6.31709558894083e-05
1.88000000000000e+01  -6.18919140277074e-05
1.88500000000000e+01  -6.06131461459743e-05
1.89000000000000e+01  -5.93345296722324e-05
1.89500000000000e+01  -5.80561333095783e-05
1.90000000000000e+01  -5.67781816111668e-05
1.90500000000000e+01  -5.55010195551978e-05
1.91000000000000e+01  -5.42250771199014e-05
1.91500000000000e+01  -5.29508338585242e-05
1.92000000000000e+01  -5.16787834743147e-05
1.92500000000000e+01  -5.04093983955099e-05
1.93000000000000e+01  -4.91430943503200e-05
1.93500000000000e+01  -4.78801949419154e-05
1.94000000000000e+01  -4.66208962234121e-05
1.94500000000000e+01  -4.53652312728575e-05
1.95000000000000e+01  -4.41130347682161e-05
1.95500000000000e+01  -4.28639075623558e-05
1.96000000000000e+01  -4.16171812580333e-05
1.96500000000000e+01  -4.03718827828803e-05
1.97000000000000e+01  -3.91266989643894e-05
1.97500000000000e+01  -3.78799411048996e-05
1.98000000000000e+01  -3.66295095565821e-05
1.98500000000000e+01  -3.53728582964268e-05
1.99000000000000e+01  -3.41069595012277e-05
1.99500000000000e+01  -3.28282681225685e-05
2.00000000000000e+01  -3.15326864618096e-05
