0.00000000000000e+00  1.66612898263005e-02
5.00000000000000e-02  1.74434308685271e-02
1.00000000000000e-01  1.82337227361919e-02
1.50000000000000e-01  1.90323899783003e-02
2.00000000000000e-01  1.98397047171325e-02
2.50000000000000e-01  2.06559832067202e-02
3.00000000000000e-01  2.14815823913236e-02
3.50000000000000e-01  2.23168964639092e-02
4.00000000000000e-01  2.31623534246262e-02
4.50000000000000e-01  2.40184116392846e-02
5.00000000000000e-01  2.48855563978315e-02
5.50000000000000e-01  2.57642964728291e-02
6.00000000000000e-01  2.66551606779314e-02
6.50000000000000e-01  2.75586944263616e-02
7.00000000000000e-01  2.84754562893893e-02
7.50000000000000e-01  2.94060145548076e-02
8.00000000000000e-01  3.03509437854106e-02
8.50000000000000e-01  3.13108213774701e-02
9.00000000000000e-01  3.22862241192135e-02
9.50000000000000e-01  3.32777247493001e-02
1.00000000000000e+00  3.42858885152994e-02
1.05000000000000e+00  3.53112697321674e-02
1.10000000000000e+00  3.63544083407241e-02
1.15000000000000e+00  3.74158264661308e-02
1.20000000000000e+00  3.84960249763675e-02
1.25000000000000e+00  3.95953259478990e-02
1.30000000000000e+00  4.07150134083677e-02
1.35000000000000e+00  4.18548391785585e-02
1.40000000000000e+00  4.30153833163823e-02
1.45000000000000e+00  4.41971863957020e-02
1.50000000000000e+00  4.54007568437752e-02
1.55000000000000e+00  4.66265782786980e-02
1.60000000000000e+00  4.78751168468481e-02
1.65000000000000e+00  4.91468285603285e-02
1.70000000000000e+00  5.04421666344104e-02
1.75000000000000e+00  5.17615888249772e-02
1.80000000000000e+00  5.31055647659669e-02
1.85000000000000e+00  5.44745833068166e-02
1.90000000000000e+00  5.58691598499051e-02
1.95000000000000e+00  5.72898436879963e-02
2.00000000000000e+00  5.87372253416831e-02
2.05000000000000e+00  6.02119438968303e-02
2.10000000000000e+00  6.17146943420178e-02
2.15000000000000e+00  6.32462349059846e-02
2.20000000000000e+00  6.48073943950716e-02
2.25000000000000e+00  6.63990795306653e-02
2.30000000000000e+00  6.80222822866410e-02
2.35000000000000e+00  6.96780872268061e-02
2.40000000000000e+00  7.13676788423438e-02
2.45000000000000e+00  7.30923488892560e-02
2.50000000000000e+00  7.48412704865547e-02
2.55000000000000e+00  7.66329439192258e-02
2.60000000000000e+00  7.84597679710258e-02
2.65000000000000e+00  8.03228614328761e-02
2.70000000000000e+00  8.22233702343985e-02
2.75000000000000e+00  8.41624707685950e-02
2.80000000000000e+00  8.61413732165275e-02
2.85000000000000e+00  8.81613248719972e-02
2.90000000000000e+00  9.02236134662246e-02
2.95000000000000e+00  9.23295704925285e-02
3.00000000000000e+00  9.44805745310064e-02
3.05000000000000e+00  9.66780545732139e-02
3.10000000000000e+00  9.89234933468438e-02
3.15000000000000e+00  1.01218430640407e-01
3.20000000000000e+00  1.03564466627910e-01
3.25000000000000e+00  1.05963265193537e-01
3.30000000000000e+00  1.08416557256328e-01
3.35000000000000e+00  1.10926144094858e-01
3.40000000000000e+00  1.13493900671921e-01
3.45000000000000e+00  1.16121778959201e-01
3.50000000000000e+00  1.18811811261960e-01
3.55000000000000e+00  1.21566113543714e-01
3.60000000000000e+00  1.24386888750912e-01
3.65000000000000e+00  1.27276430137619e-01
3.70000000000000e+00  1.30237124590190e-01
3.75000000000000e+00  1.33272173981853e-01
3.80000000000000e+00  1.36381248659726e-01
3.85000000000000e+00  1.39569527014696e-01
3.90000000000000e+00  1.42839241561680e-01
3.95000000000000e+00  1.46192781380489e-01
4.00000000000000e+00  1.49632661458532e-01
4.05000000000000e+00  1.53161492033517e-01
4.10000000000000e+00  1.56781947936157e-01
4.15000000000000e+00  1.60496737932871e-01
4.20000000000000e+00  1.64308574068490e-01
4.25000000000000e+00  1.68220141008957e-01
4.30000000000000e+00  1.72234065384033e-01
4.35000000000000e+00  1.76352885129999e-01
4.40000000000000e+00  1.80579018832361e-01
4.45000000000000e+00  1.84914735068550e-01
4.50000000000000e+00  1.89362121750630e-01
4.55000000000000e+00  1.93923055467995e-01
4.60000000000000e+00  1.98599170830081e-01
4.65000000000000e+00  2.03391829809060e-01
4.70000000000000e+00  2.08302091082550e-01
4.75000000000000e+00  2.13330679376316e-01
4.80000000000000e+00  2.18477954806973e-01
4.85000000000000e+00  2.23743882224690e-01
4.90000000000000e+00  2.29128000555893e-01
4.95000000000000e+00  2.34629392145969e-01
5.00000000000000e+00  2.40269127166417e-01
5.05000000000000e+00  2.45975479910896e-01
5.10000000000000e+00  2.51808908551756e-01
5.15000000000000e+00  2.57757562941275e-01
5.20000000000000e+00  2.63811001574262e-01
5.25000000000000e+00  2.69959769281391e-01
5.30000000000000e+00  2.76194974922536e-01
5.35000000000000e+00  2.82507869080104e-01
5.40000000000000e+00  2.88889421752374e-01
5.45000000000000e+00  2.95329900046830e-01
5.50000000000000e+00  3.01818445873495e-01
5.55000000000000e+00  3.08342653638264e-01
5.60000000000000e+00  3.14888147936245e-01
5.65000000000000e+00  3.21438965748216e-01
5.70000000000000e+00  3.27976748014022e-01
5.75000000000000e+00  3.34480157099944e-01
5.80000000000000e+00  3.40926840424326e-01
5.85000000000000e+00  3.47291417751009e-01
5.90000000000000e+00  3.53545974498462e-01
5.95000000000000e+00  3.59660555048908e-01
6.00000000000000e+00  3.65603656057453e-01
6.05000000000000e+00  3.71342719761220e-01
6.10000000000000e+00  3.76844627288469e-01
6.15000000000000e+00  3.82076191967738e-01
6.20000000000000e+00  3.87004652636961e-01
6.25000000000000e+00  3.91584299943286e-01
6.30000000000000e+00  3.95732403134965e-01
6.35000000000000e+00  3.99440920704616e-01
6.40000000000000e+00  4.02657958892677e-01
6.45000000000000e+00  4.05330003827121e-01
6.50000000000000e+00  4.07402187136150e-01
6.55000000000000e+00  4.08818551560895e-01
6.60000000000000e+00  4.09522316568105e-01
6.65000000000000e+00  4.09456143962846e-01
6.70000000000000e+00  4.08562403501197e-01
6.75000000000000e+00  4.06783438502943e-01
6.80000000000000e+00  4.04061831464272e-01
6.85000000000000e+00  4.00340669670469e-01
6.90000000000000e+00  3.95563925123658e-01
6.95000000000000e+00  3.89676825918270e-01
7.00000000000000e+00  3.82625016979351e-01
7.05000000000000e+00  3.74359407083028e-01
7.10000000000000e+00  3.64832667976022e-01
7.15000000000000e+00  3.54000964084078e-01
7.20000000000000e+00  3.41825682220397e-01
7.25000000000000e+00  3.28275161294067e-01
7.30000000000000e+00  3.13326422018495e-01
7.35000000000000e+00  2.96966896619838e-01
7.40000000000000e+00  2.79196158545436e-01
7.45000000000000e+00  2.60027652172242e-01
7.50000000000000e+00  2.39459211275009e-01
7.55000000000000e+00  2.17530044790581e-01
7.60000000000000e+00  1.94276490398248e-01
7.65000000000000e+00  1.69755781714654e-01
7.70000000000000e+00  1.44041332315459e-01
7.75000000000000e+00  1.17222989857794e-01
7.80000000000000e+00  8.94072902027200e-02
7.85000000000000e+00  6.07177115376887e-02
7.90000000000000e+00  3.12949284989963e-02
7.95000000000000e+00  1.29706629424159e-03
8.00000000000000e+00  -2.91000451752121e-02
8.05000000000000e+00  -5.97026171917830e-02
8.10000000000000e+00  -9.02986480992080e-02
8.15000000000000e+00  -1.20663746074139e-01
8.20000000000000e+00  -1.50558079388744e-01
8.25000000000000e+00  -1.79728376611696e-01
8.30000000000000e+00  -2.07915873926636e-01
8.35000000000000e+00  -2.34853300985346e-01
8.40000000000000e+00  -2.60269758382447e-01
8.45000000000000e+00  -2.83895595130060e-01
8.50000000000000e+00  -3.05467286132496e-01
8.55000000000000e+00  -3.24732309660934e-01
8.60000000000000e+00  -3.41454024828094e-01
8.65000000000000e+00  -3.55416549062921e-01
8.70000000000000e+00  -3.66429635585260e-01
8.75000000000000e+00  -3.74341734385906e-01
8.80000000000000e+00  -3.79004066840394e-01
8.85000000000000e+00  -3.80383420917318e-01
8.90000000000000e+00  -3.78435637167856e-01
8.95000000000000e+00  -3.73183064005306e-01
9.00000000000000e+00  -3.64711971843289e-01
9.05000000000000e+00  -3.53169967233956e-01
9.10000000000000e+00  -3.38763407006190e-01
9.15000000000000e+00  -3.21754812403809e-01
9.20000000000000e+00  -3.02460283223776e-01
9.25000000000000e+00  -2.81246911954399e-01
9.30000000000000e+00  -2.58530197913537e-01
9.35000000000000e+00  -2.34771461386806e-01
9.40000000000000e+00  -2.10435069079514e-01
9.45000000000000e+00  -1.86001415952203e-01
9.50000000000000e+00  -1.61920964273511e-01
9.55000000000000e+00  -1.38655548202217e-01
9.60000000000000e+00  -1.16601263372082e-01
9.65000000000000e+00  -9.60763025772942e-02
9.70000000000000e+00  -7.73087914579147e-02
9.75000000000000e+00  -6.04246241853323e-02
9.80000000000000e+00  -4.54352991477074e-02
9.85000000000000e+00  -3.22257546354245e-02
9.90000000000000e+00  -2.05422045265410e-02
9.95000000000000e+00  -9.97997397223410e-03
1.00000000000000e+01  -2.86649177979678e-05
1.00500000000000e+01  9.97997397218466e-03
1.01000000000000e+01  2.05422045264924e-02
1.01500000000000e+01  3.22257546353766e-02
1.02000000000000e+01  4.54352991476605e-02
1.02500000000000e+01  6.04246241852864e-02
1.03000000000000e+01  7.73087914578701e-02
1.03500000000000e+01  9.60763025772512e-02
1.04000000000000e+01  1.16601263372040e-01
1.04500000000000e+01  1.38655548202177e-01
1.05000000000000e+01  1.61920964273472e-01
1.05500000000000e+01  1.86001415952167e-01
1.06000000000000e+01  2.10435069079480e-01
1.06500000000000e+01  2.34771461386773e-01
1.07000000000000e+01  2.58530197913506e-01
1.07500000000000e+01  2.81246911954369e-01
1.08000000000000e+01  3.02460283223748e-01
1.08500000000000e+01  3.21754812403782e-01
1.09000000000000e+01  3.38763407006164e-01
1.09500000000000e+01  3.53169967233933e-01
1.10000000000000e+01  3.64711971843267e-01
1.10500000000000e+01  3.73183064005284e-01
1.11000000000000e+01  3.78435637167835e-01
1.11500000000000e+01  3.80383420917298e-01
1.12000000000000e+01  3.79004066840375e-01
1.12500000000000e+01  3.74333550880520e-01
1.13000000000000e+01  3.66429635585242e-01
1.13500000000000e+01  3.55416549062904e-01
1.14000000000000e+01  3.41454024828078e-01
1.14500000000000e+01  3.24732309660918e-01
1.15000000000000e+01  3.05467286132481e-01
1.15500000000000e+01  2.83895595130045e-01
1.16000000000000e+01  2.60269758382432e-01
1.16500000000000e+01  2.34853300985333e-01
1.17000000000000e+01  2.07915873926621e-01
1.17500000000000e+01  1.79728376611683e-01
1.18000000000000e+01  1.50558079388729e-01
1.18500000000000e+01  1.20663746074125e-01
1.19000000000000e+01  9.02986480991946e-02
1.19500000000000e+01  5.97026171917698e-02
1.20000000000000e+01  2.91000451751992e-02
1.20500000000000e+01  -1.29706629425363e-03
1.21000000000000e+01  -3.12949284990087e-02
1.21500000000000e+01  -6.07177115377009e-02
1.22000000000000e+01  -8.94072902027325e-02
1.22500000000000e+01  -1.17222989857805e-01
1.23000000000000e+01  -1.44041332315470e-01
1.23500000000000e+01  -1.69755781714666e-01
1.24000000000000e+01  -1.94276490398259e-01
1.24500000000000e+01  -2.17530044790591e-01
1.25000000000000e+01  -2.39490422515265e-01
1.25500000000000e+01  -2.60027652172253e-01
1.26000000000000e+01  -2.79196158545447e-01
1.26500000000000e+01  -2.96966896619848e-01
1.27000000000000e+01  -3.13326422018505e-01
1.27500000000000e+01  -3.28275161294076e-01
1.28000000000000e+01  -3.41825682220406e-01
1.28500000000000e+01  -3.54000964084087e-01
1.29000000000000e+01  -3.64832667976030e-01
1.29500000000000e+01  -3.74359407083036e-01
1.30000000000000e+01  -3.82625016979358e-01
1.30500000000000e+01  -3.89676825918277e-01
1.31000000000000e+01  -3.95563925123665e-01
1.31500000000000e+01  -4.00340669670475e-01
1.32000000000000e+01  -4.04061831464278e-01
1.32500000000000e+01  -4.06783438502949e-01
1.33000000000000e+01  -4.08562403501202e-01
1.33500000000000e+01  -4.09456143962851e-01
1.34000000000000e+01  -4.09522316568110e-01
1.34500000000000e+01  -4.08818551560900e-01
1.35000000000000e+01  -4.07402187136155e-01
1.35500000000000e+01  -4.05330003827125e-01
1.36000000000000e+01  -4.02657958892681e-01
1.36500000000000e+01  -3.99440920704620e-01
1.37000000000000e+01  -3.95732403134969e-01
1.37500000000000e+01  -3.91598166952607e-01
1.38000000000000e+01  -3.87004652636964e-01
1.38500000000000e+01  -3.82076191967740e-01
1.39000000000000e+01  -3.76844627288472e-01
1.39500000000000e+01  -3.71342719761222e-01
1.40000000000000e+01  -3.65603656057456e-01
1.40500000000000e+01  -3.59660555048910e-01
1.41000000000000e+01  -3.53545974498464e-01
1.41500000000000e+01  -3.47291417751011e-01
1.42000000000000e+01  -3.40926840424328e-01
1.42500000000000e+01  -3.34480157099946e-01
1.43000000000000e+01  -3.27976748014024e-01
1.43500000000000e+01  -3.21438965748217e-01
1.44000000000000e+01  -3.14888147936247e-01
1.44500000000000e+01  -3.08342653638266e-01
1.45000000000000e+01  -3.01818445873496e-01
1.45500000000000e+01  -2.95329900046832e-01
1.46000000000000e+01  -2.88889421752376e-01
1.46500000000000e+01  -2.82507869080106e-01
1.47000000000000e+01  -2.76194974922537e-01
1.47500000000000e+01  -2.69959769281393e-01
1.48000000000000e+01  -2.63811001574264e-01
1.48500000000000e+01  -2.57757562941277e-01
1.49000000000000e+01  -2.51808908551758e-01
1.49500000000000e+01  -2.45975479910898e-01
1.50000000000000e+01  -2.40246652101968e-01
1.50500000000000e+01  -2.34629392145970e-01
1.51000000000000e+01  -2.29128000555894e-01
1.51500000000000e+01  -2.23743882224691e-01
1.52000000000000e+01  -2.18477954806974e-01
1.52500000000000e+01  -2.13330679376317e-01
1.53000000000000e+01  -2.08302091082550e-01
1.53500000000000e+01  -2.03391829809060e-01
1.54000000000000e+01  -1.98599170830081e-01
1.54500000000000e+01  -1.93923055467996e-01
1.55000000000000e+01  -1.89362121750630e-01
1.55500000000000e+01  -1.84914735068551e-01
1.56000000000000e+01  -1.80579018832361e-01
1.56500000000000e+01  -1.76352885130000e-01
1.57000000000000e+01  -1.72234065384033e-01
1.57500000000000e+01  -1.68220141008957e-01
1.58000000000000e+01  -1.64308574068490e-01
1.58500000000000e+01  -1.60496737932871e-01
1.59000000000000e+01  -1.56781947936157e-01
1.59500000000000e+01  -1.53161492033517e-01
1.60000000000000e+01  -1.49632661458532e-01
1.60500000000000e+01  -1.46192781380489e-01
1.61000000000000e+01  -1.42839241561680e-01
1.61500000000000e+01  -1.39569527014696e-01
1.62000000000000e+01  -1.36381248659726e-01
1.62500000000000e+01  -1.33271455951955e-01
1.63000000000000e+01  -1.30237124590190e-01
1.63500000000000e+01  -1.27276430137618e-01
1.64000000000000e+01  -1.24386888750912e-01
1.64500000000000e+01  -1.21566113543714e-01
1.65000000000000e+01  -1.18811811261960e-01
1.65500000000000e+01  -1.16121778959201e-01
1.66000000000000e+01  -1.13493900671921e-01
1.66500000000000e+01  -1.10926144094858e-01
1.67000000000000e+01  -1.08416557256328e-01
1.67500000000000e+01  -1.05963265193537e-01
1.68000000000000e+01  -1.03564466627910e-01
1.68500000000000e+01  -1.01218430640407e-01
1.69000000000000e+01  -9.89234933468437e-02
1.69500000000000e+01  -9.66780545732139e-02
1.70000000000000e+01  -9.44805745310064e-02
1.70500000000000e+01  -9.23295704925285e-02
1.71000000000000e+01  -9.02236134662246e-02
1.71500000000000e+01  -8.81613248719972e-02
1.72000000000000e+01  -8.61413732165277e-02
1.72500000000000e+01  -8.41624707685951e-02
1.73000000000000e+01  -8.22233702343986e-02
1.73500000000000e+01  -8.03228614328761e-02
1.74000000000000e+01  -7.84597679710259e-02
1.74500000000000e+01  -7.66329439192260e-02
1.75000000000000e+01  -7.48535037258073e-02
1.75500000000000e+01  -7.30923488892562e-02
1.76000000000000e+01  -7.13676788423440e-02
1.76500000000000e+01  -6.96780872268063e-02
1.77000000000000e+01  -6.80222822866413e-02
1.77500000000000e+01  -6.63990795306656e-02
1.78000000000000e+01  -6.48073943950719e-02
1.78500000000000e+01  -6.32462349059849e-02
1.79000000000000e+01  -6.17146943420181e-02
1.79500000000000e+01  -6.02119438968307e-02
1.80000000000000e+01  -5.87372253416835e-02
1.80500000000000e+01  -5.72898436879967e-02
1.81000000000000e+01  -5.58691598499054e-02
1.81500000000000e+01  -5.44745833068169e-02
1.82000000000000e+01  -5.31055647659673e-02
1.82500000000000e+01  -5.17615888249775e-02
1.83000000000000e+01  -5.04421666344108e-02
1.83500000000000e+01  -4.91468285603288e-02
1.84000000000000e+01  -4.78751168468484e-02
1.84500000000000e+01  -4.66265782786983e-02
1.85000000000000e+01  -4.54007568437755e-02
1.85500000000000e+01  -4.41971863957023e-02
1.86000000000000e+01  -4.30153833163826e-02
1.86500000000000e+01  -4.18548391785588e-02
1.87000000000000e+01  -4.07150134083681e-02
1.87500000000000e+01  -3.95954800407098e-02
1.88000000000000e+01  -3.84960249763678e-02
1.88500000000000e+01  -3.74158264661311e-02
1.89000000000000e+01  -3.63544083407243e-02
1.89500000000000e+01  -3.53112697321677e-02
1.90000000000000e+01  -3.42858885152997e-02
1.90500000000000e+01  -3.32777247493004e-02
1.91000000000000e+01  -3.22862241192137e-02
1.91500000000000e+01  -3.13108213774703e-02
1.92000000000000e+01  -3.03509437854107e-02
1.92500000000000e+01  -2.94060145548078e-02
1.93000000000000e+01  -2.84754562893894e-02
1.93500000000000e+01  -2.75586944263617e-02
1.94000000000000e+01  -2.66551606779314e-02
1.94500000000000e+01  -2.57642964728291e-02
1.95000000000000e+01  -2.48855563978315e-02
1.95500000000000e+01  -2.40184116392846e-02
1.96000000000000e+01  -2.31623534246262e-02
1.96500000000000e+01  -2.23168964639091e-02
1.97000000000000e+01  -2.14815823913235e-02
1.97500000000000e+01  -2.06559832067201e-02
1.98000000000000e+01  -1.98397047171324e-02
1.98500000000000e+01  -1.90323899783001e-02
1.99000000000000e+01  -1.82337227361917e-02
1.99500000000000e+01  -1.74434308685269e-02
2.00000000000000e+01  -1.66612898263003e-02
