0.00000000000000e+00  6.05319892963785e-03
5.00000000000000e-02  6.27721168725431e-03
1.00000000000000e-01  6.49101767051817e-03
1.50000000000000e-01  6.69535703056574e-03
2.00000000000000e-01  6.89083178000480e-03
2.50000000000000e-01  7.07791208977635e-03
3.00000000000000e-01  7.25694258601647e-03
3.50000000000000e-01  7.42814864691822e-03
4.00000000000000e-01  7.59164269959348e-03
4.50000000000000e-01  7.74743051693482e-03
5.00000000000000e-01  7.89541751447739e-03
5.50000000000000e-01  8.03541504726078e-03
6.00000000000000e-01  8.16714670669085e-03
6.50000000000000e-01  8.29025461740167e-03
7.00000000000000e-01  8.40430573411731e-03
7.50000000000000e-01  8.50879813851378e-03
8.00000000000000e-01  8.60316733608084e-03
8.50000000000000e-01  8.68679255298391e-03
9.00000000000000e-01  8.75900303292591e-03
9.50000000000000e-01  8.81908433400915e-03
1.00000000000000e+00  8.86628462559717e-03
1.05000000000000e+00  8.89982098517663e-03
1.10000000000000e+00  8.91888569521920e-03
1.15000000000000e+00  8.92265254004336e-03
1.20000000000000e+00  8.91028310267634e-03
1.25000000000000e+00  8.88190555147339e-03
1.30000000000000e+00  8.83335884291150e-03
1.35000000000000e+00  8.76676473317111e-03
1.40000000000000e+00  8.68083123202472e-03
1.45000000000000e+00  8.57436953583395e-03
1.50000000000000e+00  8.44627561405432e-03
1.55000000000000e+00  8.29551179574016e-03
1.60000000000000e+00  8.12108835604939e-03
1.65000000000000e+00  7.92204510274837e-03
1.70000000000000e+00  7.69743296271675e-03
1.75000000000000e+00  7.44629556845228e-03
1.80000000000000e+00  7.16765084457570e-03
1.85000000000000e+00  6.86047259433552e-03
1.90000000000000e+00  6.52367208611286e-03
1.95000000000000e+00  6.15607963992636e-03
2.00000000000000e+00  5.75642621393692e-03
2.05000000000000e+00  5.32332499095258e-03
2.10000000000000e+00  4.85525296493342e-03
2.15000000000000e+00  4.35053252749624e-03
2.20000000000000e+00  3.80731305441958e-03
2.25000000000000e+00  3.22355249214842e-03
2.30000000000000e+00  2.59699894429906e-03
2.35000000000000e+00  1.92517225816404e-03
2.40000000000000e+00  1.20534561121679e-03
2.45000000000000e+00  4.34527097616670e-04
2.50000000000000e+00  -3.46368877059663e-04
2.55000000000000e+00  -1.21381638194412e-03
2.60000000000000e+00  -2.12613301632468e-03
2.65000000000000e+00  -3.08585817063409e-03
2.70000000000000e+00  -4.09535407226408e-03
2.75000000000000e+00  -5.15680757810472e-03
2.80000000000000e+00  -6.27223196708353e-03
2.85000000000000e+00  -7.44346873270467e-03
2.90000000000000e+00  -8.67218937558829e-03
2.95000000000000e+00  -9.95989719600949e-03
3.00000000000000e+00  -1.13079290864377e-02
3.05000000000000e+00  -1.27174573240759e-02
3.10000000000000e+00  -1.41894913633996e-02
3.15000000000000e+00  -1.57248796286964e-02
3.20000000000000e+00  -1.73243113066048e-02
3.25000000000000e+00  -1.89883181386536e-02
3.30000000000000e+00  -2.07172762138014e-02
3.35000000000000e+00  -2.25114077609751e-02
3.40000000000000e+00  -2.43707829416097e-02
3.45000000000000e+00  -2.62953216421872e-02
3.50000000000000e+00  -2.82847952667760e-02
3.55000000000000e+00  -3.03388285295700e-02
3.60000000000000e+00  -3.24569012474276e-02
3.65000000000000e+00  -3.46383501324115e-02
3.70000000000000e+00  -3.68823705843272e-02
3.75000000000000e+00  -3.91565660049842e-02
3.80000000000000e+00  -4.15561146997992e-02
3.85000000000000e+00  -4.39889585919944e-02
3.90000000000000e+00  -4.64642882366995e-02
3.95000000000000e+00  -4.89876558370054e-02
4.00000000000000e+00  -5.15614371475114e-02
4.05000000000000e+00  -5.41852933778708e-02
4.10000000000000e+00  -5.68566330963382e-02
4.15000000000000e+00  -5.95710741333156e-02
4.20000000000000e+00  -6.23229054848993e-02
4.25000000000000e+00  -6.51055492164262e-02
4.30000000000000e+00  -6.79120223660202e-02
4.35000000000000e+00  -7.07353988481393e-02
4.40000000000000e+00  -7.35678958052311e-02
4.45000000000000e+00  -7.64020390172779e-02
4.50000000000000e+00  -7.92312125266850e-02
4.55000000000000e+00  -8.20469285977851e-02
4.60000000000000e+00  -8.48412953822602e-02
4.65000000000000e+00  -8.76062426460992e-02
4.70000000000000e+00  -9.03327474965538e-02
4.75000000000000e+00  -9.30100601090960e-02
4.80000000000000e+00  -9.56249294543738e-02
4.85000000000000e+00  -9.81608290251686e-02
4.90000000000000e+00  -1.00597182563352e-01
4.95000000000000e+00  -1.02908589786841e-01
5.00000000000000e+00  -1.05173099793547e-01
5.05000000000000e+00  -1.07171746838412e-01
5.10000000000000e+00  -1.09061153130978e-01
5.15000000000000e+00  -1.10800871148782e-01
5.20000000000000e+00  -1.12356179406136e-01
5.25000000000000e+00  -1.13697082048706e-01
5.30000000000000e+00  -1.14797308448079e-01
5.35000000000000e+00  -1.15633312796345e-01
5.40000000000000e+00  -1.16183273700664e-01
5.45000000000000e+00  -1.16426093777846e-01
5.50000000000000e+00  -1.16340399248918e-01
5.55000000000000e+00  -1.15903539533707e-01
5.60000000000000e+00  -1.15090586845405e-01
5.65000000000000e+00  -1.13877134967026e-01
5.70000000000000e+00  -1.12236184488476e-01
5.75000000000000e+00  -1.10137322646645e-01
5.80000000000000e+00  -1.07552229728622e-01
5.85000000000000e+00  -1.04449891462036e-01
5.90000000000000e+00  -1.00798059124984e-01
5.95000000000000e+00  -9.65647096559661e-02
6.00000000000000e+00  -9.17195057638099e-02
6.05000000000000e+00  -8.62352560376076e-02
6.10000000000000e+00  -8.00893750566441e-02
6.15000000000000e+00  -7.32653435003288e-02
6.20000000000000e+00  -6.57541682581262e-02
6.25000000000000e+00  -5.74549320640127e-02
6.30000000000000e+00  -4.84616191034996e-02
6.35000000000000e+00  -3.86521851566142e-02
6.40000000000000e+00  -2.80211914045420e-02
6.45000000000000e+00  -1.65606455592566e-02
6.50000000000000e+00  -4.26122754949596e-03
6.55000000000000e+00  8.88648479325796e-03
6.60000000000000e+00  2.28907900488015e-02
6.65000000000000e+00  3.77576375222325e-02
6.70000000000000e+00  5.34894015579725e-02
6.75000000000000e+00  7.00836558537869e-02
6.80000000000000e+00  8.75319477748094e-02
6.85000000000000e+00  1.05818572667561e-01
6.90000000000000e+00  1.24922544366210e-01
6.95000000000000e+00  1.44814252740473e-01
7.00000000000000e+00  1.65455511230804e-01
7.05000000000000e+00  1.86800069405042e-01
7.10000000000000e+00  2.08792117830096e-01
7.15000000000000e+00  2.31366069055783e-01
7.20000000000000e+00  2.54446338598663e-01
7.25000000000000e+00  2.77947125925876e-01
7.30000000000000e+00  3.01772195438980e-01
7.35000000000000e+00  3.25814657457783e-01
7.40000000000000e+00  3.49956749204187e-01
7.45000000000000e+00  3.74069615786017e-01
7.50000000000000e+00  3.97988956483856e-01
7.55000000000000e+00  4.21541405965916e-01
7.60000000000000e+00  4.44562093759053e-01
7.65000000000000e+00  4.66859623781900e-01
7.70000000000000e+00  4.88226201392883e-01
7.75000000000000e+00  5.08439245103638e-01
7.80000000000000e+00  5.27262998292417e-01
7.85000000000000e+00  5.44450140917506e-01
7.90000000000000e+00  5.59743401230633e-01
7.95000000000000e+00  5.72877167490385e-01
8.00000000000000e+00  5.83579099675610e-01
8.05000000000000e+00  5.91571741198842e-01
8.10000000000000e+00  5.96574130619703e-01
8.15000000000000e+00  5.98313896252988e-01
8.20000000000000e+00  5.96523976641954e-01
8.25000000000000e+00  5.90949962574602e-01
8.30000000000000e+00  5.81359299411474e-01
8.35000000000000e+00  5.67543919335673e-01
8.40000000000000e+00  5.49328890134745e-01
8.45000000000000e+00  5.26581063982569e-01
8.50000000000000e+00  4.99217726221238e-01
8.55000000000000e+00  4.67215244142943e-01
8.60000000000000e+00  4.30617715771863e-01
8.65000000000000e+00  3.89545618646042e-01
8.70000000000000e+00  3.44204458599285e-01
8.75000000000000e+00  2.94912630652657e-01
8.80000000000000e+00  2.41979606882365e-01
8.85000000000000e+00  1.86012348560104e-01
8.90000000000000e+00  1.27574725756996e-01
8.95000000000000e+00  6.73703179435736e-02
9.00000000000000e+00  6.22489509849316e-03
9.05000000000000e+00  -5.49311011827333e-02
9.10000000000000e+00  -1.15080076578996e-01
9.15000000000000e+00  -1.73134802934879e-01
9.20000000000000e+00  -2.27955937151914e-01
9.25000000000000e+00  -2.78369540079853e-01
9.30000000000000e+00  -3.23184595407952e-01
9.35000000000000e+00  -3.61210528556225e-01
9.40000000000000e+00  -3.91359837981478e-01
9.45000000000000e+00  -4.12630748262713e-01
9.50000000000000e+00  -4.24213955006666e-01
9.55000000000000e+00  -4.25387281972624e-01
9.60000000000000e+00  -4.15710298923599e-01
9.65000000000000e+00  -3.95039806607498e-01
9.70000000000000e+00  -3.63545321738283e-01
9.75000000000000e+00  -3.21724561977138e-01
9.80000000000000e+00  -2.70418930913623e-01
9.85000000000000e+00  -2.10829003046846e-01
9.90000000000000e+00  -1.44530008766630e-01
9.95000000000000e+00  -7.34873193346559e-02
1.00000000000000e+01  7.19318706857387e-05
1.00500000000000e+01  7.34873193396880e-02
1.01000000000000e+01  1.44530008771641e-01
1.01500000000000e+01  2.10829003051821e-01
1.02000000000000e+01  2.70418930918544e-01
1.02500000000000e+01  3.21724561981989e-01
1.03000000000000e+01  3.63545321743050e-01
1.03500000000000e+01  3.95039806612166e-01
1.04000000000000e+01  4.15710298928154e-01
1.04500000000000e+01  4.25387281977053e-01
1.05000000000000e+01  4.24213955010957e-01
1.05500000000000e+01  4.12630748266853e-01
1.06000000000000e+01  3.91359837985460e-01
1.06500000000000e+01  3.61210528560042e-01
1.07000000000000e+01  3.23184595411597e-01
1.07500000000000e+01  2.78369540083324e-01
1.08000000000000e+01  2.27955937155205e-01
1.08500000000000e+01  1.73134802937992e-01
1.09000000000000e+01  1.15080076581932e-01
1.09500000000000e+01  5.49311011854893e-02
1.10000000000000e+01  -6.22489509590817e-03
1.10500000000000e+01  -6.73703179411611e-02
1.11000000000000e+01  -1.27574725754747e-01
1.11500000000000e+01  -1.86012348558011e-01
1.12000000000000e+01  -2.41979606880426e-01
1.12500000000000e+01  -2.94893418541240e-01
1.13000000000000e+01  -3.44204458597629e-01
1.13500000000000e+01  -3.89545618644517e-01
1.14000000000000e+01  -4.30617715770459e-01
1.14500000000000e+01  -4.67215244141656e-01
1.15000000000000e+01  -4.99217726220058e-01
1.15500000000000e+01  -5.26581063981490e-01
1.16000000000000e+01  -5.49328890133760e-01
1.16500000000000e+01  -5.67543919334773e-01
1.17000000000000e+01  -5.81359299410655e-01
1.17500000000000e+01  -5.90949962573856e-01
1.18000000000000e+01  -5.96523976641276e-01
1.18500000000000e+01  -5.98313896252372e-01
1.19000000000000e+01  -5.96574130619142e-01
1.19500000000000e+01  -5.91571741198333e-01
1.20000000000000e+01  -5.83579099675148e-01
1.20500000000000e+01  -5.72877167489966e-01
1.21000000000000e+01  -5.59743401230253e-01
1.21500000000000e+01  -5.44450140917161e-01
1.22000000000000e+01  -5.27262998292104e-01
1.22500000000000e+01  -5.08439245103354e-01
1.23000000000000e+01  -4.88226201392625e-01
1.23500000000000e+01  -4.66859623781665e-01
1.24000000000000e+01  -4.44562093758839e-01
1.24500000000000e+01  -4.21541405965721e-01
1.25000000000000e+01  -3.98013091180689e-01
1.25500000000000e+01  -3.74069615785859e-01
1.26000000000000e+01  -3.49956749204043e-01
1.26500000000000e+01  -3.25814657457652e-01
1.27000000000000e+01  -3.01772195438859e-01
1.27500000000000e+01  -2.77947125925767e-01
1.28000000000000e+01  -2.54446338598562e-01
1.28500000000000e+01  -2.31366069055692e-01
1.29000000000000e+01  -2.08792117830013e-01
1.29500000000000e+01  -1.86800069404966e-01
1.30000000000000e+01  -1.65455511230735e-01
1.30500000000000e+01  -1.44814252740410e-01
1.31000000000000e+01  -1.24922544366151e-01
1.31500000000000e+01  -1.05818572667508e-01
1.32000000000000e+01  -8.75319477747597e-02
1.32500000000000e+01  -7.00836558537421e-02
1.33000000000000e+01  -5.34894015579317e-02
1.33500000000000e+01  -3.77576375221949e-02
1.34000000000000e+01  -2.28907900487670e-02
1.34500000000000e+01  -8.88648479322602e-03
1.35000000000000e+01  4.26122754952472e-03
1.35500000000000e+01  1.65606455592833e-02
1.36000000000000e+01  2.80211914045671e-02
1.36500000000000e+01  3.86521851566371e-02
1.37000000000000e+01  4.84616191035206e-02
1.37500000000000e+01  5.75558425395051e-02
1.38000000000000e+01  6.57541682581425e-02
1.38500000000000e+01  7.32653435003439e-02
1.39000000000000e+01  8.00893750566578e-02
1.39500000000000e+01  8.62352560376203e-02
1.40000000000000e+01  9.17195057638214e-02
1.40500000000000e+01  9.65647096559766e-02
1.41000000000000e+01  1.00798059124994e-01
1.41500000000000e+01  1.04449891462044e-01
1.42000000000000e+01  1.07552229728630e-01
1.42500000000000e+01  1.10137322646652e-01
1.43000000000000e+01  1.12236184488483e-01
1.43500000000000e+01  1.13877134967032e-01
1.44000000000000e+01  1.15090586845411e-01
1.44500000000000e+01  1.15903539533712e-01
1.45000000000000e+01  1.16340399248923e-01
1.45500000000000e+01  1.16426093777850e-01
1.46000000000000e+01  1.16183273700668e-01
1.46500000000000e+01  1.15633312796349e-01
1.47000000000000e+01  1.14797308448083e-01
1.47500000000000e+01  1.13697082048709e-01
1.48000000000000e+01  1.12356179406139e-01
1.48500000000000e+01  1.10800871148784e-01
1.49000000000000e+01  1.09061153130980e-01
1.49500000000000e+01  1.07171746838414e-01
1.50000000000000e+01  1.05064052116560e-01
1.50500000000000e+01  1.02908589786843e-01
1.51000000000000e+01  1.00597182563353e-01
1.51500000000000e+01  9.81608290251702e-02
1.52000000000000e+01  9.56249294543752e-02
1.52500000000000e+01  9.30100601090973e-02
1.53000000000000e+01  9.03327474965549e-02
1.53500000000000e+01  8.76062426461002e-02
1.54000000000000e+01  8.48412953822611e-02
1.54500000000000e+01  8.20469285977858e-02
1.55000000000000e+01  7.92312125266857e-02
1.55500000000000e+01  7.64020390172784e-02
1.56000000000000e+01  7.35678958052314e-02
1.56500000000000e+01  7.07353988481396e-02
1.57000000000000e+01  6.79120223660204e-02
1.57500000000000e+01  6.51055492164264e-02
1.58000000000000e+01  6.23229054848996e-02
1.58500000000000e+01  5.95710741333158e-02
1.59000000000000e+01  5.68566330963384e-02
1.59500000000000e+01  5.41852933778709e-02
1.60000000000000e+01  5.15614371475116e-02
1.60500000000000e+01  4.89876558370055e-02
1.61000000000000e+01  4.64642882366995e-02
1.61500000000000e+01  4.39889585919945e-02
1.62000000000000e+01  4.15561146997994e-02
1.62500000000000e+01  3.91880184832624e-02
1.63000000000000e+01  3.68823705843270e-02
1.63500000000000e+01  3.46383501324113e-02
1.64000000000000e+01  3.24569012474274e-02
1.64500000000000e+01  3.03388285295698e-02
1.65000000000000e+01  2.82847952667758e-02
1.65500000000000e+01  2.62953216421870e-02
1.66000000000000e+01  2.43707829416095e-02
1.66500000000000e+01  2.25114077609749e-02
1.67000000000000e+01  2.07172762138014e-02
1.67500000000000e+01  1.89883181386536e-02
1.68000000000000e+01  1.73243113066047e-02
1.68500000000000e+01  1.57248796286963e-02
1.69000000000000e+01  1.41894913633995e-02
1.69500000000000e+01  1.27174573240759e-02
1.70000000000000e+01  1.13079290864377e-02
1.70500000000000e+01  9.95989719600953e-03
1.71000000000000e+01  8.67218937558834e-03
1.71500000000000e+01  7.44346873270475e-03
1.72000000000000e+01  6.27223196708370e-03
1.72500000000000e+01  5.15680757810492e-03
1.73000000000000e+01  4.09535407226431e-03
1.73500000000000e+01  3.08585817063435e-03
1.74000000000000e+01  2.12613301632503e-03
1.74500000000000e+01  1.21381638194452e-03
1.75000000000000e+01  3.90558685286820e-04
1.75500000000000e+01  -4.34527097616148e-04
1.76000000000000e+01  -1.20534561121624e-03
1.76500000000000e+01  -1.92517225816344e-03
1.77000000000000e+01  -2.59699894429838e-03
1.77500000000000e+01  -3.22355249214769e-03
1.78000000000000e+01  -3.80731305441881e-03
1.78500000000000e+01  -4.35053252749542e-03
1.79000000000000e+01  -4.85525296493255e-03
1.79500000000000e+01  -5.32332499095165e-03
1.80000000000000e+01  -5.75642621393594e-03
1.80500000000000e+01  -6.15607963992535e-03
1.81000000000000e+01  -6.52367208611182e-03
1.81500000000000e+01  -6.86047259433444e-03
1.82000000000000e+01  -7.16765084457457e-03
1.82500000000000e+01  -7.44629556845113e-03
1.83000000000000e+01  -7.69743296271555e-03
1.83500000000000e+01  -7.92204510274716e-03
1.84000000000000e+01  -8.12108835604815e-03
1.84500000000000e+01  -8.29551179573889e-03
1.85000000000000e+01  -8.44627561405304e-03
1.85500000000000e+01  -8.57436953583265e-03
1.86000000000000e+01  -8.68083123202342e-03
1.86500000000000e+01  -8.76676473316981e-03
1.87000000000000e+01  -8.83335884291021e-03
1.87500000000000e+01  -8.88093306171466e-03
1.88000000000000e+01  -8.91028310267507e-03
1.88500000000000e+01  -8.92265254004212e-03
1.89000000000000e+01  -8.91888569521799e-03
1.89500000000000e+01  -8.89982098517547e-03
1.90000000000000e+01  -8.86628462559605e-03
1.90500000000000e+01  -8.81908433400810e-03
1.91000000000000e+01  -8.75900303292495e-03
1.91500000000000e+01  -8.68679255298303e-03
1.92000000000000e+01  -8.60316733608007e-03
1.92500000000000e+01  -8.50879813851313e-03
1.93000000000000e+01  -8.40430573411679e-03
1.93500000000000e+01  -8.29025461740130e-03
1.94000000000000e+01  -8.16714670669065e-03
1.94500000000000e+01  -8.03541504726077e-03
1.95000000000000e+01  -7.89541751447760e-03
1.95500000000000e+01  -7.74743051693526e-03
1.96000000000000e+01  -7.59164269959417e-03
1.96500000000000e+01  -7.42814864691918e-03
1.97000000000000e+01  -7.25694258601773e-03
1.97500000000000e+01  -7.07791208977795e-03
1.98000000000000e+01  -6.89083178000676e-03
1.98500000000000e+01  -6.69535703056808e-03
1.99000000000000e+01  -6.49101767052094e-03
1.99500000000000e+01  -6.27721168725753e-03
2.00000000000000e+01  -6.05319892964157e-03
