0.00000000000000e+00  9.59902209394987e-01
5.00000000000000e-02  9.94883774347436e-01
1.00000000000000e-01  1.03070024349023e+00
1.50000000000000e-01  1.06746173239739e+00
2.00000000000000e-01  1.10526669867994e+00
2.50000000000000e-01  1.14420308757000e+00
3.00000000000000e-01  1.18434947750466e+00
3.50000000000000e-01  1.22577622571006e+00
4.00000000000000e-01  1.26854661378532e+00
4.50000000000000e-01  1.31271799328658e+00
5.00000000000000e-01  1.35834293131095e+00
5.50000000000000e-01  1.40547035608054e+00
6.00000000000000e-01  1.45414670252639e+00
6.50000000000000e-01  1.50441522292810e+00
7.00000000000000e-01  1.55631812150796e+00
7.50000000000000e-01  1.60989700798937e+00
8.00000000000000e-01  1.66519254902039e+00
8.50000000000000e-01  1.72224587843526e+00
9.00000000000000e-01  1.78109882961755e+00
9.50000000000000e-01  1.84179416786328e+00
1.00000000000000e+00  1.90437582274394e+00
1.05000000000000e+00  1.96888912046966e+00
1.10000000000000e+00  2.03538101625229e+00
1.15000000000000e+00  2.10390032666850e+00
1.20000000000000e+00  2.17449796202285e+00
1.25000000000000e+00  2.24722699600292e+00
1.30000000000000e+00  2.32214122863290e+00
1.35000000000000e+00  2.39929792983011e+00
1.40000000000000e+00  2.47875520875014e+00
1.45000000000000e+00  2.56057307101990e+00
1.50000000000000e+00  2.64481316750411e+00
1.55000000000000e+00  2.73153854307180e+00
1.60000000000000e+00  2.82081338536284e+00
1.65000000000000e+00  2.91270277355443e+00
1.70000000000000e+00  3.00727242712760e+00
1.75000000000000e+00  3.10458845463375e+00
1.80000000000000e+00  3.20471710246113e+00
1.85000000000000e+00  3.30772450360135e+00
1.90000000000000e+00  3.41367597750325e+00
1.95000000000000e+00  3.52263603630237e+00
2.00000000000000e+00  3.63466791575056e+00
2.05000000000000e+00  3.74983317403221e+00
2.10000000000000e+00  3.86819133868302e+00
2.15000000000000e+00  3.98979951066965e+00
2.20000000000000e+00  4.11471196846932e+00
2.25000000000000e+00  4.24297977214945e+00
2.30000000000000e+00  4.37465036744728e+00
2.35000000000000e+00  4.50976718984946e+00
2.40000000000000e+00  4.64836926867175e+00
2.45000000000000e+00  4.79049083113856e+00
2.50000000000000e+00  4.93671006385821e+00
2.55000000000000e+00  5.08661396949692e+00
2.60000000000000e+00  5.24031425856102e+00
2.65000000000000e+00  5.39789098722566e+00
2.70000000000000e+00  5.55941805571531e+00
2.75000000000000e+00  5.72496387901595e+00
2.80000000000000e+00  5.89459205758730e+00
2.85000000000000e+00  6.06836204807498e+00
2.90000000000000e+00  6.24632983402277e+00
2.95000000000000e+00  6.42854859658476e+00
3.00000000000000e+00  6.61506938523760e+00
3.05000000000000e+00  6.80594178849267e+00
3.10000000000000e+00  7.00121460460827e+00
3.15000000000000e+00  7.20093290536408e+00
3.20000000000000e+00  7.40514072115546e+00
3.25000000000000e+00  7.61388014326338e+00
3.30000000000000e+00  7.82718999246786e+00
3.35000000000000e+00  8.04510629258899e+00
3.40000000000000e+00  8.26766149133491e+00
3.45000000000000e+00  8.49488368114964e+00
3.50000000000000e+00  8.72679582006112e+00
3.55000000000000e+00  8.96341495252909e+00
3.60000000000000e+00  9.20475143029301e+00
3.65000000000000e+00  9.45080813322004e+00
3.70000000000000e+00  9.70157969015294e+00
3.75000000000000e+00  9.95700535452434e+00
3.80000000000000e+00  1.02173084483987e+01
3.85000000000000e+00  1.04822507591689e+01
3.90000000000000e+00  1.07518378394052e+01
3.95000000000000e+00  1.10260590663951e+01
4.00000000000000e+00  1.13048886278753e+01
4.05000000000000e+00  1.15882865077653e+01
4.10000000000000e+00  1.18761994718998e+01
4.15000000000000e+00  1.21685620537614e+01
4.20000000000000e+00  1.24652975402136e+01
4.25000000000000e+00  1.27663189572334e+01
4.30000000000000e+00  1.30715300556440e+01
4.35000000000000e+00  1.33808262968479e+01
4.40000000000000e+00  1.36940893859165e+01
4.45000000000000e+00  1.40111919597551e+01
4.50000000000000e+00  1.43319955208231e+01
4.55000000000000e+00  1.46563489899922e+01
4.60000000000000e+00  1.49840884786323e+01
4.65000000000000e+00  1.53150361203731e+01
4.70000000000000e+00  1.56489989028660e+01
4.75000000000000e+00  1.59857674995457e+01
4.80000000000000e+00  1.63251151013918e+01
4.85000000000000e+00  1.66667962486906e+01
4.90000000000000e+00  1.70105456627968e+01
4.95000000000000e+00  1.73560770778954e+01
5.00000000000000e+00  1.77030976961839e+01
5.05000000000000e+00  1.80513770088469e+01
5.10000000000000e+00  1.84005003143308e+01
5.15000000000000e+00  1.87501308048153e+01
5.20000000000000e+00  1.90999079187265e+01
5.25000000000000e+00  1.94494476760031e+01
5.30000000000000e+00  1.97983430133636e+01
5.35000000000000e+00  2.01461641195722e+01
5.40000000000000e+00  2.04924587707056e+01
5.45000000000000e+00  2.08367526654192e+01
5.50000000000000e+00  2.11785497602140e+01
5.55000000000000e+00  2.15173326047026e+01
5.60000000000000e+00  2.18525626768762e+01
5.65000000000000e+00  2.21836776138543e+01
5.70000000000000e+00  2.25100936539674e+01
5.75000000000000e+00  2.28312037990385e+01
5.80000000000000e+00  2.31463803849134e+01
5.85000000000000e+00  2.34549723345090e+01
5.90000000000000e+00  2.37563058013275e+01
5.95000000000000e+00  2.40496848129728e+01
6.00000000000000e+00  2.43343919146653e+01
6.05000000000000e+00  2.46096888127575e+01
6.10000000000000e+00  2.48748170182493e+01
6.15000000000000e+00  2.51289984903034e+01
6.20000000000000e+00  2.53714362797610e+01
6.25000000000000e+00  2.56013210209712e+01
6.30000000000000e+00  2.58178262485227e+01
6.35000000000000e+00  2.60201035467636e+01
6.40000000000000e+00  2.62072990826634e+01
6.45000000000000e+00  2.63785463474280e+01
6.50000000000000e+00  2.65329690957009e+01
6.55000000000000e+00  2.66696842847638e+01
6.60000000000000e+00  2.67878050137379e+01
6.65000000000000e+00  2.68864434627845e+01
6.70000000000000e+00  2.69647138323061e+01
6.75000000000000e+00  2.70217352821472e+01
6.80000000000000e+00  2.70566348707954e+01
6.85000000000000e+00  2.70685504945819e+01
6.90000000000000e+00  2.70566392363900e+01
6.95000000000000e+00  2.70200777867698e+01
7.00000000000000e+00  2.69580776059314e+01
7.05000000000000e+00  2.68698629265503e+01
7.10000000000000e+00  2.67547041051534e+01
7.15000000000000e+00  2.66119175973740e+01
7.20000000000000e+00  2.64408668037464e+01
7.25000000000000e+00  2.62409686947639e+01
7.30000000000000e+00  2.60116994137355e+01
7.35000000000000e+00  2.57526029260239e+01
7.40000000000000e+00  2.54633005335702e+01
7.45000000000000e+00  2.51435015388663e+01
7.50000000000000e+00  2.47930286828106e+01
7.55000000000000e+00  2.44117017850682e+01
7.60000000000000e+00  2.39996133308185e+01
7.65000000000000e+00  2.35568494075280e+01
7.70000000000000e+00  2.30836469205585e+01
7.75000000000000e+00  2.25803895292475e+01
7.80000000000000e+00  2.20476035829885e+01
7.85000000000000e+00  2.14859616541969e+01
7.90000000000000e+00  2.08962902782708e+01
7.95000000000000e+00  2.02795778557904e+01
8.00000000000000e+00  1.96369859496379e+01
8.05000000000000e+00  1.89698596367720e+01
8.10000000000000e+00  1.82797377297153e+01
8.15000000000000e+00  1.75683284184167e+01
8.20000000000000e+00  1.68375401449074e+01
8.25000000000000e+00  1.60894761291530e+01
8.30000000000000e+00  1.53264332953148e+01
8.35000000000000e+00  1.45509010472571e+01
8.40000000000000e+00  1.37655569899016e+01
8.45000000000000e+00  1.29732619487877e+01
8.50000000000000e+00  1.21770497583635e+01
8.55000000000000e+00  1.13801154244024e+01
8.60000000000000e+00  1.05857997940878e+01
8.65000000000000e+00  9.79757082192026e+00
8.70000000000000e+00  9.01899847286504e+00
8.75000000000000e+00  8.25372978778525e+00
8.80000000000000e+00  7.50545255393932e+00
8.85000000000000e+00  6.77786418165876e+00
8.90000000000000e+00  6.07462314827617e+00
8.95000000000000e+00  5.39930659750016e+00
9.00000000000000e+00  4.75535461371641e+00
9.05000000000000e+00  4.14601449628869e+00
9.10000000000000e+00  3.57427877507615e+00
9.15000000000000e+00  3.04281761641716e+00
9.20000000000000e+00  2.55391091354237e+00
9.25000000000000e+00  2.10937501978111e+00
9.30000000000000e+00  1.71049164689942e+00
9.35000000000000e+00  1.35793710442631e+00
9.40000000000000e+00  1.05171580824653e+00
9.45000000000000e+00  7.91096143025695e-01
9.50000000000000e+00  5.74581207109063e-01
9.55000000000000e+00  3.99856786077046e-01
9.60000000000000e+00  2.63801194996849e-01
9.65000000000000e+00  1.62520616430739e-01
9.70000000000000e+00  9.13979337201938e-02
9.75000000000000e+00  4.52469468224648e-02
9.80000000000000e+00  1.84935468956795e-02
9.85000000000000e+00  5.46956636070994e-03
9.90000000000000e+00  8.08896309495682e-04
9.95000000000000e+00  -1.73821139332545e-05
1.00000000000000e+01  3.16577715293238e-07
1.00500000000000e+01  1.73821139332242e-05
1.01000000000000e+01  -8.08896309495775e-04
1.01500000000000e+01  -5.46956636071046e-03
1.02000000000000e+01  -1.84935468956814e-02
1.02500000000000e+01  -4.52469468224657e-02
1.03000000000000e+01  -9.13979337201970e-02
1.03500000000000e+01  -1.62520616430750e-01
1.04000000000000e+01  -2.63801194996849e-01
1.04500000000000e+01  -3.99856786077051e-01
1.05000000000000e+01  -5.74581207109074e-01
1.05500000000000e+01  -7.91096143025710e-01
1.06000000000000e+01  -1.05171580824654e+00
1.06500000000000e+01  -1.35793710442634e+00
1.07000000000000e+01  -1.71049164689943e+00
1.07500000000000e+01  -2.10937501978110e+00
1.08000000000000e+01  -2.55391091354240e+00
1.08500000000000e+01  -3.04281761641719e+00
1.09000000000000e+01  -3.57427877507614e+00
1.09500000000000e+01  -4.14601449628874e+00
1.10000000000000e+01  -4.75535461371643e+00
1.10500000000000e+01  -5.39930659750019e+00
1.11000000000000e+01  -6.07462314827620e+00
1.11500000000000e+01  -6.77786418165878e+00
1.12000000000000e+01  -7.50545255393933e+00
1.12500000000000e+01  -8.25372962549875e+00
1.13000000000000e+01  -9.01899847286509e+00
1.13500000000000e+01  -9.79757082192030e+00
1.14000000000000e+01  -1.05857997940878e+01
1.14500000000000e+01  -1.13801154244024e+01
1.15000000000000e+01  -1.21770497583636e+01
1.15500000000000e+01  -1.29732619487877e+01
1.16000000000000e+01  -1.37655569899017e+01
1.16500000000000e+01  -1.45509010472571e+01
1.17000000000000e+01  -1.53264332953148e+01
1.17500000000000e+01  -1.60894761291530e+01
1.18000000000000e+01  -1.68375401449074e+01
1.18500000000000e+01  -1.75683284184167e+01
1.19000000000000e+01  -1.82797377297154e+01
1.19500000000000e+01  -1.89698596367720e+01
1.20000000000000e+01  -1.96369859496379e+01
1.20500000000000e+01  -2.02795778557904e+01
1.21000000000000e+01  -2.08962902782708e+01
1.21500000000000e+01  -2.14859616541969e+01
1.22000000000000e+01  -2.20476035829885e+01
1.22500000000000e+01  -2.25803895292475e+01
1.23000000000000e+01  -2.30836469205585e+01
1.23500000000000e+01  -2.35568494075280e+01
1.24000000000000e+01  -2.39996133308184e+01
1.24500000000000e+01  -2.44117017850681e+01
1.25000000000000e+01  -2.47930139089286e+01
1.25500000000000e+01  -2.51435015388662e+01
1.26000000000000e+01  -2.54633005335702e+01
1.26500000000000e+01  -2.57526029260239e+01
1.27000000000000e+01  -2.60116994137354e+01
1.27500000000000e+01  -2.62409686947639e+01
1.28000000000000e+01  -2.64408668037464e+01
1.28500000000000e+01  -2.66119175973739e+01
1.29000000000000e+01  -2.67547041051534e+01
1.29500000000000e+01  -2.68698629265503e+01
1.30000000000000e+01  -2.69580776059314e+01
1.30500000000000e+01  -2.70200777867698e+01
1.31000000000000e+01  -2.70566392363900e+01
1.31500000000000e+01  -2.70685504945819e+01
1.32000000000000e+01  -2.70566348707954e+01
1.32500000000000e+01  -2.70217352821472e+01
1.33000000000000e+01  -2.69647138323060e+01
1.33500000000000e+01  -2.68864434627844e+01
1.34000000000000e+01  -2.67878050137378e+01
1.34500000000000e+01  -2.66696842847638e+01
1.35000000000000e+01  -2.65329690957009e+01
1.35500000000000e+01  -2.63785463474280e+01
1.36000000000000e+01  -2.62072990826633e+01
1.36500000000000e+01  -2.60201035467635e+01
1.37000000000000e+01  -2.58178262485225e+01
1.37500000000000e+01  -2.56013151726566e+01
1.38000000000000e+01  -2.53714362797609e+01
1.38500000000000e+01  -2.51289984903033e+01
1.39000000000000e+01  -2.48748170182492e+01
1.39500000000000e+01  -2.46096888127574e+01
1.40000000000000e+01  -2.43343919146652e+01
1.40500000000000e+01  -2.40496848129728e+01
1.41000000000000e+01  -2.37563058013275e+01
1.41500000000000e+01  -2.34549723345090e+01
1.42000000000000e+01  -2.31463803849134e+01
1.42500000000000e+01  -2.28312037990384e+01
1.43000000000000e+01  -2.25100936539674e+01
1.43500000000000e+01  -2.21836776138543e+01
1.44000000000000e+01  -2.18525626768762e+01
1.44500000000000e+01  -2.15173326047026e+01
1.45000000000000e+01  -2.11785497602140e+01
1.45500000000000e+01  -2.08367526654192e+01
1.46000000000000e+01  -2.04924587707055e+01
1.46500000000000e+01  -2.01461641195722e+01
1.47000000000000e+01  -1.97983430133635e+01
1.47500000000000e+01  -1.94494476760030e+01
1.48000000000000e+01  -1.90999079187264e+01
1.48500000000000e+01  -1.87501308048152e+01
1.49000000000000e+01  -1.84005003143307e+01
1.49500000000000e+01  -1.80513770088469e+01
1.50000000000000e+01  -1.77030820727631e+01
1.50500000000000e+01  -1.73560770778954e+01
1.51000000000000e+01  -1.70105456627968e+01
1.51500000000000e+01  -1.66667962486906e+01
1.52000000000000e+01  -1.63251151013918e+01
1.52500000000000e+01  -1.59857674995457e+01
1.53000000000000e+01  -1.56489989028661e+01
1.53500000000000e+01  -1.53150361203731e+01
1.54000000000000e+01  -1.49840884786323e+01
1.54500000000000e+01  -1.46563489899922e+01
1.55000000000000e+01  -1.43319955208231e+01
1.55500000000000e+01  -1.40111919597551e+01
1.56000000000000e+01  -1.36940893859165e+01
1.56500000000000e+01  -1.33808262968479e+01
1.57000000000000e+01  -1.30715300556439e+01
1.57500000000000e+01  -1.27663189572333e+01
1.58000000000000e+01  -1.24652975402135e+01
1.58500000000000e+01  -1.21685620537613e+01
1.59000000000000e+01  -1.18761994718998e+01
1.59500000000000e+01  -1.15882865077653e+01
1.60000000000000e+01  -1.13048886278754e+01
1.60500000000000e+01  -1.10260590663952e+01
1.61000000000000e+01  -1.07518378394054e+01
1.61500000000000e+01  -1.04822507591690e+01
1.62000000000000e+01  -1.02173084483988e+01
1.62500000000000e+01  -9.95705169975800e+00
1.63000000000000e+01  -9.70157969015293e+00
1.63500000000000e+01  -9.45080813322002e+00
1.64000000000000e+01  -9.20475143029298e+00
1.64500000000000e+01  -8.96341495252907e+00
1.65000000000000e+01  -8.72679582006110e+00
1.65500000000000e+01  -8.49488368114962e+00
1.66000000000000e+01  -8.26766149133489e+00
1.66500000000000e+01  -8.04510629258898e+00
1.67000000000000e+01  -7.82718999246785e+00
1.67500000000000e+01  -7.61388014326336e+00
1.68000000000000e+01  -7.40514072115544e+00
1.68500000000000e+01  -7.20093290536406e+00
1.69000000000000e+01  -7.00121460460825e+00
1.69500000000000e+01  -6.80594178849266e+00
1.70000000000000e+01  -6.61506938523759e+00
1.70500000000000e+01  -6.42854859658475e+00
1.71000000000000e+01  -6.24632983402275e+00
1.71500000000000e+01  -6.06836204807496e+00
1.72000000000000e+01  -5.89459205758729e+00
1.72500000000000e+01  -5.72496387901595e+00
1.73000000000000e+01  -5.55941805571530e+00
1.73500000000000e+01  -5.39789098722564e+00
1.74000000000000e+01  -5.24031425856100e+00
1.74500000000000e+01  -5.08661396949690e+00
1.75000000000000e+01  -4.93616090646263e+00
1.75500000000000e+01  -4.79049083113856e+00
1.76000000000000e+01  -4.64836926867174e+00
1.76500000000000e+01  -4.50976718984944e+00
1.77000000000000e+01  -4.37465036744726e+00
1.77500000000000e+01  -4.24297977214944e+00
1.78000000000000e+01  -4.11471196846931e+00
1.78500000000000e+01  -3.98979951066964e+00
1.79000000000000e+01  -3.86819133868301e+00
1.79500000000000e+01  -3.74983317403220e+00
1.80000000000000e+01  -3.63466791575055e+00
1.80500000000000e+01  -3.52263603630236e+00
1.81000000000000e+01  -3.41367597750324e+00
1.81500000000000e+01  -3.30772450360134e+00
1.82000000000000e+01  -3.20471710246113e+00
1.82500000000000e+01  -3.10458845463375e+00
1.83000000000000e+01  -3.00727242712760e+00
1.83500000000000e+01  -2.91270277355442e+00
1.84000000000000e+01  -2.82081338536283e+00
1.84500000000000e+01  -2.73153854307180e+00
1.85000000000000e+01  -2.64481316750411e+00
1.85500000000000e+01  -2.56057307101990e+00
1.86000000000000e+01  -2.47875520875013e+00
1.86500000000000e+01  -2.39929792983010e+00
1.87000000000000e+01  -2.32214122863289e+00
1.87500000000000e+01  -2.24722715871095e+00
1.88000000000000e+01  -2.17449796202285e+00
1.88500000000000e+01  -2.10390032666849e+00
1.89000000000000e+01  -2.03538101625228e+00
1.89500000000000e+01  -1.96888912046966e+00
1.90000000000000e+01  -1.90437582274393e+00
1.90500000000000e+01  -1.84179416786327e+00
1.91000000000000e+01  -1.78109882961755e+00
1.91500000000000e+01  -1.72224587843525e+00
1.92000000000000e+01  -1.66519254902038e+00
1.92500000000000e+01  -1.60989700798937e+00
1.93000000000000e+01  -1.55631812150795e+00
1.93500000000000e+01  -1.50441522292809e+00
1.94000000000000e+01  -1.45414670252639e+00
1.94500000000000e+01  -1.40547035608053e+00
1.95000000000000e+01  -1.35834293131095e+00
1.95500000000000e+01  -1.31271799328658e+00
1.96000000000000e+01  -1.26854661378532e+00
1.96500000000000e+01  -1.22577622571005e+00
1.97000000000000e+01  -1.18434947750466e+00
1.97500000000000e+01  -1.14420308757000e+00
1.98000000000000e+01  -1.10526669867994e+00
1.98500000000000e+01  -1.06746173239738e+00
1.99000000000000e+01  -1.03070024349023e+00
1.99500000000000e+01  -9.94883774347429e-01
2.00000000000000e+01  -9.59902209394987e-01
