0.00000000000000e+00  3.14176850471845e-04
2.50000000000000e-02  3.39840553599512e-04
5.00000000000000e-02  3.66434871783570e-04
7.50000000000000e-02  3.94281909038307e-04
1.00000000000000e-01  4.23685134196587e-04
1.25000000000000e-01  4.54932434246837e-04
1.50000000000000e-01  4.88299167670052e-04
1.75000000000000e-01  5.24051217776786e-04
2.00000000000000e-01  5.62448046044160e-04
2.25000000000000e-01  6.03745745452853e-04
2.50000000000000e-01  6.48200093824107e-04
2.75000000000000e-01  6.96069607156721e-04
3.00000000000000e-01  7.47618592964054e-04
3.25000000000000e-01  8.03120203611023e-04
3.50000000000000e-01  8.62859489651101e-04
3.75000000000000e-01  9.27136453163320e-04
4.00000000000000e-01  9.96269101089262e-04
4.25000000000000e-01  1.07059649857006e-03
4.50000000000000e-01  1.15048182228342e-03
4.75000000000000e-01  1.23631541378057e-03
5.00000000000000e-01  1.32851783282332e-03
5.25000000000000e-01  1.42754291072100e-03
5.50000000000000e-01  1.53388080366750e-03
5.75000000000000e-01  1.64806104607829e-03
6.00000000000000e-01  1.77065560392733e-03
6.25000000000000e-01  1.90228192808418e-03
6.50000000000000e-01  2.04360600765091e-03
6.75000000000000e-01  2.19534542329915e-03
7.00000000000000e-01  2.35827240060707e-03
7.25000000000000e-01  2.53321686339638e-03
7.50000000000000e-01  2.72106948706935e-03
7.75000000000000e-01  2.92278475194576e-03
8.00000000000000e-01  3.13938399659994e-03
8.25000000000000e-01  3.37195847119780e-03
8.50000000000000e-01  3.62167239083371e-03
8.75000000000000e-01  3.88976598886766e-03
9.00000000000000e-01  4.17755857026212e-03
9.25000000000000e-01  4.48645156491909e-03
9.50000000000000e-01  4.81793158101717e-03
9.75000000000000e-01  5.17357345834842e-03
1.00000000000000e+00  5.55504332165548e-03
1.02500000000000e+00  5.96410163396850e-03
1.05000000000000e+00  6.40260624994215e-03
1.07500000000000e+00  6.87251546919267e-03
1.10000000000000e+00  7.37589108963478e-03
1.12500000000000e+00  7.91490146081876e-03
1.15000000000000e+00  8.49182453726744e-03
1.17500000000000e+00  9.10905093181309e-03
1.20000000000000e+00  9.76908696893459e-03
1.22500000000000e+00  1.04745577380943e-02
1.25000000000000e+00  1.12302444243205e-02
1.27500000000000e+00  1.20379695729254e-02
1.30000000000000e+00  1.29012053451718e-02
1.32500000000000e+00  1.38233150350929e-02
1.35000000000000e+00  1.48078637166587e-02
1.37500000000000e+00  1.58586187730375e-02
1.40000000000000e+00  1.69795504258574e-02
1.42500000000000e+00  1.81748322644674e-02
1.45000000000000e+00  1.94488417751991e-02
1.47500000000000e+00  2.08061608706276e-02
1.50000000000000e+00  2.22515764188333e-02
1.52500000000000e+00  2.37900807726629e-02
1.55000000000000e+00  2.54268722989908e-02
1.57500000000000e+00  2.71673559079809e-02
1.60000000000000e+00  2.90171435823473e-02
1.62500000000000e+00  3.09820549066161e-02
1.65000000000000e+00  3.30681175963864e-02
1.67500000000000e+00  3.52815680275920e-02
1.70000000000000e+00  3.76288517657628e-02
1.72500000000000e+00  4.01166240952854e-02
1.75000000000000e+00  4.27517505486657e-02
1.77500000000000e+00  4.55413074357890e-02
1.80000000000000e+00  4.84925823731820e-02
1.82500000000000e+00  5.16130748132745e-02
1.85000000000000e+00  5.49104965736598e-02
1.87500000000000e+00  5.84014719344573e-02
1.90000000000000e+00  6.20657727918916e-02
1.92500000000000e+00  6.59375917392223e-02
1.95000000000000e+00  7.00216864290930e-02
1.97500000000000e+00  7.43238835033836e-02
2.00000000000000e+00  7.88508850735927e-02
2.02500000000000e+00  8.36100752012182e-02
2.05000000000000e+00  8.86093263781390e-02
2.07500000000000e+00  9.38568060069958e-02
2.10000000000000e+00  9.93607828815731e-02
2.12500000000000e+00  1.05129433667180e-01
2.15000000000000e+00  1.11170649381030e-01
2.17500000000000e+00  1.17491841872627e-01
2.20000000000000e+00  1.24100060170652e-01
2.22500000000000e+00  1.31001645122502e-01
2.25000000000000e+00  1.38202054652919e-01
2.27500000000000e+00  1.45706315017395e-01
2.30000000000000e+00  1.53518456865382e-01
2.32500000000000e+00  1.61641602551985e-01
2.35000000000000e+00  1.70078053449646e-01
2.37500000000000e+00  1.78829377259831e-01
2.40000000000000e+00  1.87896495324721e-01
2.42500000000000e+00  1.97279769938896e-01
2.45000000000000e+00  2.06979091661024e-01
2.47500000000000e+00  2.16993966625548e-01
2.50000000000000e+00  2.27302805412710e-01
2.52500000000000e+00  2.37928412662286e-01
2.55000000000000e+00  2.48840870011273e-01
2.57500000000000e+00  2.60033187502660e-01
2.60000000000000e+00  2.71495683743094e-01
2.62500000000000e+00  2.83216082775260e-01
2.65000000000000e+00  2.95179610950276e-01
2.67500000000000e+00  3.07369093800071e-01
2.70000000000000e+00  3.19765052909774e-01
2.72500000000000e+00  3.32345802790102e-01
2.75000000000000e+00  3.45087547749743e-01
2.77500000000000e+00  3.57964478767744e-01
2.80000000000000e+00  3.70948870365895e-01
2.82500000000000e+00  3.84011177481117e-01
2.85000000000000e+00  3.97120132337848e-01
2.87500000000000e+00  4.10242841320425e-01
2.90000000000000e+00  4.23344881845478e-01
2.92500000000000e+00  4.36390399234307e-01
2.95000000000000e+00  4.49342203585275e-01
2.97500000000000e+00  4.62161866646190e-01
3.00000000000000e+00  4.74809818686691e-01
3.02500000000000e+00  4.87245445370638e-01
3.05000000000000e+00  4.99427184628494e-01
3.07500000000000e+00  5.11312623529712e-01
3.10000000000000e+00  5.22858595155121e-01
3.12500000000000e+00  5.34037054566290e-01
3.15000000000000e+00  5.44778079781811e-01
3.17500000000000e+00  5.55067839666573e-01
3.20000000000000e+00  5.64863891522558e-01
3.22500000000000e+00  5.74126163913990e-01
3.25000000000000e+00  5.82817028686254e-01
3.27500000000000e+00  5.90901372984812e-01
3.30000000000000e+00  5.98346671274116e-01
3.32500000000000e+00  6.05123057356524e-01
3.35000000000000e+00  6.11203396391218e-01
3.37500000000000e+00  6.16563356913115e-01
3.40000000000000e+00  6.21181482851785e-01
3.42500000000000e+00  6.25039265550367e-01
3.45000000000000e+00  6.28121215784482e-01
3.47500000000000e+00  6.30414935781150e-01
3.50000000000000e+00  6.31911191237707e-01
3.52500000000000e+00  6.32603983340714e-01
3.55000000000000e+00  6.32490620784881e-01
3.57500000000000e+00  6.31571791791975e-01
3.60000000000000e+00  6.29851636129740e-01
3.62500000000000e+00  6.27337817130811e-01
3.65000000000000e+00  6.24041593711628e-01
3.67500000000000e+00  6.19977892391353e-01
3.70000000000000e+00  6.15165379310784e-01
3.72500000000000e+00  6.09626532251274e-01
3.75000000000000e+00  6.03373740503802e-01
3.77500000000000e+00  5.96445447206498e-01
3.80000000000000e+00  5.88857826597764e-01
3.82500000000000e+00  5.80641418949841e-01
3.85000000000000e+00  5.71828041032848e-01
3.87500000000000e+00  5.62450602446159e-01
3.90000000000000e+00  5.52542921949777e-01
3.92500000000000e+00  5.42139543795715e-01
3.95000000000000e+00  5.31275554059366e-01
3.97500000000000e+00  5.19986396970880e-01
4.00000000000000e+00  5.08307691246543e-01
4.02500000000000e+00  4.96275046420149e-01
4.05000000000000e+00  4.83923879174381e-01
4.07500000000000e+00  4.71289229672179e-01
4.10000000000000e+00  4.58405577888124e-01
4.12500000000000e+00  4.45306659939809e-01
4.15000000000000e+00  4.32025284419216e-01
4.17500000000000e+00  4.18593148724092e-01
4.20000000000000e+00  4.05040655389324e-01
4.22500000000000e+00  3.91396728418318e-01
4.25000000000000e+00  3.77688629614370e-01
4.27500000000000e+00  3.63941774912046e-01
4.30000000000000e+00  3.50179550708557e-01
4.32500000000000e+00  3.36423130195130e-01
4.35000000000000e+00  3.22691289688393e-01
4.37500000000000e+00  3.09011886133473e-01
4.40000000000000e+00  2.95381489189412e-01
4.42500000000000e+00  2.81831989531639e-01
4.45000000000000e+00  2.68373850128647e-01
4.47500000000000e+00  2.55016338648036e-01
4.50000000000000e+00  2.41767477064652e-01
4.52500000000000e+00  2.28633991268732e-01
4.55000000000000e+00  2.15621260674054e-01
4.57500000000000e+00  2.02733267826076e-01
4.60000000000000e+00  1.89972548010083e-01
4.62500000000000e+00  1.77340138859333e-01
4.65000000000000e+00  1.64835529963198e-01
4.67500000000000e+00  1.52456612475311e-01
4.70000000000000e+00  1.40200171014710e-01
4.72500000000000e+00  1.28061527937051e-01
4.75000000000000e+00  1.16034703758354e-01
4.77500000000000e+00  1.04112740710242e-01
4.80000000000000e+00  9.22876113215409e-02
4.82500000000000e+00  8.05504011375305e-02
4.85000000000000e+00  6.88914914392074e-02
4.87500000000000e+00  5.73007419625482e-02
4.90000000000000e+00  4.57676736177655e-02
4.92500000000000e+00  3.42816512085717e-02
4.95000000000000e+00  2.28320661514390e-02
4.97500000000000e+00  1.14085191948578e-02
5.00000000000000e+00  -1.00313858917177e-06
5.02500000000000e+00  -1.14085191948476e-02
5.05000000000000e+00  -2.28320661514290e-02
5.07500000000000e+00  -3.42816512085617e-02
5.10000000000000e+00  -4.57676736177554e-02
5.12500000000000e+00  -5.73007419625377e-02
5.15000000000000e+00  -6.88914914391968e-02
5.17500000000000e+00  -8.05504011375198e-02
5.20000000000000e+00  -9.22876113215300e-02
5.22500000000000e+00  -1.04112740710231e-01
5.25000000000000e+00  -1.16034703758342e-01
5.27500000000000e+00  -1.28061527937040e-01
5.30000000000000e+00  -1.40200171014698e-01
5.32500000000000e+00  -1.52456612475299e-01
5.35000000000000e+00  -1.64835529963185e-01
5.37500000000000e+00  -1.77340138859320e-01
5.40000000000000e+00  -1.89972548010071e-01
5.42500000000000e+00  -2.02733267826063e-01
5.45000000000000e+00  -2.15621260674041e-01
5.47500000000000e+00  -2.28633991268719e-01
5.50000000000000e+00  -2.41767477064638e-01
5.52500000000000e+00  -2.55016338648023e-01
5.55000000000000e+00  -2.68373850128633e-01
5.57500000000000e+00  -2.81831989531623e-01
5.60000000000000e+00  -2.95381489189396e-01
5.62500000000000e+00  -3.09000224961727e-01
5.65000000000000e+00  -3.22691289688377e-01
5.67500000000000e+00  -3.36423130195114e-01
5.70000000000000e+00  -3.50179550708540e-01
5.72500000000000e+00  -3.63941774912030e-01
5.75000000000000e+00  -3.77688629614353e-01
5.77500000000000e+00  -3.91396728418300e-01
5.80000000000000e+00  -4.05040655389306e-01
5.82500000000000e+00  -4.18593148724073e-01
5.85000000000000e+00  -4.32025284419197e-01
5.87500000000000e+00  -4.45306659939790e-01
5.90000000000000e+00  -4.58405577888105e-01
5.92500000000000e+00  -4.71289229672160e-01
5.95000000000000e+00  -4.83923879174361e-01
5.97500000000000e+00  -4.96275046420129e-01
6.00000000000000e+00  -5.08307691246522e-01
6.02500000000000e+00  -5.19986396970858e-01
6.05000000000000e+00  -5.31275554059344e-01
6.07500000000000e+00  -5.42139543795694e-01
6.10000000000000e+00  -5.52542921949755e-01
6.12500000000000e+00  -5.62450602446136e-01
6.15000000000000e+00  -5.71828041032825e-01
6.17500000000000e+00  -5.80641418949818e-01
6.20000000000000e+00  -5.88857826597741e-01
6.22500000000000e+00  -5.96445447206474e-01
6.25000000000000e+00  -6.03387712653615e-01
6.27500000000000e+00  -6.09626532251250e-01
6.30000000000000e+00  -6.15165379310761e-01
6.32500000000000e+00  -6.19977892391329e-01
6.35000000000000e+00  -6.24041593711604e-01
6.37500000000000e+00  -6.27337817130787e-01
6.40000000000000e+00  -6.29851636129716e-01
6.42500000000000e+00  -6.31571791791951e-01
6.45000000000000e+00  -6.32490620784857e-01
6.47500000000000e+00  -6.32603983340690e-01
6.50000000000000e+00  -6.31911191237683e-01
6.52500000000000e+00  -6.30414935781127e-01
6.55000000000000e+00  -6.28121215784458e-01
6.57500000000000e+00  -6.25039265550343e-01
6.60000000000000e+00  -6.21181482851761e-01
6.62500000000000e+00  -6.16563356913091e-01
6.65000000000000e+00  -6.11203396391195e-01
6.67500000000000e+00  -6.05123057356502e-01
6.70000000000000e+00  -5.98346671274094e-01
6.72500000000000e+00  -5.90901372984790e-01
6.75000000000000e+00  -5.82817028686233e-01
6.77500000000000e+00  -5.74126163913968e-01
6.80000000000000e+00  -5.64863891522537e-01
6.82500000000000e+00  -5.55067839666553e-01
6.85000000000000e+00  -5.44778079781791e-01
6.87500000000000e+00  -5.34021275469294e-01
6.90000000000000e+00  -5.22858595155102e-01
6.92500000000000e+00  -5.11312623529693e-01
6.95000000000000e+00  -4.99427184628476e-01
6.97500000000000e+00  -4.87245445370621e-01
7.00000000000000e+00  -4.74809818686674e-01
7.02500000000000e+00  -4.62161866646173e-01
7.05000000000000e+00  -4.49342203585259e-01
7.07500000000000e+00  -4.36390399234292e-01
7.10000000000000e+00  -4.23344881845463e-01
7.12500000000000e+00  -4.10242841320411e-01
7.15000000000000e+00  -3.97120132337833e-01
7.17500000000000e+00  -3.84011177481103e-01
7.20000000000000e+00  -3.70948870365882e-01
7.22500000000000e+00  -3.57964478767731e-01
7.25000000000000e+00  -3.45087547749731e-01
7.27500000000000e+00  -3.32345802790090e-01
7.30000000000000e+00  -3.19765052909762e-01
7.32500000000000e+00  -3.07369093800060e-01
7.35000000000000e+00  -2.95179610950265e-01
7.37500000000000e+00  -2.83216082775250e-01
7.40000000000000e+00  -2.71495683743084e-01
7.42500000000000e+00  -2.60033187502650e-01
7.45000000000000e+00  -2.48840870011263e-01
7.47500000000000e+00  -2.37928412662277e-01
7.50000000000000e+00  -2.27323603854365e-01
7.52500000000000e+00  -2.16993966625540e-01
7.55000000000000e+00  -2.06979091661017e-01
7.57500000000000e+00  -1.97279769938890e-01
7.60000000000000e+00  -1.87896495324715e-01
7.62500000000000e+00  -1.78829377259825e-01
7.65000000000000e+00  -1.70078053449640e-01
7.67500000000000e+00  -1.61641602551979e-01
7.70000000000000e+00  -1.53518456865377e-01
7.72500000000000e+00  -1.45706315017390e-01
7.75000000000000e+00  -1.38202054652915e-01
7.77500000000000e+00  -1.31001645122498e-01
7.80000000000000e+00  -1.24100060170647e-01
7.82500000000000e+00  -1.17491841872624e-01
7.85000000000000e+00  -1.11170649381027e-01
7.87500000000000e+00  -1.05129433667176e-01
7.90000000000000e+00  -9.93607828815700e-02
7.92500000000000e+00  -9.38568060069928e-02
7.95000000000000e+00  -8.86093263781362e-02
7.97500000000000e+00  -8.36100752012155e-02
8.00000000000000e+00  -7.88508850735902e-02
8.02500000000000e+00  -7.43238835033811e-02
8.05000000000000e+00  -7.00216864290906e-02
8.07500000000000e+00  -6.59375917392202e-02
8.10000000000000e+00  -6.20657727918896e-02
8.12500000000000e+00  -5.83927723663548e-02
8.15000000000000e+00  -5.49104965736579e-02
8.17500000000000e+00  -5.16130748132726e-02
8.20000000000000e+00  -4.84925823731802e-02
8.22500000000000e+00  -4.55413074357874e-02
8.25000000000000e+00  -4.27517505486641e-02
8.27500000000000e+00  -4.01166240952839e-02
8.30000000000000e+00  -3.76288517657614e-02
8.32500000000000e+00  -3.52815680275907e-02
8.35000000000000e+00  -3.30681175963853e-02
8.37500000000000e+00  -3.09820549066150e-02
8.40000000000000e+00  -2.90171435823463e-02
8.42500000000000e+00  -2.71673559079799e-02
8.45000000000000e+00  -2.54268722989898e-02
8.47500000000000e+00  -2.37900807726620e-02
8.50000000000000e+00  -2.22515764188325e-02
8.52500000000000e+00  -2.08061608706269e-02
8.55000000000000e+00  -1.94488417751984e-02
8.57500000000000e+00  -1.81748322644667e-02
8.60000000000000e+00  -1.69795504258568e-02
8.62500000000000e+00  -1.58586187730370e-02
8.65000000000000e+00  -1.48078637166582e-02
8.67500000000000e+00  -1.38233150350925e-02
8.70000000000000e+00  -1.29012053451714e-02
8.72500000000000e+00  -1.20379695729251e-02
8.75000000000000e+00  -1.12282101470749e-02
8.77500000000000e+00  -1.04745577380941e-02
8.80000000000000e+00  -9.76908696893442e-03
8.82500000000000e+00  -9.10905093181294e-03
8.85000000000000e+00  -8.49182453726736e-03
8.87500000000000e+00  -7.91490146081872e-03
8.90000000000000e+00  -7.37589108963475e-03
8.92500000000000e+00  -6.87251546919268e-03
8.95000000000000e+00  -6.40260624994218e-03
8.97500000000000e+00  -5.96410163396858e-03
9.00000000000000e+00  -5.55504332165558e-03
9.02500000000000e+00  -5.17357345834854e-03
9.05000000000000e+00  -4.81793158101730e-03
9.07500000000000e+00  -4.48645156491924e-03
9.10000000000000e+00  -4.17755857026230e-03
9.12500000000000e+00  -3.88976598886786e-03
9.15000000000000e+00  -3.62167239083394e-03
9.17500000000000e+00  -3.37195847119803e-03
9.20000000000000e+00  -3.13938399660019e-03
9.22500000000000e+00  -2.92278475194602e-03
9.25000000000000e+00  -2.72106948706962e-03
9.27500000000000e+00  -2.53321686339666e-03
9.30000000000000e+00  -2.35827240060736e-03
9.32500000000000e+00  -2.19534542329945e-03
9.35000000000000e+00  -2.04360600765122e-03
9.37500000000000e+00  -1.90228192808450e-03
9.40000000000000e+00  -1.77065560392766e-03
9.42500000000000e+00  -1.64806104607861e-03
9.45000000000000e+00  -1.53388080366783e-03
9.47500000000000e+00  -1.42754291072133e-03
9.50000000000000e+00  -1.32851783282365e-03
9.52500000000000e+00  -1.23631541378091e-03
9.55000000000000e+00  -1.15048182228376e-03
9.57500000000000e+00  -1.07059649857041e-03
9.60000000000000e+00  -9.96269101089609e-04
9.62500000000000e+00  -9.27136453163677e-04
9.65000000000000e+00  -8.62859489651462e-04
9.67500000000000e+00  -8.03120203611387e-04
9.70000000000000e+00  -7.47618592964423e-04
9.72500000000000e+00  -6.96069607157098e-04
9.75000000000000e+00  -6.48200093824495e-04
9.77500000000000e+00  -6.03745745453253e-04
9.80000000000000e+00  -5.62448046044570e-04
9.82500000000000e+00  -5.24051217777210e-04
9.85000000000000e+00  -4.88299167670492e-04
9.87500000000000e+00  -4.54932434247300e-04
9.90000000000000e+00  -4.23685134197072e-04
9.92500000000000e+00  -3.94281909038819e-04
9.95000000000000e+00  -3.66434871784114e-04
9.97500000000000e+00  -3.39840553600090e-04
1.00000000000000e+01  -3.14176850472465e-04
