0.00000000000000e+00  3.27344056396862e-04
2.50000000000000e-02  3.51655528533228e-04
5.00000000000000e-02  3.77686105123141e-04
7.50000000000000e-02  4.05586112986936e-04
1.00000000000000e-01  4.35510793779457e-04
1.25000000000000e-01  4.67621732648551e-04
1.50000000000000e-01  5.02088286893566e-04
1.75000000000000e-01  5.39089014623851e-04
2.00000000000000e-01  5.78813103417256e-04
2.25000000000000e-01  6.21461798978629e-04
2.50000000000000e-01  6.67249833798323e-04
2.75000000000000e-01  7.16406855810684e-04
3.00000000000000e-01  7.69178857052559e-04
3.25000000000000e-01  8.25829602321796e-04
3.50000000000000e-01  8.86642057835736e-04
3.75000000000000e-01  9.51919819889724e-04
4.00000000000000e-01  1.02198854351560e-03
4.25000000000000e-01  1.09719737114018e-03
4.50000000000000e-01  1.17792036124383e-03
4.75000000000000e-01  1.26455791701884e-03
5.00000000000000e-01  1.35753821502806e-03
5.25000000000000e-01  1.45731863386330e-03
5.50000000000000e-01  1.56438718280386e-03
5.75000000000000e-01  1.67926393047506e-03
6.00000000000000e-01  1.80250243350670e-03
6.25000000000000e-01  1.93465350082768e-03
6.50000000000000e-01  2.07658076408447e-03
6.75000000000000e-01  2.22876269042486e-03
7.00000000000000e-01  2.39196601124540e-03
7.25000000000000e-01  2.56699936099861e-03
7.50000000000000e-01  2.75471853845122e-03
7.75000000000000e-01  2.95603176794237e-03
8.00000000000000e-01  3.17190496064180e-03
8.25000000000000e-01  3.40336697580811e-03
8.50000000000000e-01  3.65151488204690e-03
8.75000000000000e-01  3.91751921856904e-03
9.00000000000000e-01  4.20262925644885e-03
9.25000000000000e-01  4.50817825988229e-03
9.50000000000000e-01  4.83558874744523e-03
9.75000000000000e-01  5.18637775335160e-03
1.00000000000000e+00  5.56216208871164e-03
1.02500000000000e+00  5.96466360279008e-03
1.05000000000000e+00  6.39571444426433e-03
1.07500000000000e+00  6.85726232248279e-03
1.10000000000000e+00  7.35137576872292e-03
1.12500000000000e+00  7.88024939744956e-03
1.15000000000000e+00  8.44620916757310e-03
1.17500000000000e+00  9.05171764370764e-03
1.20000000000000e+00  9.69937925742932e-03
1.22500000000000e+00  1.03919455685344e-02
1.25000000000000e+00  1.11314658532529e-02
1.27500000000000e+00  1.19224283242989e-02
1.30000000000000e+00  1.27678939134845e-02
1.32500000000000e+00  1.36711901633943e-02
1.35000000000000e+00  1.46358778802946e-02
1.37500000000000e+00  1.56657506148397e-02
1.40000000000000e+00  1.67648341427778e-02
1.42500000000000e+00  1.79373859456565e-02
1.45000000000000e+00  1.91878946915292e-02
1.47500000000000e+00  2.05210797156609e-02
1.50000000000000e+00  2.19418905012337e-02
1.52500000000000e+00  2.34555061600531e-02
1.55000000000000e+00  2.50673349132537e-02
1.57500000000000e+00  2.67830135720055e-02
1.60000000000000e+00  2.86084070182190e-02
1.62500000000000e+00  3.05496076852519e-02
1.65000000000000e+00  3.26129350386146e-02
1.67500000000000e+00  3.48049350566761e-02
1.70000000000000e+00  3.71323797113700e-02
1.72500000000000e+00  3.96022664489002e-02
1.75000000000000e+00  4.22218176704474e-02
1.77500000000000e+00  4.49984802128742e-02
1.80000000000000e+00  4.79399248294312e-02
1.82500000000000e+00  5.10540456704636e-02
1.85000000000000e+00  5.43489597641161e-02
1.87500000000000e+00  5.78335270069911e-02
1.90000000000000e+00  6.15126590982495e-02
1.92500000000000e+00  6.53979077782487e-02
1.95000000000000e+00  6.94971600263695e-02
1.97500000000000e+00  7.38184881429887e-02
2.00000000000000e+00  7.83700740901850e-02
2.02500000000000e+00  8.31601338324428e-02
2.05000000000000e+00  8.81968416773576e-02
2.07500000000000e+00  9.34882546163403e-02
2.10000000000000e+00  9.90422366653226e-02
2.12500000000000e+00  1.04866383205461e-01
2.15000000000000e+00  1.10967945323842e-01
2.17500000000000e+00  1.17353754154187e-01
2.20000000000000e+00  1.24030145217557e-01
2.22500000000000e+00  1.31002882763056e-01
2.25000000000000e+00  1.38277084108539e-01
2.27500000000000e+00  1.45857143981313e-01
2.30000000000000e+00  1.53746658858844e-01
2.32500000000000e+00  1.61948351309463e-01
2.35000000000000e+00  1.70463994333066e-01
2.37500000000000e+00  1.79294335701824e-01
2.40000000000000e+00  1.88439022300885e-01
2.42500000000000e+00  1.97896524469079e-01
2.45000000000000e+00  2.07664060339623e-01
2.47500000000000e+00  2.17737520180827e-01
2.50000000000000e+00  2.28100962096160e-01
2.52500000000000e+00  2.38771263078928e-01
2.55000000000000e+00  2.49720110881348e-01
2.57500000000000e+00  2.60939037955762e-01
2.60000000000000e+00  2.72417098907242e-01
2.62500000000000e+00  2.84140964026886e-01
2.65000000000000e+00  2.96095012825104e-01
2.67500000000000e+00  3.08261427564916e-01
2.70000000000000e+00  3.20620286795240e-01
2.72500000000000e+00  3.33149658884186e-01
2.75000000000000e+00  3.45825695552350e-01
2.77500000000000e+00  3.58622725406101e-01
2.80000000000000e+00  3.71513347470877e-01
2.82500000000000e+00  3.84468524724479e-01
2.85000000000000e+00  3.97457677630355e-01
2.87500000000000e+00  4.10448777670904e-01
2.90000000000000e+00  4.23408440880756e-01
2.92500000000000e+00  4.36302021380073e-01
2.95000000000000e+00  4.49093704907838e-01
2.97500000000000e+00  4.61746602355146e-01
3.00000000000000e+00  4.74222843298497e-01
3.02500000000000e+00  4.86483669533091e-01
3.05000000000000e+00  4.98489528606113e-01
3.07500000000000e+00  5.10200167350035e-01
3.10000000000000e+00  5.21574725415898e-01
3.12500000000000e+00  5.32571230137821e-01
3.15000000000000e+00  5.43170459023902e-01
3.17500000000000e+00  5.53315352235964e-01
3.20000000000000e+00  5.62971128699985e-01
3.22500000000000e+00  5.72103568550290e-01
3.25000000000000e+00  5.80679320847527e-01
3.27500000000000e+00  5.88666211296632e-01
3.30000000000000e+00  5.96033549964809e-01
3.32500000000000e+00  6.02752438999491e-01
3.35000000000000e+00  6.08796080346324e-01
3.37500000000000e+00  6.14140083467126e-01
3.40000000000000e+00  6.18762773057867e-01
3.42500000000000e+00  6.22645496766637e-01
3.45000000000000e+00  6.25772281051612e-01
3.47500000000000e+00  6.28130461162317e-01
3.50000000000000e+00  6.29710883540843e-01
3.52500000000000e+00  6.30507094761260e-01
3.55000000000000e+00  6.30516219157055e-01
3.57500000000000e+00  6.29738742407057e-01
3.60000000000000e+00  6.28178295121356e-01
3.62500000000000e+00  6.25841436427227e-01
3.65000000000000e+00  6.22737437555052e-01
3.67500000000000e+00  6.18878065424242e-01
3.70000000000000e+00  6.14277366229160e-01
3.72500000000000e+00  6.08951449025043e-01
3.75000000000000e+00  6.02931520818556e-01
3.77500000000000e+00  5.96220552215630e-01
3.80000000000000e+00  5.88861146680269e-01
3.82500000000000e+00  5.80877818485714e-01
3.85000000000000e+00  5.72297704548219e-01
3.87500000000000e+00  5.63150188822608e-01
3.90000000000000e+00  5.53466526697834e-01
3.92500000000000e+00  5.43279469392539e-01
3.95000000000000e+00  5.32622888350610e-01
3.97500000000000e+00  5.21531399636737e-01
4.00000000000000e+00  5.10039988331975e-01
4.02500000000000e+00  4.98183632929298e-01
4.05000000000000e+00  4.85996929729160e-01
4.07500000000000e+00  4.73514484869466e-01
4.10000000000000e+00  4.60770101858493e-01
4.12500000000000e+00  4.47796705339539e-01
4.15000000000000e+00  4.34626499590853e-01
4.17500000000000e+00  4.21290525632514e-01
4.20000000000000e+00  4.07818616528617e-01
4.22500000000000e+00  3.94239352689477e-01
4.25000000000000e+00  3.80580017173815e-01
4.27500000000000e+00  3.66866550990957e-01
4.30000000000000e+00  3.53123508403030e-01
4.32500000000000e+00  3.39374012227153e-01
4.35000000000000e+00  3.25639709137635e-01
4.37500000000000e+00  3.11935321090750e-01
4.40000000000000e+00  2.98282143412993e-01
4.42500000000000e+00  2.84692294856819e-01
4.45000000000000e+00  2.71179690548725e-01
4.47500000000000e+00  2.57756183133083e-01
4.50000000000000e+00  2.44431647008941e-01
4.52500000000000e+00  2.31214062566834e-01
4.55000000000000e+00  2.18109600425588e-01
4.57500000000000e+00  2.05122705669123e-01
4.60000000000000e+00  1.92256182083260e-01
4.62500000000000e+00  1.79511276392530e-01
4.65000000000000e+00  1.66887762496975e-01
4.67500000000000e+00  1.54384025708955e-01
4.70000000000000e+00  1.41997146989955e-01
4.72500000000000e+00  1.29722987187387e-01
4.75000000000000e+00  1.17556271271403e-01
4.77500000000000e+00  1.05490672571691e-01
4.80000000000000e+00  9.35188970142869e-02
4.82500000000000e+00  8.16327673583800e-02
4.85000000000000e+00  6.98233074331149e-02
4.87500000000000e+00  5.80808263744015e-02
4.90000000000000e+00  4.63950028617167e-02
4.92500000000000e+00  3.47549693549124e-02
4.95000000000000e+00  2.31493963310215e-02
4.97500000000000e+00  1.15665765210608e-02
5.00000000000000e+00  5.49085317263125e-06
5.02500000000000e+00  -1.15665765210492e-02
5.05000000000000e+00  -2.31493963310101e-02
5.07500000000000e+00  -3.47549693549010e-02
5.10000000000000e+00  -4.63950028617052e-02
5.12500000000000e+00  -5.80808263743897e-02
5.15000000000000e+00  -6.98233074331030e-02
5.17500000000000e+00  -8.16327673583680e-02
5.20000000000000e+00  -9.35188970142748e-02
5.22500000000000e+00  -1.05490672571679e-01
5.25000000000000e+00  -1.17556271271391e-01
5.27500000000000e+00  -1.29722987187375e-01
5.30000000000000e+00  -1.41997146989942e-01
5.32500000000000e+00  -1.54384025708942e-01
5.35000000000000e+00  -1.66887762496962e-01
5.37500000000000e+00  -1.79511276392517e-01
5.40000000000000e+00  -1.92256182083247e-01
5.42500000000000e+00  -2.05122705669109e-01
5.45000000000000e+00  -2.18109600425574e-01
5.47500000000000e+00  -2.31214062566820e-01
5.50000000000000e+00  -2.44431647008926e-01
5.52500000000000e+00  -2.57756183133068e-01
5.55000000000000e+00  -2.71179690548710e-01
5.57500000000000e+00  -2.84692294856803e-01
5.60000000000000e+00  -2.98282143412977e-01
5.62500000000000e+00  -3.11940724968152e-01
5.65000000000000e+00  -3.25639709137619e-01
5.67500000000000e+00  -3.39374012227137e-01
5.70000000000000e+00  -3.53123508403013e-01
5.72500000000000e+00  -3.66866550990941e-01
5.75000000000000e+00  -3.80580017173798e-01
5.77500000000000e+00  -3.94239352689459e-01
5.80000000000000e+00  -4.07818616528600e-01
5.82500000000000e+00  -4.21290525632495e-01
5.85000000000000e+00  -4.34626499590835e-01
5.87500000000000e+00  -4.47796705339520e-01
5.90000000000000e+00  -4.60770101858475e-01
5.92500000000000e+00  -4.73514484869447e-01
5.95000000000000e+00  -4.85996929729141e-01
5.97500000000000e+00  -4.98183632929278e-01
6.00000000000000e+00  -5.10039988331955e-01
6.02500000000000e+00  -5.21531399636717e-01
6.05000000000000e+00  -5.32622888350589e-01
6.07500000000000e+00  -5.43279469392518e-01
6.10000000000000e+00  -5.53466526697813e-01
6.12500000000000e+00  -5.63150188822586e-01
6.15000000000000e+00  -5.72297704548198e-01
6.17500000000000e+00  -5.80877818485693e-01
6.20000000000000e+00  -5.88861146680248e-01
6.22500000000000e+00  -5.96220552215609e-01
6.25000000000000e+00  -6.02918269313900e-01
6.27500000000000e+00  -6.08951449025021e-01
6.30000000000000e+00  -6.14277366229138e-01
6.32500000000000e+00  -6.18878065424220e-01
6.35000000000000e+00  -6.22737437555030e-01
6.37500000000000e+00  -6.25841436427205e-01
6.40000000000000e+00  -6.28178295121334e-01
6.42500000000000e+00  -6.29738742407035e-01
6.45000000000000e+00  -6.30516219157033e-01
6.47500000000000e+00  -6.30507094761238e-01
6.50000000000000e+00  -6.29710883540821e-01
6.52500000000000e+00  -6.28130461162295e-01
6.55000000000000e+00  -6.25772281051590e-01
6.57500000000000e+00  -6.22645496766615e-01
6.60000000000000e+00  -6.18762773057845e-01
6.62500000000000e+00  -6.14140083467105e-01
6.65000000000000e+00  -6.08796080346303e-01
6.67500000000000e+00  -6.02752438999471e-01
6.70000000000000e+00  -5.96033549964788e-01
6.72500000000000e+00  -5.88666211296612e-01
6.75000000000000e+00  -5.80679320847507e-01
6.77500000000000e+00  -5.72103568550271e-01
6.80000000000000e+00  -5.62971128699966e-01
6.82500000000000e+00  -5.53315352235945e-01
6.85000000000000e+00  -5.43170459023884e-01
6.87500000000000e+00  -5.32571828806593e-01
6.90000000000000e+00  -5.21574725415880e-01
6.92500000000000e+00  -5.10200167350017e-01
6.95000000000000e+00  -4.98489528606096e-01
6.97500000000000e+00  -4.86483669533074e-01
7.00000000000000e+00  -4.74222843298481e-01
7.02500000000000e+00  -4.61746602355130e-01
7.05000000000000e+00  -4.49093704907823e-01
7.07500000000000e+00  -4.36302021380058e-01
7.10000000000000e+00  -4.23408440880741e-01
7.12500000000000e+00  -4.10448777670890e-01
7.15000000000000e+00  -3.97457677630342e-01
7.17500000000000e+00  -3.84468524724465e-01
7.20000000000000e+00  -3.71513347470865e-01
7.22500000000000e+00  -3.58622725406088e-01
7.25000000000000e+00  -3.45825695552338e-01
7.27500000000000e+00  -3.33149658884175e-01
7.30000000000000e+00  -3.20620286795229e-01
7.32500000000000e+00  -3.08261427564906e-01
7.35000000000000e+00  -2.96095012825094e-01
7.37500000000000e+00  -2.84140964026877e-01
7.40000000000000e+00  -2.72417098907233e-01
7.42500000000000e+00  -2.60939037955753e-01
7.45000000000000e+00  -2.49720110881340e-01
7.47500000000000e+00  -2.38771263078920e-01
7.50000000000000e+00  -2.28111390736789e-01
7.52500000000000e+00  -2.17737520180820e-01
7.55000000000000e+00  -2.07664060339616e-01
7.57500000000000e+00  -1.97896524469072e-01
7.60000000000000e+00  -1.88439022300878e-01
7.62500000000000e+00  -1.79294335701818e-01
7.65000000000000e+00  -1.70463994333060e-01
7.67500000000000e+00  -1.61948351309457e-01
7.70000000000000e+00  -1.53746658858839e-01
7.72500000000000e+00  -1.45857143981308e-01
7.75000000000000e+00  -1.38277084108534e-01
7.77500000000000e+00  -1.31002882763051e-01
7.80000000000000e+00  -1.24030145217552e-01
7.82500000000000e+00  -1.17353754154183e-01
7.85000000000000e+00  -1.10967945323838e-01
7.87500000000000e+00  -1.04866383205457e-01
7.90000000000000e+00  -9.90422366653194e-02
7.92500000000000e+00  -9.34882546163372e-02
7.95000000000000e+00  -8.81968416773547e-02
7.97500000000000e+00  -8.31601338324400e-02
8.00000000000000e+00  -7.83700740901825e-02
8.02500000000000e+00  -7.38184881429862e-02
8.05000000000000e+00  -6.94971600263670e-02
8.07500000000000e+00  -6.53979077782465e-02
8.10000000000000e+00  -6.15126590982475e-02
8.12500000000000e+00  -5.78330064970376e-02
8.15000000000000e+00  -5.43489597641144e-02
8.17500000000000e+00  -5.10540456704619e-02
8.20000000000000e+00  -4.79399248294295e-02
8.22500000000000e+00  -4.49984802128727e-02
8.25000000000000e+00  -4.22218176704460e-02
8.27500000000000e+00  -3.96022664488989e-02
8.30000000000000e+00  -3.71323797113687e-02
8.32500000000000e+00  -3.48049350566749e-02
8.35000000000000e+00  -3.26129350386137e-02
8.37500000000000e+00  -3.05496076852510e-02
8.40000000000000e+00  -2.86084070182181e-02
8.42500000000000e+00  -2.67830135720046e-02
8.45000000000000e+00  -2.50673349132529e-02
8.47500000000000e+00  -2.34555061600523e-02
8.50000000000000e+00  -2.19418905012329e-02
8.52500000000000e+00  -2.05210797156603e-02
8.55000000000000e+00  -1.91878946915286e-02
8.57500000000000e+00  -1.79373859456559e-02
8.60000000000000e+00  -1.67648341427773e-02
8.62500000000000e+00  -1.56657506148393e-02
8.65000000000000e+00  -1.46358778802942e-02
8.67500000000000e+00  -1.36711901633939e-02
8.70000000000000e+00  -1.27678939134842e-02
8.72500000000000e+00  -1.19224283242985e-02
8.75000000000000e+00  -1.11323205262972e-02
8.77500000000000e+00  -1.03919455685341e-02
8.80000000000000e+00  -9.69937925742902e-03
8.82500000000000e+00  -9.05171764370736e-03
8.85000000000000e+00  -8.44620916757287e-03
8.87500000000000e+00  -7.88024939744935e-03
8.90000000000000e+00  -7.35137576872271e-03
8.92500000000000e+00  -6.85726232248260e-03
8.95000000000000e+00  -6.39571444426415e-03
8.97500000000000e+00  -5.96466360278993e-03
9.00000000000000e+00  -5.56216208871150e-03
9.02500000000000e+00  -5.18637775335146e-03
9.05000000000000e+00  -4.83558874744508e-03
9.07500000000000e+00  -4.50817825988214e-03
9.10000000000000e+00  -4.20262925644872e-03
9.12500000000000e+00  -3.91751921856892e-03
9.15000000000000e+00  -3.65151488204679e-03
9.17500000000000e+00  -3.40336697580799e-03
9.20000000000000e+00  -3.17190496064169e-03
9.22500000000000e+00  -2.95603176794227e-03
9.25000000000000e+00  -2.75471853845112e-03
9.27500000000000e+00  -2.56699936099850e-03
9.30000000000000e+00  -2.39196601124529e-03
9.32500000000000e+00  -2.22876269042476e-03
9.35000000000000e+00  -2.07658076408437e-03
9.37500000000000e+00  -1.93469116519147e-03
9.40000000000000e+00  -1.80250243350661e-03
9.42500000000000e+00  -1.67926393047497e-03
9.45000000000000e+00  -1.56438718280378e-03
9.47500000000000e+00  -1.45731863386322e-03
9.50000000000000e+00  -1.35753821502799e-03
9.52500000000000e+00  -1.26455791701878e-03
9.55000000000000e+00  -1.17792036124377e-03
9.57500000000000e+00  -1.09719737114013e-03
9.60000000000000e+00  -1.02198854351555e-03
9.62500000000000e+00  -9.51919819889695e-04
9.65000000000000e+00  -8.86642057835719e-04
9.67500000000000e+00  -8.25829602321792e-04
9.70000000000000e+00  -7.69178857052572e-04
9.72500000000000e+00  -7.16406855810717e-04
9.75000000000000e+00  -6.67249833798379e-04
9.77500000000000e+00  -6.21461798978711e-04
9.80000000000000e+00  -5.78813103417362e-04
9.82500000000000e+00  -5.39089014623986e-04
9.85000000000000e+00  -5.02088286893733e-04
9.87500000000000e+00  -4.67621732648757e-04
9.90000000000000e+00  -4.35510793779702e-04
9.92500000000000e+00  -4.05586112987224e-04
9.95000000000000e+00  -3.77686105123477e-04
9.97500000000000e+00  -3.51655528533615e-04
1.00000000000000e+01  -3.27344056397307e-04
