0.00000000000000e+00  -1.65646921009624e+00
5.00000000000000e-02  -1.65646905739501e+00
1.00000000000000e-01  -1.65646892197139e+00
1.50000000000000e-01  -1.65646879684125e+00
2.00000000000000e-01  -1.65646867580549e+00
2.50000000000000e-01  -1.65646855338121e+00
3.00000000000000e-01  -1.65646842473276e+00
3.50000000000000e-01  -1.65646828560285e+00
4.00000000000000e-01  -1.65646813224363e+00
4.50000000000000e-01  -1.65646796134781e+00
5.00000000000000e-01  -1.65646776997970e+00
5.50000000000000e-01  -1.65646755550636e+00
6.00000000000000e-01  -1.65646731552865e+00
6.50000000000000e-01  -1.65646704781234e+00
7.00000000000000e-01  -1.65646675021921e+00
7.50000000000000e-01  -1.65646642063811e+00
8.00000000000000e-01  -1.65646605691610e+00
8.50000000000000e-01  -1.65646565678951e+00
9.00000000000000e-01  -1.65646521781502e+00
9.50000000000000e-01  -1.65646473730079e+00
1.00000000000000e+00  -1.65646421223752e+00
1.05000000000000e+00  -1.65646363922958e+00
1.10000000000000e+00  -1.65646301442603e+00
1.15000000000000e+00  -1.65646233345181e+00
1.20000000000000e+00  -1.65646159133876e+00
1.25000000000000e+00  -1.65646078245672e+00
1.30000000000000e+00  -1.65645990044465e+00
1.35000000000000e+00  -1.65645893814171e+00
1.40000000000000e+00  -1.65645788751835e+00
1.45000000000000e+00  -1.65645673960739e+00
1.50000000000000e+00  -1.65645548443514e+00
1.55000000000000e+00  -1.65645411095246e+00
1.60000000000000e+00  -1.65645260696589e+00
1.65000000000000e+00  -1.65645095906870e+00
1.70000000000000e+00  -1.65644915257201e+00
1.75000000000000e+00  -1.65644717143588e+00
1.80000000000000e+00  -1.65644499820040e+00
1.85000000000000e+00  -1.65644261391675e+00
1.90000000000000e+00  -1.65643999807837e+00
1.95000000000000e+00  -1.65643712855197e+00
2.00000000000000e+00  -1.65643398150866e+00
2.05000000000000e+00  -1.65643053135505e+00
2.10000000000000e+00  -1.65642675066431e+00
2.15000000000000e+00  -1.65642261010730e+00
2.20000000000000e+00  -1.65641807838365e+00
2.25000000000000e+00  -1.65641312215281e+00
2.30000000000000e+00  -1.65640770596523e+00
2.35000000000000e+00  -1.65640179219336e+00
2.40000000000000e+00  -1.65639534096281e+00
2.45000000000000e+00  -1.65638831008338e+00
2.50000000000000e+00  -1.65638056966435e+00
2.55000000000000e+00  -1.65637198360466e+00
2.60000000000000e+00  -1.65636263196206e+00
2.65000000000000e+00  -1.65635241961148e+00
2.70000000000000e+00  -1.65634124987803e+00
2.75000000000000e+00  -1.65632902285606e+00
2.80000000000000e+00  -1.65631563372815e+00
2.85000000000000e+00  -1.65630097108421e+00
2.90000000000000e+00  -1.65628491524050e+00
2.95000000000000e+00  -1.65626733655863e+00
3.00000000000000e+00  -1.65624809376466e+00
3.05000000000000e+00  -1.65622703226811e+00
3.10000000000000e+00  -1.65620398248100e+00
3.15000000000000e+00  -1.65617875813688e+00
3.20000000000000e+00  -1.65615115460990e+00
3.25000000000000e+00  -1.65612094723383e+00
3.30000000000000e+00  -1.65608788962108e+00
3.35000000000000e+00  -1.65605171198180e+00
3.40000000000000e+00  -1.65601211944284e+00
3.45000000000000e+00  -1.65596879036687e+00
3.50000000000000e+00  -1.65592137467134e+00
3.55000000000000e+00  -1.65586949214761e+00
3.60000000000000e+00  -1.65581273077989e+00
3.65000000000000e+00  -1.65575064506437e+00
3.70000000000000e+00  -1.65568275432820e+00
3.75000000000000e+00  -1.65560879978113e+00
3.80000000000000e+00  -1.65552721058302e+00
3.85000000000000e+00  -1.65543826144030e+00
3.90000000000000e+00  -1.65534112774645e+00
3.95000000000000e+00  -1.65523495818463e+00
4.00000000000000e+00  -1.65511886197650e+00
4.05000000000000e+00  -1.65499189613108e+00
4.10000000000000e+00  -1.65485305269364e+00
4.15000000000000e+00  -1.65470124599447e+00
4.20000000000000e+00  -1.65453529989779e+00
4.25000000000000e+00  -1.65435393505061e+00
4.30000000000000e+00  -1.65415575613152e+00
4.35000000000000e+00  -1.65393923909959e+00
4.40000000000000e+00  -1.65370271844319e+00
4.45000000000000e+00  -1.65344437442888e+00
4.50000000000000e+00  -1.65316222035020e+00
4.55000000000000e+00  -1.65285408977659e+00
4.60000000000000e+00  -1.65251762380216e+00
4.65000000000000e+00  -1.65215025829462e+00
4.70000000000000e+00  -1.65174921114407e+00
4.75000000000000e+00  -1.65131146951187e+00
4.80000000000000e+00  -1.65083377707952e+00
4.85000000000000e+00  -1.65031262129744e+00
4.90000000000000e+00  -1.64974422063389e+00
4.95000000000000e+00  -1.64912451182378e+00
5.00000000000000e+00  -1.64844768360256e+00
5.05000000000000e+00  -1.64771177719527e+00
5.10000000000000e+00  -1.64690939285406e+00
5.15000000000000e+00  -1.64603502105663e+00
5.20000000000000e+00  -1.64508265418346e+00
5.25000000000000e+00  -1.64404575799063e+00
5.30000000000000e+00  -1.64291724308265e+00
5.35000000000000e+00  -1.64168943638533e+00
5.40000000000000e+00  -1.64035405261856e+00
5.45000000000000e+00  -1.63890216576918e+00
5.50000000000000e+00  -1.63732418056378e+00
5.55000000000000e+00  -1.63560980394158e+00
5.60000000000000e+00  -1.63374801652722e+00
5.65000000000000e+00  -1.63172704410361e+00
5.70000000000000e+00  -1.62953432908475e+00
5.75000000000000e+00  -1.62715650198859e+00
5.80000000000000e+00  -1.62457935290985e+00
5.85000000000000e+00  -1.62178780299282e+00
5.90000000000000e+00  -1.61876587590426e+00
5.95000000000000e+00  -1.61549666930616e+00
6.00000000000000e+00  -1.61196232632862e+00
6.05000000000000e+00  -1.60814400704267e+00
6.10000000000000e+00  -1.60402185993311e+00
6.15000000000000e+00  -1.59957499337133e+00
6.20000000000000e+00  -1.59478144708814e+00
6.25000000000000e+00  -1.58962065980096e+00
6.30000000000000e+00  -1.58406814343153e+00
6.35000000000000e+00  -1.57810009808768e+00
6.40000000000000e+00  -1.57169269130575e+00
6.45000000000000e+00  -1.56482137943434e+00
6.50000000000000e+00  -1.55746126572335e+00
6.55000000000000e+00  -1.54958745841317e+00
6.60000000000000e+00  -1.54117542882374e+00
6.65000000000000e+00  -1.53220136944367e+00
6.70000000000000e+00  -1.52264255201936e+00
6.75000000000000e+00  -1.51247768564409e+00
6.80000000000000e+00  -1.50168727484717e+00
6.85000000000000e+00  -1.49025397768299e+00
6.90000000000000e+00  -1.47816416507455e+00
6.95000000000000e+00  -1.46540771088898e+00
7.00000000000000e+00  -1.45197886834244e+00
7.05000000000000e+00  -1.43787790404689e+00
7.10000000000000e+00  -1.42311118408467e+00
7.15000000000000e+00  -1.40769241615417e+00
7.20000000000000e+00  -1.39164389171559e+00
7.25000000000000e+00  -1.37499772813664e+00
7.30000000000000e+00  -1.35779711083825e+00
7.35000000000000e+00  -1.34009753544032e+00
7.40000000000000e+00  -1.32196804990741e+00
7.45000000000000e+00  -1.30349249669450e+00
7.50000000000000e+00  -1.28477561325424e+00
7.55000000000000e+00  -1.26592138017594e+00
7.60000000000000e+00  -1.24708182844544e+00
7.65000000000000e+00  -1.22840732671233e+00
7.70000000000000e+00  -1.21007285623238e+00
7.75000000000000e+00  -1.19227667074304e+00
7.80000000000000e+00  -1.17523895633895e+00
7.85000000000000e+00  -1.15920049134744e+00
7.90000000000000e+00  -1.14442130620414e+00
7.95000000000000e+00  -1.13117934332840e+00
8.00000000000000e+00  -1.11976911699888e+00
8.05000000000000e+00  -1.11050037322906e+00
8.10000000000000e+00  -1.10369674964274e+00
8.15000000000000e+00  -1.09968052869187e+00
8.20000000000000e+00  -1.09877701401440e+00
8.25000000000000e+00  -1.10130363247309e+00
8.30000000000000e+00  -1.10756336152351e+00
8.35000000000000e+00  -1.11783615969468e+00
8.40000000000000e+00  -1.13236840734321e+00
8.45000000000000e+00  -1.15136234740741e+00
8.50000000000000e+00  -1.17496552616142e+00
8.55000000000000e+00  -1.20326023396933e+00
8.60000000000000e+00  -1.23625294603930e+00
8.65000000000000e+00  -1.27386376317769e+00
8.70000000000000e+00  -1.31591585254319e+00
8.75000000000000e+00  -1.36212535602866e+00
8.80000000000000e+00  -1.41210943964659e+00
8.85000000000000e+00  -1.46536692255196e+00
8.90000000000000e+00  -1.52129155071329e+00
8.95000000000000e+00  -1.57917294981362e+00
9.00000000000000e+00  -1.63821025344123e+00
9.05000000000000e+00  -1.69752573128033e+00
9.10000000000000e+00  -1.75618559521925e+00
9.15000000000000e+00  -1.81322649090345e+00
9.20000000000000e+00  -1.86768473863356e+00
9.25000000000000e+00  -1.91862993412281e+00
9.30000000000000e+00  -1.96520104414759e+00
9.35000000000000e+00  -2.00664277431485e+00
9.40000000000000e+00  -2.04234138238153e+00
9.45000000000000e+00  -2.07185950846430e+00
9.50000000000000e+00  -2.09495998970178e+00
9.55000000000000e+00  -2.11163458445784e+00
9.60000000000000e+00  -2.12211393530408e+00
9.65000000000000e+00  -2.12687276494655e+00
9.70000000000000e+00  -2.12663271168158e+00
9.75000000000000e+00  -2.12234656534953e+00
9.80000000000000e+00  -2.11519146202159e+00
9.85000000000000e+00  -2.10655147983309e+00
9.90000000000000e+00  -2.09800768550404e+00
9.95000000000000e+00  -2.09135730800841e+00
1.00000000000000e+01  -2.08863291224336e+00
1.00500000000000e+01  -2.09135730800845e+00
1.01000000000000e+01  -2.09800768550413e+00
1.01500000000000e+01  -2.10655147983321e+00
1.02000000000000e+01  -2.11519146202176e+00
1.02500000000000e+01  -2.12234656534974e+00
1.03000000000000e+01  -2.12663271168183e+00
1.03500000000000e+01  -2.12687276494684e+00
1.04000000000000e+01  -2.12211393530440e+00
1.04500000000000e+01  -2.11163458445819e+00
1.05000000000000e+01  -2.09495998970215e+00
1.05500000000000e+01  -2.07185950846469e+00
1.06000000000000e+01  -2.04234138238193e+00
1.06500000000000e+01  -2.00664277431526e+00
1.07000000000000e+01  -1.96520104414799e+00
1.07500000000000e+01  -1.91862993412320e+00
1.08000000000000e+01  -1.86768473863392e+00
1.08500000000000e+01  -1.81322649090379e+00
1.09000000000000e+01  -1.75618559521956e+00
1.09500000000000e+01  -1.69752573128060e+00
1.10000000000000e+01  -1.63821025344146e+00
1.10500000000000e+01  -1.57917294981379e+00
1.11000000000000e+01  -1.52129155071341e+00
1.11500000000000e+01  -1.46536692255203e+00
1.12000000000000e+01  -1.41210943964660e+00
1.12500000000000e+01  -1.36212488840087e+00
1.13000000000000e+01  -1.31591585254310e+00
1.13500000000000e+01  -1.27386376317755e+00
1.14000000000000e+01  -1.23625294603911e+00
1.14500000000000e+01  -1.20326023396908e+00
1.15000000000000e+01  -1.17496552616113e+00
1.15500000000000e+01  -1.15136234740708e+00
1.16000000000000e+01  -1.13236840734284e+00
1.16500000000000e+01  -1.11783615969428e+00
1.17000000000000e+01  -1.10756336152308e+00
1.17500000000000e+01  -1.10130363247264e+00
1.18000000000000e+01  -1.09877701401392e+00
1.18500000000000e+01  -1.09968052869137e+00
1.19000000000000e+01  -1.10369674964223e+00
1.19500000000000e+01  -1.11050037322854e+00
1.20000000000000e+01  -1.11976911699836e+00
1.20500000000000e+01  -1.13117934332787e+00
1.21000000000000e+01  -1.14442130620361e+00
1.21500000000000e+01  -1.15920049134692e+00
1.22000000000000e+01  -1.17523895633842e+00
1.22500000000000e+01  -1.19227667074253e+00
1.23000000000000e+01  -1.21007285623187e+00
1.23500000000000e+01  -1.22840732671183e+00
1.24000000000000e+01  -1.24708182844495e+00
1.24500000000000e+01  -1.26592138017547e+00
1.25000000000000e+01  -1.28477075489219e+00
1.25500000000000e+01  -1.30349249669405e+00
1.26000000000000e+01  -1.32196804990698e+00
1.26500000000000e+01  -1.34009753543990e+00
1.27000000000000e+01  -1.35779711083785e+00
1.27500000000000e+01  -1.37499772813625e+00
1.28000000000000e+01  -1.39164389171522e+00
1.28500000000000e+01  -1.40769241615382e+00
1.29000000000000e+01  -1.42311118408433e+00
1.29500000000000e+01  -1.43787790404657e+00
1.30000000000000e+01  -1.45197886834213e+00
1.30500000000000e+01  -1.46540771088869e+00
1.31000000000000e+01  -1.47816416507427e+00
1.31500000000000e+01  -1.49025397768273e+00
1.32000000000000e+01  -1.50168727484692e+00
1.32500000000000e+01  -1.51247768564386e+00
1.33000000000000e+01  -1.52264255201914e+00
1.33500000000000e+01  -1.53220136944347e+00
1.34000000000000e+01  -1.54117542882355e+00
1.34500000000000e+01  -1.54958745841299e+00
1.35000000000000e+01  -1.55746126572317e+00
1.35500000000000e+01  -1.56482137943417e+00
1.36000000000000e+01  -1.57169269130560e+00
1.36500000000000e+01  -1.57810009808754e+00
1.37000000000000e+01  -1.58406814343140e+00
1.37500000000000e+01  -1.58961816364648e+00
1.38000000000000e+01  -1.59478144708802e+00
1.38500000000000e+01  -1.59957499337122e+00
1.39000000000000e+01  -1.60402185993301e+00
1.39500000000000e+01  -1.60814400704257e+00
1.40000000000000e+01  -1.61196232632852e+00
1.40500000000000e+01  -1.61549666930607e+00
1.41000000000000e+01  -1.61876587590418e+00
1.41500000000000e+01  -1.62178780299275e+00
1.42000000000000e+01  -1.62457935290978e+00
1.42500000000000e+01  -1.62715650198853e+00
1.43000000000000e+01  -1.62953432908469e+00
1.43500000000000e+01  -1.63172704410355e+00
1.44000000000000e+01  -1.63374801652717e+00
1.44500000000000e+01  -1.63560980394153e+00
1.45000000000000e+01  -1.63732418056374e+00
1.45500000000000e+01  -1.63890216576914e+00
1.46000000000000e+01  -1.64035405261852e+00
1.46500000000000e+01  -1.64168943638530e+00
1.47000000000000e+01  -1.64291724308262e+00
1.47500000000000e+01  -1.64404575799059e+00
1.48000000000000e+01  -1.64508265418343e+00
1.48500000000000e+01  -1.64603502105661e+00
1.49000000000000e+01  -1.64690939285404e+00
1.49500000000000e+01  -1.64771177719525e+00
1.50000000000000e+01  -1.64844913711752e+00
1.50500000000000e+01  -1.64912451182376e+00
1.51000000000000e+01  -1.64974422063387e+00
1.51500000000000e+01  -1.65031262129742e+00
1.52000000000000e+01  -1.65083377707950e+00
1.52500000000000e+01  -1.65131146951186e+00
1.53000000000000e+01  -1.65174921114405e+00
1.53500000000000e+01  -1.65215025829461e+00
1.54000000000000e+01  -1.65251762380215e+00
1.54500000000000e+01  -1.65285408977658e+00
1.55000000000000e+01  -1.65316222035019e+00
1.55500000000000e+01  -1.65344437442887e+00
1.56000000000000e+01  -1.65370271844318e+00
1.56500000000000e+01  -1.65393923909958e+00
1.57000000000000e+01  -1.65415575613151e+00
1.57500000000000e+01  -1.65435393505060e+00
1.58000000000000e+01  -1.65453529989779e+00
1.58500000000000e+01  -1.65470124599446e+00
1.59000000000000e+01  -1.65485305269363e+00
1.59500000000000e+01  -1.65499189613108e+00
1.60000000000000e+01  -1.65511886197649e+00
1.60500000000000e+01  -1.65523495818462e+00
1.61000000000000e+01  -1.65534112774644e+00
1.61500000000000e+01  -1.65543826144029e+00
1.62000000000000e+01  -1.65552721058302e+00
1.62500000000000e+01  -1.65560854104855e+00
1.63000000000000e+01  -1.65568275432820e+00
1.63500000000000e+01  -1.65575064506437e+00
1.64000000000000e+01  -1.65581273077989e+00
1.64500000000000e+01  -1.65586949214761e+00
1.65000000000000e+01  -1.65592137467134e+00
1.65500000000000e+01  -1.65596879036687e+00
1.66000000000000e+01  -1.65601211944284e+00
1.66500000000000e+01  -1.65605171198180e+00
1.67000000000000e+01  -1.65608788962108e+00
1.67500000000000e+01  -1.65612094723383e+00
1.68000000000000e+01  -1.65615115460990e+00
1.68500000000000e+01  -1.65617875813688e+00
1.69000000000000e+01  -1.65620398248100e+00
1.69500000000000e+01  -1.65622703226811e+00
1.70000000000000e+01  -1.65624809376466e+00
1.70500000000000e+01  -1.65626733655863e+00
1.71000000000000e+01  -1.65628491524050e+00
1.71500000000000e+01  -1.65630097108421e+00
1.72000000000000e+01  -1.65631563372815e+00
1.72500000000000e+01  -1.65632902285606e+00
1.73000000000000e+01  -1.65634124987803e+00
1.73500000000000e+01  -1.65635241961148e+00
1.74000000000000e+01  -1.65636263196206e+00
1.74500000000000e+01  -1.65637198360466e+00
1.75000000000000e+01  -1.65638065498024e+00
1.75500000000000e+01  -1.65638831008338e+00
1.76000000000000e+01  -1.65639534096281e+00
1.76500000000000e+01  -1.65640179219336e+00
1.77000000000000e+01  -1.65640770596523e+00
1.77500000000000e+01  -1.65641312215281e+00
1.78000000000000e+01  -1.65641807838365e+00
1.78500000000000e+01  -1.65642261010730e+00
1.79000000000000e+01  -1.65642675066431e+00
1.79500000000000e+01  -1.65643053135505e+00
1.80000000000000e+01  -1.65643398150866e+00
1.80500000000000e+01  -1.65643712855197e+00
1.81000000000000e+01  -1.65643999807837e+00
1.81500000000000e+01  -1.65644261391675e+00
1.82000000000000e+01  -1.65644499820039e+00
1.82500000000000e+01  -1.65644717143588e+00
1.83000000000000e+01  -1.65644915257201e+00
1.83500000000000e+01  -1.65645095906870e+00
1.84000000000000e+01  -1.65645260696589e+00
1.84500000000000e+01  -1.65645411095246e+00
1.85000000000000e+01  -1.65645548443514e+00
1.85500000000000e+01  -1.65645673960739e+00
1.86000000000000e+01  -1.65645788751835e+00
1.86500000000000e+01  -1.65645893814171e+00
1.87000000000000e+01  -1.65645990044465e+00
1.87500000000000e+01  -1.65646078245672e+00
1.88000000000000e+01  -1.65646159133876e+00
1.88500000000000e+01  -1.65646233345181e+00
1.89000000000000e+01  -1.65646301442603e+00
1.89500000000000e+01  -1.65646363922957e+00
1.90000000000000e+01  -1.65646421223752e+00
1.90500000000000e+01  -1.65646473730079e+00
1.91000000000000e+01  -1.65646521781502e+00
1.91500000000000e+01  -1.65646565678951e+00
1.92000000000000e+01  -1.65646605691610e+00
1.92500000000000e+01  -1.65646642063811e+00
1.93000000000000e+01  -1.65646675021921e+00
1.93500000000000e+01  -1.65646704781234e+00
1.94000000000000e+01  -1.65646731552865e+00
1.94500000000000e+01  -1.65646755550636e+00
1.95000000000000e+01  -1.65646776997970e+00
1.95500000000000e+01  -1.65646796134781e+00
1.96000000000000e+01  -1.65646813224363e+00
1.96500000000000e+01  -1.65646828560285e+00
1.97000000000000e+01  -1.65646842473276e+00
1.97500000000000e+01  -1.65646855338121e+00
1.98000000000000e+01  -1.65646867580549e+00
1.98500000000000e+01  -1.65646879684125e+00
1.99000000000000e+01  -1.65646892197139e+00
1.99500000000000e+01  -1.65646905739501e+00
2.00000000000000e+01  -1.65646921009624e+00
