0.00000000000000e+00  -1.11892450436097e+00
2.50000000000000e-02  -1.11774309624636e+00
5.00000000000000e-02  -1.11651648696314e+00
7.50000000000000e-02  -1.11524298898004e+00
1.00000000000000e-01  -1.11392085020918e+00
1.25000000000000e-01  -1.11254825326332e+00
1.50000000000000e-01  -1.11112331471322e+00
1.75000000000000e-01  -1.10964408434486e+00
2.00000000000000e-01  -1.10810854441681e+00
2.25000000000000e-01  -1.10651460891748e+00
2.50000000000000e-01  -1.10486012282245e+00
2.75000000000000e-01  -1.10314286135173e+00
3.00000000000000e-01  -1.10136052922712e+00
3.25000000000000e-01  -1.09951075992944e+00
3.50000000000000e-01  -1.09759111495586e+00
3.75000000000000e-01  -1.09559908307721e+00
4.00000000000000e-01  -1.09353207959525e+00
4.25000000000000e-01  -1.09138744559999e+00
4.50000000000000e-01  -1.08916244722698e+00
4.75000000000000e-01  -1.08685427491460e+00
5.00000000000000e-01  -1.08446004266138e+00
5.25000000000000e-01  -1.08197678728326e+00
5.50000000000000e-01  -1.07940146767095e+00
5.75000000000000e-01  -1.07673096404715e+00
6.00000000000000e-01  -1.07396207722392e+00
6.25000000000000e-01  -1.07109100924902e+00
6.50000000000000e-01  -1.06811626646216e+00
6.75000000000000e-01  -1.06503276881043e+00
7.00000000000000e-01  -1.06183730009370e+00
7.25000000000000e-01  -1.05852652094210e+00
7.50000000000000e-01  -1.05509698701352e+00
7.75000000000000e-01  -1.05154516719108e+00
8.00000000000000e-01  -1.04786746178070e+00
8.25000000000000e-01  -1.04406022070858e+00
8.50000000000000e-01  -1.04011976171876e+00
8.75000000000000e-01  -1.03604238857056e+00
9.00000000000000e-01  -1.03182440923617e+00
9.25000000000000e-01  -1.02746215409814e+00
9.50000000000000e-01  -1.02295199414689e+00
9.75000000000000e-01  -1.01829035917822e+00
1.00000000000000e+00  -1.01347375599084e+00
1.02500000000000e+00  -1.00849878658388e+00
1.05000000000000e+00  -1.00336216635442e+00
1.07500000000000e+00  -9.98060742294968e-01
1.10000000000000e+00  -9.92591511191026e-01
1.12500000000000e+00  -9.86951637818564e-01
1.15000000000000e+00  -9.81138473141559e-01
1.17500000000000e+00  -9.75149572509501e-01
1.20000000000000e+00  -9.68982713854914e-01
1.22500000000000e+00  -9.62635915890870e-01
1.25000000000000e+00  -9.56111176410078e-01
1.27500000000000e+00  -9.49402131079786e-01
1.30000000000000e+00  -9.42510329338884e-01
1.32500000000000e+00  -9.35435786837900e-01
1.35000000000000e+00  -9.28179006221926e-01
1.37500000000000e+00  -9.20741047480120e-01
1.40000000000000e+00  -9.13123598295221e-01
1.42500000000000e+00  -9.05329044393042e-01
1.45000000000000e+00  -8.97360539891980e-01
1.47500000000000e+00  -8.89222077652520e-01
1.50000000000000e+00  -8.80918559626743e-01
1.52500000000000e+00  -8.72455867207823e-01
1.55000000000000e+00  -8.63840931579537e-01
1.57500000000000e+00  -8.55081804065768e-01
1.60000000000000e+00  -8.46187726480010e-01
1.62500000000000e+00  -8.37169201474874e-01
1.65000000000000e+00  -8.28038062891588e-01
1.67500000000000e+00  -8.18807546109507e-01
1.70000000000000e+00  -8.09492358395613e-01
1.72500000000000e+00  -8.00108749254024e-01
1.75000000000000e+00  -7.90674580775494e-01
1.77500000000000e+00  -7.81209397986922e-01
1.80000000000000e+00  -7.71734499200852e-01
1.82500000000000e+00  -7.62273006364980e-01
1.85000000000000e+00  -7.52849935411662e-01
1.87500000000000e+00  -7.43492347941961e-01
1.90000000000000e+00  -7.34228063707741e-01
1.92500000000000e+00  -7.25088717140746e-01
1.95000000000000e+00  -7.16106690588202e-01
1.97500000000000e+00  -7.07316469543541e-01
2.00000000000000e+00  -6.98754554026964e-01
2.02500000000000e+00  -6.90459369966001e-01
2.05000000000000e+00  -6.82471180576073e-01
2.07500000000000e+00  -6.74831997741052e-01
2.10000000000000e+00  -6.67585493393822e-01
2.12500000000000e+00  -6.60776910896837e-01
2.15000000000000e+00  -6.54452976422687e-01
2.17500000000000e+00  -6.48661810334653e-01
2.20000000000000e+00  -6.43452407772918e-01
2.22500000000000e+00  -6.38874756528324e-01
2.25000000000000e+00  -6.34979603653008e-01
2.27500000000000e+00  -6.31817857014870e-01
2.30000000000000e+00  -6.29440654940315e-01
2.32500000000000e+00  -6.27898978787132e-01
2.35000000000000e+00  -6.27243265517371e-01
2.37500000000000e+00  -6.27523020270229e-01
2.40000000000000e+00  -6.28786428934928e-01
2.42500000000000e+00  -6.31079970723595e-01
2.45000000000000e+00  -6.34448030744146e-01
2.47500000000000e+00  -6.38932512573162e-01
2.50000000000000e+00  -6.44546510256084e-01
2.52500000000000e+00  -6.51399520104791e-01
2.55000000000000e+00  -6.59456615892114e-01
2.57500000000000e+00  -6.68752750830372e-01
2.60000000000000e+00  -6.79315439622013e-01
2.62500000000000e+00  -6.91164720566085e-01
2.65000000000000e+00  -7.04313117664702e-01
2.67500000000000e+00  -7.18765602729507e-01
2.70000000000000e+00  -7.34519557488148e-01
2.72500000000000e+00  -7.51564735690734e-01
2.75000000000000e+00  -7.69883225216308e-01
2.77500000000000e+00  -7.89449410179314e-01
2.80000000000000e+00  -8.10229933036062e-01
2.82500000000000e+00  -8.32183656665426e-01
2.85000000000000e+00  -8.55261626492702e-01
2.87500000000000e+00  -8.79407032559158e-01
2.90000000000000e+00  -9.04555171722874e-01
2.92500000000000e+00  -9.30633409673112e-01
2.95000000000000e+00  -9.57561143062940e-01
2.97500000000000e+00  -9.85249761641871e-01
3.00000000000000e+00  -1.01360261038850e+00
3.02500000000000e+00  -1.04251495164312e+00
3.05000000000000e+00  -1.07187392724037e+00
3.07500000000000e+00  -1.10155852064188e+00
3.10000000000000e+00  -1.13143951906886e+00
3.12500000000000e+00  -1.16140453844304e+00
3.15000000000000e+00  -1.19132069160537e+00
3.17500000000000e+00  -1.22105122387392e+00
3.20000000000000e+00  -1.25045963929322e+00
3.22500000000000e+00  -1.27940815049835e+00
3.25000000000000e+00  -1.30775867407877e+00
3.27500000000000e+00  -1.33537382594219e+00
3.30000000000000e+00  -1.36211791667835e+00
3.32500000000000e+00  -1.38785794692286e+00
3.35000000000000e+00  -1.41246460272106e+00
3.37500000000000e+00  -1.43581325089180e+00
3.40000000000000e+00  -1.45778493439133e+00
3.42500000000000e+00  -1.47826736767704e+00
3.45000000000000e+00  -1.49715555385885e+00
3.47500000000000e+00  -1.51435284306176e+00
3.50000000000000e+00  -1.52977208000383e+00
3.52500000000000e+00  -1.54333472651082e+00
3.55000000000000e+00  -1.55497305309873e+00
3.57500000000000e+00  -1.56463029747416e+00
3.60000000000000e+00  -1.57226082303469e+00
3.62500000000000e+00  -1.57783027736924e+00
3.65000000000000e+00  -1.58131575075841e+00
3.67500000000000e+00  -1.58270593467488e+00
3.70000000000000e+00  -1.58200128028377e+00
3.72500000000000e+00  -1.57921415694297e+00
3.75000000000000e+00  -1.57436244717395e+00
3.77500000000000e+00  -1.56750002406118e+00
3.80000000000000e+00  -1.55865354278730e+00
3.82500000000000e+00  -1.54787965211715e+00
3.85000000000000e+00  -1.53524432907202e+00
3.87500000000000e+00  -1.52082213536971e+00
3.90000000000000e+00  -1.50469547386466e+00
3.92500000000000e+00  -1.48695384498800e+00
3.95000000000000e+00  -1.46769310318766e+00
3.97500000000000e+00  -1.44701471336845e+00
4.00000000000000e+00  -1.42502500733215e+00
4.02500000000000e+00  -1.40183444021760e+00
4.05000000000000e+00  -1.37755684694079e+00
4.07500000000000e+00  -1.35230869787610e+00
4.10000000000000e+00  -1.32620835570556e+00
4.12500000000000e+00  -1.29937533154828e+00
4.15000000000000e+00  -1.27192954089184e+00
4.17500000000000e+00  -1.24399056004878e+00
4.20000000000000e+00  -1.21567688225587e+00
4.22500000000000e+00  -1.18710517377339e+00
4.25000000000000e+00  -1.15838952998446e+00
4.27500000000000e+00  -1.12964073149431e+00
4.30000000000000e+00  -1.10096550022961e+00
4.32500000000000e+00  -1.07246575553770e+00
4.35000000000000e+00  -1.04423787028595e+00
4.37500000000000e+00  -1.01638117135248e+00
4.40000000000000e+00  -9.88993397701414e-01
4.42500000000000e+00  -9.62152243035933e-01
4.45000000000000e+00  -9.35940301569176e-01
4.47500000000000e+00  -9.10434636280868e-01
4.50000000000000e+00  -8.85706964283741e-01
4.52500000000000e+00  -8.61823842189956e-01
4.55000000000000e+00  -8.38846851477537e-01
4.57500000000000e+00  -8.16832783856784e-01
4.60000000000000e+00  -7.95833826636702e-01
4.62500000000000e+00  -7.75897748091428e-01
4.65000000000000e+00  -7.57068082826647e-01
4.67500000000000e+00  -7.39384317146023e-01
4.70000000000000e+00  -7.22882074564337e-01
4.72500000000000e+00  -7.07593301104089e-01
4.75000000000000e+00  -6.93546450711249e-01
4.77500000000000e+00  -6.80766670776905e-01
4.80000000000000e+00  -6.69275987463587e-01
4.82500000000000e+00  -6.59093491162840e-01
4.85000000000000e+00  -6.50235521952777e-01
4.87500000000000e+00  -6.42715855055653e-01
4.90000000000000e+00  -6.36545886295423e-01
4.92500000000000e+00  -6.31734817555309e-01
4.95000000000000e+00  -6.28289842235361e-01
4.97500000000000e+00  -6.26216330710027e-01
5.00000000000000e+00  -6.25518020209241e-01
5.02500000000000e+00  -6.26190855046433e-01
5.05000000000000e+00  -6.28238994012112e-01
5.07500000000000e+00  -6.31658800543012e-01
5.10000000000000e+00  -6.36445001535997e-01
5.12500000000000e+00  -6.42590501510991e-01
5.15000000000000e+00  -6.50086196773906e-01
5.17500000000000e+00  -6.58920789579576e-01
5.20000000000000e+00  -6.69080602294687e-01
5.22500000000000e+00  -6.80549391560713e-01
5.25000000000000e+00  -6.93308162456838e-01
5.27500000000000e+00  -7.07334982662896e-01
5.30000000000000e+00  -7.22604796622300e-01
5.32500000000000e+00  -7.39089239729859e-01
5.35000000000000e+00  -7.56756452479100e-01
5.37500000000000e+00  -7.75570894645951e-01
5.40000000000000e+00  -7.95493159426727e-01
5.42500000000000e+00  -8.16479787634056e-01
5.45000000000000e+00  -8.38483081857355e-01
5.47500000000000e+00  -8.61450920623290e-01
5.50000000000000e+00  -8.85326572556242e-01
5.52500000000000e+00  -9.10048510538776e-01
5.55000000000000e+00  -9.35550225872104e-01
5.57500000000000e+00  -9.61760042436551e-01
5.60000000000000e+00  -9.88600930852026e-01
5.62500000000000e+00  -1.01598104135830e+00
5.65000000000000e+00  -1.04385051605080e+00
5.67500000000000e+00  -1.07208380403063e+00
5.70000000000000e+00  -1.10059082814614e+00
5.72500000000000e+00  -1.12927520606186e+00
5.75000000000000e+00  -1.15803499470186e+00
5.77500000000000e+00  -1.18676343469314e+00
5.80000000000000e+00  -1.21534969480900e+00
5.82500000000000e+00  -1.24367961641240e+00
5.85000000000000e+00  -1.27163645789936e+00
5.87500000000000e+00  -1.29910163914229e+00
5.90000000000000e+00  -1.32595548593344e+00
5.92500000000000e+00  -1.35207797442819e+00
5.95000000000000e+00  -1.37734947566430e+00
5.97500000000000e+00  -1.40165149996569e+00
6.00000000000000e+00  -1.42486744134305e+00
6.02500000000000e+00  -1.44688332225200e+00
6.05000000000000e+00  -1.46758853780086e+00
6.07500000000000e+00  -1.48687660030130e+00
6.10000000000000e+00  -1.50464588381904e+00
6.12500000000000e+00  -1.52080036872456e+00
6.15000000000000e+00  -1.53525038624375e+00
6.17500000000000e+00  -1.54791336300867e+00
6.20000000000000e+00  -1.55871456560819e+00
6.22500000000000e+00  -1.56758784513868e+00
6.25000000000000e+00  -1.57448296032250e+00
6.27500000000000e+00  -1.57935343159536e+00
6.30000000000000e+00  -1.58216489465970e+00
6.32500000000000e+00  -1.58289276116965e+00
6.35000000000000e+00  -1.58152452735039e+00
6.37500000000000e+00  -1.57805961634143e+00
6.40000000000000e+00  -1.57250922053993e+00
6.42500000000000e+00  -1.56489614394401e+00
6.45000000000000e+00  -1.55525464449603e+00
6.47500000000000e+00  -1.54363027642592e+00
6.50000000000000e+00  -1.53007973259449e+00
6.52500000000000e+00  -1.51467068683671e+00
6.55000000000000e+00  -1.49748163630503e+00
6.57500000000000e+00  -1.47859970710840e+00
6.60000000000000e+00  -1.45812153448409e+00
6.62500000000000e+00  -1.43615211457919e+00
6.65000000000000e+00  -1.41280374430486e+00
6.67500000000000e+00  -1.38819540511656e+00
6.70000000000000e+00  -1.36245176670823e+00
6.72500000000000e+00  -1.33570219070654e+00
6.75000000000000e+00  -1.30807973436509e+00
6.77500000000000e+00  -1.27972015425865e+00
6.80000000000000e+00  -1.25076090997735e+00
6.82500000000000e+00  -1.22134016782090e+00
6.85000000000000e+00  -1.19159580449284e+00
6.87500000000000e+00  -1.16163933691113e+00
6.90000000000000e+00  -1.13168287399034e+00
6.92500000000000e+00  -1.10178416099477e+00
6.95000000000000e+00  -1.07208076400855e+00
6.97500000000000e+00  -1.04270201489167e+00
7.00000000000000e+00  -1.01376904879239e+00
7.02500000000000e+00  -9.85394841659703e-01
7.05000000000000e+00  -9.57684247755753e-01
7.07500000000000e+00  -9.30734037168280e-01
7.10000000000000e+00  -9.04632933323066e-01
7.12500000000000e+00  -8.79461650496372e-01
7.15000000000000e+00  -8.55292931327376e-01
7.17500000000000e+00  -8.32191584330612e-01
7.20000000000000e+00  -8.10214521290145e-01
7.22500000000000e+00  -7.89410794840210e-01
7.25000000000000e+00  -7.69821635914585e-01
7.27500000000000e+00  -7.51480491250237e-01
7.30000000000000e+00  -7.34413060847838e-01
7.32500000000000e+00  -7.18637335458037e-01
7.35000000000000e+00  -7.04163634067729e-01
7.37500000000000e+00  -6.90994641386333e-01
7.40000000000000e+00  -6.79125445332063e-01
7.42500000000000e+00  -6.68543574518205e-01
7.45000000000000e+00  -6.59229035739385e-01
7.47500000000000e+00  -6.51154351457847e-01
7.50000000000000e+00  -6.44310557328616e-01
7.52500000000000e+00  -6.38654789088900e-01
7.55000000000000e+00  -6.34155389354028e-01
7.57500000000000e+00  -6.30773344220576e-01
7.60000000000000e+00  -6.28466764918094e-01
7.62500000000000e+00  -6.27191275586813e-01
7.65000000000000e+00  -6.26900401055355e-01
7.67500000000000e+00  -6.27545954618442e-01
7.70000000000000e+00  -6.29078425814605e-01
7.72500000000000e+00  -6.31447368203893e-01
7.75000000000000e+00  -6.34601787145582e-01
7.77500000000000e+00  -6.38490527575883e-01
7.80000000000000e+00  -6.43062661785655e-01
7.82500000000000e+00  -6.48267419979201e-01
7.85000000000000e+00  -6.54054789130928e-01
7.87500000000000e+00  -6.60375746692000e-01
7.90000000000000e+00  -6.67182142824120e-01
7.92500000000000e+00  -6.74427220264276e-01
7.95000000000000e+00  -6.82065703167026e-01
7.97500000000000e+00  -6.90053885946790e-01
8.00000000000000e+00  -6.98349722120124e-01
8.02500000000000e+00  -7.06912913148018e-01
8.05000000000000e+00  -7.15704997278177e-01
8.07500000000000e+00  -7.24689438387303e-01
8.10000000000000e+00  -7.33831714823388e-01
8.12500000000000e+00  -7.43099332102071e-01
8.15000000000000e+00  -7.52460854545261e-01
8.17500000000000e+00  -7.61888192817439e-01
8.20000000000000e+00  -7.71354331501737e-01
8.22500000000000e+00  -7.80834220801021e-01
8.25000000000000e+00  -7.90304706184355e-01
8.27500000000000e+00  -7.99744458033464e-01
8.30000000000000e+00  -8.09133901289204e-01
8.32500000000000e+00  -8.18455145098026e-01
8.35000000000000e+00  -8.27691912458445e-01
8.37500000000000e+00  -8.36829469867506e-01
8.40000000000000e+00  -8.45854556967246e-01
8.42500000000000e+00  -8.54755316191167e-01
8.45000000000000e+00  -8.63521222410695e-01
8.47500000000000e+00  -8.72143012581655e-01
8.50000000000000e+00  -8.80612615390730e-01
8.52500000000000e+00  -8.88923080901932e-01
8.55000000000000e+00  -8.97068510203064e-01
8.57500000000000e+00  -9.05043985052191e-01
8.60000000000000e+00  -9.12845497524103e-01
8.62500000000000e+00  -9.20469879656785e-01
8.65000000000000e+00  -9.27914733097877e-01
8.67500000000000e+00  -9.35178358751148e-01
8.70000000000000e+00  -9.42259686422957e-01
8.72500000000000e+00  -9.49158204468722e-01
8.75000000000000e+00  -9.55870167406762e-01
8.77500000000000e+00  -9.62405178377279e-01
8.80000000000000e+00  -9.68758434198140e-01
8.82500000000000e+00  -9.74931651289417e-01
8.85000000000000e+00  -9.80926805729419e-01
8.87500000000000e+00  -9.86746115025632e-01
8.90000000000000e+00  -9.92392019885642e-01
8.92500000000000e+00  -9.97867165988074e-01
8.95000000000000e+00  -1.00317438575352e+00
8.97500000000000e+00  -1.00831668011547e+00
9.00000000000000e+00  -1.01329720029125e+00
9.02500000000000e+00  -1.01811922955295e+00
9.05000000000000e+00  -1.02278616499835e+00
9.07500000000000e+00  -1.02730149932187e+00
9.10000000000000e+00  -1.03166880258545e+00
9.12500000000000e+00  -1.03589170398958e+00
9.15000000000000e+00  -1.03997387364414e+00
9.17500000000000e+00  -1.04391900433935e+00
9.20000000000000e+00  -1.04773079331674e+00
9.22500000000000e+00  -1.05141292404006e+00
9.25000000000000e+00  -1.05496904796620e+00
9.27500000000000e+00  -1.05840276631613e+00
9.30000000000000e+00  -1.06171761184583e+00
9.32500000000000e+00  -1.06491703061725e+00
9.35000000000000e+00  -1.06800436376919e+00
9.37500000000000e+00  -1.07098334831271e+00
9.40000000000000e+00  -1.07385751111526e+00
9.42500000000000e+00  -1.07662990321488e+00
9.45000000000000e+00  -1.07930380626108e+00
9.47500000000000e+00  -1.08188242176476e+00
9.50000000000000e+00  -1.08436887183732e+00
9.52500000000000e+00  -1.08676619992976e+00
9.55000000000000e+00  -1.08907737157174e+00
9.57500000000000e+00  -1.09130527511073e+00
9.60000000000000e+00  -1.09345272245106e+00
9.62500000000000e+00  -1.09552244979306e+00
9.65000000000000e+00  -1.09751711837211e+00
9.67500000000000e+00  -1.09943931519778e+00
9.70000000000000e+00  -1.10129155379290e+00
9.72500000000000e+00  -1.10307627493268e+00
9.75000000000000e+00  -1.10479584738377e+00
9.77500000000000e+00  -1.10645256864340e+00
9.80000000000000e+00  -1.10804866567846e+00
9.82500000000000e+00  -1.10958629566458e+00
9.85000000000000e+00  -1.11106754672525e+00
9.87500000000000e+00  -1.11249443867091e+00
9.90000000000000e+00  -1.11386892373806e+00
9.92500000000000e+00  -1.11519288732832e+00
9.95000000000000e+00  -1.11646814874756e+00
9.97500000000000e+00  -1.11769646194500e+00
1.00000000000000e+01  -1.11887951625228e+00
