0.00000000000000e+00  -6.13916409360448e-07
5.00000000000000e-02  -4.07208507916010e-07
1.00000000000000e-01  -2.34808821929248e-07
1.50000000000000e-01  -9.34194339529256e-08
2.00000000000000e-01  2.00778914255588e-08
2.50000000000000e-01  1.08626090534366e-07
3.00000000000000e-01  1.74997183567425e-07
3.50000000000000e-01  2.21796657534686e-07
4.00000000000000e-01  2.51467849212365e-07
4.50000000000000e-01  2.66296328093176e-07
5.00000000000000e-01  2.68414279336575e-07
5.50000000000000e-01  2.59804886719000e-07
6.00000000000000e-01  2.42306715584114e-07
6.50000000000000e-01  2.17618095793039e-07
7.00000000000000e-01  1.87301504674606e-07
7.50000000000000e-01  1.52787949975585e-07
8.00000000000000e-01  1.15381352810934e-07
8.50000000000000e-01  7.62629306140359e-08
9.00000000000000e-01  3.64955800869363e-08
9.50000000000000e-01  -2.97173984940811e-09
1.00000000000000e+00  -4.12996251049000e-08
1.05000000000000e+00  -7.77538434700503e-08
1.10000000000000e+00  -1.11700951665743e-07
1.15000000000000e+00  -1.42603912392997e-07
1.20000000000000e+00  -1.70017711382719e-07
1.25000000000000e+00  -1.93584974445470e-07
1.30000000000000e+00  -2.13031584521219e-07
1.35000000000000e+00  -2.28162298729106e-07
1.40000000000000e+00  -2.38856365417201e-07
1.45000000000000e+00  -2.45063141212263e-07
1.50000000000000e+00  -2.46797708069499e-07
1.55000000000000e+00  -2.44136490322324e-07
1.60000000000000e+00  -2.37212871732122e-07
1.65000000000000e+00  -2.26212812538002e-07
1.70000000000000e+00  -2.11370466506563e-07
1.75000000000000e+00  -1.92963797981645e-07
1.80000000000000e+00  -1.71310198934099e-07
1.85000000000000e+00  -1.46762106011539e-07
1.90000000000000e+00  -1.19702617588103e-07
1.95000000000000e+00  -9.05411108142148e-08
2.00000000000000e+00  -5.97088586663402e-08
2.05000000000000e+00  -2.76546469967501e-08
2.10000000000000e+00  5.15960841672098e-09
2.15000000000000e+00  3.82632448209211e-08
2.20000000000000e+00  7.11812354376098e-08
2.25000000000000e+00  1.03438572413710e-07
2.30000000000000e+00  1.34564649771543e-07
2.35000000000000e+00  1.64097646359066e-07
2.40000000000000e+00  1.91588908800122e-07
2.45000000000000e+00  2.16607334444671e-07
2.50000000000000e+00  2.38743754319034e-07
2.55000000000000e+00  2.57615316076135e-07
2.60000000000000e+00  2.72869866945738e-07
2.65000000000000e+00  2.84190336684693e-07
2.70000000000000e+00  2.91299120527168e-07
2.75000000000000e+00  2.93962462134898e-07
2.80000000000000e+00  2.91994836547422e-07
2.85000000000000e+00  2.85263333132321e-07
2.90000000000000e+00  2.73692038535463e-07
2.95000000000000e+00  2.57266419631240e-07
3.00000000000000e+00  2.36037706472810e-07
3.05000000000000e+00  2.10127275242340e-07
3.10000000000000e+00  1.79731031201241e-07
3.15000000000000e+00  1.45123791640409e-07
3.20000000000000e+00  1.06663668830473e-07
3.25000000000000e+00  6.47964529720285e-08
3.30000000000000e+00  2.00599951458772e-08
3.35000000000000e+00  -2.69114097367254e-08
3.40000000000000e+00  -7.53826399838410e-08
3.45000000000000e+00  -1.24513364172593e-07
3.50000000000000e+00  -1.73353658198940e-07
3.55000000000000e+00  -2.20839622327427e-07
3.60000000000000e+00  -2.65788998240947e-07
3.65000000000000e+00  -3.06896786090504e-07
3.70000000000000e+00  -3.42730861544965e-07
3.75000000000000e+00  -3.71727592840828e-07
3.80000000000000e+00  -3.92187457831974e-07
3.85000000000000e+00  -4.02270661039432e-07
3.90000000000000e+00  -3.99992750701137e-07
3.95000000000000e+00  -3.83220235821687e-07
4.00000000000000e+00  -3.49666203222107e-07
4.05000000000000e+00  -2.96885934589603e-07
4.10000000000000e+00  -2.22272523527326e-07
4.15000000000000e+00  -1.23052492604133e-07
4.20000000000000e+00  3.71858959566092e-09
4.25000000000000e+00  1.61160491422519e-07
4.30000000000000e+00  3.52572701111913e-07
4.35000000000000e+00  5.81438809734593e-07
4.40000000000000e+00  8.51430894146787e-07
4.45000000000000e+00  1.16641389994048e-06
4.50000000000000e+00  1.53045002439361e-06
4.55000000000000e+00  1.94780309942038e-06
4.60000000000000e+00  2.42294297452143e-06
4.65000000000000e+00  2.96054989973408e-06
4.70000000000000e+00  3.56551890858262e-06
4.75000000000000e+00  4.24296420102852e-06
4.80000000000000e+00  4.99822352642069e-06
4.85000000000000e+00  5.83686256644565e-06
4.90000000000000e+00  6.76467931807786e-06
4.95000000000000e+00  7.78770847652994e-06
5.00000000000000e+00  1.02997433428425e-05
5.05000000000000e+00  1.42591065064140e-05
5.10000000000000e+00  1.81408715734866e-05
5.15000000000000e+00  2.24628832371410e-05
5.20000000000000e+00  2.76636874621951e-05
5.25000000000000e+00  3.41283886977063e-05
5.30000000000000e+00  4.22145070894753e-05
5.35000000000000e+00  5.22778356925484e-05
5.40000000000000e+00  6.46982976837223e-05
5.45000000000000e+00  7.99058035740456e-05
5.50000000000000e+00  9.84061084213227e-05
5.55000000000000e+00  1.20806669042617e-04
5.60000000000000e+00  1.47842501226753e-04
5.65000000000000e+00  1.80402036946823e-04
5.70000000000000e+00  2.19552981572685e-04
5.75000000000000e+00  2.66568171083469e-04
5.80000000000000e+00  3.22951429280081e-04
5.85000000000000e+00  3.90463424997704e-04
5.90000000000000e+00  4.71147529318302e-04
5.95000000000000e+00  5.67355672783123e-04
6.00000000000000e+00  6.81774202605204e-04
6.05000000000000e+00  8.17449739881871e-04
6.10000000000000e+00  9.77815036807243e-04
6.15000000000000e+00  1.16671483388474e-03
6.20000000000000e+00  1.38843171713957e-03
6.25000000000000e+00  1.64886836107532e-03
6.30000000000000e+00  1.95388078345117e-03
6.35000000000000e+00  2.31005599164528e-03
6.40000000000000e+00  2.72494511834218e-03
6.45000000000000e+00  3.20703113667109e-03
6.50000000000000e+00  3.76581362744049e-03
6.55000000000000e+00  4.41189354637250e-03
6.60000000000000e+00  5.15705799133745e-03
6.65000000000000e+00  6.01436496958833e-03
6.70000000000000e+00  6.99822816499540e-03
6.75000000000000e+00  8.12450170528050e-03
6.80000000000000e+00  9.41056492925173e-03
6.85000000000000e+00  1.08754071540377e-02
6.90000000000000e+00  1.25396483391407e-02
6.95000000000000e+00  1.44256445134047e-02
7.00000000000000e+00  1.65576618413668e-02
7.05000000000000e+00  1.89614510985858e-02
7.10000000000000e+00  2.16647250988862e-02
7.15000000000000e+00  2.46970620558780e-02
7.20000000000000e+00  2.80898089444765e-02
7.25000000000000e+00  3.18759848624222e-02
7.30000000000000e+00  3.60901843918001e-02
7.35000000000000e+00  4.07684809605604e-02
7.40000000000000e+00  4.59483302040374e-02
7.45000000000000e+00  5.16684733264698e-02
7.50000000000000e+00  5.79688255153447e-02
7.55000000000000e+00  6.48888891321379e-02
7.60000000000000e+00  7.24700996244083e-02
7.65000000000000e+00  8.07528447895759e-02
7.70000000000000e+00  8.97773826330501e-02
7.75000000000000e+00  9.95832879406224e-02
7.80000000000000e+00  1.10208898850857e-01
7.85000000000000e+00  1.21690763427483e-01
7.90000000000000e+00  1.34063086231785e-01
7.95000000000000e+00  1.47357174895000e-01
8.00000000000000e+00  1.61600886690700e-01
8.05000000000000e+00  1.76818075107192e-01
8.10000000000000e+00  1.93028036419906e-01
8.15000000000000e+00  2.10244535048986e-01
8.20000000000000e+00  2.28475512412648e-01
8.25000000000000e+00  2.47721991148457e-01
8.30000000000000e+00  2.67978719818999e-01
8.35000000000000e+00  2.89232376311510e-01
8.40000000000000e+00  3.11461303176513e-01
8.45000000000000e+00  3.34635242966438e-01
8.50000000000000e+00  3.58715073574258e-01
8.55000000000000e+00  3.83652543572118e-01
8.60000000000000e+00  4.09390007549961e-01
8.65000000000000e+00  4.35860161454161e-01
8.70000000000000e+00  4.62985777926147e-01
8.75000000000000e+00  4.90679393827600e-01
8.80000000000000e+00  5.18847723983862e-01
8.85000000000000e+00  5.47383512756425e-01
8.90000000000000e+00  5.76174567697256e-01
8.95000000000000e+00  6.05100066880232e-01
9.00000000000000e+00  6.34031675597385e-01
9.05000000000000e+00  6.62834663055147e-01
9.10000000000000e+00  6.91369019070577e-01
9.15000000000000e+00  7.19490570767615e-01
9.20000000000000e+00  7.47052099273317e-01
9.25000000000000e+00  7.73904456414092e-01
9.30000000000000e+00  7.99897681411950e-01
9.35000000000000e+00  8.24882117580736e-01
9.40000000000000e+00  8.48711131513578e-01
9.45000000000000e+00  8.71241283339039e-01
9.50000000000000e+00  8.92334701875971e-01
9.55000000000000e+00  9.11858748765804e-01
9.60000000000000e+00  9.29689190309564e-01
9.65000000000000e+00  9.45711172623234e-01
9.70000000000000e+00  9.59820196793117e-01
9.75000000000000e+00  9.71923094031191e-01
9.80000000000000e+00  9.81939000830477e-01
9.85000000000000e+00  9.89800334120396e-01
9.90000000000000e+00  9.95453766422128e-01
9.95000000000000e+00  9.98861201003975e-01
1.00000000000000e+01  1.00000074703672e+00
1.00500000000000e+01  9.98861201003975e-01
1.01000000000000e+01  9.95453766422128e-01
1.01500000000000e+01  9.89800334120396e-01
1.02000000000000e+01  9.81939000830477e-01
1.02500000000000e+01  9.71923094031190e-01
1.03000000000000e+01  9.59820196793116e-01
1.03500000000000e+01  9.45711172623233e-01
1.04000000000000e+01  9.29689190309563e-01
1.04500000000000e+01  9.11858748765803e-01
1.05000000000000e+01  8.92334701875970e-01
1.05500000000000e+01  8.71241283339037e-01
1.06000000000000e+01  8.48711131513576e-01
1.06500000000000e+01  8.24882117580736e-01
1.07000000000000e+01  7.99897681411950e-01
1.07500000000000e+01  7.73904456414092e-01
1.08000000000000e+01  7.47052099273315e-01
1.08500000000000e+01  7.19490570767613e-01
1.09000000000000e+01  6.91369019070576e-01
1.09500000000000e+01  6.62834663055145e-01
1.10000000000000e+01  6.34031675597385e-01
1.10500000000000e+01  6.05100066880230e-01
1.11000000000000e+01  5.76174567697255e-01
1.11500000000000e+01  5.47383512756425e-01
1.12000000000000e+01  5.18847723983860e-01
1.12500000000000e+01  4.90679441641036e-01
1.13000000000000e+01  4.62985777926146e-01
1.13500000000000e+01  4.35860161454160e-01
1.14000000000000e+01  4.09390007549961e-01
1.14500000000000e+01  3.83652543572116e-01
1.15000000000000e+01  3.58715073574257e-01
1.15500000000000e+01  3.34635242966437e-01
1.16000000000000e+01  3.11461303176512e-01
1.16500000000000e+01  2.89232376311511e-01
1.17000000000000e+01  2.67978719818998e-01
1.17500000000000e+01  2.47721991148456e-01
1.18000000000000e+01  2.28475512412646e-01
1.18500000000000e+01  2.10244535048985e-01
1.19000000000000e+01  1.93028036419906e-01
1.19500000000000e+01  1.76818075107192e-01
1.20000000000000e+01  1.61600886690699e-01
1.20500000000000e+01  1.47357174894999e-01
1.21000000000000e+01  1.34063086231785e-01
1.21500000000000e+01  1.21690763427482e-01
1.22000000000000e+01  1.10208898850856e-01
1.22500000000000e+01  9.95832879406223e-02
1.23000000000000e+01  8.97773826330499e-02
1.23500000000000e+01  8.07528447895752e-02
1.24000000000000e+01  7.24700996244076e-02
1.24500000000000e+01  6.48888891321373e-02
1.25000000000000e+01  5.79688404625203e-02
1.25500000000000e+01  5.16684733264696e-02
1.26000000000000e+01  4.59483302040371e-02
1.26500000000000e+01  4.07684809605602e-02
1.27000000000000e+01  3.60901843917998e-02
1.27500000000000e+01  3.18759848624219e-02
1.28000000000000e+01  2.80898089444763e-02
1.28500000000000e+01  2.46970620558779e-02
1.29000000000000e+01  2.16647250988862e-02
1.29500000000000e+01  1.89614510985857e-02
1.30000000000000e+01  1.65576618413668e-02
1.30500000000000e+01  1.44256445134046e-02
1.31000000000000e+01  1.25396483391405e-02
1.31500000000000e+01  1.08754071540377e-02
1.32000000000000e+01  9.41056492925164e-03
1.32500000000000e+01  8.12450170528046e-03
1.33000000000000e+01  6.99822816499537e-03
1.33500000000000e+01  6.01436496958828e-03
1.34000000000000e+01  5.15705799133740e-03
1.34500000000000e+01  4.41189354637246e-03
1.35000000000000e+01  3.76581362744048e-03
1.35500000000000e+01  3.20703113667108e-03
1.36000000000000e+01  2.72494511834214e-03
1.36500000000000e+01  2.31005599164524e-03
1.37000000000000e+01  1.95388078345114e-03
1.37500000000000e+01  1.64771197533125e-03
1.38000000000000e+01  1.38843171713955e-03
1.38500000000000e+01  1.16671483388472e-03
1.39000000000000e+01  9.77815036807232e-04
1.39500000000000e+01  8.17449739881859e-04
1.40000000000000e+01  6.81774202605198e-04
1.40500000000000e+01  5.67355672783117e-04
1.41000000000000e+01  4.71147529318299e-04
1.41500000000000e+01  3.90463424997703e-04
1.42000000000000e+01  3.22951429280079e-04
1.42500000000000e+01  2.66568171083469e-04
1.43000000000000e+01  2.19552981572683e-04
1.43500000000000e+01  1.80402036946821e-04
1.44000000000000e+01  1.47842501226752e-04
1.44500000000000e+01  1.20806669042615e-04
1.45000000000000e+01  9.84061084213214e-05
1.45500000000000e+01  7.99058035740447e-05
1.46000000000000e+01  6.46982976837213e-05
1.46500000000000e+01  5.22778356925477e-05
1.47000000000000e+01  4.22145070894745e-05
1.47500000000000e+01  3.41283886977061e-05
1.48000000000000e+01  2.76636874621951e-05
1.48500000000000e+01  2.24628832371411e-05
1.49000000000000e+01  1.81408715734868e-05
1.49500000000000e+01  1.42591065064140e-05
1.50000000000000e+01  8.91222581820282e-06
1.50500000000000e+01  7.78770847652987e-06
1.51000000000000e+01  6.76467931807777e-06
1.51500000000000e+01  5.83686256644558e-06
1.52000000000000e+01  4.99822352642062e-06
1.52500000000000e+01  4.24296420102848e-06
1.53000000000000e+01  3.56551890858257e-06
1.53500000000000e+01  2.96054989973405e-06
1.54000000000000e+01  2.42294297452141e-06
1.54500000000000e+01  1.94780309942036e-06
1.55000000000000e+01  1.53045002439361e-06
1.55500000000000e+01  1.16641389994046e-06
1.56000000000000e+01  8.51430894146772e-07
1.56500000000000e+01  5.81438809734586e-07
1.57000000000000e+01  3.52572701111908e-07
1.57500000000000e+01  1.61160491422517e-07
1.58000000000000e+01  3.71858959566575e-09
1.58500000000000e+01  -1.23052492604131e-07
1.59000000000000e+01  -2.22272523527322e-07
1.59500000000000e+01  -2.96885934589599e-07
1.60000000000000e+01  -3.49666203222100e-07
1.60500000000000e+01  -3.83220235821682e-07
1.61000000000000e+01  -3.99992750701132e-07
1.61500000000000e+01  -4.02270661039426e-07
1.62000000000000e+01  -3.92187457831968e-07
1.62500000000000e+01  -3.71727592840823e-07
1.63000000000000e+01  -3.42730861544961e-07
1.63500000000000e+01  -3.06896786090498e-07
1.64000000000000e+01  -2.65788998240941e-07
1.64500000000000e+01  -2.20839622327424e-07
1.65000000000000e+01  -1.73353658198937e-07
1.65500000000000e+01  -1.24513364172589e-07
1.66000000000000e+01  -7.53826399838388e-08
1.66500000000000e+01  -2.69114097367242e-08
1.67000000000000e+01  2.00599951458763e-08
1.67500000000000e+01  6.47964529720276e-08
1.68000000000000e+01  1.06663668830473e-07
1.68500000000000e+01  1.45123791640409e-07
1.69000000000000e+01  1.79731031201240e-07
1.69500000000000e+01  2.10127275242338e-07
1.70000000000000e+01  2.36037706472809e-07
1.70500000000000e+01  2.57266419631237e-07
1.71000000000000e+01  2.73692038535460e-07
1.71500000000000e+01  2.85263333132318e-07
1.72000000000000e+01  2.91994836547418e-07
1.72500000000000e+01  2.93962462134895e-07
1.73000000000000e+01  2.91299120527164e-07
1.73500000000000e+01  2.84190336684689e-07
1.74000000000000e+01  2.72869866945735e-07
1.74500000000000e+01  2.57615316076132e-07
1.75000000000000e+01  2.38743754319032e-07
1.75500000000000e+01  2.16607334444668e-07
1.76000000000000e+01  1.91588908800119e-07
1.76500000000000e+01  1.64097646359062e-07
1.77000000000000e+01  1.34564649771541e-07
1.77500000000000e+01  1.03438572413708e-07
1.78000000000000e+01  7.11812354376075e-08
1.78500000000000e+01  3.82632448209194e-08
1.79000000000000e+01  5.15960841671979e-09
1.79500000000000e+01  -2.76546469967496e-08
1.80000000000000e+01  -5.97088586663397e-08
1.80500000000000e+01  -9.05411108142141e-08
1.81000000000000e+01  -1.19702617588103e-07
1.81500000000000e+01  -1.46762106011539e-07
1.82000000000000e+01  -1.71310198934097e-07
1.82500000000000e+01  -1.92963797981643e-07
1.83000000000000e+01  -2.11370466506560e-07
1.83500000000000e+01  -2.26212812538000e-07
1.84000000000000e+01  -2.37212871732120e-07
1.84500000000000e+01  -2.44136490322321e-07
1.85000000000000e+01  -2.46797708069497e-07
1.85500000000000e+01  -2.45063141212260e-07
1.86000000000000e+01  -2.38856365417198e-07
1.86500000000000e+01  -2.28162298729103e-07
1.87000000000000e+01  -2.13031584521216e-07
1.87500000000000e+01  -1.93584974445468e-07
1.88000000000000e+01  -1.70017711382717e-07
1.88500000000000e+01  -1.42603912392994e-07
1.89000000000000e+01  -1.11700951665740e-07
1.89500000000000e+01  -7.77538434700491e-08
1.90000000000000e+01  -4.12996251048984e-08
1.90500000000000e+01  -2.97173984940660e-09
1.91000000000000e+01  3.64955800869372e-08
1.91500000000000e+01  7.62629306140369e-08
1.92000000000000e+01  1.15381352810936e-07
1.92500000000000e+01  1.52787949975584e-07
1.93000000000000e+01  1.87301504674605e-07
1.93500000000000e+01  2.17618095793039e-07
1.94000000000000e+01  2.42306715584113e-07
1.94500000000000e+01  2.59804886718998e-07
1.95000000000000e+01  2.68414279336572e-07
1.95500000000000e+01  2.66296328093173e-07
1.96000000000000e+01  2.51467849212361e-07
1.96500000000000e+01  2.21796657534681e-07
1.97000000000000e+01  1.74997183567418e-07
1.97500000000000e+01  1.08626090534364e-07
1.98000000000000e+01  2.00778914255553e-08
1.98500000000000e+01  -9.34194339529345e-08
1.99000000000000e+01  -2.34808821929251e-07
1.99500000000000e+01  -4.07208507916021e-07
2.00000000000000e+01  -6.13916409360442e-07
