0.00000000000000e+00  -7.56854698834584e-05
2.50000000000000e-02  -8.23779068556741e-05
5.00000000000000e-02  -8.89482026275974e-05
7.50000000000000e-02  -9.54168747646047e-05
1.00000000000000e-01  -1.01803445482607e-04
1.25000000000000e-01  -1.08126469797917e-04
1.50000000000000e-01  -1.14403563677114e-04
1.75000000000000e-01  -1.20651432186911e-04
2.00000000000000e-01  -1.26885897644026e-04
2.25000000000000e-01  -1.33121927765047e-04
2.50000000000000e-01  -1.39373663816296e-04
2.75000000000000e-01  -1.45654448763702e-04
3.00000000000000e-01  -1.51976855422666e-04
3.25000000000000e-01  -1.58352714607929e-04
3.50000000000000e-01  -1.64793143283436e-04
3.75000000000000e-01  -1.71308572712209e-04
4.00000000000000e-01  -1.77908776606212e-04
4.25000000000000e-01  -1.84602899276214e-04
4.50000000000000e-01  -1.91399483781665e-04
4.75000000000000e-01  -1.98306500080557e-04
5.00000000000000e-01  -2.05331373179293e-04
5.25000000000000e-01  -2.12481011282553e-04
5.50000000000000e-01  -2.19761833943167e-04
5.75000000000000e-01  -2.27179800211976e-04
6.00000000000000e-01  -2.34740436787700e-04
6.25000000000000e-01  -2.42448866166811e-04
6.50000000000000e-01  -2.50309834793394e-04
6.75000000000000e-01  -2.58327741209018e-04
7.00000000000000e-01  -2.66506664202601e-04
7.25000000000000e-01  -2.74850390960281e-04
7.50000000000000e-01  -2.83362445215280e-04
7.75000000000000e-01  -2.92046115397771e-04
8.00000000000000e-01  -3.00904482784750e-04
8.25000000000000e-01  -3.09940449649899e-04
8.50000000000000e-01  -3.19156767413454e-04
8.75000000000000e-01  -3.28556064792074e-04
9.00000000000000e-01  -3.38140875948708e-04
9.25000000000000e-01  -3.47913668642460e-04
9.50000000000000e-01  -3.57876872378460e-04
9.75000000000000e-01  -3.68032906557730e-04
1.00000000000000e+00  -3.78384208627051e-04
1.02500000000000e+00  -3.88933262228829e-04
1.05000000000000e+00  -3.99682625350965e-04
1.07500000000000e+00  -4.10634958476722e-04
1.10000000000000e+00  -4.21793052734591e-04
1.12500000000000e+00  -4.33159858048159e-04
1.15000000000000e+00  -4.44738511285977e-04
1.17500000000000e+00  -4.56532364411426e-04
1.20000000000000e+00  -4.68545012632587e-04
1.22500000000000e+00  -4.80780322552106e-04
1.25000000000000e+00  -4.94590396290704e-04
1.27500000000000e+00  -5.06429171560331e-04
1.30000000000000e+00  -5.18783495077735e-04
1.32500000000000e+00  -5.31606655327617e-04
1.35000000000000e+00  -5.44858242874867e-04
1.37500000000000e+00  -5.58504210864381e-04
1.40000000000000e+00  -5.72516935520882e-04
1.42500000000000e+00  -5.86875276648737e-04
1.45000000000000e+00  -6.01564638131781e-04
1.47500000000000e+00  -6.16577028433128e-04
1.50000000000000e+00  -6.31911121094997e-04
1.52500000000000e+00  -6.47572315238527e-04
1.55000000000000e+00  -6.63572796063596e-04
1.57500000000000e+00  -6.79931595348645e-04
1.60000000000000e+00  -6.96674651950488e-04
1.62500000000000e+00  -7.13834872304138e-04
1.65000000000000e+00  -7.31452190922626e-04
1.67500000000000e+00  -7.49573630896811e-04
1.70000000000000e+00  -7.68253364395215e-04
1.72500000000000e+00  -7.87552773163824e-04
1.75000000000000e+00  -8.07540509025920e-04
1.77500000000000e+00  -8.28292554381896e-04
1.80000000000000e+00  -8.49892282709069e-04
1.82500000000000e+00  -8.72430519061512e-04
1.85000000000000e+00  -8.96005600569859e-04
1.87500000000000e+00  -9.20543978673062e-04
1.90000000000000e+00  -9.46741864099684e-04
1.92500000000000e+00  -9.74195234294340e-04
1.95000000000000e+00  -1.00311338690663e-03
1.97500000000000e+00  -1.03369758908466e-03
2.00000000000000e+00  -1.06614603791691e-03
2.02500000000000e+00  -1.10065882087398e-03
2.05000000000000e+00  -1.13744287625044e-03
2.07500000000000e+00  -1.17671695360664e-03
2.10000000000000e+00  -1.21871657421051e-03
2.12500000000000e+00  -1.26369899147938e-03
2.15000000000000e+00  -1.31194815142180e-03
2.17500000000000e+00  -1.36377965307932e-03
2.20000000000000e+00  -1.41954570896833e-03
2.22500000000000e+00  -1.47964010552187e-03
2.25000000000000e+00  -1.54450316353143e-03
2.27500000000000e+00  -1.61462669858878e-03
2.30000000000000e+00  -1.69055898152776e-03
2.32500000000000e+00  -1.77290969886611e-03
2.35000000000000e+00  -1.86235491324725e-03
2.37500000000000e+00  -1.95964202388214e-03
2.40000000000000e+00  -2.06559472699106e-03
2.42500000000000e+00  -2.18111797624543e-03
2.45000000000000e+00  -2.30720294320961e-03
2.47500000000000e+00  -2.44493197778275e-03
2.50000000000000e+00  -2.59157636051493e-03
2.52500000000000e+00  -2.75416037655868e-03
2.55000000000000e+00  -2.93099667895992e-03
2.57500000000000e+00  -3.12351240741372e-03
2.60000000000000e+00  -3.33321253289924e-03
2.62500000000000e+00  -3.56169350635805e-03
2.65000000000000e+00  -3.81065690737272e-03
2.67500000000000e+00  -4.08192309284516e-03
2.70000000000000e+00  -4.37744484567517e-03
2.72500000000000e+00  -4.69932102343882e-03
2.75000000000000e+00  -5.04981020706694e-03
2.77500000000000e+00  -5.43134434952360e-03
2.80000000000000e+00  -5.84654242448449e-03
2.82500000000000e+00  -6.29822407501544e-03
2.85000000000000e+00  -6.78942326225086e-03
2.87500000000000e+00  -7.32340191407217e-03
2.90000000000000e+00  -7.90366357378628e-03
2.92500000000000e+00  -8.53396704880403e-03
2.95000000000000e+00  -9.21834005931867e-03
2.97500000000000e+00  -9.96109288698428e-03
3.00000000000000e+00  -1.07668320235942e-02
3.02500000000000e+00  -1.16404738197596e-02
3.05000000000000e+00  -1.25872581335879e-02
3.07500000000000e+00  -1.36127619793609e-02
3.10000000000000e+00  -1.47229131762139e-02
3.12500000000000e+00  -1.59323778795816e-02
3.15000000000000e+00  -1.72228009289433e-02
3.17500000000000e+00  -1.86246071733847e-02
3.20000000000000e+00  -2.01426429720498e-02
3.22500000000000e+00  -2.17830661732055e-02
3.25000000000000e+00  -2.35532473952386e-02
3.27500000000000e+00  -2.54616713076530e-02
3.30000000000000e+00  -2.75178379120661e-02
3.32500000000000e+00  -2.97321638232068e-02
3.35000000000000e+00  -3.21158835499119e-02
3.37500000000000e+00  -3.46809507761231e-02
3.40000000000000e+00  -3.74399396418845e-02
3.42500000000000e+00  -4.04059460243388e-02
3.45000000000000e+00  -4.35927698169658e-02
3.47500000000000e+00  -4.70146796425387e-02
3.50000000000000e+00  -5.06862969252024e-02
3.52500000000000e+00  -5.46232036595246e-02
3.55000000000000e+00  -5.88414001782616e-02
3.57500000000000e+00  -6.33574941515830e-02
3.60000000000000e+00  -6.81888895862967e-02
3.62500000000000e+00  -7.33539758250736e-02
3.65000000000000e+00  -7.88723165456728e-02
3.67500000000000e+00  -8.47648387601664e-02
3.70000000000000e+00  -9.10540218141643e-02
3.72500000000000e+00  -9.77640863860394e-02
3.75000000000000e+00  -1.04888754232670e-01
3.77500000000000e+00  -1.12506698227375e-01
3.80000000000000e+00  -1.20600377836750e-01
3.82500000000000e+00  -1.29197709918422e-01
3.85000000000000e+00  -1.38325926721131e-01
3.87500000000000e+00  -1.48011610467417e-01
3.90000000000000e+00  -1.58280727936305e-01
3.92500000000000e+00  -1.69158665045992e-01
3.95000000000000e+00  -1.80670261436530e-01
3.97500000000000e+00  -1.92839845052517e-01
4.00000000000000e+00  -2.05691266725778e-01
4.02500000000000e+00  -2.19247934758056e-01
4.05000000000000e+00  -2.33532849503692e-01
4.07500000000000e+00  -2.48567570621901e-01
4.10000000000000e+00  -2.64372798810883e-01
4.12500000000000e+00  -2.80968352395930e-01
4.15000000000000e+00  -2.98371141992011e-01
4.17500000000000e+00  -3.16596388418760e-01
4.20000000000000e+00  -3.35656802023194e-01
4.22500000000000e+00  -3.55561762002418e-01
4.25000000000000e+00  -3.76316495726340e-01
4.27500000000000e+00  -3.97921258060382e-01
4.30000000000000e+00  -4.20370510688191e-01
4.32500000000000e+00  -4.43652101434351e-01
4.35000000000000e+00  -4.67746443587089e-01
4.37500000000000e+00  -4.92640549770520e-01
4.40000000000000e+00  -5.18293943785467e-01
4.42500000000000e+00  -5.44673872027709e-01
4.45000000000000e+00  -5.71730487695563e-01
4.47500000000000e+00  -5.99403882015773e-01
4.50000000000000e+00  -6.27623176057876e-01
4.52500000000000e+00  -6.56305612548556e-01
4.55000000000000e+00  -6.85355647685992e-01
4.57500000000000e+00  -7.14664042954224e-01
4.60000000000000e+00  -7.44106956937505e-01
4.62500000000000e+00  -7.73545037134652e-01
4.65000000000000e+00  -8.02822511773412e-01
4.67500000000000e+00  -8.31766281624806e-01
4.70000000000000e+00  -8.60187086997116e-01
4.72500000000000e+00  -8.87877636612985e-01
4.75000000000000e+00  -9.14607657204669e-01
4.77500000000000e+00  -9.40140801756862e-01
4.80000000000000e+00  -9.64219138365211e-01
4.82500000000000e+00  -9.86567389177041e-01
4.85000000000000e+00  -1.00689716933209e+00
4.87500000000000e+00  -1.02491122590322e+00
4.90000000000000e+00  -1.04030767683717e+00
4.92500000000000e+00  -1.05278424989525e+00
4.95000000000000e+00  -1.06204252159409e+00
4.97500000000000e+00  -1.06779215614639e+00
5.00000000000000e+00  -1.06975514440158e+00
5.02500000000000e+00  -1.06779215614639e+00
5.05000000000000e+00  -1.06204252159409e+00
5.07500000000000e+00  -1.05278424989524e+00
5.10000000000000e+00  -1.04030767683716e+00
5.12500000000000e+00  -1.02491122590322e+00
5.15000000000000e+00  -1.00689716933209e+00
5.17500000000000e+00  -9.86567389177040e-01
5.20000000000000e+00  -9.64219138365209e-01
5.22500000000000e+00  -9.40140801756860e-01
5.25000000000000e+00  -9.14607657204668e-01
5.27500000000000e+00  -8.87877636612983e-01
5.30000000000000e+00  -8.60187086997114e-01
5.32500000000000e+00  -8.31766281624804e-01
5.35000000000000e+00  -8.02822511773410e-01
5.37500000000000e+00  -7.73545037134651e-01
5.40000000000000e+00  -7.44106956937503e-01
5.42500000000000e+00  -7.14664042954222e-01
5.45000000000000e+00  -6.85355647685990e-01
5.47500000000000e+00  -6.56305612548553e-01
5.50000000000000e+00  -6.27623176057875e-01
5.52500000000000e+00  -5.99403882015770e-01
5.55000000000000e+00  -5.71730487695561e-01
5.57500000000000e+00  -5.44673872027709e-01
5.60000000000000e+00  -5.18293943785465e-01
5.62500000000000e+00  -4.92625695220994e-01
5.65000000000000e+00  -4.67746443587087e-01
5.67500000000000e+00  -4.43652101434348e-01
5.70000000000000e+00  -4.20370510688190e-01
5.72500000000000e+00  -3.97921258060380e-01
5.75000000000000e+00  -3.76316495726338e-01
5.77500000000000e+00  -3.55561762002417e-01
5.80000000000000e+00  -3.35656802023193e-01
5.82500000000000e+00  -3.16596388418759e-01
5.85000000000000e+00  -2.98371141992010e-01
5.87500000000000e+00  -2.80968352395929e-01
5.90000000000000e+00  -2.64372798810882e-01
5.92500000000000e+00  -2.48567570621900e-01
5.95000000000000e+00  -2.33532849503690e-01
5.97500000000000e+00  -2.19247934758055e-01
6.00000000000000e+00  -2.05691266725777e-01
6.02500000000000e+00  -1.92839845052516e-01
6.05000000000000e+00  -1.80670261436529e-01
6.07500000000000e+00  -1.69158665045991e-01
6.10000000000000e+00  -1.58280727936304e-01
6.12500000000000e+00  -1.48011610467416e-01
6.15000000000000e+00  -1.38325926721130e-01
6.17500000000000e+00  -1.29197709918420e-01
6.20000000000000e+00  -1.20600377836749e-01
6.22500000000000e+00  -1.12506698227374e-01
6.25000000000000e+00  -1.04921183486151e-01
6.27500000000000e+00  -9.77640863860384e-02
6.30000000000000e+00  -9.10540218141632e-02
6.32500000000000e+00  -8.47648387601654e-02
6.35000000000000e+00  -7.88723165456717e-02
6.37500000000000e+00  -7.33539758250727e-02
6.40000000000000e+00  -6.81888895862957e-02
6.42500000000000e+00  -6.33574941515821e-02
6.45000000000000e+00  -5.88414001782608e-02
6.47500000000000e+00  -5.46232036595237e-02
6.50000000000000e+00  -5.06862969252016e-02
6.52500000000000e+00  -4.70146796425379e-02
6.55000000000000e+00  -4.35927698169649e-02
6.57500000000000e+00  -4.04059460243380e-02
6.60000000000000e+00  -3.74399396418835e-02
6.62500000000000e+00  -3.46809507761223e-02
6.65000000000000e+00  -3.21158835499112e-02
6.67500000000000e+00  -2.97321638232060e-02
6.70000000000000e+00  -2.75178379120653e-02
6.72500000000000e+00  -2.54616713076522e-02
6.75000000000000e+00  -2.35532473952379e-02
6.77500000000000e+00  -2.17830661732048e-02
6.80000000000000e+00  -2.01426429720490e-02
6.82500000000000e+00  -1.86246071733839e-02
6.85000000000000e+00  -1.72228009289425e-02
6.87500000000000e+00  -1.59240039968128e-02
6.90000000000000e+00  -1.47229131762132e-02
6.92500000000000e+00  -1.36127619793602e-02
6.95000000000000e+00  -1.25872581335871e-02
6.97500000000000e+00  -1.16404738197589e-02
7.00000000000000e+00  -1.07668320235935e-02
7.02500000000000e+00  -9.96109288698350e-03
7.05000000000000e+00  -9.21834005931791e-03
7.07500000000000e+00  -8.53396704880328e-03
7.10000000000000e+00  -7.90366357378550e-03
7.12500000000000e+00  -7.32340191407139e-03
7.15000000000000e+00  -6.78942326225007e-03
7.17500000000000e+00  -6.29822407501463e-03
7.20000000000000e+00  -5.84654242448368e-03
7.22500000000000e+00  -5.43134434952278e-03
7.25000000000000e+00  -5.04981020706613e-03
7.27500000000000e+00  -4.69932102343800e-03
7.30000000000000e+00  -4.37744484567434e-03
7.32500000000000e+00  -4.08192309284433e-03
7.35000000000000e+00  -3.81065690737187e-03
7.37500000000000e+00  -3.56169350635721e-03
7.40000000000000e+00  -3.33321253289838e-03
7.42500000000000e+00  -3.12351240741286e-03
7.45000000000000e+00  -2.93099667895905e-03
7.47500000000000e+00  -2.75416037655783e-03
7.50000000000000e+00  -2.59548356864049e-03
7.52500000000000e+00  -2.44493197778270e-03
7.55000000000000e+00  -2.30720294320957e-03
7.57500000000000e+00  -2.18111797624538e-03
7.60000000000000e+00  -2.06559472699101e-03
7.62500000000000e+00  -1.95964202388209e-03
7.65000000000000e+00  -1.86235491324720e-03
7.67500000000000e+00  -1.77290969886607e-03
7.70000000000000e+00  -1.69055898152773e-03
7.72500000000000e+00  -1.61462669858875e-03
7.75000000000000e+00  -1.54450316353140e-03
7.77500000000000e+00  -1.47964010552184e-03
7.80000000000000e+00  -1.41954570896830e-03
7.82500000000000e+00  -1.36377965307929e-03
7.85000000000000e+00  -1.31194815142178e-03
7.87500000000000e+00  -1.26369899147936e-03
7.90000000000000e+00  -1.21871657421049e-03
7.92500000000000e+00  -1.17671695360662e-03
7.95000000000000e+00  -1.13744287625043e-03
7.97500000000000e+00  -1.10065882087397e-03
8.00000000000000e+00  -1.06614603791690e-03
8.02500000000000e+00  -1.03369758908466e-03
8.05000000000000e+00  -1.00311338690663e-03
8.07500000000000e+00  -9.74195234294346e-04
8.10000000000000e+00  -9.46741864099693e-04
8.12500000000000e+00  -9.20723436941145e-04
8.15000000000000e+00  -8.96005600569875e-04
8.17500000000000e+00  -8.72430519061530e-04
8.20000000000000e+00  -8.49892282709091e-04
8.22500000000000e+00  -8.28292554381921e-04
8.25000000000000e+00  -8.07540509025948e-04
8.27500000000000e+00  -7.87552773163855e-04
8.30000000000000e+00  -7.68253364395249e-04
8.32500000000000e+00  -7.49573630896848e-04
8.35000000000000e+00  -7.31452190922666e-04
8.37500000000000e+00  -7.13834872304181e-04
8.40000000000000e+00  -6.96674651950532e-04
8.42500000000000e+00  -6.79931595348692e-04
8.45000000000000e+00  -6.63572796063645e-04
8.47500000000000e+00  -6.47572315238579e-04
8.50000000000000e+00  -6.31911121095051e-04
8.52500000000000e+00  -6.16577028433185e-04
8.55000000000000e+00  -6.01564638131840e-04
8.57500000000000e+00  -5.86875276648798e-04
8.60000000000000e+00  -5.72516935520946e-04
8.62500000000000e+00  -5.58504210864447e-04
8.65000000000000e+00  -5.44858242874936e-04
8.67500000000000e+00  -5.31606655327688e-04
8.70000000000000e+00  -5.18783495077808e-04
8.72500000000000e+00  -5.06429171560407e-04
8.75000000000000e+00  -4.93242460317138e-04
8.77500000000000e+00  -4.80780322552187e-04
8.80000000000000e+00  -4.68545012632672e-04
8.82500000000000e+00  -4.56532364411513e-04
8.85000000000000e+00  -4.44738511286068e-04
8.87500000000000e+00  -4.33159858048253e-04
8.90000000000000e+00  -4.21793052734689e-04
8.92500000000000e+00  -4.10634958476823e-04
8.95000000000000e+00  -3.99682625351070e-04
8.97500000000000e+00  -3.88933262228938e-04
9.00000000000000e+00  -3.78384208627164e-04
9.02500000000000e+00  -3.68032906557848e-04
9.05000000000000e+00  -3.57876872378582e-04
9.07500000000000e+00  -3.47913668642586e-04
9.10000000000000e+00  -3.38140875948839e-04
9.12500000000000e+00  -3.28556064792211e-04
9.15000000000000e+00  -3.19156767413597e-04
9.17500000000000e+00  -3.09940449650047e-04
9.20000000000000e+00  -3.00904482784904e-04
9.22500000000000e+00  -2.92046115397932e-04
9.25000000000000e+00  -2.83362445215447e-04
9.27500000000000e+00  -2.74850390960455e-04
9.30000000000000e+00  -2.66506664202782e-04
9.32500000000000e+00  -2.58327741209206e-04
9.35000000000000e+00  -2.50309834793591e-04
9.37500000000000e+00  -2.42448866167016e-04
9.40000000000000e+00  -2.34740436787914e-04
9.42500000000000e+00  -2.27179800212198e-04
9.45000000000000e+00  -2.19761833943398e-04
9.47500000000000e+00  -2.12481011282794e-04
9.50000000000000e+00  -2.05331373179543e-04
9.52500000000000e+00  -1.98306500080818e-04
9.55000000000000e+00  -1.91399483781937e-04
9.57500000000000e+00  -1.84602899276497e-04
9.60000000000000e+00  -1.77908776606506e-04
9.62500000000000e+00  -1.71308572712516e-04
9.65000000000000e+00  -1.64793143283755e-04
9.67500000000000e+00  -1.58352714608261e-04
9.70000000000000e+00  -1.51976855423012e-04
9.72500000000000e+00  -1.45654448764062e-04
9.75000000000000e+00  -1.39373663816670e-04
9.77500000000000e+00  -1.33121927765436e-04
9.80000000000000e+00  -1.26885897644431e-04
9.82500000000000e+00  -1.20651432187331e-04
9.85000000000000e+00  -1.14403563677550e-04
9.87500000000000e+00  -1.08126469798371e-04
9.90000000000000e+00  -1.01803445483079e-04
9.92500000000000e+00  -9.54168747650943e-05
9.95000000000000e+00  -8.89482026281060e-05
9.97500000000000e+00  -8.23779068562018e-05
1.00000000000000e+01  -7.56854698840066e-05
