0.00000000000000e+00  -1.49724386491421e-06
2.50000000000000e-02  -1.66201087063051e-06
5.00000000000000e-02  -1.81300471166709e-06
7.50000000000000e-02  -1.95240106035836e-06
1.00000000000000e-01  -2.08215541831906e-06
1.25000000000000e-01  -2.20401895081525e-06
1.50000000000000e-01  -2.31955432113540e-06
1.75000000000000e-01  -2.43015152496149e-06
2.00000000000000e-01  -2.53704372474010e-06
2.25000000000000e-01  -2.64132308405345e-06
2.50000000000000e-01  -2.74395660199056e-06
2.75000000000000e-01  -2.84580194751828e-06
3.00000000000000e-01  -2.94762329385238e-06
3.25000000000000e-01  -3.05010715282868e-06
3.50000000000000e-01  -3.15387820927407e-06
3.75000000000000e-01  -3.25951515537766e-06
4.00000000000000e-01  -3.36756652506180e-06
4.25000000000000e-01  -3.47856652835325e-06
4.50000000000000e-01  -3.59305088575417e-06
4.75000000000000e-01  -3.71157266261328e-06
5.00000000000000e-01  -3.83471810349693e-06
5.25000000000000e-01  -3.96312246656015e-06
5.50000000000000e-01  -4.09748585791777e-06
5.75000000000000e-01  -4.23858906601551e-06
6.00000000000000e-01  -4.38730939600104e-06
6.25000000000000e-01  -4.54463650409509e-06
6.50000000000000e-01  -4.71168823196252e-06
6.75000000000000e-01  -4.88972644108340e-06
7.00000000000000e-01  -5.08017284712413e-06
7.25000000000000e-01  -5.28462485430849e-06
7.50000000000000e-01  -5.50487138978874e-06
7.75000000000000e-01  -5.74290873801671e-06
8.00000000000000e-01  -6.00095637511487e-06
8.25000000000000e-01  -6.28147280324745e-06
8.50000000000000e-01  -6.58717138499146e-06
8.75000000000000e-01  -6.92103617770789e-06
9.00000000000000e-01  -7.28633776791265e-06
9.25000000000000e-01  -7.68664910564776e-06
9.50000000000000e-01  -8.12586133885243e-06
9.75000000000000e-01  -8.60819964773408e-06
1.00000000000000e+00  -9.13823907913951e-06
1.02500000000000e+00  -9.72092038092592e-06
1.05000000000000e+00  -1.03615658363320e-05
1.07500000000000e+00  -1.10658950983491e-05
1.10000000000000e+00  -1.18400410240922e-05
1.12500000000000e+00  -1.26905655091711e-05
1.15000000000000e+00  -1.36244753220613e-05
1.17500000000000e+00  -1.46492379384755e-05
1.20000000000000e+00  -1.57727973757342e-05
1.22500000000000e+00  -1.70035900271371e-05
1.25000000000000e+00  -1.67219786743301e-05
1.27500000000000e+00  -1.93447527516496e-05
1.30000000000000e+00  -2.17157098998680e-05
1.32500000000000e+00  -2.39416767932540e-05
1.35000000000000e+00  -2.61183835797705e-05
1.37500000000000e+00  -2.83315118632277e-05
1.40000000000000e+00  -3.06577426854367e-05
1.42500000000000e+00  -3.31658045083617e-05
1.45000000000000e+00  -3.59175211962740e-05
1.47500000000000e+00  -3.89688599979044e-05
1.50000000000000e+00  -4.23709795285970e-05
1.52500000000000e+00  -4.61712777524612e-05
1.55000000000000e+00  -5.04144399645262e-05
1.57500000000000e+00  -5.51434867728933e-05
1.60000000000000e+00  -6.04008220808887e-05
1.62500000000000e+00  -6.62292810692172e-05
1.65000000000000e+00  -7.26731781781154e-05
1.67500000000000e+00  -7.97793550895038e-05
1.70000000000000e+00  -8.75982287091417e-05
1.72500000000000e+00  -9.61848391487779e-05
1.75000000000000e+00  -1.05599897708306e-04
1.77500000000000e+00  -1.15910834857917e-04
1.80000000000000e+00  -1.27192848220250e-04
1.82500000000000e+00  -1.39529950552550e-04
1.85000000000000e+00  -1.53016017728816e-04
1.87500000000000e+00  -1.67755836721958e-04
1.90000000000000e+00  -1.83866153585948e-04
1.92500000000000e+00  -2.01476721437972e-04
1.95000000000000e+00  -2.20731348440589e-04
1.97500000000000e+00  -2.41788945783874e-04
2.00000000000000e+00  -2.64824575667582e-04
2.02500000000000e+00  -2.90030499283294e-04
2.05000000000000e+00  -3.17617224796571e-04
2.07500000000000e+00  -3.47814555329109e-04
2.10000000000000e+00  -3.80872636940893e-04
2.12500000000000e+00  -4.17063006612346e-04
2.15000000000000e+00  -4.56679640226484e-04
2.17500000000000e+00  -5.00040000551075e-04
2.20000000000000e+00  -5.47486085220780e-04
2.22500000000000e+00  -5.99385474719316e-04
2.25000000000000e+00  -6.56132380361605e-04
2.27500000000000e+00  -7.18148692275931e-04
2.30000000000000e+00  -7.85885027386086e-04
2.32500000000000e+00  -8.59821777393528e-04
2.35000000000000e+00  -9.40470156759535e-04
2.37500000000000e+00  -1.02837325068736e-03
2.40000000000000e+00  -1.12410706310437e-03
2.42500000000000e+00  -1.22828156464421e-03
2.45000000000000e+00  -1.34154174062898e-03
2.47500000000000e+00  -1.46456863905132e-03
2.50000000000000e+00  -1.59867501974648e-03
2.52500000000000e+00  -1.74635718924270e-03
2.55000000000000e+00  -1.90681707436686e-03
2.57500000000000e+00  -2.08132093732049e-03
2.60000000000000e+00  -2.27119038303936e-03
2.62500000000000e+00  -2.47781674561465e-03
2.65000000000000e+00  -2.70267547471434e-03
2.67500000000000e+00  -2.94734052200445e-03
2.70000000000000e+00  -3.21349872757037e-03
2.72500000000000e+00  -3.50296420633809e-03
2.75000000000000e+00  -3.81769273449556e-03
2.77500000000000e+00  -4.15979613591397e-03
2.80000000000000e+00  -4.53155666856897e-03
2.82500000000000e+00  -4.93544141096208e-03
2.85000000000000e+00  -5.37411664854188e-03
2.87500000000000e+00  -5.85046226012534e-03
2.90000000000000e+00  -6.36758610431913e-03
2.92500000000000e+00  -6.92883840594088e-03
2.95000000000000e+00  -7.53782614244051e-03
2.97500000000000e+00  -8.19842743032146e-03
3.00000000000000e+00  -8.91480591156206e-03
3.02500000000000e+00  -9.69142514003674e-03
3.05000000000000e+00  -1.05330629679374e-02
3.07500000000000e+00  -1.14448259321947e-02
3.10000000000000e+00  -1.24321636408991e-02
3.12500000000000e+00  -1.35105436563636e-02
3.15000000000000e+00  -1.46574333979668e-02
3.17500000000000e+00  -1.59062303482766e-02
3.20000000000000e+00  -1.72609633531650e-02
3.22500000000000e+00  -1.87271080789390e-02
3.25000000000000e+00  -2.03114792127476e-02
3.27500000000000e+00  -2.20221226629898e-02
3.30000000000000e+00  -2.38682077597219e-02
3.32500000000000e+00  -2.58599194550657e-02
3.35000000000000e+00  -2.80083505236157e-02
3.37500000000000e+00  -3.03253937628471e-02
3.40000000000000e+00  -3.28236341935231e-02
3.42500000000000e+00  -3.55162412601026e-02
3.45000000000000e+00  -3.84171874483380e-02
3.47500000000000e+00  -4.15409815592146e-02
3.50000000000000e+00  -4.49025277631765e-02
3.52500000000000e+00  -4.85178708794752e-02
3.55000000000000e+00  -5.24035429011801e-02
3.57500000000000e+00  -5.65767939079394e-02
3.60000000000000e+00  -6.10558229787410e-02
3.62500000000000e+00  -6.58600091046734e-02
3.65000000000000e+00  -7.10101421016867e-02
3.67500000000000e+00  -7.65286535233531e-02
3.70000000000000e+00  -8.24398475736281e-02
3.72500000000000e+00  -8.87701320196115e-02
3.75000000000000e+00  -9.55242875863162e-02
3.77500000000000e+00  -1.02752032583662e-01
3.80000000000000e+00  -1.10467333490068e-01
3.82500000000000e+00  -1.18697013457553e-01
3.85000000000000e+00  -1.27468494359795e-01
3.87500000000000e+00  -1.36809654636357e-01
3.90000000000000e+00  -1.46748687136919e-01
3.92500000000000e+00  -1.57313956965503e-01
3.95000000000000e+00  -1.68533859324706e-01
3.97500000000000e+00  -1.80436677359928e-01
4.00000000000000e+00  -1.93050440003596e-01
4.02500000000000e+00  -2.06402779819401e-01
4.05000000000000e+00  -2.20520790846518e-01
4.07500000000000e+00  -2.35430208320683e-01
4.10000000000000e+00  -2.51155606283274e-01
4.12500000000000e+00  -2.67720108435109e-01
4.15000000000000e+00  -2.85144228133728e-01
4.17500000000000e+00  -3.03446195623543e-01
4.20000000000000e+00  -3.22641315040195e-01
4.22500000000000e+00  -3.42741321414894e-01
4.25000000000000e+00  -3.63753737678778e-01
4.27500000000000e+00  -3.85681231667259e-01
4.30000000000000e+00  -4.08520973124371e-01
4.32500000000000e+00  -4.32263990707126e-01
4.35000000000000e+00  -4.56894528989855e-01
4.37500000000000e+00  -4.82389280396827e-01
4.40000000000000e+00  -5.08718260626992e-01
4.42500000000000e+00  -5.35839276461683e-01
4.45000000000000e+00  -5.63701875858759e-01
4.47500000000000e+00  -5.92244396451458e-01
4.50000000000000e+00  -6.21393176084372e-01
4.52500000000000e+00  -6.51061763349404e-01
4.55000000000000e+00  -6.81150128121731e-01
4.57500000000000e+00  -7.11543872095774e-01
4.60000000000000e+00  -7.42113439321152e-01
4.62500000000000e+00  -7.72713326738650e-01
4.65000000000000e+00  -8.03181294716186e-01
4.67500000000000e+00  -8.33337577584766e-01
4.70000000000000e+00  -8.62985607433115e-01
4.72500000000000e+00  -8.91910605945510e-01
4.75000000000000e+00  -9.19877324865539e-01
4.77500000000000e+00  -9.46637862772165e-01
4.80000000000000e+00  -9.71924372718368e-01
4.82500000000000e+00  -9.95451154662496e-01
4.85000000000000e+00  -1.01691674789961e+00
4.87500000000000e+00  -1.03600602349284e+00
4.90000000000000e+00  -1.05239227670469e+00
4.92500000000000e+00  -1.06573931942844e+00
4.95000000000000e+00  -1.07570357261944e+00
4.97500000000000e+00  -1.08193615872648e+00
5.00000000000000e+00  -1.08408499412315e+00
5.02500000000000e+00  -1.08193615872648e+00
5.05000000000000e+00  -1.07570357261944e+00
5.07500000000000e+00  -1.06573931942844e+00
5.10000000000000e+00  -1.05239227670469e+00
5.12500000000000e+00  -1.03600602349284e+00
5.15000000000000e+00  -1.01691674789961e+00
5.17500000000000e+00  -9.95451154662496e-01
5.20000000000000e+00  -9.71924372718368e-01
5.22500000000000e+00  -9.46637862772165e-01
5.25000000000000e+00  -9.19877324865540e-01
5.27500000000000e+00  -8.91910605945509e-01
5.30000000000000e+00  -8.62985607433115e-01
5.32500000000000e+00  -8.33337577584765e-01
5.35000000000000e+00  -8.03181294716185e-01
5.37500000000000e+00  -7.72713326738650e-01
5.40000000000000e+00  -7.42113439321151e-01
5.42500000000000e+00  -7.11543872095773e-01
5.45000000000000e+00  -6.81150128121731e-01
5.47500000000000e+00  -6.51061763349402e-01
5.50000000000000e+00  -6.21393176084371e-01
5.52500000000000e+00  -5.92244396451457e-01
5.55000000000000e+00  -5.63701875858758e-01
5.57500000000000e+00  -5.35839276461684e-01
5.60000000000000e+00  -5.08718260626991e-01
5.62500000000000e+00  -4.82389405468565e-01
5.65000000000000e+00  -4.56894528989854e-01
5.67500000000000e+00  -4.32263990707125e-01
5.70000000000000e+00  -4.08520973124371e-01
5.72500000000000e+00  -3.85681231667258e-01
5.75000000000000e+00  -3.63753737678778e-01
5.77500000000000e+00  -3.42741321414894e-01
5.80000000000000e+00  -3.22641315040194e-01
5.82500000000000e+00  -3.03446195623543e-01
5.85000000000000e+00  -2.85144228133727e-01
5.87500000000000e+00  -2.67720108435109e-01
5.90000000000000e+00  -2.51155606283273e-01
5.92500000000000e+00  -2.35430208320682e-01
5.95000000000000e+00  -2.20520790846517e-01
5.97500000000000e+00  -2.06402779819401e-01
6.00000000000000e+00  -1.93050440003596e-01
6.02500000000000e+00  -1.80436677359927e-01
6.05000000000000e+00  -1.68533859324705e-01
6.07500000000000e+00  -1.57313956965502e-01
6.10000000000000e+00  -1.46748687136918e-01
6.12500000000000e+00  -1.36809654636357e-01
6.15000000000000e+00  -1.27468494359795e-01
6.17500000000000e+00  -1.18697013457552e-01
6.20000000000000e+00  -1.10467333490067e-01
6.22500000000000e+00  -1.02752032583661e-01
6.25000000000000e+00  -9.55482491043073e-02
6.27500000000000e+00  -8.87701320196109e-02
6.30000000000000e+00  -8.24398475736274e-02
6.32500000000000e+00  -7.65286535233525e-02
6.35000000000000e+00  -7.10101421016861e-02
6.37500000000000e+00  -6.58600091046730e-02
6.40000000000000e+00  -6.10558229787404e-02
6.42500000000000e+00  -5.65767939079389e-02
6.45000000000000e+00  -5.24035429011798e-02
6.47500000000000e+00  -4.85178708794748e-02
6.50000000000000e+00  -4.49025277631762e-02
6.52500000000000e+00  -4.15409815592142e-02
6.55000000000000e+00  -3.84171874483376e-02
6.57500000000000e+00  -3.55162412601022e-02
6.60000000000000e+00  -3.28236341935227e-02
6.62500000000000e+00  -3.03253937628468e-02
6.65000000000000e+00  -2.80083505236154e-02
6.67500000000000e+00  -2.58599194550653e-02
6.70000000000000e+00  -2.38682077597215e-02
6.72500000000000e+00  -2.20221226629894e-02
6.75000000000000e+00  -2.03114792127473e-02
6.77500000000000e+00  -1.87271080789387e-02
6.80000000000000e+00  -1.72609633531646e-02
6.82500000000000e+00  -1.59062303482762e-02
6.85000000000000e+00  -1.46574333979665e-02
6.87500000000000e+00  -1.35008831597224e-02
6.90000000000000e+00  -1.24321636408988e-02
6.92500000000000e+00  -1.14448259321943e-02
6.95000000000000e+00  -1.05330629679371e-02
6.97500000000000e+00  -9.69142514003642e-03
7.00000000000000e+00  -8.91480591156176e-03
7.02500000000000e+00  -8.19842743032115e-03
7.05000000000000e+00  -7.53782614244022e-03
7.07500000000000e+00  -6.92883840594062e-03
7.10000000000000e+00  -6.36758610431886e-03
7.12500000000000e+00  -5.85046226012509e-03
7.15000000000000e+00  -5.37411664854163e-03
7.17500000000000e+00  -4.93544141096184e-03
7.20000000000000e+00  -4.53155666856876e-03
7.22500000000000e+00  -4.15979613591376e-03
7.25000000000000e+00  -3.81769273449538e-03
7.27500000000000e+00  -3.50296420633792e-03
7.30000000000000e+00  -3.21349872757021e-03
7.32500000000000e+00  -2.94734052200432e-03
7.35000000000000e+00  -2.70267547471421e-03
7.37500000000000e+00  -2.47781674561453e-03
7.40000000000000e+00  -2.27119038303924e-03
7.42500000000000e+00  -2.08132093732037e-03
7.45000000000000e+00  -1.90681707436672e-03
7.47500000000000e+00  -1.74635718924256e-03
7.50000000000000e+00  -1.59808041855613e-03
7.52500000000000e+00  -1.46456863905082e-03
7.55000000000000e+00  -1.34154174062849e-03
7.57500000000000e+00  -1.22828156464375e-03
7.60000000000000e+00  -1.12410706310393e-03
7.62500000000000e+00  -1.02837325068694e-03
7.65000000000000e+00  -9.40470156759142e-04
7.67500000000000e+00  -8.59821777393156e-04
7.70000000000000e+00  -7.85885027385734e-04
7.72500000000000e+00  -7.18148692275596e-04
7.75000000000000e+00  -6.56132380361289e-04
7.77500000000000e+00  -5.99385474719014e-04
7.80000000000000e+00  -5.47486085220492e-04
7.82500000000000e+00  -5.00040000550802e-04
7.85000000000000e+00  -4.56679640226225e-04
7.87500000000000e+00  -4.17063006612099e-04
7.90000000000000e+00  -3.80872636940660e-04
7.92500000000000e+00  -3.47814555328887e-04
7.95000000000000e+00  -3.17617224796361e-04
7.97500000000000e+00  -2.90030499283094e-04
8.00000000000000e+00  -2.64824575667394e-04
8.02500000000000e+00  -2.41788945783695e-04
8.05000000000000e+00  -2.20731348440419e-04
8.07500000000000e+00  -2.01476721437812e-04
8.10000000000000e+00  -1.83866153585797e-04
8.12500000000000e+00  -1.67755836721816e-04
8.15000000000000e+00  -1.53016017728682e-04
8.17500000000000e+00  -1.39529950552424e-04
8.20000000000000e+00  -1.27192848220132e-04
8.22500000000000e+00  -1.15910834857807e-04
8.25000000000000e+00  -1.05599897708204e-04
8.27500000000000e+00  -9.61848391486831e-05
8.30000000000000e+00  -8.75982287090542e-05
8.32500000000000e+00  -7.97793550894233e-05
8.35000000000000e+00  -7.26731781780421e-05
8.37500000000000e+00  -6.62292810691505e-05
8.40000000000000e+00  -6.04008220808284e-05
8.42500000000000e+00  -5.51434867728393e-05
8.45000000000000e+00  -5.04144399644785e-05
8.47500000000000e+00  -4.61712777524197e-05
8.50000000000000e+00  -4.23709795285612e-05
8.52500000000000e+00  -3.89688599978745e-05
8.55000000000000e+00  -3.59175211962495e-05
8.57500000000000e+00  -3.31658045083426e-05
8.60000000000000e+00  -3.06577426854229e-05
8.62500000000000e+00  -2.83315118632189e-05
8.65000000000000e+00  -2.61183835797663e-05
8.67500000000000e+00  -2.39416767932543e-05
8.70000000000000e+00  -2.17157098998727e-05
8.72500000000000e+00  -1.93447527516585e-05
8.75000000000000e+00  -1.83505604963471e-05
8.77500000000000e+00  -1.70035900271539e-05
8.80000000000000e+00  -1.57727973757546e-05
8.82500000000000e+00  -1.46492379384992e-05
8.85000000000000e+00  -1.36244753220882e-05
8.87500000000000e+00  -1.26905655092008e-05
8.90000000000000e+00  -1.18400410241245e-05
8.92500000000000e+00  -1.10658950983837e-05
8.95000000000000e+00  -1.03615658363686e-05
8.97500000000000e+00  -9.72092038096425e-06
9.00000000000000e+00  -9.13823907917923e-06
9.02500000000000e+00  -8.60819964777489e-06
9.05000000000000e+00  -8.12586133889401e-06
9.07500000000000e+00  -7.68664910568982e-06
9.10000000000000e+00  -7.28633776795491e-06
9.12500000000000e+00  -6.92103617775002e-06
9.15000000000000e+00  -6.58717138503319e-06
9.17500000000000e+00  -6.28147280328846e-06
9.20000000000000e+00  -6.00095637515490e-06
9.22500000000000e+00  -5.74290873805551e-06
9.25000000000000e+00  -5.50487138982605e-06
9.27500000000000e+00  -5.28462485434407e-06
9.30000000000000e+00  -5.08017284715778e-06
9.32500000000000e+00  -4.88972644111495e-06
9.35000000000000e+00  -4.71168823199180e-06
9.37500000000000e+00  -4.54463650412199e-06
9.40000000000000e+00  -4.38730939602544e-06
9.42500000000000e+00  -4.23858906603736e-06
9.45000000000000e+00  -4.09748585793704e-06
9.47500000000000e+00  -3.96312246657687e-06
9.50000000000000e+00  -3.83471810351116e-06
9.52500000000000e+00  -3.71157266262513e-06
9.55000000000000e+00  -3.59305088576380e-06
9.57500000000000e+00  -3.47856652836089e-06
9.60000000000000e+00  -3.36756652506773e-06
9.62500000000000e+00  -3.25951515538222e-06
9.65000000000000e+00  -3.15387820927768e-06
9.67500000000000e+00  -3.05010715283180e-06
9.70000000000000e+00  -2.94762329385558e-06
9.72500000000000e+00  -2.84580194752219e-06
9.75000000000000e+00  -2.74395660199590e-06
9.77500000000000e+00  -2.64132308406103e-06
9.80000000000000e+00  -2.53704372475081e-06
9.82500000000000e+00  -2.43015152497634e-06
9.85000000000000e+00  -2.31955432115547e-06
9.87500000000000e+00  -2.20401895084176e-06
9.90000000000000e+00  -2.08215541835331e-06
9.92500000000000e+00  -1.95240106040177e-06
9.95000000000000e+00  -1.81300471172122e-06
9.97500000000000e+00  -1.66201087069703e-06
1.00000000000000e+01  -1.49724386499493e-06
