0.00000000000000e+00  3.50501321674218e-02
2.50000000000000e-02  3.61108232004936e-02
5.00000000000000e-02  3.72009659927149e-02
7.50000000000000e-02  3.83212825782568e-02
1.00000000000000e-01  3.94725228787357e-02
1.25000000000000e-01  4.06554641036012e-02
1.50000000000000e-01  4.18709101505243e-02
1.75000000000000e-01  4.31196910057856e-02
2.00000000000000e-01  4.44026621446638e-02
2.25000000000000e-01  4.57207039318237e-02
2.50000000000000e-01  4.70747210217043e-02
2.75000000000000e-01  4.84656417589074e-02
3.00000000000000e-01  4.98944175785855e-02
3.25000000000000e-01  5.13620224068305e-02
3.50000000000000e-01  5.28694520610612e-02
3.75000000000000e-01  5.44177236504124e-02
4.00000000000000e-01  5.60078749761225e-02
4.25000000000000e-01  5.76409639319218e-02
4.50000000000000e-01  5.93180679044212e-02
4.75000000000000e-01  6.10402831734999e-02
5.00000000000000e-01  6.28087243126941e-02
5.25000000000000e-01  6.46245235895846e-02
5.50000000000000e-01  6.64888303661858e-02
5.75000000000000e-01  6.84028104993334e-02
6.00000000000000e-01  7.03676457410729e-02
6.25000000000000e-01  7.23845331390477e-02
6.50000000000000e-01  7.44546844368874e-02
6.75000000000000e-01  7.65793254745960e-02
7.00000000000000e-01  7.87596955889403e-02
7.25000000000000e-01  8.09970470138377e-02
7.50000000000000e-01  8.32926442807452e-02
7.75000000000000e-01  8.56477636190467e-02
8.00000000000000e-01  8.80636923564420e-02
8.25000000000000e-01  9.05417283193347e-02
8.50000000000000e-01  9.30831792332203e-02
8.75000000000000e-01  9.56893621230752e-02
9.00000000000000e-01  9.83616027137436e-02
9.25000000000000e-01  1.01101234830327e-01
9.50000000000000e-01  1.03909599798572e-01
9.75000000000000e-01  1.06788045845258e-01
1.00000000000000e+00  1.09737927498586e-01
1.02500000000000e+00  1.12760604988568e-01
1.05000000000000e+00  1.15857443647412e-01
1.07500000000000e+00  1.19029813309914e-01
1.10000000000000e+00  1.22279087713842e-01
1.12500000000000e+00  1.25606643900331e-01
1.15000000000000e+00  1.29013861614262e-01
1.17500000000000e+00  1.32502122704658e-01
1.20000000000000e+00  1.36072810525070e-01
1.22500000000000e+00  1.39727309333963e-01
1.25000000000000e+00  1.43464174587210e-01
1.27500000000000e+00  1.47288409283140e-01
1.30000000000000e+00  1.51199737771794e-01
1.32500000000000e+00  1.55199286657863e-01
1.35000000000000e+00  1.59288157317162e-01
1.37500000000000e+00  1.63467418325981e-01
1.40000000000000e+00  1.67738097890438e-01
1.42500000000000e+00  1.72101176275836e-01
1.45000000000000e+00  1.76557578236016e-01
1.47500000000000e+00  1.81108165442708e-01
1.50000000000000e+00  1.85753728914885e-01
1.52500000000000e+00  1.90494981448120e-01
1.55000000000000e+00  1.95332550043935e-01
1.57500000000000e+00  2.00266968339159e-01
1.60000000000000e+00  2.05298669035279e-01
1.62500000000000e+00  2.10427976327791e-01
1.65000000000000e+00  2.15655098335560e-01
1.67500000000000e+00  2.20980119530170e-01
1.70000000000000e+00  2.26402993165275e-01
1.72500000000000e+00  2.31923533705957e-01
1.75000000000000e+00  2.37541409258079e-01
1.77500000000000e+00  2.43256133997635e-01
1.80000000000000e+00  2.49067060600108e-01
1.82500000000000e+00  2.54973372669820e-01
1.85000000000000e+00  2.60974077169289e-01
1.87500000000000e+00  2.67067941313803e-01
1.90000000000000e+00  2.73253254230528e-01
1.92500000000000e+00  2.79528612884997e-01
1.95000000000000e+00  2.85892056731338e-01
1.97500000000000e+00  2.92341384465363e-01
2.00000000000000e+00  2.98874136475818e-01
2.02500000000000e+00  3.05487577295644e-01
2.05000000000000e+00  3.12178678053230e-01
2.07500000000000e+00  3.18944098923671e-01
2.10000000000000e+00  3.25780171580021e-01
2.12500000000000e+00  3.32682881644552e-01
2.15000000000000e+00  3.39647851140007e-01
2.17500000000000e+00  3.46670320940858e-01
2.20000000000000e+00  3.53745133224559e-01
2.22500000000000e+00  3.60866713922806e-01
2.25000000000000e+00  3.68029055172790e-01
2.27500000000000e+00  3.75225697768452e-01
2.30000000000000e+00  3.82449713611742e-01
2.32500000000000e+00  3.89693688163870e-01
2.35000000000000e+00  3.96949702896569e-01
2.37500000000000e+00  4.04209317743344e-01
2.40000000000000e+00  4.11463553550730e-01
2.42500000000000e+00  4.18702874529550e-01
2.45000000000000e+00  4.25917170706168e-01
2.47500000000000e+00  4.33095740373747e-01
2.50000000000000e+00  4.40223787481499e-01
2.52500000000000e+00  4.47297336863811e-01
2.55000000000000e+00  4.54298276225090e-01
2.57500000000000e+00  4.61213868245191e-01
2.60000000000000e+00  4.68030556845647e-01
2.62500000000000e+00  4.74733982670508e-01
2.65000000000000e+00  4.81308998567180e-01
2.67500000000000e+00  4.87739685067257e-01
2.70000000000000e+00  4.94009365867367e-01
2.72500000000000e+00  5.00100623310004e-01
2.75000000000000e+00  5.05995313864371e-01
2.77500000000000e+00  5.11674583607212e-01
2.80000000000000e+00  5.17118883703653e-01
2.82500000000000e+00  5.22307985888044e-01
2.85000000000000e+00  5.27220997944787e-01
2.87500000000000e+00  5.31836379189184e-01
2.90000000000000e+00  5.36131955948270e-01
2.92500000000000e+00  5.40084937041652e-01
2.95000000000000e+00  5.43671929262344e-01
2.97500000000000e+00  5.46868952857611e-01
3.00000000000000e+00  5.49651457009802e-01
3.02500000000000e+00  5.51994335317191e-01
3.05000000000000e+00  5.53871941274810e-01
3.07500000000000e+00  5.55258103755294e-01
3.10000000000000e+00  5.56126142489714e-01
3.12500000000000e+00  5.56446695157902e-01
3.15000000000000e+00  5.56204821164742e-01
3.17500000000000e+00  5.55362459068587e-01
3.20000000000000e+00  5.53894407945783e-01
3.22500000000000e+00  5.51775070556778e-01
3.25000000000000e+00  5.48978676595965e-01
3.27500000000000e+00  5.45479505941524e-01
3.30000000000000e+00  5.41252111905268e-01
3.32500000000000e+00  5.36271544482480e-01
3.35000000000000e+00  5.30513573601761e-01
3.37500000000000e+00  5.23954912374869e-01
3.40000000000000e+00  5.16573440346565e-01
3.42500000000000e+00  5.08348426744454e-01
3.45000000000000e+00  4.99260753728824e-01
3.47500000000000e+00  4.89293139642497e-01
3.50000000000000e+00  4.78430362260663e-01
3.52500000000000e+00  4.66659482040730e-01
3.55000000000000e+00  4.53970065372161e-01
3.57500000000000e+00  4.40354407826320e-01
3.60000000000000e+00  4.25807757406313e-01
3.62500000000000e+00  4.10328537796833e-01
3.65000000000000e+00  3.93918571613998e-01
3.67500000000000e+00  3.76583303655200e-01
3.70000000000000e+00  3.58332024148943e-01
3.72500000000000e+00  3.39178092004686e-01
3.75000000000000e+00  3.19141750623385e-01
3.77500000000000e+00  2.98247296072514e-01
3.80000000000000e+00  2.76523966256278e-01
3.82500000000000e+00  2.54006178776889e-01
3.85000000000000e+00  2.30734367231559e-01
3.87500000000000e+00  2.06755129759538e-01
3.90000000000000e+00  1.82121377589159e-01
3.92500000000000e+00  1.56892483584878e-01
3.95000000000000e+00  1.31134430794312e-01
3.97500000000000e+00  1.04919960995283e-01
4.00000000000000e+00  7.83287232428578e-02
4.02500000000000e+00  5.14474224163884e-02
4.05000000000000e+00  2.43699677665560e-02
4.07500000000000e+00  -2.80319049080237e-03
4.10000000000000e+00  -2.99645427961322e-02
4.12500000000000e+00  -5.69993661989230e-02
4.15000000000000e+00  -8.37876041619706e-02
4.17500000000000e+00  -1.10202502675042e-01
4.20000000000000e+00  -1.36111349886362e-01
4.22500000000000e+00  -1.61376215734085e-01
4.25000000000000e+00  -1.85854691577777e-01
4.27500000000000e+00  -2.09400629829902e-01
4.30000000000000e+00  -2.31864883587289e-01
4.32500000000000e+00  -2.53096046262625e-01
4.35000000000000e+00  -2.72941191215920e-01
4.37500000000000e+00  -2.91247047338886e-01
4.40000000000000e+00  -3.07863787930025e-01
4.42500000000000e+00  -3.22641684800788e-01
4.45000000000000e+00  -3.35437069247957e-01
4.47500000000000e+00  -3.46111731041577e-01
4.50000000000000e+00  -3.54534946881741e-01
4.52500000000000e+00  -3.60585508855366e-01
4.55000000000000e+00  -3.64153752892972e-01
4.57500000000000e+00  -3.65143587225465e-01
4.60000000000000e+00  -3.63474520840915e-01
4.62500000000000e+00  -3.59083691941336e-01
4.65000000000000e+00  -3.51927896399466e-01
4.67500000000000e+00  -3.41985616215547e-01
4.70000000000000e+00  -3.29259443485804e-01
4.72500000000000e+00  -3.13777759420724e-01
4.75000000000000e+00  -2.95598841443781e-01
4.77500000000000e+00  -2.74805664542195e-01
4.80000000000000e+00  -2.51514343843130e-01
4.82500000000000e+00  -2.25874016941445e-01
4.85000000000000e+00  -1.98066726227432e-01
4.87500000000000e+00  -1.68307301214574e-01
4.90000000000000e+00  -1.36843240867287e-01
4.92500000000000e+00  -1.03954595928667e-01
4.95000000000000e+00  -6.99538512482438e-02
4.97500000000000e+00  -3.51858081097204e-02
5.00000000000000e+00  -1.74863704061330e-05
5.02500000000000e+00  3.51407842586704e-02
5.05000000000000e+00  6.99086166994932e-02
5.07500000000000e+00  1.03909031124717e-01
5.10000000000000e+00  1.36797252403450e-01
5.12500000000000e+00  1.68260826081598e-01
5.15000000000000e+00  1.98019734362226e-01
5.17500000000000e+00  2.25826512085907e-01
5.20000000000000e+00  2.51466362711072e-01
5.22500000000000e+00  2.74757274294370e-01
5.25000000000000e+00  2.95550135471013e-01
5.27500000000000e+00  3.13728851435136e-01
5.30000000000000e+00  3.29210459920146e-01
5.32500000000000e+00  3.41936692850174e-01
5.35000000000000e+00  3.51879171460951e-01
5.37500000000000e+00  3.59035300513638e-01
5.40000000000000e+00  3.63426589487196e-01
5.42500000000000e+00  3.65096230166423e-01
5.45000000000000e+00  3.64107069018853e-01
5.47500000000000e+00  3.60539579571668e-01
5.50000000000000e+00  3.54489834788598e-01
5.52500000000000e+00  3.46067479446828e-01
5.55000000000000e+00  3.35393702513908e-01
5.57500000000000e+00  3.22599209524652e-01
5.60000000000000e+00  3.07822194958047e-01
5.62500000000000e+00  2.91205878311642e-01
5.65000000000000e+00  2.72901283157011e-01
5.67500000000000e+00  2.53056920136545e-01
5.70000000000000e+00  2.31826489721449e-01
5.72500000000000e+00  2.09362914637536e-01
5.75000000000000e+00  1.85817599930493e-01
5.77500000000000e+00  1.61339693031129e-01
5.80000000000000e+00  1.36075343820631e-01
5.82500000000000e+00  1.10166964695824e-01
5.85000000000000e+00  8.37524906344162e-02
5.87500000000000e+00  5.69646392602669e-02
5.90000000000000e+00  2.99301709086297e-02
5.92500000000000e+00  2.76914869141635e-03
5.95000000000000e+00  -2.44036979717063e-02
5.97500000000000e+00  -5.14808532280348e-02
6.00000000000000e+00  -7.83618611181948e-02
6.02500000000000e+00  -1.04952806979909e-01
6.05000000000000e+00  -1.31166981344441e-01
6.07500000000000e+00  -1.56924731369971e-01
6.10000000000000e+00  -1.82153312274998e-01
6.12500000000000e+00  -2.06786738771718e-01
6.15000000000000e+00  -2.30765636499418e-01
6.17500000000000e+00  -2.54037093457862e-01
6.20000000000000e+00  -2.76554511440677e-01
6.22500000000000e+00  -2.98277457468751e-01
6.25000000000000e+00  -3.19168920111527e-01
6.27500000000000e+00  -3.39207447991588e-01
6.30000000000000e+00  -3.58360962329888e-01
6.32500000000000e+00  -3.76611815406413e-01
6.35000000000000e+00  -3.93946651270436e-01
6.37500000000000e+00  -4.10356182485593e-01
6.40000000000000e+00  -4.25834966874977e-01
6.42500000000000e+00  -4.40381184266222e-01
6.45000000000000e+00  -4.53996413236590e-01
6.47500000000000e+00  -4.66685407858059e-01
6.50000000000000e+00  -4.78455874442409e-01
6.52500000000000e+00  -4.89318248286309e-01
6.55000000000000e+00  -4.99285470416401e-01
6.57500000000000e+00  -5.08372764334392e-01
6.60000000000000e+00  -5.16597412762138e-01
6.62500000000000e+00  -5.23978534386727e-01
6.65000000000000e+00  -5.30536860605576e-01
6.67500000000000e+00  -5.36294512271506e-01
6.70000000000000e+00  -5.41274776437836e-01
6.72500000000000e+00  -5.45501883103469e-01
6.75000000000000e+00  -5.49000781957976e-01
6.77500000000000e+00  -5.51796919126686e-01
6.80000000000000e+00  -5.53916013915769e-01
6.82500000000000e+00  -5.55383835557327e-01
6.85000000000000e+00  -5.56225979954478e-01
6.87500000000000e+00  -5.56469837048322e-01
6.90000000000000e+00  -5.56146900533158e-01
6.92500000000000e+00  -5.55278676127358e-01
6.95000000000000e+00  -5.53892336479624e-01
6.97500000000000e+00  -5.52014560629203e-01
7.00000000000000e+00  -5.49671518526416e-01
7.02500000000000e+00  -5.46888855553192e-01
7.05000000000000e+00  -5.43691677043598e-01
7.07500000000000e+00  -5.40104532804370e-01
7.10000000000000e+00  -5.36151401635444e-01
7.12500000000000e+00  -5.31855675850489e-01
7.15000000000000e+00  -5.27240145797436e-01
7.17500000000000e+00  -5.22326984379013e-01
7.20000000000000e+00  -5.17137731573271e-01
7.22500000000000e+00  -5.11693278954119e-01
7.25000000000000e+00  -5.06013854211854e-01
7.27500000000000e+00  -5.00119005673694e-01
7.30000000000000e+00  -4.94027586824305e-01
7.32500000000000e+00  -4.87757740826338e-01
7.35000000000000e+00  -4.81326885040956e-01
7.37500000000000e+00  -4.74751695548368e-01
7.40000000000000e+00  -4.68048091668356e-01
7.42500000000000e+00  -4.61231220480813e-01
7.45000000000000e+00  -4.54315441346268e-01
7.47500000000000e+00  -4.47314310426421e-01
7.50000000000000e+00  -4.40244049901934e-01
7.52500000000000e+00  -4.33112317148457e-01
7.55000000000000e+00  -4.25933542520699e-01
7.57500000000000e+00  -4.18719037194776e-01
7.60000000000000e+00  -4.11479503084277e-01
7.62500000000000e+00  -4.04225050387137e-01
7.65000000000000e+00  -3.96965215132484e-01
7.67500000000000e+00  -3.89708976727516e-01
7.70000000000000e+00  -3.82464775504350e-01
7.72500000000000e+00  -3.75240530266890e-01
7.75000000000000e+00  -3.68043655837690e-01
7.77500000000000e+00  -3.60881080604809e-01
7.80000000000000e+00  -3.53759264068679e-01
7.82500000000000e+00  -3.46684214388965e-01
7.85000000000000e+00  -3.39661505931424e-01
7.87500000000000e+00  -3.32696296814770e-01
7.90000000000000e+00  -3.25793346457532e-01
7.92500000000000e+00  -3.18957033124920e-01
7.95000000000000e+00  -3.12191371475683e-01
7.97500000000000e+00  -3.05500030108973e-01
8.00000000000000e+00  -2.98886349111206e-01
8.02500000000000e+00  -2.92353357602921e-01
8.05000000000000e+00  -2.85903791285646e-01
8.07500000000000e+00  -2.79540109988757e-01
8.10000000000000e+00  -2.73264515216339e-01
8.12500000000000e+00  -2.67079023294534e-01
8.15000000000000e+00  -2.60984870853275e-01
8.17500000000000e+00  -2.54983935533346e-01
8.20000000000000e+00  -2.49077394757622e-01
8.22500000000000e+00  -2.43266241723865e-01
8.25000000000000e+00  -2.37551292975761e-01
8.27500000000000e+00  -2.31933195973961e-01
8.30000000000000e+00  -2.26412436667112e-01
8.32500000000000e+00  -2.20989347062898e-01
8.35000000000000e+00  -2.15664112799074e-01
8.37500000000000e+00  -2.10436780714508e-01
8.40000000000000e+00  -2.05307266420212e-01
8.42500000000000e+00  -2.00275361870384e-01
8.45000000000000e+00  -1.95340742933443e-01
8.47500000000000e+00  -1.90502976963067e-01
8.50000000000000e+00  -1.85761530369226e-01
8.52500000000000e+00  -1.81115776189226e-01
8.55000000000000e+00  -1.76565001658740e-01
8.57500000000000e+00  -1.72108415782850e-01
8.60000000000000e+00  -1.67745156907079e-01
8.62500000000000e+00  -1.63474300288431e-01
8.65000000000000e+00  -1.59294865666428e-01
8.67500000000000e+00  -1.55205824834149e-01
8.70000000000000e+00  -1.51206109209261e-01
8.72500000000000e+00  -1.47294617405063e-01
8.75000000000000e+00  -1.43473052082124e-01
8.77500000000000e+00  -1.39733201087865e-01
8.80000000000000e+00  -1.36078549055510e-01
8.82500000000000e+00  -1.32507711383160e-01
8.85000000000000e+00  -1.29019303772953e-01
8.87500000000000e+00  -1.25611942830740e-01
8.90000000000000e+00  -1.22284246665763e-01
8.92500000000000e+00  -1.19034835490331e-01
8.95000000000000e+00  -1.15862332219495e-01
8.97500000000000e+00  -1.12765363070729e-01
9.00000000000000e+00  -1.09742558163602e-01
9.02500000000000e+00  -1.06792552119460e-01
9.05000000000000e+00  -1.03913984661096e-01
9.07500000000000e+00  -1.01105501212435e-01
9.10000000000000e+00  -9.83657534982037e-02
9.12500000000000e+00  -9.56934001436118e-02
9.15000000000000e+00  -9.30871072740268e-02
9.17500000000000e+00  -9.05455491146510e-02
9.20000000000000e+00  -8.80674085901989e-02
9.22500000000000e+00  -8.56513779245740e-02
9.25000000000000e+00  -8.32961592405442e-02
9.27500000000000e+00  -8.10004651594210e-02
9.30000000000000e+00  -7.87630194007343e-02
9.32500000000000e+00  -7.65825573819104e-02
9.35000000000000e+00  -7.44578268179479e-02
9.37500000000000e+00  -7.23875883210953e-02
9.40000000000000e+00  -7.03706160005274e-02
9.42500000000000e+00  -6.84056980620221e-02
9.45000000000000e+00  -6.64916374076376e-02
9.47500000000000e+00  -6.46272522353889e-02
9.50000000000000e+00  -6.28113766389243e-02
9.52500000000000e+00  -6.10428612072028e-02
9.55000000000000e+00  -5.93205736241709e-02
9.57500000000000e+00  -5.76433992684387e-02
9.60000000000000e+00  -5.60102418129577e-02
9.62500000000000e+00  -5.44200238246970e-02
9.65000000000000e+00  -5.28716873643198e-02
9.67500000000000e+00  -5.13641945858612e-02
9.70000000000000e+00  -4.98965283364042e-02
9.72500000000000e+00  -4.84676927557570e-02
9.75000000000000e+00  -4.70767138761293e-02
9.77500000000000e+00  -4.57226402218094e-02
9.80000000000000e+00  -4.44045434088413e-02
9.82500000000000e+00  -4.31215187447010e-02
9.85000000000000e+00  -4.18726858279738e-02
9.87500000000000e+00  -4.06571891480306e-02
9.90000000000000e+00  -3.94741986847049e-02
9.92500000000000e+00  -3.83229105079700e-02
9.95000000000000e+00  -3.72025473776154e-02
9.97500000000000e+00  -3.61123593429235e-02
1.00000000000000e+01  -3.50516243423475e-02
