0.00000000000000e+00  3.50494867355192e-02
2.50000000000000e-02  3.61101312381715e-02
5.00000000000000e-02  3.72002262575869e-02
7.50000000000000e-02  3.83204938189159e-02
1.00000000000000e-01  3.94716838319777e-02
1.25000000000000e-01  4.06545734920089e-02
1.50000000000000e-01  4.18699666804131e-02
1.75000000000000e-01  4.31186933655106e-02
2.00000000000000e-01  4.44016090032876e-02
2.25000000000000e-01  4.57195939381456e-02
2.50000000000000e-01  4.70735528036515e-02
2.75000000000000e-01  4.84644139232862e-02
3.00000000000000e-01  4.98931287111947e-02
3.25000000000000e-01  5.13606710729355e-02
3.50000000000000e-01  5.28680368062298e-02
3.75000000000000e-01  5.44162430017113e-02
4.00000000000000e-01  5.60063274436755e-02
4.25000000000000e-01  5.76393480108292e-02
4.50000000000000e-01  5.93163820770401e-02
4.75000000000000e-01  6.10385259120859e-02
5.00000000000000e-01  6.28068940824046e-02
5.25000000000000e-01  6.46226188518430e-02
5.50000000000000e-01  6.64868495824067e-02
5.75000000000000e-01  6.84007521350097e-02
6.00000000000000e-01  7.03655082702235e-02
6.25000000000000e-01  7.23823150490270e-02
6.50000000000000e-01  7.44523842335554e-02
6.75000000000000e-01  7.65769416878503e-02
7.00000000000000e-01  7.87572267786091e-02
7.25000000000000e-01  8.09944917759337e-02
7.50000000000000e-01  8.32900012540812e-02
7.75000000000000e-01  8.56450314922124e-02
8.00000000000000e-01  8.80608698751418e-02
8.25000000000000e-01  9.05388142940868e-02
8.50000000000000e-01  9.30801725474173e-02
8.75000000000000e-01  9.56862617414055e-02
9.00000000000000e-01  9.83584076909747e-02
9.25000000000000e-01  1.01097944320449e-01
9.50000000000000e-01  1.03906213064304e-01
9.75000000000000e-01  1.06784562267913e-01
1.00000000000000e+00  1.09734346588301e-01
1.02500000000000e+00  1.12756926394892e-01
1.05000000000000e+00  1.15853667170255e-01
1.07500000000000e+00  1.19025938910861e-01
1.10000000000000e+00  1.22275115527825e-01
1.12500000000000e+00  1.25602574247662e-01
1.15000000000000e+00  1.29009695013030e-01
1.17500000000000e+00  1.32497859883485e-01
1.20000000000000e+00  1.36068452436227e-01
1.22500000000000e+00  1.39722857166852e-01
1.25000000000000e+00  1.43459631735612e-01
1.27500000000000e+00  1.47283775252195e-01
1.30000000000000e+00  1.51195015079744e-01
1.32500000000000e+00  1.55194478113638e-01
1.35000000000000e+00  1.59283266051455e-01
1.37500000000000e+00  1.63462447823647e-01
1.40000000000000e+00  1.67733052024217e-01
1.42500000000000e+00  1.72096059341390e-01
1.45000000000000e+00  1.76552394988292e-01
1.47500000000000e+00  1.81102921133620e-01
1.50000000000000e+00  1.85748429332321e-01
1.52500000000000e+00  1.90489632956267e-01
1.55000000000000e+00  1.95327159624923e-01
1.57500000000000e+00  2.00261543636032e-01
1.60000000000000e+00  2.05293218396280e-01
1.62500000000000e+00  2.10422508851979e-01
1.65000000000000e+00  2.15649623919737e-01
1.67500000000000e+00  2.20974648917131e-01
1.70000000000000e+00  2.26397537993389e-01
1.72500000000000e+00  2.31918106560057e-01
1.75000000000000e+00  2.37536023721678e-01
1.77500000000000e+00  2.43250804706468e-01
1.80000000000000e+00  2.49061803296986e-01
1.82500000000000e+00  2.54968204260811e-01
1.85000000000000e+00  2.60969015781221e-01
1.87500000000000e+00  2.67063006408034e-01
1.90000000000000e+00  2.73248466610597e-01
1.92500000000000e+00  2.79523994802328e-01
1.95000000000000e+00  2.85887631951614e-01
1.97500000000000e+00  2.92337178344835e-01
2.00000000000000e+00  2.98870176041800e-01
2.02500000000000e+00  3.05483891331190e-01
2.05000000000000e+00  3.12175297185999e-01
2.07500000000000e+00  3.18941055718973e-01
2.10000000000000e+00  3.25777500638051e-01
2.12500000000000e+00  3.32680619701807e-01
2.15000000000000e+00  3.39646037174890e-01
2.17500000000000e+00  3.46668996283467e-01
2.20000000000000e+00  3.53744341670659e-01
2.22500000000000e+00  3.60866501851986e-01
2.25000000000000e+00  3.68029471670805e-01
2.27500000000000e+00  3.75226794753752e-01
2.30000000000000e+00  3.82451545966186e-01
2.32500000000000e+00  3.89696313867622e-01
2.35000000000000e+00  3.96953183167180e-01
2.37500000000000e+00  4.04213717179018e-01
2.40000000000000e+00  4.11468940277782e-01
2.42500000000000e+00  4.18709320354037e-01
2.45000000000000e+00  4.25924751269715e-01
2.47500000000000e+00  4.33104535313552e-01
2.50000000000000e+00  4.40233880742386e-01
2.52500000000000e+00  4.47308814117391e-01
2.55000000000000e+00  4.54311230259678e-01
2.57500000000000e+00  4.61228395983482e-01
2.60000000000000e+00  4.68046759599869e-01
2.62500000000000e+00  4.74751966372917e-01
2.65000000000000e+00  4.81328873975902e-01
2.67500000000000e+00  4.87761567947486e-01
2.70000000000000e+00  4.94033377147901e-01
2.72500000000000e+00  5.00126889215133e-01
2.75000000000000e+00  5.06023966021109e-01
2.77500000000000e+00  5.11705759127881e-01
2.80000000000000e+00  5.17152725243812e-01
2.82500000000000e+00  5.22344641679763e-01
2.85000000000000e+00  5.27260621805273e-01
2.87500000000000e+00  5.31879130504751e-01
2.90000000000000e+00  5.36177999633658e-01
2.92500000000000e+00  5.40134443474690e-01
2.95000000000000e+00  5.43725074193969e-01
2.97500000000000e+00  5.46925917297223e-01
3.00000000000000e+00  5.49712427085974e-01
3.02500000000000e+00  5.52059502113723e-01
3.05000000000000e+00  5.53941500642134e-01
3.07500000000000e+00  5.55332256097222e-01
3.10000000000000e+00  5.56205092525535e-01
3.12500000000000e+00  5.56530648342915e-01
3.15000000000000e+00  5.56293993184334e-01
3.17500000000000e+00  5.55457061835412e-01
3.20000000000000e+00  5.53994656142670e-01
3.22500000000000e+00  5.51881180742508e-01
3.25000000000000e+00  5.49090866269069e-01
3.27500000000000e+00  5.45597992562104e-01
3.30000000000000e+00  5.41377111874834e-01
3.32500000000000e+00  5.36403272081818e-01
3.35000000000000e+00  5.30652239886812e-01
3.37500000000000e+00  5.24100724030639e-01
3.40000000000000e+00  5.16726598499047e-01
3.42500000000000e+00  5.08509125730581e-01
3.45000000000000e+00  4.99429179824438e-01
3.47500000000000e+00  4.89469469748339e-01
3.50000000000000e+00  4.78614762546389e-01
3.52500000000000e+00  4.66852106546941e-01
3.55000000000000e+00  4.54171054570465e-01
3.57500000000000e+00  4.40563887137405e-01
3.60000000000000e+00  4.26025835676049e-01
3.62500000000000e+00  4.10555305730391e-01
3.65000000000000e+00  3.94154100167994e-01
3.67500000000000e+00  3.76827642387857e-01
3.70000000000000e+00  3.58585199528277e-01
3.72500000000000e+00  3.39440105674713e-01
3.75000000000000e+00  3.19412581421841e-01
3.77500000000000e+00  2.98526894768110e-01
3.80000000000000e+00  2.76812256719967e-01
3.82500000000000e+00  2.54303056040743e-01
3.85000000000000e+00  2.31039696629931e-01
3.87500000000000e+00  2.07068746151522e-01
3.90000000000000e+00  1.82443084662340e-01
3.92500000000000e+00  1.57222053240373e-01
3.95000000000000e+00  1.31471602613107e-01
3.97500000000000e+00  1.05264441785857e-01
4.00000000000000e+00  7.86801866701065e-02
4.02500000000000e+00  5.18055087118348e-02
4.05000000000000e+00  2.47342835198555e-02
4.07500000000000e+00  -2.43307263936326e-03
4.10000000000000e+00  -2.95890843463390e-02
4.12500000000000e+00  -5.66190632151121e-02
4.15000000000000e+00  -8.34029871184411e-02
4.17500000000000e+00  -1.09814136890158e-01
4.20000000000000e+00  -1.35719835889074e-01
4.22500000000000e+00  -1.60982189562879e-01
4.25000000000000e+00  -1.85458825012040e-01
4.27500000000000e+00  -2.09003630553711e-01
4.30000000000000e+00  -2.31467495285622e-01
4.32500000000000e+00  -2.52699048649994e-01
4.35000000000000e+00  -2.72545399997427e-01
4.37500000000000e+00  -2.90853313939994e-01
4.40000000000000e+00  -3.07472998534203e-01
4.42500000000000e+00  -3.22254758426774e-01
4.45000000000000e+00  -3.35054956356779e-01
4.47500000000000e+00  -3.45735410989494e-01
4.50000000000000e+00  -3.54165424522230e-01
4.52500000000000e+00  -3.60223810290168e-01
4.55000000000000e+00  -3.63800920372184e-01
4.57500000000000e+00  -3.64800673196691e-01
4.60000000000000e+00  -3.63142581147463e-01
4.62500000000000e+00  -3.58763778169472e-01
4.65000000000000e+00  -3.51621047374716e-01
4.67500000000000e+00  -3.41692848648057e-01
4.70000000000000e+00  -3.28981742903465e-01
4.72500000000000e+00  -3.13516070192565e-01
4.75000000000000e+00  -2.95354057014486e-01
4.77500000000000e+00  -2.74578618814474e-01
4.80000000000000e+00  -2.51305801868745e-01
4.82500000000000e+00  -2.25684666949153e-01
4.85000000000000e+00  -1.97897172987860e-01
4.87500000000000e+00  -1.68158060742013e-01
4.90000000000000e+00  -1.36714736458411e-01
4.92500000000000e+00  -1.03847155538180e-01
4.95000000000000e+00  -6.98677062014481e-02
4.97500000000000e+00  -3.51210931520089e-02
5.00000000000000e+00  2.57590031301704e-05
5.02500000000000e+00  3.51626108591349e-02
5.05000000000000e+00  6.99091641409360e-02
5.07500000000000e+00  1.03888515009552e-01
5.10000000000000e+00  1.36755960103596e-01
5.12500000000000e+00  1.68199112819501e-01
5.15000000000000e+00  1.97938019591775e-01
5.17500000000000e+00  2.25725276173229e-01
5.20000000000000e+00  2.51346143915222e-01
5.22500000000000e+00  2.74618666047900e-01
5.25000000000000e+00  2.95393783960433e-01
5.27500000000000e+00  3.13555453481260e-01
5.30000000000000e+00  3.29020761158324e-01
5.32500000000000e+00  3.41731482424104e-01
5.35000000000000e+00  3.51659279019314e-01
5.37500000000000e+00  3.58801591681470e-01
5.40000000000000e+00  3.63179962056557e-01
5.42500000000000e+00  3.64837608428724e-01
5.45000000000000e+00  3.63837398133032e-01
5.47500000000000e+00  3.60259819968196e-01
5.50000000000000e+00  3.54200956609327e-01
5.52500000000000e+00  3.45770457020682e-01
5.55000000000000e+00  3.35089508868405e-01
5.57500000000000e+00  3.22288810933271e-01
5.60000000000000e+00  3.07506545523433e-01
5.62500000000000e+00  2.90885915093964e-01
5.65000000000000e+00  2.72577923377255e-01
5.67500000000000e+00  2.52731055996838e-01
5.70000000000000e+00  2.31498985183630e-01
5.72500000000000e+00  2.09034602688826e-01
5.75000000000000e+00  1.85489280208169e-01
5.77500000000000e+00  1.61012129806215e-01
5.80000000000000e+00  1.35749264340595e-01
5.82500000000000e+00  1.09843057886289e-01
5.85000000000000e+00  8.34314061598842e-02
5.87500000000000e+00  5.66469869438497e-02
5.90000000000000e+00  2.96165205107930e-02
5.92500000000000e+00  2.46003004773501e-03
5.95000000000000e+00  -2.47077950795142e-02
5.97500000000000e+00  -5.17794785447099e-02
6.00000000000000e+00  -7.86546032741129e-02
6.02500000000000e+00  -1.05239292933310e-01
6.05000000000000e+00  -1.31446875470290e-01
6.07500000000000e+00  -1.57197734486383e-01
6.10000000000000e+00  -1.82419160607207e-01
6.12500000000000e+00  -2.07045202853604e-01
6.15000000000000e+00  -2.31016520012593e-01
6.17500000000000e+00  -2.54280232008303e-01
6.20000000000000e+00  -2.76789771272924e-01
6.22500000000000e+00  -2.98504734117646e-01
6.25000000000000e+00  -3.19388135405317e-01
6.27500000000000e+00  -3.39418554554112e-01
6.30000000000000e+00  -3.58563934130247e-01
6.32500000000000e+00  -3.76806650548247e-01
6.35000000000000e+00  -3.94133370408976e-01
6.37500000000000e+00  -4.10534827286590e-01
6.40000000000000e+00  -4.26005598515504e-01
6.42500000000000e+00  -4.40543881977343e-01
6.45000000000000e+00  -4.54151272887910e-01
6.47500000000000e+00  -4.66832540584143e-01
6.50000000000000e+00  -4.78595405311070e-01
6.52500000000000e+00  -4.89450315008776e-01
6.55000000000000e+00  -4.99410222099355e-01
6.57500000000000e+00  -5.08490360273876e-01
6.60000000000000e+00  -5.16708021279340e-01
6.62500000000000e+00  -5.24082331705638e-01
6.65000000000000e+00  -5.30634029772512e-01
6.67500000000000e+00  -5.36385242116518e-01
6.70000000000000e+00  -5.41359260577978e-01
6.72500000000000e+00  -5.45580318987947e-01
6.75000000000000e+00  -5.49073369955167e-01
6.77500000000000e+00  -5.51863861653031e-01
6.80000000000000e+00  -5.53977514606539e-01
6.82500000000000e+00  -5.55440098479261e-01
6.85000000000000e+00  -5.56277208860292e-01
6.87500000000000e+00  -5.56516236060120e-01
6.90000000000000e+00  -5.56188670252350e-01
6.92500000000000e+00  -5.55316017163841e-01
6.95000000000000e+00  -5.53925446790879e-01
6.97500000000000e+00  -5.52043635173759e-01
7.00000000000000e+00  -5.49696748942570e-01
7.02500000000000e+00  -5.46910429862991e-01
7.05000000000000e+00  -5.43709779382075e-01
7.07500000000000e+00  -5.40119343174042e-01
7.10000000000000e+00  -5.36163095686068e-01
7.12500000000000e+00  -5.31864424684074e-01
7.15000000000000e+00  -5.27246115798516e-01
7.17500000000000e+00  -5.22330337070176e-01
7.20000000000000e+00  -5.17138623495950e-01
7.22500000000000e+00  -5.11691861574637e-01
7.25000000000000e+00  -5.06010273852733e-01
7.27500000000000e+00  -5.00113403470214e-01
7.30000000000000e+00  -4.94020098706332e-01
7.32500000000000e+00  -4.87748497525400e-01
7.35000000000000e+00  -4.81316012122586e-01
7.37500000000000e+00  -4.74739313469699e-01
7.40000000000000e+00  -4.68034315860981e-01
7.42500000000000e+00  -4.61216161458893e-01
7.45000000000000e+00  -4.54299204839912e-01
7.47500000000000e+00  -4.47296997540313e-01
7.50000000000000e+00  -4.40225757467861e-01
7.52500000000000e+00  -4.33093134911735e-01
7.55000000000000e+00  -4.25913557912224e-01
7.57500000000000e+00  -4.18698333146445e-01
7.60000000000000e+00  -4.11458158180758e-01
7.62500000000000e+00  -4.04203139015241e-01
7.65000000000000e+00  -3.96942807628163e-01
7.67500000000000e+00  -3.89686139520461e-01
7.70000000000000e+00  -3.82441571260211e-01
7.72500000000000e+00  -3.75217018027104e-01
7.75000000000000e+00  -3.68019891156922e-01
7.77500000000000e+00  -3.60857115686009e-01
7.80000000000000e+00  -3.53735147895749e-01
7.82500000000000e+00  -3.46659992857038e-01
7.85000000000000e+00  -3.39637221974759e-01
7.87500000000000e+00  -3.32671990532257e-01
7.90000000000000e+00  -3.25769055235812e-01
7.92500000000000e+00  -3.18932791759115e-01
7.95000000000000e+00  -3.12167212287743e-01
7.97500000000000e+00  -3.05475983063629e-01
8.00000000000000e+00  -2.98862441929544e-01
8.02500000000000e+00  -2.92329615873562e-01
8.05000000000000e+00  -2.85880238573543e-01
8.07500000000000e+00  -2.79516767941604e-01
8.10000000000000e+00  -2.73241403668591e-01
8.12500000000000e+00  -2.67056160237919e-01
8.15000000000000e+00  -2.60962272788819e-01
8.17500000000000e+00  -2.54961617273484e-01
8.20000000000000e+00  -2.49055369654738e-01
8.22500000000000e+00  -2.43244521745068e-01
8.25000000000000e+00  -2.37529888775810e-01
8.27500000000000e+00  -2.31912116966336e-01
8.30000000000000e+00  -2.26391691093228e-01
8.32500000000000e+00  -2.20968942059471e-01
8.35000000000000e+00  -2.15644054463628e-01
8.37500000000000e+00  -2.10417074169027e-01
8.40000000000000e+00  -2.05287915872945e-01
8.42500000000000e+00  -2.00256370675788e-01
8.45000000000000e+00  -1.95322113650276e-01
8.47500000000000e+00  -1.90484711410625e-01
8.50000000000000e+00  -1.85743629681731e-01
8.52500000000000e+00  -1.81098240868353e-01
8.55000000000000e+00  -1.76547831624296e-01
8.57500000000000e+00  -1.72091610421591e-01
8.60000000000000e+00  -1.67728715119685e-01
8.62500000000000e+00  -1.63458220534616e-01
8.65000000000000e+00  -1.59279146008203e-01
8.67500000000000e+00  -1.55190462977223e-01
8.70000000000000e+00  -1.51191102542600e-01
8.72500000000000e+00  -1.47279963038582e-01
8.75000000000000e+00  -1.43458744714698e-01
8.77500000000000e+00  -1.39719238895323e-01
8.80000000000000e+00  -1.36064927884871e-01
8.82500000000000e+00  -1.32494426905652e-01
8.85000000000000e+00  -1.29006351498976e-01
8.87500000000000e+00  -1.25599318124384e-01
8.90000000000000e+00  -1.22271944758898e-01
8.92500000000000e+00  -1.19022851496252e-01
8.95000000000000e+00  -1.15850661146138e-01
8.97500000000000e+00  -1.12753999833441e-01
9.00000000000000e+00  -1.09731497597485e-01
9.02500000000000e+00  -1.06781788991264e-01
9.05000000000000e+00  -1.03903513680693e-01
9.07500000000000e+00  -1.01095317043837e-01
9.10000000000000e+00  -9.83558507701582e-02
9.12500000000000e+00  -9.56837734597525e-02
9.15000000000000e+00  -9.30777512225908e-02
9.17500000000000e+00  -9.05364582777579e-02
9.20000000000000e+00  -8.80585775526930e-02
9.22500000000000e+00  -8.56428012824296e-02
9.25000000000000e+00  -8.32878316088341e-02
9.27500000000000e+00  -8.09923811798476e-02
9.30000000000000e+00  -7.87551737487246e-02
9.32500000000000e+00  -7.65749447732730e-02
9.35000000000000e+00  -7.44504420150939e-02
9.37500000000000e+00  -7.23804261388217e-02
9.40000000000000e+00  -7.03636713113636e-02
9.42500000000000e+00  -6.83989658011401e-02
9.45000000000000e+00  -6.64851125773242e-02
9.47500000000000e+00  -6.46209299090816e-02
9.50000000000000e+00  -6.28052519648103e-02
9.52500000000000e+00  -6.10369294113807e-02
9.55000000000000e+00  -5.93148300133756e-02
9.57500000000000e+00  -5.76378392323295e-02
9.60000000000000e+00  -5.60048608259690e-02
9.62500000000000e+00  -5.44148174474526e-02
9.65000000000000e+00  -5.28666512446098e-02
9.67500000000000e+00  -5.13593244591823e-02
9.70000000000000e+00  -4.98918200260628e-02
9.72500000000000e+00  -4.84631421725351e-02
9.75000000000000e+00  -4.70723170175142e-02
9.77500000000000e+00  -4.57183931707860e-02
9.80000000000000e+00  -4.44004423322470e-02
9.82500000000000e+00  -4.31175598911444e-02
9.85000000000000e+00  -4.18688655253159e-02
9.87500000000000e+00  -4.06535038004297e-02
9.90000000000000e+00  -3.94706447692238e-02
9.92500000000000e+00  -3.83194845707466e-02
9.95000000000000e+00  -3.71992460295962e-02
9.97500000000000e+00  -3.61091792551605e-02
1.00000000000000e+01  -3.50485622408576e-02
