0.00000000000000e+00  3.51808471040435e-02
2.50000000000000e-02  3.62443884423588e-02
5.00000000000000e-02  3.73374256493434e-02
7.50000000000000e-02  3.84606807521578e-02
1.00000000000000e-01  3.96149036552636e-02
1.25000000000000e-01  4.08008715365394e-02
1.50000000000000e-01  4.20193882433966e-02
1.75000000000000e-01  4.32712836888964e-02
2.00000000000000e-01  4.45574132478655e-02
2.25000000000000e-01  4.58786571530126e-02
2.50000000000000e-01  4.72359198910447e-02
2.75000000000000e-01  4.86301295987835e-02
3.00000000000000e-01  5.00622374592811e-02
3.25000000000000e-01  5.15332170979371e-02
3.50000000000000e-01  5.30440639786143e-02
3.75000000000000e-01  5.45957947997550e-02
4.00000000000000e-01  5.61894468904978e-02
4.25000000000000e-01  5.78260776067930e-02
4.50000000000000e-01  5.95067637275198e-02
4.75000000000000e-01  6.12326008506019e-02
5.00000000000000e-01  6.30047027891242e-02
5.25000000000000e-01  6.48242009674487e-02
5.50000000000000e-01  6.66922438173310e-02
5.75000000000000e-01  6.86099961740368e-02
6.00000000000000e-01  7.05786386724576e-02
6.25000000000000e-01  7.25993671432277e-02
6.50000000000000e-01  7.46733920088397e-02
6.75000000000000e-01  7.68019376797612e-02
7.00000000000000e-01  7.89862419505514e-02
7.25000000000000e-01  8.12275553959765e-02
7.50000000000000e-01  8.35271407671270e-02
7.75000000000000e-01  8.58862723875330e-02
8.00000000000000e-01  8.83062355492812e-02
8.25000000000000e-01  9.07883259091310e-02
8.50000000000000e-01  9.33338488846304e-02
8.75000000000000e-01  9.59441190502329e-02
9.00000000000000e-01  9.86204595334132e-02
9.25000000000000e-01  1.01364201410784e-01
9.50000000000000e-01  1.04176683104211e-01
9.75000000000000e-01  1.07059249776932e-01
1.00000000000000e+00  1.10013252729670e-01
1.02500000000000e+00  1.13040048796751e-01
1.05000000000000e+00  1.16140999742220e-01
1.07500000000000e+00  1.19317471655959e-01
1.10000000000000e+00  1.22570834349799e-01
1.12500000000000e+00  1.25902460753640e-01
1.15000000000000e+00  1.29313726311567e-01
1.17500000000000e+00  1.32806008377966e-01
1.20000000000000e+00  1.36380685613637e-01
1.22500000000000e+00  1.40039137381916e-01
1.25000000000000e+00  1.43779910550289e-01
1.27500000000000e+00  1.47608008546813e-01
1.30000000000000e+00  1.51523146619522e-01
1.32500000000000e+00  1.55526445594820e-01
1.35000000000000e+00  1.59619000789926e-01
1.37500000000000e+00  1.63801874443407e-01
1.40000000000000e+00  1.68076088145717e-01
1.42500000000000e+00  1.72442615269725e-01
1.45000000000000e+00  1.76902373401256e-01
1.47500000000000e+00  1.81456216769624e-01
1.50000000000000e+00  1.86104928678162e-01
1.52500000000000e+00  1.90849213934766e-01
1.55000000000000e+00  1.95689691282418e-01
1.57500000000000e+00  2.00626885829733e-01
1.60000000000000e+00  2.05661221481484e-01
1.62500000000000e+00  2.10793013369140e-01
1.65000000000000e+00  2.16022460281404e-01
1.67500000000000e+00  2.21349637094742e-01
1.70000000000000e+00  2.26774487203923e-01
1.72500000000000e+00  2.32296814952548e-01
1.75000000000000e+00  2.37916278063591e-01
1.77500000000000e+00  2.43632380069928e-01
1.80000000000000e+00  2.49444462744876e-01
1.82500000000000e+00  2.55351698532725e-01
1.85000000000000e+00  2.61353082979274e-01
1.87500000000000e+00  2.67447370806198e-01
1.90000000000000e+00  2.73632842794851e-01
1.92500000000000e+00  2.79908080747619e-01
1.95000000000000e+00  2.86271112433397e-01
1.97500000000000e+00  2.92719724575394e-01
2.00000000000000e+00  2.99251445348631e-01
2.02500000000000e+00  3.05863526877416e-01
2.05000000000000e+00  3.12552927732836e-01
2.07500000000000e+00  3.19316295430242e-01
2.10000000000000e+00  3.26149948926735e-01
2.12500000000000e+00  3.33049861118651e-01
2.15000000000000e+00  3.40011641339048e-01
2.17500000000000e+00  3.47030517855192e-01
2.20000000000000e+00  3.54101320366043e-01
2.22500000000000e+00  3.61218462499739e-01
2.25000000000000e+00  3.68375924311087e-01
2.27500000000000e+00  3.75567234779043e-01
2.30000000000000e+00  3.82785454304202e-01
2.32500000000000e+00  3.90023157206283e-01
2.35000000000000e+00  3.97272414221615e-01
2.37500000000000e+00  4.04524775000622e-01
2.40000000000000e+00  4.11771250605312e-01
2.42500000000000e+00  4.19002296006758e-01
2.45000000000000e+00  4.26207792582589e-01
2.47500000000000e+00  4.33377030614474e-01
2.50000000000000e+00  4.40495212788322e-01
2.52500000000000e+00  4.47558349347980e-01
2.55000000000000e+00  4.54548327518920e-01
2.57500000000000e+00  4.61452406108983e-01
2.60000000000000e+00  4.68257026398134e-01
2.62500000000000e+00  4.74947827718923e-01
2.65000000000000e+00  4.81509663036956e-01
2.67500000000000e+00  4.87926614531354e-01
2.70000000000000e+00  4.94182009175227e-01
2.72500000000000e+00  5.00258434316136e-01
2.75000000000000e+00  5.06137753256558e-01
2.77500000000000e+00  5.11801120834353e-01
2.80000000000000e+00  5.17228999003232e-01
2.82500000000000e+00  5.22401172413219e-01
2.85000000000000e+00  5.27296763991122e-01
2.87500000000000e+00  5.31894250520993e-01
2.90000000000000e+00  5.36171478224599e-01
2.92500000000000e+00  5.40105678341886e-01
2.95000000000000e+00  5.43673482711444e-01
2.97500000000000e+00  5.46850939350975e-01
3.00000000000000e+00  5.49613528037759e-01
3.02500000000000e+00  5.51936175889116e-01
3.05000000000000e+00  5.53793272942878e-01
3.07500000000000e+00  5.55158687737850e-01
3.10000000000000e+00  5.56005782894278e-01
3.12500000000000e+00  5.56305252457336e-01
3.15000000000000e+00  5.56042168832495e-01
3.17500000000000e+00  5.55178555868539e-01
3.20000000000000e+00  5.53689263111888e-01
3.22500000000000e+00  5.51548748264650e-01
3.25000000000000e+00  5.48731300116446e-01
3.27500000000000e+00  5.45211261476236e-01
3.30000000000000e+00  5.40963252104142e-01
3.32500000000000e+00  5.35962391643275e-01
3.35000000000000e+00  5.30184522551555e-01
3.37500000000000e+00  5.23606433033543e-01
3.40000000000000e+00  5.16206079972261e-01
3.42500000000000e+00  5.07962811861017e-01
3.45000000000000e+00  4.98857591735232e-01
3.47500000000000e+00  4.88873220104263e-01
3.50000000000000e+00  4.77994557883228e-01
3.52500000000000e+00  4.66208749324832e-01
3.55000000000000e+00  4.53505444951191e-01
3.57500000000000e+00  4.39877024485657e-01
3.60000000000000e+00  4.25318819784643e-01
3.62500000000000e+00  4.09829337769447e-01
3.65000000000000e+00  3.93410483358077e-01
3.67500000000000e+00  3.76067782397077e-01
3.70000000000000e+00  3.57810604593352e-01
3.72500000000000e+00  3.38652386445990e-01
3.75000000000000e+00  3.18613437038594e-01
3.77500000000000e+00  2.97718113905456e-01
3.80000000000000e+00  2.75995718274775e-01
3.82500000000000e+00  2.53480719812956e-01
3.85000000000000e+00  2.30213596940116e-01
3.87500000000000e+00  2.06240984507090e-01
3.90000000000000e+00  1.81615821472439e-01
3.92500000000000e+00  1.56397498579454e-01
3.95000000000000e+00  1.30652006033165e-01
3.97500000000000e+00  1.04452081177342e-01
4.00000000000000e+00  7.78773561715081e-02
4.02500000000000e+00  5.10145056679410e-02
4.05000000000000e+00  2.39573944886836e-02
4.07500000000000e+00  -3.19358751884278e-03
4.10000000000000e+00  -3.03310073188232e-02
4.12500000000000e+00  -5.73402371158620e-02
4.15000000000000e+00  -8.41013305692341e-02
4.17500000000000e+00  -1.10487663947414e-01
4.20000000000000e+00  -1.36366675381836e-01
4.22500000000000e+00  -1.61600604120639e-01
4.25000000000000e+00  -1.86047229782427e-01
4.27500000000000e+00  -2.09560611610020e-01
4.30000000000000e+00  -2.31991827724208e-01
4.32500000000000e+00  -2.53189714377504e-01
4.35000000000000e+00  -2.73001605207894e-01
4.37500000000000e+00  -2.91274504913740e-01
4.40000000000000e+00  -3.07858868269948e-01
4.42500000000000e+00  -3.22605268386980e-01
4.45000000000000e+00  -3.35370337184984e-01
4.47500000000000e+00  -3.46016170532071e-01
4.50000000000000e+00  -3.54412351557522e-01
4.52500000000000e+00  -3.60437973965003e-01
4.55000000000000e+00  -3.63983665345772e-01
4.57500000000000e+00  -3.64953610491885e-01
4.60000000000000e+00  -3.63267574709410e-01
4.62500000000000e+00  -3.58862927131636e-01
4.65000000000000e+00  -3.51696664032278e-01
4.67500000000000e+00  -3.41747432138691e-01
4.70000000000000e+00  -3.29017944769957e-01
4.72500000000000e+00  -3.13536657738022e-01
4.75000000000000e+00  -2.95361866477206e-01
4.77500000000000e+00  -2.74576518883995e-01
4.80000000000000e+00  -2.51296637790457e-01
4.82500000000000e+00  -2.25671203892708e-01
4.85000000000000e+00  -1.97882038679363e-01
4.87500000000000e+00  -1.68143687360012e-01
4.90000000000000e+00  -1.36703301793664e-01
4.92500000000000e+00  -1.03840523417224e-01
4.95000000000000e+00  -6.98673661739458e-02
4.97500000000000e+00  -3.51280994418936e-02
5.00000000000000e+00  1.08310684890841e-05
5.02500000000000e+00  3.51397422846813e-02
5.05000000000000e+00  6.98788401885783e-02
5.07500000000000e+00  1.03851724316802e-01
5.10000000000000e+00  1.36714133836380e-01
5.12500000000000e+00  1.68154064386918e-01
5.15000000000000e+00  1.97891884922795e-01
5.17500000000000e+00  2.25680454555346e-01
5.20000000000000e+00  2.51305239395039e-01
5.22500000000000e+00  2.74584429393672e-01
5.25000000000000e+00  2.95369055186547e-01
5.27500000000000e+00  3.13543104934662e-01
5.30000000000000e+00  3.29023641166891e-01
5.32500000000000e+00  3.41752378695067e-01
5.35000000000000e+00  3.51700871211689e-01
5.37500000000000e+00  3.58866414191622e-01
5.40000000000000e+00  3.63270369091497e-01
5.42500000000000e+00  3.64955747030671e-01
5.45000000000000e+00  3.63985185486037e-01
5.47500000000000e+00  3.60438924986847e-01
5.50000000000000e+00  3.54412785809524e-01
5.52500000000000e+00  3.46016144672481e-01
5.55000000000000e+00  3.35369911430939e-01
5.57500000000000e+00  3.22604505771742e-01
5.60000000000000e+00  3.07857833908174e-01
5.62500000000000e+00  2.91272830887764e-01
5.65000000000000e+00  2.73000227661136e-01
5.67500000000000e+00  2.53188266368254e-01
5.70000000000000e+00  2.31990376330085e-01
5.72500000000000e+00  2.09559222983775e-01
5.75000000000000e+00  1.86045968672297e-01
5.77500000000000e+00  1.61599533434103e-01
5.80000000000000e+00  1.36365855792767e-01
5.82500000000000e+00  1.10487153546644e-01
5.85000000000000e+00  8.41011845585081e-02
5.87500000000000e+00  5.73405075452130e-02
5.90000000000000e+00  3.03317428673295e-02
5.92500000000000e+00  3.19483331880470e-03
5.95000000000000e+00  -2.39555970016413e-02
5.97500000000000e+00  -5.10121188565809e-02
6.00000000000000e+00  -7.78743462550665e-02
6.02500000000000e+00  -1.04448418292877e-01
6.05000000000000e+00  -1.30647664229191e-01
6.07500000000000e+00  -1.56392455788044e-01
6.10000000000000e+00  -1.81610059459794e-01
6.12500000000000e+00  -2.06234488802579e-01
6.15000000000000e+00  -2.30206356743787e-01
6.17500000000000e+00  -2.53472727881510e-01
6.20000000000000e+00  -2.75986970786009e-01
6.22500000000000e+00  -2.97708610301178e-01
6.25000000000000e+00  -3.18600596712142e-01
6.27500000000000e+00  -3.38641381147266e-01
6.30000000000000e+00  -3.57798859575509e-01
6.32500000000000e+00  -3.76055308434169e-01
6.35000000000000e+00  -3.93397293668106e-01
6.37500000000000e+00  -4.09815447804742e-01
6.40000000000000e+00  -4.25304247029069e-01
6.42500000000000e+00  -4.39861788258650e-01
6.45000000000000e+00  -4.53489566218628e-01
6.47500000000000e+00  -4.66192250516725e-01
6.50000000000000e+00  -4.77977462718251e-01
6.52500000000000e+00  -4.88855553421107e-01
6.55000000000000e+00  -4.98839379330788e-01
6.57500000000000e+00  -5.07944080335392e-01
6.60000000000000e+00  -5.16186856580618e-01
6.62500000000000e+00  -5.23586745544776e-01
6.65000000000000e+00  -5.30164399113789e-01
6.67500000000000e+00  -5.35941860656200e-01
6.70000000000000e+00  -5.40942342098171e-01
6.72500000000000e+00  -5.45190000998495e-01
6.75000000000000e+00  -5.48709717623592e-01
6.77500000000000e+00  -5.51526872022524e-01
6.80000000000000e+00  -5.53667121101988e-01
6.82500000000000e+00  -5.55156175701331e-01
6.85000000000000e+00  -5.56019577667545e-01
6.87500000000000e+00  -5.56284655366696e-01
6.90000000000000e+00  -5.55982849340876e-01
6.92500000000000e+00  -5.55135621580072e-01
6.95000000000000e+00  -5.53770099105369e-01
6.97500000000000e+00  -5.51912918573803e-01
7.00000000000000e+00  -5.49590210700626e-01
7.02500000000000e+00  -5.46827584681583e-01
7.05000000000000e+00  -5.43650112615175e-01
7.07500000000000e+00  -5.40082313924934e-01
7.10000000000000e+00  -5.36148139781694e-01
7.12500000000000e+00  -5.31870957525857e-01
7.15000000000000e+00  -5.27273535089665e-01
7.17500000000000e+00  -5.22378025419471e-01
7.20000000000000e+00  -5.17205950898010e-01
7.22500000000000e+00  -5.11778187766666e-01
7.25000000000000e+00  -5.06114950547746e-01
7.27500000000000e+00  -5.00235776466745e-01
7.30000000000000e+00  -4.94159509874623e-01
7.32500000000000e+00  -4.87904286670069e-01
7.35000000000000e+00  -4.81487518721776e-01
7.37500000000000e+00  -4.74925878290706e-01
7.40000000000000e+00  -4.68235282452366e-01
7.42500000000000e+00  -4.61430877519073e-01
7.45000000000000e+00  -4.54527023462229e-01
7.47500000000000e+00  -4.47537278334586e-01
7.50000000000000e+00  -4.40477861649887e-01
7.52500000000000e+00  -4.33356448410169e-01
7.55000000000000e+00  -4.26187464846041e-01
7.57500000000000e+00  -4.18982228661205e-01
7.60000000000000e+00  -4.11751448984980e-01
7.62500000000000e+00  -4.04505243874387e-01
7.65000000000000e+00  -3.97253157816221e-01
7.67500000000000e+00  -3.90004179229138e-01
7.70000000000000e+00  -3.82766757965728e-01
7.72500000000000e+00  -3.75548822814601e-01
7.75000000000000e+00  -3.68357799002462e-01
7.77500000000000e+00  -3.61200625696192e-01
7.80000000000000e+00  -3.54083773504929e-01
7.82500000000000e+00  -3.47013261982146e-01
7.85000000000000e+00  -3.39994677127729e-01
7.87500000000000e+00  -3.33033188890063e-01
7.90000000000000e+00  -3.26133568668103e-01
7.92500000000000e+00  -3.19300206813461e-01
7.95000000000000e+00  -3.12537130132481e-01
7.97500000000000e+00  -3.05848019388320e-01
8.00000000000000e+00  -2.99236226803028e-01
8.02500000000000e+00  -2.92704793559630e-01
8.05000000000000e+00  -2.86256467304198e-01
8.07500000000000e+00  -2.79893719647941e-01
8.10000000000000e+00  -2.73618763669275e-01
8.12500000000000e+00  -2.67433627758363e-01
8.15000000000000e+00  -2.61339560888241e-01
8.17500000000000e+00  -2.55338451172956e-01
8.20000000000000e+00  -2.49431487389387e-01
8.22500000000000e+00  -2.43619673857830e-01
8.25000000000000e+00  -2.37903838011062e-01
8.27500000000000e+00  -2.32284637963424e-01
8.30000000000000e+00  -2.26762570079892e-01
8.32500000000000e+00  -2.21337976545148e-01
8.35000000000000e+00  -2.16011052932657e-01
8.37500000000000e+00  -2.10781855773739e-01
8.40000000000000e+00  -2.05650310126641e-01
8.42500000000000e+00  -2.00616217145616e-01
8.45000000000000e+00  -1.95679261649991e-01
8.47500000000000e+00  -1.90839019693243e-01
8.50000000000000e+00  -1.86094966132073e-01
8.52500000000000e+00  -1.81446482195478e-01
8.55000000000000e+00  -1.76892863053827e-01
8.57500000000000e+00  -1.72433325387932e-01
8.60000000000000e+00  -1.68067014958126e-01
8.62500000000000e+00  -1.63793014173331e-01
8.65000000000000e+00  -1.59610349660134e-01
8.67500000000000e+00  -1.55517999831863e-01
8.70000000000000e+00  -1.51514902457658e-01
8.72500000000000e+00  -1.47599962231545e-01
8.75000000000000e+00  -1.43774890792905e-01
8.77500000000000e+00  -1.40031475501208e-01
8.80000000000000e+00  -1.36373210476369e-01
8.82500000000000e+00  -1.32798716289829e-01
8.85000000000000e+00  -1.29306613613088e-01
8.87500000000000e+00  -1.25895523821527e-01
8.90000000000000e+00  -1.22564069598229e-01
8.92500000000000e+00  -1.19310875537805e-01
8.95000000000000e+00  -1.16134568750219e-01
8.97500000000000e+00  -1.13033779464605e-01
9.00000000000000e+00  -1.10007141633099e-01
9.02500000000000e+00  -1.07053293534655e-01
9.05000000000000e+00  -1.04170878378874e-01
9.07500000000000e+00  -1.01358544909822e-01
9.10000000000000e+00  -9.86149480098602e-02
9.12500000000000e+00  -9.59387493034611e-02
9.15000000000000e+00  -9.33286177610377e-02
9.17500000000000e+00  -9.07832303027637e-02
9.20000000000000e+00  -8.83012724023986e-02
9.22500000000000e+00  -8.58814386911104e-02
9.25000000000000e+00  -8.35224335612987e-02
9.27500000000000e+00  -8.12229717704189e-02
9.30000000000000e+00  -7.89817790448054e-02
9.32500000000000e+00  -7.67975926834949e-02
9.35000000000000e+00  -7.46691621620498e-02
9.37500000000000e+00  -7.25952497363816e-02
9.40000000000000e+00  -7.05746310465748e-02
9.42500000000000e+00  -6.86060957207096e-02
9.45000000000000e+00  -6.66884479786862e-02
9.47500000000000e+00  -6.48205072360476e-02
9.50000000000000e+00  -6.30011087078028e-02
9.52500000000000e+00  -6.12291040122511e-02
9.55000000000000e+00  -5.95033617748051e-02
9.57500000000000e+00  -5.78227682318138e-02
9.60000000000000e+00  -5.61862278343865e-02
9.62500000000000e+00  -5.45926638522164e-02
9.65000000000000e+00  -5.30410189774031e-02
9.67500000000000e+00  -5.15302559282771e-02
9.70000000000000e+00  -5.00593580532227e-02
9.72500000000000e+00  -4.86273299345017e-02
9.75000000000000e+00  -4.72331979920763e-02
9.77500000000000e+00  -4.58760110874331e-02
9.80000000000000e+00  -4.45548411274064e-02
9.82500000000000e+00  -4.32687836680014e-02
9.85000000000000e+00  -4.20169585182182e-02
9.87500000000000e+00  -4.07985103438745e-02
9.90000000000000e+00  -3.96126092714293e-02
9.92500000000000e+00  -3.84584514918068e-02
9.95000000000000e+00  -3.73352598642192e-02
9.97500000000000e+00  -3.62422845199904e-02
1.00000000000000e+01  -3.51788034663801e-02
