0.00000000000000e+00  4.21159209494529e-02
2.50000000000000e-02  4.33567405383353e-02
5.00000000000000e-02  4.46284651187001e-02
7.50000000000000e-02  4.59322207113020e-02
1.00000000000000e-01  4.72691092876600e-02
1.25000000000000e-01  4.86402110923824e-02
1.50000000000000e-01  5.00465869654899e-02
1.75000000000000e-01  5.14892806647408e-02
2.00000000000000e-01  5.29693211879553e-02
2.25000000000000e-01  5.44877250953392e-02
2.50000000000000e-01  5.60454988318090e-02
2.75000000000000e-01  5.76436410493160e-02
3.00000000000000e-01  5.92831449291705e-02
3.25000000000000e-01  6.09650005043663e-02
3.50000000000000e-01  6.26901969819049e-02
3.75000000000000e-01  6.44597250651202e-02
4.00000000000000e-01  6.62745792760025e-02
4.25000000000000e-01  6.81357602775229e-02
4.50000000000000e-01  7.00442771959580e-02
4.75000000000000e-01  7.20011499432136e-02
5.00000000000000e-01  7.40074115391498e-02
5.25000000000000e-01  7.60641104339049e-02
5.50000000000000e-01  7.81723128302196e-02
5.75000000000000e-01  8.03331050057620e-02
6.00000000000000e-01  8.25475956354511e-02
6.25000000000000e-01  8.48171514426730e-02
6.50000000000000e-01  8.71419973691900e-02
6.75000000000000e-01  8.95241174830891e-02
7.00000000000000e-01  9.19645614656215e-02
7.25000000000000e-01  9.44644265374422e-02
7.50000000000000e-01  9.70248501526982e-02
7.75000000000000e-01  9.96470026931161e-02
8.00000000000000e-01  1.02332080162090e-01
8.25000000000000e-01  1.05081296878768e-01
8.50000000000000e-01  1.07895878172142e-01
8.75000000000000e-01  1.10777053075136e-01
9.00000000000000e-01  1.13726047018688e-01
9.25000000000000e-01  1.16744074525847e-01
9.50000000000000e-01  1.19832331905853e-01
9.75000000000000e-01  1.22991989948227e-01
1.00000000000000e+00  1.26224186616860e-01
1.02500000000000e+00  1.29530019744102e-01
1.05000000000000e+00  1.32910539724846e-01
1.07500000000000e+00  1.36366742210615e-01
1.10000000000000e+00  1.39899560803658e-01
1.12500000000000e+00  1.43509859751026e-01
1.15000000000000e+00  1.47198426638670e-01
1.17500000000000e+00  1.50965965085523e-01
1.20000000000000e+00  1.54813087437588e-01
1.22500000000000e+00  1.58740307462029e-01
1.25000000000000e+00  1.62754346281583e-01
1.27500000000000e+00  1.66850625095400e-01
1.30000000000000e+00  1.71030935384951e-01
1.32500000000000e+00  1.75295985306663e-01
1.35000000000000e+00  1.79646434349382e-01
1.37500000000000e+00  1.84082885554862e-01
1.40000000000000e+00  1.88605877738257e-01
1.42500000000000e+00  1.93215877708620e-01
1.45000000000000e+00  1.97913272489388e-01
1.47500000000000e+00  2.02698361538883e-01
1.50000000000000e+00  2.07571348970800e-01
1.52500000000000e+00  2.12532335774704e-01
1.55000000000000e+00  2.17581312036519e-01
1.57500000000000e+00  2.22718149159025e-01
1.60000000000000e+00  2.27942592082350e-01
1.62500000000000e+00  2.33254251504464e-01
1.65000000000000e+00  2.38652596101669e-01
1.67500000000000e+00  2.44136944749097e-01
1.70000000000000e+00  2.49706458741200e-01
1.72500000000000e+00  2.55360134012244e-01
1.75000000000000e+00  2.61096793356802e-01
1.77500000000000e+00  2.66915078650250e-01
1.80000000000000e+00  2.72813443069255e-01
1.82500000000000e+00  2.78790143312273e-01
1.85000000000000e+00  2.84843231820040e-01
1.87500000000000e+00  2.90970426933577e-01
1.90000000000000e+00  2.97169261897685e-01
1.92500000000000e+00  3.03437075862298e-01
1.95000000000000e+00  3.09770887002984e-01
1.97500000000000e+00  3.16167439680956e-01
2.00000000000000e+00  3.22623189484235e-01
2.02500000000000e+00  3.29134288268800e-01
2.05000000000000e+00  3.35696569199752e-01
2.07500000000000e+00  3.42305531792465e-01
2.10000000000000e+00  3.48956326953747e-01
2.12500000000000e+00  3.55643742022996e-01
2.15000000000000e+00  3.62362185813355e-01
2.17500000000000e+00  3.69105673652873e-01
2.20000000000000e+00  3.75867812425657e-01
2.22500000000000e+00  3.82641785613033e-01
2.25000000000000e+00  3.89420338334702e-01
2.27500000000000e+00  3.96195762389896e-01
2.30000000000000e+00  4.02959881298537e-01
2.32500000000000e+00  4.09704035342389e-01
2.35000000000000e+00  4.16419066606224e-01
2.37500000000000e+00  4.23095304018968e-01
2.40000000000000e+00  4.29722548394868e-01
2.42500000000000e+00  4.36290057474643e-01
2.45000000000000e+00  4.42786530966643e-01
2.47500000000000e+00  4.49200095588004e-01
2.50000000000000e+00  4.55515143545597e-01
2.52500000000000e+00  4.61726492381203e-01
2.55000000000000e+00  4.67814872762956e-01
2.57500000000000e+00  4.73766625188402e-01
2.60000000000000e+00  4.79567319316254e-01
2.62500000000000e+00  4.85201779451003e-01
2.65000000000000e+00  4.90654110027534e-01
2.67500000000000e+00  4.95907721095739e-01
2.70000000000000e+00  5.00945353805129e-01
2.72500000000000e+00  5.05749105889447e-01
2.75000000000000e+00  5.10300457151284e-01
2.77500000000000e+00  5.14580294946691e-01
2.80000000000000e+00  5.18568939669789e-01
2.82500000000000e+00  5.22246170237389e-01
2.85000000000000e+00  5.25591249573599e-01
2.87500000000000e+00  5.28582950094441e-01
2.90000000000000e+00  5.31199579192462e-01
2.92500000000000e+00  5.33419004721351e-01
2.95000000000000e+00  5.35218680480548e-01
2.97500000000000e+00  5.36575671699858e-01
3.00000000000000e+00  5.37466680524069e-01
3.02500000000000e+00  5.37868071497558e-01
3.05000000000000e+00  5.37755897048911e-01
3.07500000000000e+00  5.37105922975532e-01
3.10000000000000e+00  5.35893653928257e-01
3.12500000000000e+00  5.34093139288250e-01
3.15000000000000e+00  5.31689282676497e-01
3.17500000000000e+00  5.28649699026963e-01
3.20000000000000e+00  5.24952131359666e-01
3.22500000000000e+00  5.20574327253694e-01
3.25000000000000e+00  5.15494248540843e-01
3.27500000000000e+00  5.09690280999264e-01
3.30000000000000e+00  5.03141444047106e-01
3.32500000000000e+00  4.95827600436163e-01
3.35000000000000e+00  4.87729665945513e-01
3.37500000000000e+00  4.78829819075167e-01
3.40000000000000e+00  4.69111710739707e-01
3.42500000000000e+00  4.58560673961939e-01
3.45000000000000e+00  4.47163933566527e-01
3.47500000000000e+00  4.34910815873645e-01
3.50000000000000e+00  4.21792958392616e-01
3.52500000000000e+00  4.07804519515559e-01
3.55000000000000e+00  3.92942388211032e-01
3.57500000000000e+00  3.77206393717674e-01
3.60000000000000e+00  3.60599515237854e-01
3.62500000000000e+00  3.43128091631311e-01
3.65000000000000e+00  3.24802031108797e-01
3.67500000000000e+00  3.05635020925725e-01
3.70000000000000e+00  2.85644737075812e-01
3.72500000000000e+00  2.64853053984720e-01
3.75000000000000e+00  2.43288387167221e-01
3.77500000000000e+00  2.20983399105806e-01
3.80000000000000e+00  1.97973287932994e-01
3.82500000000000e+00  1.74300916966338e-01
3.85000000000000e+00  1.50014706321172e-01
3.87500000000000e+00  1.25168739246864e-01
3.90000000000000e+00  9.98228684630755e-02
3.92500000000000e+00  7.40428224960099e-02
3.95000000000000e+00  4.79003120146690e-02
3.97500000000000e+00  2.14731361671047e-02
4.00000000000000e+00  -5.15471108332352e-03
4.02500000000000e+00  -3.18929346216976e-02
4.05000000000000e+00  -5.86448318452836e-02
4.07500000000000e+00  -8.53080766688006e-02
4.10000000000000e+00  -1.11774204854134e-01
4.12500000000000e+00  -1.37928578167715e-01
4.15000000000000e+00  -1.63652231014923e-01
4.17500000000000e+00  -1.88820668182753e-01
4.20000000000000e+00  -2.13304657105020e-01
4.22500000000000e+00  -2.36971020127561e-01
4.25000000000000e+00  -2.59683426773437e-01
4.27500000000000e+00  -2.81303186008142e-01
4.30000000000000e+00  -3.01690038504799e-01
4.32500000000000e+00  -3.20702948909368e-01
4.35000000000000e+00  -3.38200898105845e-01
4.37500000000000e+00  -3.54041792174070e-01
4.40000000000000e+00  -3.68089157390061e-01
4.42500000000000e+00  -3.80208585787100e-01
4.45000000000000e+00  -3.90271741172442e-01
4.47500000000000e+00  -3.98156689131507e-01
4.50000000000000e+00  -4.03749679227535e-01
4.52500000000000e+00  -4.06946927201248e-01
4.55000000000000e+00  -4.07656397170500e-01
4.57500000000000e+00  -4.05799583829937e-01
4.60000000000000e+00  -4.01313294650653e-01
4.62500000000000e+00  -3.94151432079848e-01
4.65000000000000e+00  -3.84286775740480e-01
4.67500000000000e+00  -3.71712764630927e-01
4.70000000000000e+00  -3.56445325601249e-01
4.72500000000000e+00  -3.38524489873022e-01
4.75000000000000e+00  -3.18017791458431e-01
4.77500000000000e+00  -2.95015710060568e-01
4.80000000000000e+00  -2.69638864782931e-01
4.82500000000000e+00  -2.42037793830329e-01
4.85000000000000e+00  -2.12392734209777e-01
4.87500000000000e+00  -1.80913401431408e-01
4.90000000000000e+00  -1.47838769209365e-01
4.92500000000000e+00  -1.13436849162712e-01
4.95000000000000e+00  -7.80044705163328e-02
4.97500000000000e+00  -4.18670598018298e-02
5.00000000000000e+00  -5.37032822860262e-03
5.02500000000000e+00  3.11037490408263e-02
5.05000000000000e+00  6.71985109147826e-02
5.07500000000000e+00  1.02562469349811e-01
5.10000000000000e+00  1.36872932630428e-01
5.12500000000000e+00  1.69836149031758e-01
5.15000000000000e+00  2.01187450482196e-01
5.17500000000000e+00  2.30691396226048e-01
5.20000000000000e+00  2.58141916486176e-01
5.22500000000000e+00  2.83362456126657e-01
5.25000000000000e+00  3.06206118315422e-01
5.27500000000000e+00  3.26555808186911e-01
5.30000000000000e+00  3.44324376504716e-01
5.32500000000000e+00  3.59447510375887e-01
5.35000000000000e+00  3.71888137468899e-01
5.37500000000000e+00  3.81633016366125e-01
5.40000000000000e+00  3.88691163667832e-01
5.42500000000000e+00  3.93091948217046e-01
5.45000000000000e+00  3.94883315191751e-01
5.47500000000000e+00  3.94130010197090e-01
5.50000000000000e+00  3.90911803357571e-01
5.52500000000000e+00  3.85321713409264e-01
5.55000000000000e+00  3.77464231792010e-01
5.57500000000000e+00  3.67453546741618e-01
5.60000000000000e+00  3.55411767382069e-01
5.62500000000000e+00  3.41469057169465e-01
5.65000000000000e+00  3.25753866996406e-01
5.67500000000000e+00  3.08407896293425e-01
5.70000000000000e+00  2.89570691936073e-01
5.72500000000000e+00  2.69382454444672e-01
5.75000000000000e+00  2.47983262790872e-01
5.77500000000000e+00  2.25512299204215e-01
5.80000000000000e+00  2.02107073978689e-01
5.82500000000000e+00  1.77902650279292e-01
5.85000000000000e+00  1.53030868948588e-01
5.87500000000000e+00  1.27619573313269e-01
5.90000000000000e+00  1.01791833990713e-01
5.92500000000000e+00  7.56651736955424e-02
5.95000000000000e+00  4.93527691323881e-02
5.97500000000000e+00  2.29616287569265e-02
6.00000000000000e+00  -3.40735988147188e-03
6.02500000000000e+00  -2.96589196610305e-02
6.05000000000000e+00  -5.57041450006894e-02
6.07500000000000e+00  -8.14603909515865e-02
6.10000000000000e+00  -1.06851162288557e-01
6.12500000000000e+00  -1.31806002601615e-01
6.15000000000000e+00  -1.56260383387452e-01
6.17500000000000e+00  -1.80155593140920e-01
6.20000000000000e+00  -2.03438626446525e-01
6.22500000000000e+00  -2.26062073069919e-01
6.25000000000000e+00  -2.47981710060017e-01
6.27500000000000e+00  -2.69170115833230e-01
6.30000000000000e+00  -2.89588680285728e-01
6.32500000000000e+00  -3.09211890431484e-01
6.35000000000000e+00  -3.28018570182433e-01
6.37500000000000e+00  -3.45991673320228e-01
6.40000000000000e+00  -3.63118076468007e-01
6.42500000000000e+00  -3.79388372062148e-01
6.45000000000000e+00  -3.94796661324037e-01
6.47500000000000e+00  -4.09340347231829e-01
6.50000000000000e+00  -4.23019927492204e-01
6.52500000000000e+00  -4.35838787512135e-01
6.55000000000000e+00  -4.47802993370646e-01
6.57500000000000e+00  -4.58921084790573e-01
6.60000000000000e+00  -4.69203868110331e-01
6.62500000000000e+00  -4.78664209255669e-01
6.65000000000000e+00  -4.87316826711435e-01
6.67500000000000e+00  -4.95178084493339e-01
6.70000000000000e+00  -5.02265785119709e-01
6.72500000000000e+00  -5.08598962583261e-01
6.75000000000000e+00  -5.14197675322851e-01
6.77500000000000e+00  -5.19082799195245e-01
6.80000000000000e+00  -5.23275820446877e-01
6.82500000000000e+00  -5.26798628685608e-01
6.85000000000000e+00  -5.29673309852495e-01
6.87500000000000e+00  -5.31923184877570e-01
6.90000000000000e+00  -5.33576685846073e-01
6.92500000000000e+00  -5.34652441263297e-01
6.95000000000000e+00  -5.35174945402797e-01
6.97500000000000e+00  -5.35168451296557e-01
7.00000000000000e+00  -5.34656945899275e-01
7.02500000000000e+00  -5.33664125252647e-01
7.05000000000000e+00  -5.32213369649655e-01
7.07500000000000e+00  -5.30327718798854e-01
7.10000000000000e+00  -5.28029846988654e-01
7.12500000000000e+00  -5.25342038251612e-01
7.15000000000000e+00  -5.22286161528712e-01
7.17500000000000e+00  -5.18883645833655e-01
7.20000000000000e+00  -5.15155455417143e-01
7.22500000000000e+00  -5.11122064931166e-01
7.25000000000000e+00  -5.06803434593288e-01
7.27500000000000e+00  -5.02218985350934e-01
7.30000000000000e+00  -4.97387574045672e-01
7.32500000000000e+00  -4.92327468577504e-01
7.35000000000000e+00  -4.87056323069150e-01
7.37500000000000e+00  -4.81591153030332e-01
7.40000000000000e+00  -4.75948310522063e-01
7.42500000000000e+00  -4.70143459320933e-01
7.45000000000000e+00  -4.64191550083393e-01
7.47500000000000e+00  -4.58106795510041e-01
7.50000000000000e+00  -4.51905900952396e-01
7.52500000000000e+00  -4.45598318787803e-01
7.55000000000000e+00  -4.39198549277687e-01
7.57500000000000e+00  -4.32718858565743e-01
7.60000000000000e+00  -4.26170931815805e-01
7.62500000000000e+00  -4.19565888046497e-01
7.65000000000000e+00  -4.12914294965871e-01
7.67500000000000e+00  -4.06226183806057e-01
7.70000000000000e+00  -3.99511064157903e-01
7.72500000000000e+00  -3.92777938805620e-01
7.75000000000000e+00  -3.86035318561432e-01
7.77500000000000e+00  -3.79291237100211e-01
7.80000000000000e+00  -3.72553265794130e-01
7.82500000000000e+00  -3.65828528547303e-01
7.85000000000000e+00  -3.59123716630429e-01
7.87500000000000e+00  -3.52445103515439e-01
7.90000000000000e+00  -3.45798559710140e-01
7.92500000000000e+00  -3.39189567592857e-01
7.95000000000000e+00  -3.32623236247079e-01
7.97500000000000e+00  -3.26104316296104e-01
8.00000000000000e+00  -3.19637214737685e-01
8.02500000000000e+00  -3.13226009778668e-01
8.05000000000000e+00  -3.06874465669645e-01
8.07500000000000e+00  -3.00586047539590e-01
8.10000000000000e+00  -2.94363936230512e-01
8.12500000000000e+00  -2.88211161946623e-01
8.15000000000000e+00  -2.82129956524011e-01
8.17500000000000e+00  -2.76123086250068e-01
8.20000000000000e+00  -2.70192651757208e-01
8.22500000000000e+00  -2.64340545073872e-01
8.25000000000000e+00  -2.58568457295858e-01
8.27500000000000e+00  -2.52877886257656e-01
8.30000000000000e+00  -2.47270144203785e-01
8.32500000000000e+00  -2.41746365460121e-01
8.35000000000000e+00  -2.36307514105240e-01
8.37500000000000e+00  -2.30954391641739e-01
8.40000000000000e+00  -2.25687644667585e-01
8.42500000000000e+00  -2.20507772547435e-01
8.45000000000000e+00  -2.15415135083982e-01
8.47500000000000e+00  -2.10409960189279e-01
8.50000000000000e+00  -2.05492351556080e-01
8.52500000000000e+00  -2.00662296329170e-01
8.55000000000000e+00  -1.95919672776701e-01
8.57500000000000e+00  -1.91264257961525e-01
8.60000000000000e+00  -1.86695735412528e-01
8.62500000000000e+00  -1.82213702795965e-01
8.65000000000000e+00  -1.77817679586792e-01
8.67500000000000e+00  -1.73507114740003e-01
8.70000000000000e+00  -1.69281394361961e-01
8.72500000000000e+00  -1.65139849381734e-01
8.75000000000000e+00  -1.61075460474430e-01
8.77500000000000e+00  -1.57105342785818e-01
8.80000000000000e+00  -1.53215146408341e-01
8.82500000000000e+00  -1.49404458753841e-01
8.85000000000000e+00  -1.45672762319144e-01
8.87500000000000e+00  -1.42019441949306e-01
8.90000000000000e+00  -1.38443792100869e-01
8.92500000000000e+00  -1.34945024105105e-01
8.95000000000000e+00  -1.31522273431264e-01
8.97500000000000e+00  -1.28174606949823e-01
9.00000000000000e+00  -1.24901030195738e-01
9.02500000000000e+00  -1.21700494631687e-01
9.05000000000000e+00  -1.18571904911323e-01
9.07500000000000e+00  -1.15514126142522e-01
9.10000000000000e+00  -1.12525991150630e-01
9.12500000000000e+00  -1.09606307741710e-01
9.15000000000000e+00  -1.06753865965796e-01
9.17500000000000e+00  -1.03967445380138e-01
9.20000000000000e+00  -1.01245822312449e-01
9.22500000000000e+00  -9.85877771241594e-02
9.25000000000000e+00  -9.59921014736578e-02
9.27500000000000e+00  -9.34576055795463e-02
9.30000000000000e+00  -9.09831254838857e-02
9.32500000000000e+00  -8.85675303154453e-02
9.35000000000000e+00  -8.62097295529504e-02
9.37500000000000e+00  -8.39084476482116e-02
9.40000000000000e+00  -8.16624083703068e-02
9.42500000000000e+00  -7.94706934736802e-02
9.45000000000000e+00  -7.73321771964375e-02
9.47500000000000e+00  -7.52457585701326e-02
9.50000000000000e+00  -7.32103590890401e-02
9.52500000000000e+00  -7.12249203794309e-02
9.55000000000000e+00  -6.92884018688450e-02
9.57500000000000e+00  -6.73997784553655e-02
9.60000000000000e+00  -6.55580381768929e-02
9.62500000000000e+00  -6.37621798804186e-02
9.65000000000000e+00  -6.20112108912986e-02
9.67500000000000e+00  -6.03041446825280e-02
9.70000000000000e+00  -5.86399985440144e-02
9.72500000000000e+00  -5.70177912518521e-02
9.75000000000000e+00  -5.54365407375955e-02
9.77500000000000e+00  -5.38952617575335e-02
9.80000000000000e+00  -5.23929635619629e-02
9.82500000000000e+00  -5.09286475644629e-02
9.85000000000000e+00  -4.95013050111685e-02
9.87500000000000e+00  -4.81099146500444e-02
9.90000000000000e+00  -4.67534404001589e-02
9.92500000000000e+00  -4.54308290209582e-02
9.95000000000000e+00  -4.41410077815396e-02
9.97500000000000e+00  -4.28828821299259e-02
1.00000000000000e+01  -4.16553333623396e-02
