0.00000000000000e+00  3.50481218196338e-02
2.50000000000000e-02  3.61087372235382e-02
5.00000000000000e-02  3.71988026070512e-02
7.50000000000000e-02  3.83190399888777e-02
1.00000000000000e-01  3.94701992723594e-02
1.25000000000000e-01  4.06530576462308e-02
1.50000000000000e-01  4.18684189853756e-02
1.75000000000000e-01  4.31171132515834e-02
2.00000000000000e-01  4.43999958943060e-02
2.25000000000000e-01  4.57179472514139e-02
2.50000000000000e-01  4.70718719499528e-02
2.75000000000000e-01  4.84626983068998e-02
3.00000000000000e-01  4.98913777299204e-02
3.25000000000000e-01  5.13588841181245e-02
3.50000000000000e-01  5.28662132628231e-02
3.75000000000000e-01  5.44143822482847e-02
4.00000000000000e-01  5.60044288524916e-02
4.25000000000000e-01  5.76374109478967e-02
4.50000000000000e-01  5.93144059021799e-02
4.75000000000000e-01  6.10365099790040e-02
5.00000000000000e-01  6.28048377387724e-02
5.25000000000000e-01  6.46205214393841e-02
5.50000000000000e-01  6.64847104369910e-02
5.75000000000000e-01  6.83985705867547e-02
6.00000000000000e-01  7.03632836436018e-02
6.25000000000000e-01  7.23800466629816e-02
6.50000000000000e-01  7.44500714016220e-02
6.75000000000000e-01  7.65745837182854e-02
7.00000000000000e-01  7.87548229745267e-02
7.25000000000000e-01  8.09920414354481e-02
7.50000000000000e-01  8.32875036704566e-02
7.75000000000000e-01  8.56424859540202e-02
8.00000000000000e-01  8.80582756664241e-02
8.25000000000000e-01  9.05361706945277e-02
8.50000000000000e-01  9.30774788325204e-02
8.75000000000000e-01  9.56835171826790e-02
9.00000000000000e-01  9.83556115561231e-02
9.25000000000000e-01  1.01095095873572e-01
9.50000000000000e-01  1.03903311566102e-01
9.75000000000000e-01  1.06781606975901e-01
1.00000000000000e+00  1.09731336757027e-01
1.02500000000000e+00  1.12753861276163e-01
1.05000000000000e+00  1.15850546013375e-01
1.07500000000000e+00  1.19022760962866e-01
1.10000000000000e+00  1.22271880033736e-01
1.12500000000000e+00  1.25599280450734e-01
1.15000000000000e+00  1.29006342155020e-01
1.17500000000000e+00  1.32494447204916e-01
1.20000000000000e+00  1.36064979176666e-01
1.22500000000000e+00  1.39719322565192e-01
1.25000000000000e+00  1.43456034949610e-01
1.27500000000000e+00  1.47280115639783e-01
1.30000000000000e+00  1.51191291862178e-01
1.32500000000000e+00  1.55190690514690e-01
1.35000000000000e+00  1.59279413297405e-01
1.37500000000000e+00  1.63458529143217e-01
1.40000000000000e+00  1.67729066648427e-01
1.42500000000000e+00  1.72092006503356e-01
1.45000000000000e+00  1.76548273922950e-01
1.47500000000000e+00  1.81098731077388e-01
1.50000000000000e+00  1.85744169522690e-01
1.52500000000000e+00  1.90485302631326e-01
1.55000000000000e+00  1.95322758022819e-01
1.57500000000000e+00  2.00257069994359e-01
1.60000000000000e+00  2.05288671951404e-01
1.62500000000000e+00  2.10417888838294e-01
1.65000000000000e+00  2.15644929568852e-01
1.67500000000000e+00  2.20969879456998e-01
1.70000000000000e+00  2.26392692647353e-01
1.72500000000000e+00  2.31913184545844e-01
1.75000000000000e+00  2.37531024250318e-01
1.77500000000000e+00  2.43245726981146e-01
1.80000000000000e+00  2.49056646511830e-01
1.82500000000000e+00  2.54962967599612e-01
1.85000000000000e+00  2.60963698416079e-01
1.87500000000000e+00  2.67057607499392e-01
1.90000000000000e+00  2.73242985281870e-01
1.92500000000000e+00  2.79518430176035e-01
1.95000000000000e+00  2.85881983124528e-01
1.97500000000000e+00  2.92331444385644e-01
2.00000000000000e+00  2.98864355988239e-01
2.02500000000000e+00  3.05477984186632e-01
2.05000000000000e+00  3.12169301915511e-01
2.07500000000000e+00  3.18934971244836e-01
2.10000000000000e+00  3.25771325834745e-01
2.12500000000000e+00  3.32674353390458e-01
2.15000000000000e+00  3.39639678117179e-01
2.17500000000000e+00  3.46662543175003e-01
2.20000000000000e+00  3.53737793133822e-01
2.22500000000000e+00  3.60859856428223e-01
2.25000000000000e+00  3.68022727812399e-01
2.27500000000000e+00  3.75219950815051e-01
2.30000000000000e+00  3.82444600194290e-01
2.32500000000000e+00  3.89689264392546e-01
2.35000000000000e+00  3.96946027991468e-01
2.37500000000000e+00  4.04206454166830e-01
2.40000000000000e+00  4.11461567143438e-01
2.42500000000000e+00  4.18701834650029e-01
2.45000000000000e+00  4.25917150374181e-01
2.47500000000000e+00  4.33096816417212e-01
2.50000000000000e+00  4.40226040888023e-01
2.52500000000000e+00  4.47300850033678e-01
2.55000000000000e+00  4.54303138541690e-01
2.57500000000000e+00  4.61220172969602e-01
2.60000000000000e+00  4.68038401360213e-01
2.62500000000000e+00  4.74743468696386e-01
2.65000000000000e+00  4.81320232355844e-01
2.67500000000000e+00  4.87752777565976e-01
2.70000000000000e+00  4.94024432858640e-01
2.72500000000000e+00  5.00117785524964e-01
2.75000000000000e+00  5.06014697070150e-01
2.77500000000000e+00  5.11696318668273e-01
2.80000000000000e+00  5.17143106617087e-01
2.82500000000000e+00  5.22334837792827e-01
2.85000000000000e+00  5.27250625105008e-01
2.87500000000000e+00  5.31868932951233e-01
2.90000000000000e+00  5.36167592671991e-01
2.92500000000000e+00  5.40123818005460e-01
2.95000000000000e+00  5.43714220542312e-01
2.97500000000000e+00  5.46914825180512e-01
3.00000000000000e+00  5.49701085580123e-01
3.02500000000000e+00  5.52047899618109e-01
3.05000000000000e+00  5.53929624843133e-01
3.07500000000000e+00  5.55320093930364e-01
3.10000000000000e+00  5.56192630136279e-01
3.12500000000000e+00  5.56517870037360e-01
3.15000000000000e+00  5.56280885359965e-01
3.17500000000000e+00  5.55443607167662e-01
3.20000000000000e+00  5.53980836661721e-01
3.22500000000000e+00  5.51866977668664e-01
3.25000000000000e+00  5.49076259865788e-01
3.27500000000000e+00  5.45582962006671e-01
3.30000000000000e+00  5.41361635146691e-01
3.32500000000000e+00  5.36387325868538e-01
3.35000000000000e+00  5.30635799507729e-01
3.37500000000000e+00  5.24083763378119e-01
3.40000000000000e+00  5.16709089997417e-01
3.42500000000000e+00  5.08491040312702e-01
3.45000000000000e+00  4.99410486925931e-01
3.47500000000000e+00  4.89450137319459e-01
3.50000000000000e+00  4.78594757081549e-01
3.52500000000000e+00  4.66831393131887e-01
3.55000000000000e+00  4.54149596947095e-01
3.57500000000000e+00  4.40541647786248e-01
3.60000000000000e+00  4.26002775916384e-01
3.62500000000000e+00  4.10531385838018e-01
3.65000000000000e+00  3.94129279510661e-01
3.67500000000000e+00  3.76801879578326e-01
3.70000000000000e+00  3.58558452595048e-01
3.72500000000000e+00  3.39412332250397e-01
3.75000000000000e+00  3.19383740023275e-01
3.77500000000000e+00  2.98496944334453e-01
3.80000000000000e+00  2.76781157366501e-01
3.82500000000000e+00  2.54270769300059e-01
3.85000000000000e+00  2.31006186041452e-01
3.87500000000000e+00  2.07033977840452e-01
3.90000000000000e+00  1.82407027908047e-01
3.92500000000000e+00  1.57184681034209e-01
3.95000000000000e+00  1.31432892205658e-01
3.97500000000000e+00  1.05224375223630e-01
4.00000000000000e+00  7.86387513216485e-02
4.02500000000000e+00  5.17626977832829e-02
4.05000000000000e+00  2.46900965599249e-02
4.07500000000000e+00  -2.47862950268923e-03
4.10000000000000e+00  -2.96359980749431e-02
4.12500000000000e+00  -5.66673137608896e-02
4.15000000000000e+00  -8.34525471926677e-02
4.17500000000000e+00  -1.09864972080367e-01
4.20000000000000e+00  -1.35771904860047e-01
4.22500000000000e+00  -1.61035444341740e-01
4.25000000000000e+00  -1.85513211357472e-01
4.27500000000000e+00  -2.09059088409274e-01
4.30000000000000e+00  -2.31523959317187e-01
4.32500000000000e+00  -2.52756448867286e-01
4.35000000000000e+00  -2.72603662459680e-01
4.37500000000000e+00  -2.90912361240134e-01
4.40000000000000e+00  -3.07532750995153e-01
4.42500000000000e+00  -3.22315133273566e-01
4.45000000000000e+00  -3.35115869174551e-01
4.47500000000000e+00  -3.45796775727399e-01
4.50000000000000e+00  -3.54227153383045e-01
4.52500000000000e+00  -3.60285813505600e-01
4.55000000000000e+00  -3.63863105863881e-01
4.57500000000000e+00  -3.64862946122947e-01
4.60000000000000e+00  -3.63204843335627e-01
4.62500000000000e+00  -3.58825927434053e-01
4.65000000000000e+00  -3.51682976721193e-01
4.67500000000000e+00  -3.41754445362381e-01
4.70000000000000e+00  -3.29042888598471e-01
4.72500000000000e+00  -3.13576640581292e-01
4.75000000000000e+00  -2.95413923054033e-01
4.77500000000000e+00  -2.74637646116381e-01
4.80000000000000e+00  -2.51363852903475e-01
4.82500000000000e+00  -2.25741603597405e-01
4.85000000000000e+00  -1.97952859438721e-01
4.87500000000000e+00  -1.68212366737944e-01
4.90000000000000e+00  -1.36767540887065e-01
4.92500000000000e+00  -1.03898350371059e-01
4.95000000000000e+00  -6.99172007793921e-02
4.97500000000000e+00  -3.51688188175212e-02
5.00000000000000e+00  -2.01537989110599e-05
5.02500000000000e+00  3.51185249427471e-02
5.05000000000000e+00  6.98668971052685e-02
5.07500000000000e+00  1.03848032958918e-01
5.10000000000000e+00  1.36717207996414e-01
5.12500000000000e+00  1.68162018942850e-01
5.15000000000000e+00  1.97902499765630e-01
5.17500000000000e+00  2.25691237684391e-01
5.20000000000000e+00  2.51313489180929e-01
5.22500000000000e+00  2.74587296009137e-01
5.25000000000000e+00  2.95363601204920e-01
5.27500000000000e+00  3.13526365096132e-01
5.30000000000000e+00  3.28992681312501e-01
5.32500000000000e+00  3.41704331959109e-01
5.35000000000000e+00  3.51632986870302e-01
5.37500000000000e+00  3.58776094834307e-01
5.40000000000000e+00  3.63155205772653e-01
5.42500000000000e+00  3.64813545337129e-01
5.45000000000000e+00  3.63813987342831e-01
5.47500000000000e+00  3.60237026201195e-01
5.50000000000000e+00  3.54178749353045e-01
5.52500000000000e+00  3.45748809701625e-01
5.55000000000000e+00  3.35068398045650e-01
5.57500000000000e+00  3.22268215512337e-01
5.60000000000000e+00  3.07486445990450e-01
5.62500000000000e+00  2.90866293114071e-01
5.65000000000000e+00  2.72558761495964e-01
5.67500000000000e+00  2.52712337724797e-01
5.70000000000000e+00  2.31480694460191e-01
5.72500000000000e+00  2.09016723943608e-01
5.75000000000000e+00  1.85471798419676e-01
5.77500000000000e+00  1.60995030557503e-01
5.80000000000000e+00  1.35732533872002e-01
5.82500000000000e+00  1.09826683145220e-01
5.85000000000000e+00  8.34153748476465e-02
5.87500000000000e+00  5.66312875595492e-02
5.90000000000000e+00  2.96011423922832e-02
5.92500000000000e+00  2.44496340962291e-03
5.95000000000000e+00  -2.47225592902217e-02
5.97500000000000e+00  -5.17939486578186e-02
6.00000000000000e+00  -7.86687869921614e-02
6.02500000000000e+00  -1.05253197394667e-01
6.05000000000000e+00  -1.31460507378501e-01
6.07500000000000e+00  -1.57211100228166e-01
6.10000000000000e+00  -1.82432266359112e-01
6.12500000000000e+00  -2.07058054677325e-01
6.15000000000000e+00  -2.31029123938934e-01
6.17500000000000e+00  -2.54292594109802e-01
6.20000000000000e+00  -2.76801897725131e-01
6.22500000000000e+00  -2.98516631249061e-01
6.25000000000000e+00  -3.19399809494970e-01
6.27500000000000e+00  -3.39430012895820e-01
6.30000000000000e+00  -3.58575183211375e-01
6.32500000000000e+00  -3.76817697165758e-01
6.35000000000000e+00  -3.94144221548754e-01
6.37500000000000e+00  -4.10545490010914e-01
6.40000000000000e+00  -4.26016079858689e-01
6.42500000000000e+00  -4.40554188849539e-01
6.45000000000000e+00  -4.54161411987055e-01
6.47500000000000e+00  -4.66842518316082e-01
6.50000000000000e+00  -4.78605227717831e-01
6.52500000000000e+00  -4.89459987705004e-01
6.55000000000000e+00  -4.99419750216911e-01
6.57500000000000e+00  -5.08499748414587e-01
6.60000000000000e+00  -5.16717273475916e-01
6.62500000000000e+00  -5.24091451390746e-01
6.65000000000000e+00  -5.30643019756009e-01
6.67500000000000e+00  -5.36394104570841e-01
6.70000000000000e+00  -5.41367997031702e-01
6.72500000000000e+00  -5.45588930327491e-01
6.75000000000000e+00  -5.49081856434671e-01
6.77500000000000e+00  -5.51872222912382e-01
6.80000000000000e+00  -5.53985749697567e-01
6.82500000000000e+00  -5.55448205900082e-01
6.85000000000000e+00  -5.56285186597825e-01
6.87500000000000e+00  -5.56524081847112e-01
6.90000000000000e+00  -5.56196381266093e-01
6.92500000000000e+00  -5.55323590370695e-01
6.95000000000000e+00  -5.53932878875616e-01
6.97500000000000e+00  -5.52050922608943e-01
7.00000000000000e+00  -5.49703888053959e-01
7.02500000000000e+00  -5.46917416890945e-01
7.05000000000000e+00  -5.43716610538985e-01
7.07500000000000e+00  -5.40126014697767e-01
7.10000000000000e+00  -5.36169603889387e-01
7.12500000000000e+00  -5.31870766000155e-01
7.15000000000000e+00  -5.27252286822393e-01
7.17500000000000e+00  -5.22336334596246e-01
7.20000000000000e+00  -5.17144444551479e-01
7.22500000000000e+00  -5.11697503449282e-01
7.25000000000000e+00  -5.06015734124077e-01
7.27500000000000e+00  -5.00118680025315e-01
7.30000000000000e+00  -4.94025189759286e-01
7.32500000000000e+00  -4.87753401630918e-01
7.35000000000000e+00  -4.81320728185583e-01
7.37500000000000e+00  -4.74743840750897e-01
7.40000000000000e+00  -4.68038653978529e-01
7.42500000000000e+00  -4.61220310385998e-01
7.45000000000000e+00  -4.54303164898482e-01
7.47500000000000e+00  -4.47300769390618e-01
7.50000000000000e+00  -4.40229342107290e-01
7.52500000000000e+00  -4.33096533722506e-01
7.55000000000000e+00  -4.25916772491769e-01
7.57500000000000e+00  -4.18701365408084e-01
7.60000000000000e+00  -4.11461010332209e-01
7.62500000000000e+00  -4.04205813537621e-01
7.65000000000000e+00  -3.96945307255461e-01
7.67500000000000e+00  -3.89688467219497e-01
7.70000000000000e+00  -3.82443730211073e-01
7.72500000000000e+00  -3.75219011604064e-01
7.75000000000000e+00  -3.68021722909837e-01
7.77500000000000e+00  -3.60858789322197e-01
7.80000000000000e+00  -3.53736667262348e-01
7.82500000000000e+00  -3.46661361923846e-01
7.85000000000000e+00  -3.39638444817551e-01
7.87500000000000e+00  -3.32673071316589e-01
7.90000000000000e+00  -3.25769998201297e-01
7.92500000000000e+00  -3.18933601204185e-01
7.95000000000000e+00  -3.12167892554890e-01
7.97500000000000e+00  -3.05476538525126e-01
8.00000000000000e+00  -2.98862876973645e-01
8.02500000000000e+00  -2.92329934891187e-01
8.05000000000000e+00  -2.85880445945438e-01
8.07500000000000e+00  -2.79516868025982e-01
8.10000000000000e+00  -2.73241400789259e-01
8.12500000000000e+00  -2.67056058709323e-01
8.15000000000000e+00  -2.60962076839021e-01
8.17500000000000e+00  -2.54961331108575e-01
8.20000000000000e+00  -2.49054997415700e-01
8.22500000000000e+00  -2.43244067503128e-01
8.25000000000000e+00  -2.37529356528121e-01
8.27500000000000e+00  -2.31911510631996e-01
8.30000000000000e+00  -2.26391014509640e-01
8.32500000000000e+00  -2.20968198979029e-01
8.35000000000000e+00  -2.15643248550750e-01
8.37500000000000e+00  -2.10416208997515e-01
8.40000000000000e+00  -2.05286994923682e-01
8.42500000000000e+00  -2.00255397334776e-01
8.45000000000000e+00  -1.95321091207004e-01
8.47500000000000e+00  -1.90483643056778e-01
8.50000000000000e+00  -1.85742518510229e-01
8.52500000000000e+00  -1.81097089872728e-01
8.55000000000000e+00  -1.76546643698407e-01
8.57500000000000e+00  -1.72090388359674e-01
8.60000000000000e+00  -1.67727461616736e-01
8.62500000000000e+00  -1.63456938187112e-01
8.65000000000000e+00  -1.59277837315158e-01
8.67500000000000e+00  -1.55189130341581e-01
8.70000000000000e+00  -1.51189748272962e-01
8.72500000000000e+00  -1.47278589351270e-01
8.75000000000000e+00  -1.43457353829880e-01
8.77500000000000e+00  -1.39717832764876e-01
8.80000000000000e+00  -1.36063508475573e-01
8.82500000000000e+00  -1.32492996096431e-01
8.85000000000000e+00  -1.29004911083498e-01
8.87500000000000e+00  -1.25597869813605e-01
8.90000000000000e+00  -1.22270490183569e-01
8.92500000000000e+00  -1.19021392209386e-01
8.95000000000000e+00  -1.15849198625431e-01
8.97500000000000e+00  -1.12752535483658e-01
9.00000000000000e+00  -1.09730032752796e-01
9.02500000000000e+00  -1.06780324917547e-01
9.05000000000000e+00  -1.03902051577786e-01
9.07500000000000e+00  -1.01093858047759e-01
9.10000000000000e+00  -9.83543959552795e-02
9.12500000000000e+00  -9.56823238409266e-02
9.15000000000000e+00  -9.30763077572460e-02
9.17500000000000e+00  -9.05350218679451e-02
9.20000000000000e+00  -8.80571490470932e-02
9.22500000000000e+00  -8.56413814783188e-02
9.25000000000000e+00  -8.32864212540073e-02
9.27500000000000e+00  -8.09909809745005e-02
9.30000000000000e+00  -7.87537843472938e-02
9.32500000000000e+00  -7.65735667862348e-02
9.35000000000000e+00  -7.44490760107210e-02
9.37500000000000e+00  -7.23790726448986e-02
9.40000000000000e+00  -7.03623308168601e-02
9.42500000000000e+00  -6.83976387578433e-02
9.45000000000000e+00  -6.64837994014285e-02
9.47500000000000e+00  -6.46196309827375e-02
9.50000000000000e+00  -6.28039676376308e-02
9.52500000000000e+00  -6.10356600019072e-02
9.55000000000000e+00  -5.93135758105007e-02
9.57500000000000e+00  -5.76366004966791e-02
9.60000000000000e+00  -5.60036377912426e-02
9.62500000000000e+00  -5.44136103217216e-02
9.65000000000000e+00  -5.28654602115745e-02
9.67500000000000e+00  -5.13581496793867e-02
9.70000000000000e+00  -4.98906616380683e-02
9.72500000000000e+00  -4.84620002940522e-02
9.75000000000000e+00  -4.70711917464927e-02
9.77500000000000e+00  -4.57172845864631e-02
9.80000000000000e+00  -4.43993504961544e-02
9.82500000000000e+00  -4.31164848480733e-02
9.85000000000000e+00  -4.18678073042403e-02
9.87500000000000e+00  -4.06524624153881e-02
9.90000000000000e+00  -3.94696202201593e-02
9.92500000000000e+00  -3.83184768443052e-02
9.95000000000000e+00  -3.71982550998837e-02
9.97500000000000e+00  -3.61082050844573e-02
1.00000000000000e+01  -3.50476047802920e-02
