0.00000000000000e+00  3.50463407347013e-02
2.50000000000000e-02  3.61068974100739e-02
5.00000000000000e-02  3.71969027257100e-02
7.50000000000000e-02  3.83170786937891e-02
1.00000000000000e-01  3.94681752087741e-02
1.25000000000000e-01  4.06509694484671e-02
1.50000000000000e-01  4.18662652750645e-02
1.75000000000000e-01  4.31148926362130e-02
2.00000000000000e-01  4.43977069660653e-02
2.25000000000000e-01  4.57155885863355e-02
2.50000000000000e-01  4.70694421073549e-02
2.75000000000000e-01  4.84601958291279e-02
3.00000000000000e-01  4.98888011423872e-02
3.25000000000000e-01  5.13562319296498e-02
3.50000000000000e-01  5.28634839662727e-02
3.75000000000000e-01  5.44115743215082e-02
4.00000000000000e-01  5.60015407595600e-02
4.25000000000000e-01  5.76344411406384e-02
4.50000000000000e-01  5.93113528220166e-02
4.75000000000000e-01  6.10333720590856e-02
5.00000000000000e-01  6.28016134064106e-02
5.25000000000000e-01  6.46172091187861e-02
5.50000000000000e-01  6.64813085522918e-02
5.75000000000000e-01  6.83950775653482e-02
6.00000000000000e-01  7.03596979197725e-02
6.25000000000000e-01  7.23763666818339e-02
6.50000000000000e-01  7.44462956233095e-02
6.75000000000000e-01  7.65707106225397e-02
7.00000000000000e-01  7.87508510654845e-02
7.25000000000000e-01  8.09879692467783e-02
7.50000000000000e-01  8.32833297707862e-02
7.75000000000000e-01  8.56382089526594e-02
8.00000000000000e-01  8.80538942193908e-02
8.25000000000000e-01  9.05316835108710e-02
8.50000000000000e-01  9.30728846809436e-02
8.75000000000000e-01  9.56788148984611e-02
9.00000000000000e-01  9.83508000483402e-02
9.25000000000000e-01  1.01090174132618e-01
9.50000000000000e-01  1.03898278671508e-01
9.75000000000000e-01  1.06776462104453e-01
1.00000000000000e+00  1.09726079191186e-01
1.02500000000000e+00  1.12748490412780e-01
1.05000000000000e+00  1.15845061372708e-01
1.07500000000000e+00  1.19017162197897e-01
1.10000000000000e+00  1.22266166939783e-01
1.12500000000000e+00  1.25593452975369e-01
1.15000000000000e+00  1.29000400408277e-01
1.17500000000000e+00  1.32488391469807e-01
1.20000000000000e+00  1.36058809919992e-01
1.22500000000000e+00  1.39713040448652e-01
1.25000000000000e+00  1.43449642156350e-01
1.27500000000000e+00  1.47273611901443e-01
1.30000000000000e+00  1.51184678876525e-01
1.32500000000000e+00  1.55183970229869e-01
1.35000000000000e+00  1.59272587936691e-01
1.37500000000000e+00  1.63451601230717e-01
1.40000000000000e+00  1.67722039035751e-01
1.42500000000000e+00  1.72084882397248e-01
1.45000000000000e+00  1.76541056913879e-01
1.47500000000000e+00  1.81091425169101e-01
1.50000000000000e+00  1.85736779162727e-01
1.52500000000000e+00  1.90477832742491e-01
1.55000000000000e+00  1.95315214035623e-01
1.57500000000000e+00  2.00249457880413e-01
1.60000000000000e+00  2.05280998257780e-01
1.62500000000000e+00  2.10410160722843e-01
1.65000000000000e+00  2.15637154836490e-01
1.67500000000000e+00  2.20962066596943e-01
1.70000000000000e+00  2.26384850871331e-01
1.72500000000000e+00  2.31905323827259e-01
1.75000000000000e+00  2.37523155364371e-01
1.77500000000000e+00  2.43237861545926e-01
1.80000000000000e+00  2.49048797030364e-01
1.82500000000000e+00  2.54955147502873e-01
1.85000000000000e+00  2.60955922106959e-01
1.87500000000000e+00  2.67049890478564e-01
1.90000000000000e+00  2.73235343933671e-01
1.92500000000000e+00  2.79510882179398e-01
1.95000000000000e+00  2.85874547312798e-01
1.97500000000000e+00  2.92324140806134e-01
2.00000000000000e+00  2.98857205962247e-01
2.02500000000000e+00  3.05471010369934e-01
2.05000000000000e+00  3.12162528359313e-01
2.07500000000000e+00  3.18928423457203e-01
2.10000000000000e+00  3.25765030842488e-01
2.12500000000000e+00  3.32668339801498e-01
2.15000000000000e+00  3.39633976183374e-01
2.17500000000000e+00  3.46657184855445e-01
2.20000000000000e+00  3.53732812158596e-01
2.22500000000000e+00  3.60855288362646e-01
2.25000000000000e+00  3.68018610121713e-01
2.27500000000000e+00  3.75216322929593e-01
2.30000000000000e+00  3.82441503575128e-01
2.32500000000000e+00  3.89686742597580e-01
2.35000000000000e+00  3.96944126742004e-01
2.37500000000000e+00  4.04205221414617e-01
2.40000000000000e+00  4.11461053138174e-01
2.42500000000000e+00  4.18702092007338e-01
2.45000000000000e+00  4.25918234144052e-01
2.47500000000000e+00  4.33098784152913e-01
2.50000000000000e+00  4.40228952396523e-01
2.52500000000000e+00  4.47304767224634e-01
2.55000000000000e+00  4.54308126617314e-01
2.57500000000000e+00  4.61226299656428e-01
2.60000000000000e+00  4.68045736976232e-01
2.62500000000000e+00  4.74752086206447e-01
2.65000000000000e+00  4.81330207415351e-01
2.67500000000000e+00  4.87764188552864e-01
2.70000000000000e+00  4.94037360893632e-01
2.72500000000000e+00  5.00132314480113e-01
2.75000000000000e+00  5.06030913565662e-01
2.77500000000000e+00  5.11714312057617e-01
2.80000000000000e+00  5.17162968960384e-01
2.82500000000000e+00  5.22356663818525e-01
2.85000000000000e+00  5.27274512159837e-01
2.87500000000000e+00  5.31894980938445e-01
2.90000000000000e+00  5.36195903977883e-01
2.92500000000000e+00  5.40154497414181e-01
2.95000000000000e+00  5.43747375138948e-01
2.97500000000000e+00  5.46950564242461e-01
3.00000000000000e+00  5.49739520456750e-01
3.02500000000000e+00  5.52089143598679e-01
3.05000000000000e+00  5.53973793013037e-01
3.07500000000000e+00  5.55367303015621e-01
3.10000000000000e+00  5.56242998336321e-01
3.12500000000000e+00  5.56571517036540e-01
3.15000000000000e+00  5.56337930459922e-01
3.17500000000000e+00  5.55504171666684e-01
3.20000000000000e+00  5.54045042091602e-01
3.22500000000000e+00  5.51934945554168e-01
3.25000000000000e+00  5.49148111445810e-01
3.27500000000000e+00  5.45658817917110e-01
3.30000000000000e+00  5.41441615065025e-01
3.32500000000000e+00  5.36471548120111e-01
3.35000000000000e+00  5.30724380633739e-01
3.37500000000000e+00  5.24176817665314e-01
3.40000000000000e+00  5.16806728969503e-01
3.42500000000000e+00  5.08593372183448e-01
3.45000000000000e+00  4.99517616013988e-01
3.47500000000000e+00  4.89562163424881e-01
3.50000000000000e+00  4.78711774824026e-01
3.52500000000000e+00  4.66953491250677e-01
3.55000000000000e+00  4.54276857562670e-01
3.57500000000000e+00  4.40674145623639e-01
3.60000000000000e+00  4.26140577490241e-01
3.62500000000000e+00  4.10674548599369e-01
3.65000000000000e+00  3.94277850955380e-01
3.67500000000000e+00  3.76955896317312e-01
3.70000000000000e+00  3.58717939386102e-01
3.72500000000000e+00  3.39577300991813e-01
3.75000000000000e+00  3.19554188680680e-01
3.77500000000000e+00  2.98672855564638e-01
3.80000000000000e+00  2.76962497802303e-01
3.82500000000000e+00  2.54457488437902e-01
3.85000000000000e+00  2.31198215036815e-01
3.87500000000000e+00  2.07231228367887e-01
3.90000000000000e+00  1.82609391085742e-01
3.92500000000000e+00  1.57392026413092e-01
3.95000000000000e+00  1.31645066823052e-01
3.97500000000000e+00  1.05441202721448e-01
4.00000000000000e+00  7.88600311291325e-02
4.02500000000000e+00  5.19882043642933e-02
4.05000000000000e+00  2.49195787247699e-02
4.07500000000000e+00  -2.24544884989491e-03
4.10000000000000e+00  -2.93994222943720e-02
4.12500000000000e+00  -5.64276725490691e-02
4.15000000000000e+00  -8.32101964797266e-02
4.17500000000000e+00  -1.09620293690938e-01
4.20000000000000e+00  -1.35525305933883e-01
4.22500000000000e+00  -1.60787356514054e-01
4.25000000000000e+00  -1.85264089698983e-01
4.27500000000000e+00  -2.08809410125976e-01
4.30000000000000e+00  -2.31274222209836e-01
4.32500000000000e+00  -2.52507169550593e-01
4.35000000000000e+00  -2.72355374341234e-01
4.37500000000000e+00  -2.90665612298903e-01
4.40000000000000e+00  -3.07288102036257e-01
4.42500000000000e+00  -3.22073154277646e-01
4.45000000000000e+00  -3.34877137554822e-01
4.47500000000000e+00  -3.45561873487642e-01
4.50000000000000e+00  -3.53996664339979e-01
4.52500000000000e+00  -3.60060320575639e-01
4.55000000000000e+00  -3.63643188414266e-01
4.57500000000000e+00  -3.64649177387255e-01
4.60000000000000e+00  -3.62997787893667e-01
4.62500000000000e+00  -3.58626138756135e-01
4.65000000000000e+00  -3.51490994776781e-01
4.67500000000000e+00  -3.41570794293123e-01
4.70000000000000e+00  -3.28868074637328e-01
4.72500000000000e+00  -3.13411149811111e-01
4.75000000000000e+00  -2.95258219029131e-01
4.77500000000000e+00  -2.74492167839239e-01
4.80000000000000e+00  -2.51229012391724e-01
4.82500000000000e+00  -2.25617783318319e-01
4.85000000000000e+00  -1.97840409611195e-01
4.87500000000000e+00  -1.68111602501973e-01
4.90000000000000e+00  -1.36678739340718e-01
4.92500000000000e+00  -1.03821747474946e-01
4.95000000000000e+00  -6.98529881286293e-02
4.97500000000000e+00  -3.51171402811897e-02
5.00000000000000e+00  1.88967118660613e-05
5.02500000000000e+00  3.51449096181335e-02
5.05000000000000e+00  6.98806305702010e-02
5.07500000000000e+00  1.03849184851239e-01
5.10000000000000e+00  1.36705900684900e-01
5.12500000000000e+00  1.68138425034715e-01
5.15000000000000e+00  1.97866839403501e-01
5.17500000000000e+00  2.25643775632764e-01
5.20000000000000e+00  2.51254531702094e-01
5.22500000000000e+00  2.74517187528577e-01
5.25000000000000e+00  2.95282720766190e-01
5.27500000000000e+00  3.13435122605211e-01
5.30000000000000e+00  3.28891513571614e-01
5.32500000000000e+00  3.41593700074623e-01
5.35000000000000e+00  3.51513372577663e-01
5.37500000000000e+00  3.58647997304299e-01
5.40000000000000e+00  3.63019138553261e-01
5.42500000000000e+00  3.64670033535722e-01
5.45000000000000e+00  3.63663564931168e-01
5.47500000000000e+00  3.60080233443247e-01
5.50000000000000e+00  3.54016130355638e-01
5.52500000000000e+00  3.45580910087908e-01
5.55000000000000e+00  3.34895762751370e-01
5.57500000000000e+00  3.22091386704950e-01
5.60000000000000e+00  3.07305961111038e-01
5.62500000000000e+00  2.90682682842352e-01
5.65000000000000e+00  2.72372548695916e-01
5.67500000000000e+00  2.52524034596987e-01
5.70000000000000e+00  2.31290801619002e-01
5.72500000000000e+00  2.08825728892753e-01
5.75000000000000e+00  1.85280174150303e-01
5.77500000000000e+00  1.60803234268881e-01
5.80000000000000e+00  1.35541005814787e-01
5.82500000000000e+00  1.09635845587301e-01
5.85000000000000e+00  8.32256311625807e-02
5.87500000000000e+00  5.64430214375699e-02
5.90000000000000e+00  2.94147171738969e-02
5.92500000000000e+00  2.26072154178478e-03
5.95000000000000e+00  -2.49042966371867e-02
5.97500000000000e+00  -5.19728818777955e-02
6.00000000000000e+00  -7.88446381634710e-02
6.02500000000000e+00  -1.05425710407179e-01
6.05000000000000e+00  -1.31629447817966e-01
6.07500000000000e+00  -1.57376255182203e-01
6.10000000000000e+00  -1.82593444144854e-01
6.12500000000000e+00  -2.07215084490713e-01
6.15000000000000e+00  -2.31181855425678e-01
6.17500000000000e+00  -2.54440896857991e-01
6.20000000000000e+00  -2.76945660679496e-01
6.22500000000000e+00  -2.98655762046901e-01
6.25000000000000e+00  -3.19534232409897e-01
6.27500000000000e+00  -3.39559673070624e-01
6.30000000000000e+00  -3.58700039037486e-01
6.32500000000000e+00  -3.76937723071883e-01
6.35000000000000e+00  -3.94259407019461e-01
6.37500000000000e+00  -4.10655838629072e-01
6.40000000000000e+00  -4.26121608371744e-01
6.42500000000000e+00  -4.40654926259640e-01
6.45000000000000e+00  -4.54257398665025e-01
6.47500000000000e+00  -4.66933805139229e-01
6.50000000000000e+00  -4.78691875231607e-01
6.52500000000000e+00  -4.89542065308513e-01
6.55000000000000e+00  -4.99497335372251e-01
6.57500000000000e+00  -5.08572925880049e-01
6.60000000000000e+00  -5.16786134563017e-01
6.62500000000000e+00  -5.24156093245115e-01
6.65000000000000e+00  -5.30703544662113e-01
6.67500000000000e+00  -5.36450619280558e-01
6.70000000000000e+00  -5.41420612116737e-01
6.72500000000000e+00  -5.45637759555639e-01
6.75000000000000e+00  -5.49127016169922e-01
6.77500000000000e+00  -5.51913831538875e-01
6.80000000000000e+00  -5.54023927067382e-01
6.82500000000000e+00  -5.55483072804886e-01
6.85000000000000e+00  -5.56316864264353e-01
6.87500000000000e+00  -5.56552692468183e-01
6.90000000000000e+00  -5.56222045475554e-01
6.92500000000000e+00  -5.55346429320370e-01
6.95000000000000e+00  -5.53953012628097e-01
6.97500000000000e+00  -5.52068469889825e-01
7.00000000000000e+00  -5.49718966020614e-01
7.02500000000000e+00  -5.46930140917827e-01
7.05000000000000e+00  -5.43727094019480e-01
7.07500000000000e+00  -5.40134368862580e-01
7.10000000000000e+00  -5.36175937641465e-01
7.12500000000000e+00  -5.31875185766151e-01
7.15000000000000e+00  -5.27254896420667e-01
7.17500000000000e+00  -5.22337235121401e-01
7.20000000000000e+00  -5.17143734275442e-01
7.22500000000000e+00  -5.11695277738918e-01
7.25000000000000e+00  -5.06012085375341e-01
7.27500000000000e+00  -5.00113697613948e-01
7.30000000000000e+00  -4.94018960008040e-01
7.32500000000000e+00  -4.87746007793327e-01
7.35000000000000e+00  -4.81312250446270e-01
7.37500000000000e+00  -4.74734356242417e-01
7.40000000000000e+00  -4.68028236814753e-01
7.42500000000000e+00  -4.61209031712034e-01
7.45000000000000e+00  -4.54291092957135e-01
7.47500000000000e+00  -4.47287969605385e-01
7.50000000000000e+00  -4.40215877336090e-01
7.52500000000000e+00  -4.33082462361004e-01
7.55000000000000e+00  -4.25902151577221e-01
7.57500000000000e+00  -4.18686249187890e-01
7.60000000000000e+00  -4.11445450350167e-01
7.62500000000000e+00  -4.04189858719174e-01
7.65000000000000e+00  -3.96929003991940e-01
7.67500000000000e+00  -3.89671859451358e-01
7.70000000000000e+00  -3.82426859510133e-01
7.72500000000000e+00  -3.75201917254731e-01
7.75000000000000e+00  -3.68004441989333e-01
7.77500000000000e+00  -3.60841356779783e-01
7.80000000000000e+00  -3.53719115997537e-01
7.82500000000000e+00  -3.46643722863618e-01
7.85000000000000e+00  -3.39620746992561e-01
7.87500000000000e+00  -3.32655341936369e-01
7.90000000000000e+00  -3.25752262728458e-01
7.92500000000000e+00  -3.18915883427610e-01
7.95000000000000e+00  -3.12150214661926e-01
7.97500000000000e+00  -3.05458921172769e-01
8.00000000000000e+00  -2.98845339358724e-01
8.02500000000000e+00  -2.92312494819540e-01
8.05000000000000e+00  -2.85863119900085e-01
8.07500000000000e+00  -2.79499671234298e-01
8.10000000000000e+00  -2.73224347289133e-01
8.12500000000000e+00  -2.67039161322492e-01
8.15000000000000e+00  -2.60945347389768e-01
8.17500000000000e+00  -2.54944780316029e-01
8.20000000000000e+00  -2.49038635027291e-01
8.22500000000000e+00  -2.43227902342401e-01
8.25000000000000e+00  -2.37513396541400e-01
8.27500000000000e+00  -2.31895762933897e-01
8.30000000000000e+00  -2.26375485427429e-01
8.32500000000000e+00  -2.20952894095831e-01
8.35000000000000e+00  -2.15628172747599e-01
8.37500000000000e+00  -2.10401366494260e-01
8.40000000000000e+00  -2.05272389318736e-01
8.42500000000000e+00  -2.00241031643711e-01
8.45000000000000e+00  -1.95306967899999e-01
8.47500000000000e+00  -1.90469764094908e-01
8.50000000000000e+00  -1.85728885380607e-01
8.52500000000000e+00  -1.81083703622494e-01
8.55000000000000e+00  -1.76533504967560e-01
8.57500000000000e+00  -1.72077497412758e-01
8.60000000000000e+00  -1.67714818373367e-01
8.62500000000000e+00  -1.63444542251361e-01
8.65000000000000e+00  -1.59265688003773e-01
8.67500000000000e+00  -1.55177226711061e-01
8.70000000000000e+00  -1.51178089145478e-01
8.72500000000000e+00  -1.47267173339435e-01
8.75000000000000e+00  -1.43446178022609e-01
8.77500000000000e+00  -1.39706896378814e-01
8.80000000000000e+00  -1.36052809238900e-01
8.82500000000000e+00  -1.32482531597940e-01
8.85000000000000e+00  -1.28994678782977e-01
8.87500000000000e+00  -1.25587867051926e-01
8.90000000000000e+00  -1.22260714192481e-01
8.92500000000000e+00  -1.19011840121020e-01
8.95000000000000e+00  -1.15839867481512e-01
8.97500000000000e+00  -1.12743422244423e-01
9.00000000000000e+00  -1.09721134305618e-01
9.02500000000000e+00  -1.06771638085271e-01
9.05000000000000e+00  -1.03893573126771e-01
9.07500000000000e+00  -1.01085584695624e-01
9.10000000000000e+00  -9.83463243783621e-02
9.12500000000000e+00  -9.56744506814468e-02
9.15000000000000e+00  -9.30686296301770e-02
9.17500000000000e+00  -9.05275353675935e-02
9.20000000000000e+00  -8.80498507533852e-02
9.22500000000000e+00  -8.56342679627945e-02
9.25000000000000e+00  -8.32794890855231e-02
9.27500000000000e+00  -8.09842267246383e-02
9.30000000000000e+00  -7.87472045954781e-02
9.32500000000000e+00  -7.65671581245577e-02
9.35000000000000e+00  -7.44428350484742e-02
9.37500000000000e+00  -7.23729960128133e-02
9.40000000000000e+00  -7.03564151710547e-02
9.42500000000000e+00  -6.83918807834780e-02
9.45000000000000e+00  -6.64781958160682e-02
9.47500000000000e+00  -6.46141785394220e-02
9.50000000000000e+00  -6.27986631276526e-02
9.52500000000000e+00  -6.10305002572964e-02
9.55000000000000e+00  -5.93085577062187e-02
9.57500000000000e+00  -5.76317209525186e-02
9.60000000000000e+00  -5.59988937734358e-02
9.62500000000000e+00  -5.44089988442559e-02
9.65000000000000e+00  -5.28609783372158e-02
9.67500000000000e+00  -5.13537945204102e-02
9.70000000000000e+00  -4.98864303566969e-02
9.72500000000000e+00  -4.84578901026026e-02
9.75000000000000e+00  -4.70671999072290e-02
9.77500000000000e+00  -4.57134084111580e-02
9.80000000000000e+00  -4.43955873453577e-02
9.82500000000000e+00  -4.31128321300886e-02
9.85000000000000e+00  -4.18642624738087e-02
9.87500000000000e+00  -4.06490229720797e-02
9.90000000000000e+00  -3.94662837064725e-02
9.92500000000000e+00  -3.83152408434730e-02
9.95000000000000e+00  -3.71951172333882e-02
9.97500000000000e+00  -3.61051630092516e-02
1.00000000000000e+01  -3.50446561857294e-02
