0.00000000000000e+00  3.36268283894694e-02
2.50000000000000e-02  3.46546448112100e-02
5.00000000000000e-02  3.57113535555681e-02
7.50000000000000e-02  3.67976753256036e-02
1.00000000000000e-01  3.79143586725716e-02
1.25000000000000e-01  3.90621794563931e-02
1.50000000000000e-01  4.02419403061259e-02
1.75000000000000e-01  4.14544700804346e-02
2.00000000000000e-01  4.27006233280622e-02
2.25000000000000e-01  4.39812797483005e-02
2.50000000000000e-01  4.52973436514605e-02
2.75000000000000e-01  4.66497434193439e-02
3.00000000000000e-01  4.80394309657129e-02
3.25000000000000e-01  4.94673811967619e-02
3.50000000000000e-01  5.09345914715877e-02
3.75000000000000e-01  5.24420810626601e-02
4.00000000000000e-01  5.39908906162932e-02
4.25000000000000e-01  5.55820816131157e-02
4.50000000000000e-01  5.72167358285417e-02
4.75000000000000e-01  5.88959547932416e-02
5.00000000000000e-01  6.06208592536128e-02
5.25000000000000e-01  6.23925886322505e-02
5.50000000000000e-01  6.42123004884180e-02
5.75000000000000e-01  6.60811699785181e-02
6.00000000000000e-01  6.80003893165635e-02
6.25000000000000e-01  6.99711672346477e-02
6.50000000000000e-01  7.19947284434153e-02
6.75000000000000e-01  7.40723130925332e-02
7.00000000000000e-01  7.62051762311615e-02
7.25000000000000e-01  7.83945872684236e-02
7.50000000000000e-01  8.06418294338776e-02
7.75000000000000e-01  8.29481992379865e-02
8.00000000000000e-01  8.53150059325893e-02
8.25000000000000e-01  8.77435709713718e-02
8.50000000000000e-01  9.02352274703368e-02
8.75000000000000e-01  9.27913196682758e-02
9.00000000000000e-01  9.54132023872385e-02
9.25000000000000e-01  9.81022404930048e-02
9.50000000000000e-01  1.00859808355555e-01
9.75000000000000e-01  1.03687289309539e-01
1.00000000000000e+00  1.06586075114752e-01
1.02500000000000e+00  1.09557565416597e-01
1.05000000000000e+00  1.12603167206565e-01
1.07500000000000e+00  1.15724294282698e-01
1.10000000000000e+00  1.18922366710064e-01
1.12500000000000e+00  1.22198810281227e-01
1.15000000000000e+00  1.25555055976715e-01
1.17500000000000e+00  1.28992539425497e-01
1.20000000000000e+00  1.32512700365447e-01
1.22500000000000e+00  1.36116982103817e-01
1.25000000000000e+00  1.39804108018085e-01
1.27500000000000e+00  1.43578940361501e-01
1.30000000000000e+00  1.47441403959589e-01
1.32500000000000e+00  1.51392696086633e-01
1.35000000000000e+00  1.55433992978747e-01
1.37500000000000e+00  1.59566442294224e-01
1.40000000000000e+00  1.63791155573872e-01
1.42500000000000e+00  1.68109200701359e-01
1.45000000000000e+00  1.72521594363551e-01
1.47500000000000e+00  1.77029294510857e-01
1.50000000000000e+00  1.81633192817563e-01
1.52500000000000e+00  1.86334107142182e-01
1.55000000000000e+00  1.91132773987786e-01
1.57500000000000e+00  1.96029840962357e-01
1.60000000000000e+00  2.01025859239116e-01
1.62500000000000e+00  2.06121276016876e-01
1.65000000000000e+00  2.11316426980375e-01
1.67500000000000e+00  2.16611528760620e-01
1.70000000000000e+00  2.22006671395229e-01
1.72500000000000e+00  2.27501810788768e-01
1.75000000000000e+00  2.33096761173098e-01
1.77500000000000e+00  2.38791187567711e-01
1.80000000000000e+00  2.44584598240073e-01
1.82500000000000e+00  2.50476337165965e-01
1.85000000000000e+00  2.56465576489824e-01
1.87500000000000e+00  2.62551265634947e-01
1.90000000000000e+00  2.68731824088973e-01
1.92500000000000e+00  2.75006067471223e-01
1.95000000000000e+00  2.81372212412791e-01
1.97500000000000e+00  2.87828240644246e-01
2.00000000000000e+00  2.94371881010732e-01
2.02500000000000e+00  3.01000591487070e-01
2.05000000000000e+00  3.07711541192862e-01
2.07500000000000e+00  3.14501592407587e-01
2.10000000000000e+00  3.21367282585704e-01
2.12500000000000e+00  3.28304806371755e-01
2.15000000000000e+00  3.35309997615464e-01
2.17500000000000e+00  3.42378311386840e-01
2.20000000000000e+00  3.49504805991274e-01
2.22500000000000e+00  3.56684124984646e-01
2.25000000000000e+00  3.63910479188421e-01
2.27500000000000e+00  3.71177628704753e-01
2.30000000000000e+00  3.78478864931583e-01
2.32500000000000e+00  3.85806992577746e-01
2.35000000000000e+00  3.93154311678064e-01
2.37500000000000e+00  4.00512599608454e-01
2.40000000000000e+00  4.07873093101027e-01
2.42500000000000e+00  4.15226470259187e-01
2.45000000000000e+00  4.22562832572732e-01
2.47500000000000e+00  4.29871686932960e-01
2.50000000000000e+00  4.37138431227101e-01
2.52500000000000e+00  4.44359154536142e-01
2.55000000000000e+00  4.51516062778458e-01
2.57500000000000e+00  4.58596579595173e-01
2.60000000000000e+00  4.65587302296991e-01
2.62500000000000e+00  4.72474015500645e-01
2.65000000000000e+00  4.79241704765357e-01
2.67500000000000e+00  4.85874570229293e-01
2.70000000000000e+00  4.92356040246017e-01
2.72500000000000e+00  4.98668785020947e-01
2.75000000000000e+00  5.04794730247808e-01
2.77500000000000e+00  5.10715070745092e-01
2.80000000000000e+00  5.16410284092509e-01
2.82500000000000e+00  5.21860144267446e-01
2.85000000000000e+00  5.27043735281418e-01
2.87500000000000e+00  5.31939464816526e-01
2.90000000000000e+00  5.36525077861913e-01
2.92500000000000e+00  5.40777670350216e-01
2.95000000000000e+00  5.44673702794025e-01
2.97500000000000e+00  5.48189013922338e-01
3.00000000000000e+00  5.51298834317011e-01
3.02500000000000e+00  5.53977800049222e-01
3.05000000000000e+00  5.56199966315918e-01
3.07500000000000e+00  5.57938821076275e-01
3.10000000000000e+00  5.59167298688154e-01
3.12500000000000e+00  5.59855425356727e-01
3.15000000000000e+00  5.59988314245138e-01
3.17500000000000e+00  5.59526873000999e-01
3.20000000000000e+00  5.58445380936413e-01
3.22500000000000e+00  5.56717648090426e-01
3.25000000000000e+00  5.54317240992569e-01
3.27500000000000e+00  5.51217708426407e-01
3.30000000000000e+00  5.47392807193080e-01
3.32500000000000e+00  5.42816727874849e-01
3.35000000000000e+00  5.37464320598642e-01
3.37500000000000e+00  5.31311320799597e-01
3.40000000000000e+00  5.24334574984607e-01
3.42500000000000e+00  5.16512266495868e-01
3.45000000000000e+00  5.07824141274418e-01
3.47500000000000e+00  4.98251733623686e-01
3.50000000000000e+00  4.87778591973035e-01
3.52500000000000e+00  4.76390504641310e-01
3.55000000000000e+00  4.64075725600376e-01
3.57500000000000e+00  4.50825200238670e-01
3.60000000000000e+00  4.36632791124743e-01
3.62500000000000e+00  4.21495503770801e-01
3.65000000000000e+00  4.05413712396258e-01
3.67500000000000e+00  3.88391385691271e-01
3.70000000000000e+00  3.70436312580294e-01
3.72500000000000e+00  3.51560327985617e-01
3.75000000000000e+00  3.31782217019515e-01
3.77500000000000e+00  3.11124976216373e-01
3.80000000000000e+00  2.89616328056307e-01
3.82500000000000e+00  2.67289307855314e-01
3.85000000000000e+00  2.44183014633278e-01
3.87500000000000e+00  2.20342773068958e-01
3.90000000000000e+00  1.95820295454966e-01
3.92500000000000e+00  1.70673843652752e-01
3.95000000000000e+00  1.44968391047587e-01
3.97500000000000e+00  1.18775784503540e-01
4.00000000000000e+00  9.21749063184687e-02
4.02500000000000e+00  6.52518361789936e-02
4.05000000000000e+00  3.81000131154880e-02
4.07500000000000e+00  1.08195876673840e-02
4.10000000000000e+00  -1.64820485054800e-02
4.12500000000000e+00  -4.36900839715260e-02
4.15000000000000e+00  -7.06841938544911e-02
4.17500000000000e+00  -9.73371275708783e-02
4.20000000000000e+00  -1.23515447313495e-01
4.22500000000000e+00  -1.49080266534977e-01
4.25000000000000e+00  -1.73887988431328e-01
4.27500000000000e+00  -1.97791044425448e-01
4.30000000000000e+00  -2.20638632650667e-01
4.32500000000000e+00  -2.42277456434273e-01
4.35000000000000e+00  -2.62552462781049e-01
4.37500000000000e+00  -2.81308019014250e-01
4.40000000000000e+00  -2.98391835304560e-01
4.42500000000000e+00  -3.13651375984761e-01
4.45000000000000e+00  -3.26940127365769e-01
4.47500000000000e+00  -3.38116868809859e-01
4.50000000000000e+00  -3.47047748382444e-01
4.52500000000000e+00  -3.53608358503862e-01
4.55000000000000e+00  -3.57685811601163e-01
4.57500000000000e+00  -3.59180815759888e-01
4.60000000000000e+00  -3.58009750375860e-01
4.62500000000000e+00  -3.54106741806963e-01
4.65000000000000e+00  -3.47425739024927e-01
4.67500000000000e+00  -3.37942589267117e-01
4.70000000000000e+00  -3.25657574051545e-01
4.72500000000000e+00  -3.10597101806914e-01
4.75000000000000e+00  -2.92817951674153e-01
4.77500000000000e+00  -2.72401940552688e-01
4.80000000000000e+00  -2.49464614466782e-01
4.82500000000000e+00  -2.24155145889556e-01
4.85000000000000e+00  -1.96656231067009e-01
4.87500000000000e+00  -1.67183987342050e-01
4.90000000000000e+00  -1.35987850478515e-01
4.92500000000000e+00  -1.03350471985196e-01
4.95000000000000e+00  -6.95876164398672e-02
4.97500000000000e+00  -3.50480588133011e-02
5.00000000000000e+00  -1.03294714782118e-04
5.02500000000000e+00  3.48310662874860e-02
5.05000000000000e+00  6.93700008689453e-02
5.07500000000000e+00  1.03131876642094e-01
5.10000000000000e+00  1.35767974661174e-01
5.12500000000000e+00  1.66962590719098e-01
5.15000000000000e+00  1.96433136644396e-01
5.17500000000000e+00  2.23930241598152e-01
5.20000000000000e+00  2.49237853370935e-01
5.22500000000000e+00  2.72173339679743e-01
5.25000000000000e+00  2.92587589464939e-01
5.27500000000000e+00  3.10365114187189e-01
5.30000000000000e+00  3.25424149124397e-01
5.32500000000000e+00  3.37707964380750e-01
5.35000000000000e+00  3.47190194602855e-01
5.37500000000000e+00  3.53870595417153e-01
5.40000000000000e+00  3.57773351645591e-01
5.42500000000000e+00  3.58944540272667e-01
5.45000000000000e+00  3.57450055080456e-01
5.47500000000000e+00  3.53373531283615e-01
5.50000000000000e+00  3.46814270164405e-01
5.52500000000000e+00  3.37885163707701e-01
5.55000000000000e+00  3.26710619236008e-01
5.57500000000000e+00  3.13424484044478e-01
5.60000000000000e+00  2.98167970035920e-01
5.62500000000000e+00  2.81087140863603e-01
5.65000000000000e+00  2.62335829717573e-01
5.67500000000000e+00  2.42064995628712e-01
5.70000000000000e+00  2.20430688701397e-01
5.72500000000000e+00  1.97587939490513e-01
5.75000000000000e+00  1.73690020803292e-01
5.77500000000000e+00  1.48887709501140e-01
5.80000000000000e+00  1.23328548301471e-01
5.82500000000000e+00  9.71561075795438e-02
5.85000000000000e+00  7.05092471702888e-02
5.87500000000000e+00  4.35213781701488e-02
5.90000000000000e+00  1.63197247389030e-02
5.92500000000000e+00  -1.09754140984914e-02
5.95000000000000e+00  -3.82492523975373e-02
5.97500000000000e+00  -6.53944230959162e-02
6.00000000000000e+00  -9.23107992699475e-02
6.02500000000000e+00  -1.18904964635060e-01
6.05000000000000e+00  -1.45090861061242e-01
6.07500000000000e+00  -1.70789626593315e-01
6.10000000000000e+00  -1.95929433471225e-01
6.12500000000000e+00  -2.20445326150320e-01
6.15000000000000e+00  -2.44279059321641e-01
6.17500000000000e+00  -2.67378935932196e-01
6.20000000000000e+00  -2.89699645205250e-01
6.22500000000000e+00  -3.11202100660609e-01
6.25000000000000e+00  -3.31850591626655e-01
6.27500000000000e+00  -3.51625465542688e-01
6.30000000000000e+00  -3.70495681174475e-01
6.32500000000000e+00  -3.88445140132879e-01
6.35000000000000e+00  -4.05462014626296e-01
6.37500000000000e+00  -4.21538521753383e-01
6.40000000000000e+00  -4.36670697795810e-01
6.42500000000000e+00  -4.50858172510983e-01
6.45000000000000e+00  -4.64103943424792e-01
6.47500000000000e+00  -4.76414150124344e-01
6.50000000000000e+00  -4.87797848550698e-01
6.52500000000000e+00  -4.98266785291609e-01
6.55000000000000e+00  -5.07835171874259e-01
6.57500000000000e+00  -5.16519459057997e-01
6.60000000000000e+00  -5.24338111127078e-01
6.62500000000000e+00  -5.31311380183396e-01
6.65000000000000e+00  -5.37461080439227e-01
6.67500000000000e+00  -5.42810362509963e-01
6.70000000000000e+00  -5.47383487706847e-01
6.72500000000000e+00  -5.51205602329717e-01
6.75000000000000e+00  -5.54302511959737e-01
6.77500000000000e+00  -5.56700455752140e-01
6.80000000000000e+00  -5.58425880728958e-01
6.82500000000000e+00  -5.59505216071768e-01
6.85000000000000e+00  -5.59964647414424e-01
6.87500000000000e+00  -5.59832259002855e-01
6.90000000000000e+00  -5.59140032522336e-01
6.92500000000000e+00  -5.57909956038039e-01
6.95000000000000e+00  -5.56169630176133e-01
6.97500000000000e+00  -5.53946115660578e-01
7.00000000000000e+00  -5.51265919677994e-01
7.02500000000000e+00  -5.48154982242536e-01
7.05000000000000e+00  -5.44638662560756e-01
7.07500000000000e+00  -5.40741725396479e-01
7.10000000000000e+00  -5.36488327435668e-01
7.12500000000000e+00  -5.31902003651298e-01
7.15000000000000e+00  -5.27005653668219e-01
7.17500000000000e+00  -5.21821528128033e-01
7.20000000000000e+00  -5.16371215053958e-01
7.22500000000000e+00  -5.10675626215701e-01
7.25000000000000e+00  -5.04754983494326e-01
7.27500000000000e+00  -4.98628805247123e-01
7.30000000000000e+00  -4.92315892672477e-01
7.32500000000000e+00  -4.85834316174742e-01
7.35000000000000e+00  -4.79201401729104e-01
7.37500000000000e+00  -4.72433717246457e-01
7.40000000000000e+00  -4.65547058938267e-01
7.42500000000000e+00  -4.58556437681444e-01
7.45000000000000e+00  -4.51476065383213e-01
7.47500000000000e+00  -4.44319341345982e-01
7.50000000000000e+00  -4.37102345101933e-01
7.52500000000000e+00  -4.29832366430768e-01
7.55000000000000e+00  -4.22523807206885e-01
7.57500000000000e+00  -4.15187770557380e-01
7.60000000000000e+00  -4.07834747144093e-01
7.62500000000000e+00  -4.00474633145315e-01
7.65000000000000e+00  -3.93116748237482e-01
7.67500000000000e+00  -3.85769853576880e-01
7.70000000000000e+00  -3.78442169781343e-01
7.72500000000000e+00  -3.71141394911948e-01
7.75000000000000e+00  -3.63874722454724e-01
7.77500000000000e+00  -3.56648859302343e-01
7.80000000000000e+00  -3.49470043735826e-01
7.82500000000000e+00  -3.42344063406240e-01
7.85000000000000e+00  -3.35276273316398e-01
7.87500000000000e+00  -3.28271613802558e-01
7.90000000000000e+00  -3.21334628516127e-01
7.92500000000000e+00  -3.14469482405353e-01
7.95000000000000e+00  -3.07679979697035e-01
7.97500000000000e+00  -3.00969581878213e-01
8.00000000000000e+00  -2.94341425677875e-01
8.02500000000000e+00  -2.87798341048652e-01
8.05000000000000e+00  -2.81342869148521e-01
8.07500000000000e+00  -2.74977280322504e-01
8.10000000000000e+00  -2.68703592084366e-01
8.12500000000000e+00  -2.62523630435492e-01
8.15000000000000e+00  -2.56438449137850e-01
8.17500000000000e+00  -2.50449758079108e-01
8.20000000000000e+00  -2.44558563942637e-01
8.22500000000000e+00  -2.38765694081051e-01
8.25000000000000e+00  -2.33071804054411e-01
8.27500000000000e+00  -2.27477385168433e-01
8.30000000000000e+00  -2.21982772012690e-01
8.32500000000000e+00  -2.16588149998819e-01
8.35000000000000e+00  -2.11293562898726e-01
8.37500000000000e+00  -2.06098920382789e-01
8.40000000000000e+00  -2.01004005558068e-01
8.42500000000000e+00  -1.96008482506507e-01
8.45000000000000e+00  -1.91111903823139e-01
8.47500000000000e+00  -1.86313718154292e-01
8.50000000000000e+00  -1.81613277735793e-01
8.52500000000000e+00  -1.77009845931176e-01
8.55000000000000e+00  -1.72502604769887e-01
8.57500000000000e+00  -1.68090662485484e-01
8.60000000000000e+00  -1.63773061053849e-01
8.62500000000000e+00  -1.59548783731389e-01
8.65000000000000e+00  -1.55416762593243e-01
8.67500000000000e+00  -1.51375886071486e-01
8.70000000000000e+00  -1.47425006493337e-01
8.72500000000000e+00  -1.43562947619361e-01
8.75000000000000e+00  -1.39791234222944e-01
8.77500000000000e+00  -1.36101774716240e-01
8.80000000000000e+00  -1.32497874444440e-01
8.82500000000000e+00  -1.28978087136608e-01
8.85000000000000e+00  -1.25540969555499e-01
8.87500000000000e+00  -1.22185082036926e-01
8.90000000000000e+00  -1.18908989029125e-01
8.92500000000000e+00  -1.15711259632117e-01
8.95000000000000e+00  -1.12590468137079e-01
8.97500000000000e+00  -1.09545194565702e-01
9.00000000000000e+00  -1.06574025209564e-01
9.02500000000000e+00  -1.03675553169487e-01
9.05000000000000e+00  -1.00848378894910e-01
9.07500000000000e+00  -9.80911107232486e-02
9.10000000000000e+00  -9.54023654192623e-02
9.12500000000000e+00  -9.27807687144195e-02
9.15000000000000e+00  -9.02249558462633e-02
9.17500000000000e+00  -8.77335720977754e-02
9.20000000000000e+00  -8.53052733367423e-02
9.22500000000000e+00  -8.29387265551204e-02
9.25000000000000e+00  -8.06326104084000e-02
9.27500000000000e+00  -7.83856157549723e-02
9.30000000000000e+00  -7.61964461954934e-02
9.32500000000000e+00  -7.40638186122500e-02
9.35000000000000e+00  -7.19864637085238e-02
9.37500000000000e+00  -6.99631265479578e-02
9.40000000000000e+00  -6.79925670939205e-02
9.42500000000000e+00  -6.60735607488720e-02
9.45000000000000e+00  -6.42048988937283e-02
9.47500000000000e+00  -6.23853894272272e-02
9.50000000000000e+00  -6.06138573052928e-02
9.52500000000000e+00  -5.88891450804013e-02
9.55000000000000e+00  -5.72101134409460e-02
9.57500000000000e+00  -5.55756417506023e-02
9.60000000000000e+00  -5.39846285876930e-02
9.62500000000000e+00  -5.24359922845536e-02
9.65000000000000e+00  -5.09286714668972e-02
9.67500000000000e+00  -4.94616255931800e-02
9.70000000000000e+00  -4.80338354939664e-02
9.72500000000000e+00  -4.66443039112940e-02
9.75000000000000e+00  -4.52920560380389e-02
9.77500000000000e+00  -4.39761400572811e-02
9.80000000000000e+00  -4.26956276816691e-02
9.82500000000000e+00  -4.14496146927860e-02
9.85000000000000e+00  -4.02372214805137e-02
9.87500000000000e+00  -3.90575935823988e-02
9.90000000000000e+00  -3.79099022230174e-02
9.92500000000000e+00  -3.67933448533404e-02
9.95000000000000e+00  -3.57071456900988e-02
9.97500000000000e+00  -3.46505562551485e-02
1.00000000000000e+01  -3.36228559148368e-02
