0.00000000000000e+00  3.50487726416137e-02
2.50000000000000e-02  3.61093997810452e-02
5.00000000000000e-02  3.71994768111280e-02
7.50000000000000e-02  3.83197257282265e-02
1.00000000000000e-01  3.94708964134963e-02
1.25000000000000e-01  4.06537660334957e-02
1.50000000000000e-01  4.18691384407971e-02
1.75000000000000e-01  4.31178435745996e-02
2.00000000000000e-01  4.44007368613402e-02
2.25000000000000e-01  4.57186986153063e-02
2.50000000000000e-01  4.70726334392473e-02
2.75000000000000e-01  4.84634696249862e-02
3.00000000000000e-01  4.98921585540320e-02
3.25000000000000e-01  5.13596740981914e-02
3.50000000000000e-01  5.28670120201805e-02
3.75000000000000e-01  5.44151893742369e-02
4.00000000000000e-01  5.60052439067315e-02
4.25000000000000e-01  5.76382334567804e-02
4.50000000000000e-01  5.93152353568568e-02
4.75000000000000e-01  6.10373458334028e-02
5.00000000000000e-01  6.28056794074417e-02
5.25000000000000e-01  6.46213682951890e-02
5.50000000000000e-01  6.64855618086651e-02
5.75000000000000e-01  6.83994257563071e-02
6.00000000000000e-01  7.03641418435802e-02
6.25000000000000e-01  7.23809070735900e-02
6.50000000000000e-01  7.44509331476945e-02
6.75000000000000e-01  7.65754458661152e-02
7.00000000000000e-01  7.87556845285501e-02
7.25000000000000e-01  8.09929013347848e-02
7.50000000000000e-01  8.32883607853047e-02
7.75000000000000e-01  8.56433390819066e-02
8.00000000000000e-01  8.80591235283110e-02
8.25000000000000e-01  9.05370119307737e-02
8.50000000000000e-01  9.30783119986978e-02
8.75000000000000e-01  9.56843407452455e-02
9.00000000000000e-01  9.83564238879500e-02
9.25000000000000e-01  1.01095895249327e-01
9.50000000000000e-01  1.03904096157489e-01
9.75000000000000e-01  1.06782374846752e-01
1.00000000000000e+00  1.09732085858252e-01
1.02500000000000e+00  1.12754589440558e-01
1.05000000000000e+00  1.15851250950276e-01
1.07500000000000e+00  1.19023440252672e-01
1.10000000000000e+00  1.22272531122274e-01
1.12500000000000e+00  1.25599900643489e-01
1.15000000000000e+00  1.29006928611215e-01
1.17500000000000e+00  1.32494996931451e-01
1.20000000000000e+00  1.36065489021909e-01
1.22500000000000e+00  1.39719789212628e-01
1.25000000000000e+00  1.43456454286319e-01
1.27500000000000e+00  1.47280484717026e-01
1.30000000000000e+00  1.51191606652907e-01
1.32500000000000e+00  1.55190946804107e-01
1.35000000000000e+00  1.59279606670281e-01
1.37500000000000e+00  1.63458654970903e-01
1.40000000000000e+00  1.67729120075562e-01
1.42500000000000e+00  1.72091982434268e-01
1.45000000000000e+00  1.76548167007749e-01
1.47500000000000e+00  1.81098535697754e-01
1.50000000000000e+00  1.85743879777354e-01
1.52500000000000e+00  1.90484912321244e-01
1.55000000000000e+00  1.95322260636044e-01
1.57500000000000e+00  2.00256458690600e-01
1.60000000000000e+00  2.05287939546284e-01
1.62500000000000e+00  2.10417027787298e-01
1.65000000000000e+00  2.15643931950975e-01
1.67500000000000e+00  2.20968736958075e-01
1.70000000000000e+00  2.26391396543094e-01
1.72500000000000e+00  2.31911725684561e-01
1.75000000000000e+00  2.37529393035338e-01
1.77500000000000e+00  2.43243913352926e-01
1.80000000000000e+00  2.49054639929762e-01
1.82500000000000e+00  2.54960757023520e-01
1.85000000000000e+00  2.60961272287418e-01
1.87500000000000e+00  2.67054953693337e-01
1.90000000000000e+00  2.73240091174355e-01
1.92500000000000e+00  2.79515282504666e-01
1.95000000000000e+00  2.85878568028582e-01
1.97500000000000e+00  2.92327747381731e-01
2.00000000000000e+00  2.98860361945646e-01
2.02500000000000e+00  3.05473677302338e-01
2.05000000000000e+00  3.12164665688881e-01
2.07500000000000e+00  3.18929988451995e-01
2.10000000000000e+00  3.25765978502626e-01
2.12500000000000e+00  3.32668622770526e-01
2.15000000000000e+00  3.39633544658838e-01
2.17500000000000e+00  3.46655986498673e-01
2.20000000000000e+00  3.53730792003697e-01
2.22500000000000e+00  3.60852388724706e-01
2.25000000000000e+00  3.68014770504215e-01
2.27500000000000e+00  3.75211479931032e-01
2.30000000000000e+00  3.82435590794845e-01
2.32500000000000e+00  3.89679690540800e-01
2.35000000000000e+00  3.96935862724085e-01
2.37500000000000e+00  4.04195669464510e-01
2.40000000000000e+00  4.11450133901090e-01
2.42500000000000e+00  4.18689722646624e-01
2.45000000000000e+00  4.25904328242279e-01
2.47500000000000e+00  4.33083251612168e-01
2.50000000000000e+00  4.40211699733446e-01
2.52500000000000e+00  4.47285698212949e-01
2.55000000000000e+00  4.54287139810181e-01
2.57500000000000e+00  4.61203289953030e-01
2.60000000000000e+00  4.68020595506807e-01
2.62500000000000e+00  4.74724700237465e-01
2.65000000000000e+00  4.81300460274834e-01
2.67500000000000e+00  4.87731959575848e-01
2.70000000000000e+00  4.94002525387772e-01
2.72500000000000e+00  5.00094743711434e-01
2.75000000000000e+00  5.05990474764450e-01
2.77500000000000e+00  5.11670868444456e-01
2.80000000000000e+00  5.17116379792335e-01
2.82500000000000e+00  5.22306784455443e-01
2.85000000000000e+00  5.27221194150845e-01
2.87500000000000e+00  5.31838072128534e-01
2.90000000000000e+00  5.36135248634670e-01
2.92500000000000e+00  5.40089936374800e-01
2.95000000000000e+00  5.43678745977090e-01
2.97500000000000e+00  5.46877701455556e-01
3.00000000000000e+00  5.49662255673288e-01
3.02500000000000e+00  5.52007305805682e-01
3.05000000000000e+00  5.53887208803669e-01
3.07500000000000e+00  5.55275796856940e-01
3.10000000000000e+00  5.56146392857179e-01
3.12500000000000e+00  5.56469634581353e-01
3.15000000000000e+00  5.56230590240129e-01
3.17500000000000e+00  5.55391194454521e-01
3.20000000000000e+00  5.53926248520231e-01
3.22500000000000e+00  5.51810156724653e-01
3.25000000000000e+00  5.49017149573584e-01
3.27500000000000e+00  5.45521507017942e-01
3.30000000000000e+00  5.41297781680478e-01
3.32500000000000e+00  5.36321022082496e-01
3.35000000000000e+00  5.30566995870561e-01
3.37500000000000e+00  5.24012413043221e-01
3.40000000000000e+00  5.16635149177716e-01
3.42500000000000e+00  5.08414468656697e-01
3.45000000000000e+00  4.99331247894940e-01
3.47500000000000e+00  4.89368198566059e-01
3.50000000000000e+00  4.78510090829223e-01
3.52500000000000e+00  4.66743976555871e-01
3.55000000000000e+00  4.54059412556426e-01
3.57500000000000e+00  4.40448683807010e-01
3.60000000000000e+00  4.25907026676159e-01
3.62500000000000e+00  4.10432852151539e-01
3.65000000000000e+00  3.94027969066661e-01
3.67500000000000e+00  3.76697807327593e-01
3.70000000000000e+00  3.58451641139677e-01
3.72500000000000e+00  3.39302812234247e-01
3.75000000000000e+00  3.19271548927429e-01
3.77500000000000e+00  2.98382128092871e-01
3.80000000000000e+00  2.76663769683128e-01
3.82500000000000e+00  2.54150872078105e-01
3.85000000000000e+00  2.30883849297086e-01
3.87500000000000e+00  2.06909279596522e-01
3.90000000000000e+00  1.82280054067831e-01
3.92500000000000e+00  1.57055525235198e-01
3.95000000000000e+00  1.31301655653362e-01
3.97500000000000e+00  1.05091166505414e-01
4.00000000000000e+00  7.85036862005985e-02
4.02500000000000e+00  5.16258989721026e-02
4.05000000000000e+00  2.45516934748571e-02
4.07500000000000e+00  -2.61850080922916e-03
4.10000000000000e+00  -2.97771950720386e-02
4.12500000000000e+00  -5.68096874144504e-02
4.15000000000000e+00  -8.35959421118133e-02
4.17500000000000e+00  -1.10009226362197e-01
4.20000000000000e+00  -1.35916849881064e-01
4.22500000000000e+00  -1.61180904495932e-01
4.25000000000000e+00  -1.85659003741041e-01
4.27500000000000e+00  -2.09205022452026e-01
4.30000000000000e+00  -2.31669836360573e-01
4.32500000000000e+00  -2.52902061689097e-01
4.35000000000000e+00  -2.72748794745400e-01
4.37500000000000e+00  -2.91056787072089e-01
4.40000000000000e+00  -3.07676234682992e-01
4.42500000000000e+00  -3.22457429241157e-01
4.45000000000000e+00  -3.35256721917211e-01
4.47500000000000e+00  -3.45935920043638e-01
4.50000000000000e+00  -3.54364314968109e-01
4.52500000000000e+00  -3.60420709906805e-01
4.55000000000000e+00  -3.63995447797745e-01
4.57500000000000e+00  -3.64992439154111e-01
4.60000000000000e+00  -3.63331189917572e-01
4.62500000000000e+00  -3.58948829311611e-01
4.65000000000000e+00  -3.51802137694853e-01
4.67500000000000e+00  -3.41869574414387e-01
4.70000000000000e+00  -3.29153702872233e-01
4.72500000000000e+00  -3.13682868687303e-01
4.75000000000000e+00  -2.95515308051486e-01
4.77500000000000e+00  -2.74733948381071e-01
4.80000000000000e+00  -2.51454852763069e-01
4.82500000000000e+00  -2.25827103326943e-01
4.85000000000000e+00  -1.98032684616321e-01
4.87500000000000e+00  -1.68286366960737e-01
4.90000000000000e+00  -1.36835589847339e-01
4.92500000000000e+00  -1.03960345292627e-01
4.95000000000000e+00  -6.99730612141733e-02
4.97500000000000e+00  -3.52184848023438e-02
5.00000000000000e+00  -6.35840533431769e-05
5.02500000000000e+00  3.50813571099979e-02
5.05000000000000e+00  6.98360004934041e-02
5.07500000000000e+00  1.03823403762605e-01
5.10000000000000e+00  1.36698829720702e-01
5.12500000000000e+00  1.68149862172034e-01
5.15000000000000e+00  1.97896521786066e-01
5.17500000000000e+00  2.25691381961260e-01
5.20000000000000e+00  2.51319684688947e-01
5.22500000000000e+00  2.74599456417217e-01
5.25000000000000e+00  2.95381623914781e-01
5.27500000000000e+00  3.13550130134861e-01
5.30000000000000e+00  3.29022050079056e-01
5.32500000000000e+00  3.41739148086989e-01
5.35000000000000e+00  3.51673075658551e-01
5.37500000000000e+00  3.58821263586929e-01
5.40000000000000e+00  3.63205244047281e-01
5.42500000000000e+00  3.64868225997150e-01
5.45000000000000e+00  3.63873067741201e-01
5.47500000000000e+00  3.60300249495965e-01
5.50000000000000e+00  3.54245845954579e-01
5.52500000000000e+00  3.45819498851522e-01
5.55000000000000e+00  3.35142389527361e-01
5.57500000000000e+00  3.22345211493488e-01
5.60000000000000e+00  3.07566142996861e-01
5.62500000000000e+00  2.90948384058016e-01
5.65000000000000e+00  2.72642936518032e-01
5.67500000000000e+00  2.52798287171160e-01
5.70000000000000e+00  2.31568109998709e-01
5.72500000000000e+00  2.09105300264159e-01
5.75000000000000e+00  1.85561234821724e-01
5.77500000000000e+00  1.61085032424901e-01
5.80000000000000e+00  1.35822814035030e-01
5.82500000000000e+00  1.09916963129851e-01
5.85000000000000e+00  8.35053860120513e-02
5.87500000000000e+00  5.67207721178352e-02
5.90000000000000e+00  2.96898543254655e-02
5.92500000000000e+00  2.53266926382993e-03
5.95000000000000e+00  -2.46360797938995e-02
5.97500000000000e+00  -5.17089020738809e-02
6.00000000000000e+00  -7.85853657799422e-02
6.02500000000000e+00  -1.05171579550813e-01
6.05000000000000e+00  -1.31380856304744e-01
6.07500000000000e+00  -1.57133564685637e-01
6.10000000000000e+00  -1.82356980509194e-01
6.12500000000000e+00  -2.06985138209047e-01
6.15000000000000e+00  -2.30958682282910e-01
6.17500000000000e+00  -2.54224718738706e-01
6.20000000000000e+00  -2.76736666540714e-01
6.22500000000000e+00  -2.98454109055710e-01
6.25000000000000e+00  -3.19340049455670e-01
6.27500000000000e+00  -3.39373053459431e-01
6.30000000000000e+00  -3.58521053843080e-01
6.32500000000000e+00  -3.76766416168511e-01
6.35000000000000e+00  -3.94095796855097e-01
6.37500000000000e+00  -4.10499919948583e-01
6.40000000000000e+00  -4.25973353889981e-01
6.42500000000000e+00  -4.40514288284455e-01
6.45000000000000e+00  -4.54124310670218e-01
6.47500000000000e+00  -4.66808183287422e-01
6.50000000000000e+00  -4.78573619847048e-01
6.52500000000000e+00  -4.89431062299800e-01
6.55000000000000e+00  -4.99393457604993e-01
6.57500000000000e+00  -5.08476034499447e-01
6.60000000000000e+00  -5.16696080266382e-01
6.62500000000000e+00  -5.24072717504300e-01
6.65000000000000e+00  -5.30626680895886e-01
6.67500000000000e+00  -5.36380093976895e-01
6.70000000000000e+00  -5.41356245905043e-01
6.72500000000000e+00  -5.45579368228901e-01
6.75000000000000e+00  -5.49074411656784e-01
6.77500000000000e+00  -5.51866822825645e-01
6.80000000000000e+00  -5.53982321069964e-01
6.82500000000000e+00  -5.55446675190643e-01
6.85000000000000e+00  -5.56285480223891e-01
6.87500000000000e+00  -5.56526125822862e-01
6.90000000000000e+00  -5.56200102819368e-01
6.92500000000000e+00  -5.55328916508377e-01
6.95000000000000e+00  -5.53939737388773e-01
6.97500000000000e+00  -5.52059242180574e-01
7.00000000000000e+00  -5.49713598359702e-01
7.02500000000000e+00  -5.46928448692757e-01
7.05000000000000e+00  -5.43728895771786e-01
7.07500000000000e+00  -5.40139486549054e-01
7.10000000000000e+00  -5.36184196871814e-01
7.12500000000000e+00  -5.31886416017078e-01
7.15000000000000e+00  -5.27268931226388e-01
7.17500000000000e+00  -5.22353912240587e-01
7.20000000000000e+00  -5.17162895834590e-01
7.22500000000000e+00  -5.11716770352151e-01
7.25000000000000e+00  -5.06035760240641e-01
7.27500000000000e+00  -5.00139410585811e-01
7.30000000000000e+00  -4.94046571646567e-01
7.32500000000000e+00  -4.87775383389739e-01
7.35000000000000e+00  -4.81343260024854e-01
7.37500000000000e+00  -4.74766874538905e-01
7.40000000000000e+00  -4.68062143231120e-01
7.42500000000000e+00  -4.61244210247736e-01
7.45000000000000e+00  -4.54327432116769e-01
7.47500000000000e+00  -4.47325362282781e-01
7.50000000000000e+00  -4.40254220400267e-01
7.52500000000000e+00  -4.33121659684767e-01
7.55000000000000e+00  -4.25942109174832e-01
7.57500000000000e+00  -4.18726877454165e-01
7.60000000000000e+00  -4.11486663941440e-01
7.62500000000000e+00  -4.04231576435046e-01
7.65000000000000e+00  -3.96971148657819e-01
7.67500000000000e+00  -3.89714357801785e-01
7.70000000000000e+00  -3.82469642072891e-01
7.72500000000000e+00  -3.75244918235748e-01
7.75000000000000e+00  -3.68047599158364e-01
7.77500000000000e+00  -3.60884611356886e-01
7.80000000000000e+00  -3.53762412540332e-01
7.82500000000000e+00  -3.46687009155333e-01
7.85000000000000e+00  -3.39663973930866e-01
7.87500000000000e+00  -3.32698463422997e-01
7.90000000000000e+00  -3.25795235559613e-01
7.92500000000000e+00  -3.18958667185161e-01
7.95000000000000e+00  -3.12192771605388e-01
7.97500000000000e+00  -3.05501216132073e-01
8.00000000000000e+00  -2.98887339627770e-01
8.02500000000000e+00  -2.92354170050543e-01
8.05000000000000e+00  -2.85904441998701e-01
8.07500000000000e+00  -2.79540614255539e-01
8.10000000000000e+00  -2.73264887334075e-01
8.12500000000000e+00  -2.67079276563885e-01
8.15000000000000e+00  -2.60985017779875e-01
8.17500000000000e+00  -2.54983987685325e-01
8.20000000000000e+00  -2.49077362910032e-01
8.22500000000000e+00  -2.43266135897590e-01
8.25000000000000e+00  -2.37551122475469e-01
8.27500000000000e+00  -2.31932969425103e-01
8.30000000000000e+00  -2.26412162051964e-01
8.32500000000000e+00  -2.20989031755651e-01
8.35000000000000e+00  -2.15663763599969e-01
8.37500000000000e+00  -2.10436403883008e-01
8.40000000000000e+00  -2.05306867707231e-01
8.42500000000000e+00  -2.00274946549552e-01
8.45000000000000e+00  -1.95340315831418e-01
8.47500000000000e+00  -1.90502542488892e-01
8.50000000000000e+00  -1.85761092542735e-01
8.52500000000000e+00  -1.81115338668486e-01
8.55000000000000e+00  -1.76564567766549e-01
8.57500000000000e+00  -1.72107988532268e-01
8.60000000000000e+00  -1.67744739026013e-01
8.62500000000000e+00  -1.63473894243263e-01
8.65000000000000e+00  -1.59294473684685e-01
8.67500000000000e+00  -1.55205448926217e-01
8.70000000000000e+00  -1.51205751189150e-01
8.72500000000000e+00  -1.47294278910212e-01
8.75000000000000e+00  -1.43472733351240e-01
8.77500000000000e+00  -1.39732904228757e-01
8.80000000000000e+00  -1.36078274917518e-01
8.82500000000000e+00  -1.32507460684526e-01
8.85000000000000e+00  -1.29019077108523e-01
8.87500000000000e+00  -1.25611740679455e-01
8.90000000000000e+00  -1.22284069397942e-01
8.92500000000000e+00  -1.19034683374739e-01
8.95000000000000e+00  -1.15862205430202e-01
8.97500000000000e+00  -1.12765261693755e-01
9.00000000000000e+00  -1.09742482203355e-01
9.02500000000000e+00  -1.06792501504955e-01
9.05000000000000e+00  -1.03913959251974e-01
9.07500000000000e+00  -1.01105500804759e-01
9.10000000000000e+00  -9.83657778300492e-02
9.12500000000000e+00  -9.56934489004456e-02
9.15000000000000e+00  -9.30871800938736e-02
9.17500000000000e+00  -9.05456455930487e-02
9.20000000000000e+00  -8.80675282849426e-02
9.22500000000000e+00  -8.56515203602483e-02
9.25000000000000e+00  -8.32963239128448e-02
9.27500000000000e+00  -8.10006515392639e-02
9.30000000000000e+00  -7.87632269381544e-02
9.32500000000000e+00  -7.65827855097483e-02
9.35000000000000e+00  -7.44580749553257e-02
9.37500000000000e+00  -7.23878558766801e-02
9.40000000000000e+00  -7.03709023755845e-02
9.42500000000000e+00  -6.84060026532563e-02
9.45000000000000e+00  -6.64919596098227e-02
9.47500000000000e+00  -6.46275914437866e-02
9.50000000000000e+00  -6.28117322514909e-02
9.52500000000000e+00  -6.10432326265852e-02
9.55000000000000e+00  -5.93209602594906e-02
9.57500000000000e+00  -5.76438005368649e-02
9.60000000000000e+00  -5.60106571410685e-02
9.62500000000000e+00  -5.44204526496295e-02
9.65000000000000e+00  -5.28721291347090e-02
9.67500000000000e+00  -5.13646487625669e-02
9.70000000000000e+00  -4.98969943930270e-02
9.72500000000000e+00  -4.84681701789426e-02
9.75000000000000e+00  -4.70772021656617e-02
9.77500000000000e+00  -4.57231388904925e-02
9.80000000000000e+00  -4.44050519821688e-02
9.82500000000000e+00  -4.31220367603155e-02
9.85000000000000e+00  -4.18732128349141e-02
9.87500000000000e+00  -4.06577247057678e-02
9.90000000000000e+00  -3.94747423619668e-02
9.92500000000000e+00  -3.83234618813543e-02
9.95000000000000e+00  -3.72031060299917e-02
9.97500000000000e+00  -3.61129248616235e-02
1.00000000000000e+01  -3.50521963171437e-02
