0.00000000000000e+00  3.50750917624527e-02
2.50000000000000e-02  3.61363135315217e-02
5.00000000000000e-02  3.72269975716015e-02
7.50000000000000e-02  3.83478660507422e-02
1.00000000000000e-01  3.94996690259192e-02
1.25000000000000e-01  4.06831838431934e-02
1.50000000000000e-01  4.18992145378715e-02
1.75000000000000e-01  4.31485912346668e-02
2.00000000000000e-01  4.44321695478595e-02
2.25000000000000e-01  4.57508299814573e-02
2.50000000000000e-01  4.71054773293561e-02
2.75000000000000e-01  4.84970400755001e-02
3.00000000000000e-01  4.99264697940425e-02
3.25000000000000e-01  5.13947405495062e-02
3.50000000000000e-01  5.29028482969442e-02
3.75000000000000e-01  5.44518102820998e-02
4.00000000000000e-01  5.60426644415676e-02
4.25000000000000e-01  5.76764688029538e-02
4.50000000000000e-01  5.93543008850366e-02
4.75000000000000e-01  6.10772570979267e-02
5.00000000000000e-01  6.28464521432284e-02
5.25000000000000e-01  6.46630184141990e-02
5.50000000000000e-01  6.65281053959105e-02
5.75000000000000e-01  6.84428790654092e-02
6.00000000000000e-01  7.04085212918768e-02
6.25000000000000e-01  7.24262292367906e-02
6.50000000000000e-01  7.44972147540841e-02
6.75000000000000e-01  7.66227037903074e-02
7.00000000000000e-01  7.88039357847880e-02
7.25000000000000e-01  8.10421630697912e-02
7.50000000000000e-01  8.33386502706803e-02
7.75000000000000e-01  8.56946737060775e-02
8.00000000000000e-01  8.81115207880243e-02
8.25000000000000e-01  9.05904894221419e-02
8.50000000000000e-01  9.31328874077918e-02
8.75000000000000e-01  9.57400318382365e-02
9.00000000000000e-01  9.84132485007996e-02
9.25000000000000e-01  1.01153871277026e-01
9.50000000000000e-01  1.03963241542845e-01
9.75000000000000e-01  1.06842707568726e-01
1.00000000000000e+00  1.09793623919844e-01
1.02500000000000e+00  1.12817350856236e-01
1.05000000000000e+00  1.15915253732965e-01
1.07500000000000e+00  1.19088702400278e-01
1.10000000000000e+00  1.22339070603768e-01
1.12500000000000e+00  1.25667735384533e-01
1.15000000000000e+00  1.29076076479338e-01
1.17500000000000e+00  1.32565475720776e-01
1.20000000000000e+00  1.36137316437426e-01
1.22500000000000e+00  1.39792982854015e-01
1.25000000000000e+00  1.43531032567157e-01
1.27500000000000e+00  1.47356463085409e-01
1.30000000000000e+00  1.51269002430257e-01
1.32500000000000e+00  1.55269777077919e-01
1.35000000000000e+00  1.59359888275717e-01
1.37500000000000e+00  1.63540404473104e-01
1.40000000000000e+00  1.67812353752669e-01
1.42500000000000e+00  1.72176716261163e-01
1.45000000000000e+00  1.76634416640509e-01
1.47500000000000e+00  1.81186316458821e-01
1.50000000000000e+00  1.85833206641418e-01
1.52500000000000e+00  1.90575799901842e-01
1.55000000000000e+00  1.95414723172874e-01
1.57500000000000e+00  2.00350510037551e-01
1.60000000000000e+00  2.05383593160178e-01
1.62500000000000e+00  2.10514296717349e-01
1.65000000000000e+00  2.15742828828962e-01
1.67500000000000e+00  2.21069273989234e-01
1.70000000000000e+00  2.26493585497715e-01
1.72500000000000e+00  2.32015577890312e-01
1.75000000000000e+00  2.37634919370295e-01
1.77500000000000e+00  2.43351124239322e-01
1.80000000000000e+00  2.49163545328449e-01
1.82500000000000e+00  2.55071366429150e-01
1.85000000000000e+00  2.61073594724330e-01
1.87500000000000e+00  2.67168997635644e-01
1.90000000000000e+00  2.73355865202282e-01
1.92500000000000e+00  2.79632794287879e-01
1.95000000000000e+00  2.85997824929479e-01
1.97500000000000e+00  2.92448756462439e-01
2.00000000000000e+00  2.98983129985888e-01
2.02500000000000e+00  3.05598210828176e-01
2.05000000000000e+00  3.12290971012322e-01
2.07500000000000e+00  3.19058071721473e-01
2.10000000000000e+00  3.25895845764353e-01
2.12500000000000e+00  3.32800280040711e-01
2.15000000000000e+00  3.39766998006779e-01
2.17500000000000e+00  3.46791242140720e-01
2.20000000000000e+00  3.53867856408081e-01
2.22500000000000e+00  3.60991268727246e-01
2.25000000000000e+00  3.68155473434886e-01
2.27500000000000e+00  3.75354013751411e-01
2.30000000000000e+00  3.82579964246423e-01
2.32500000000000e+00  3.89825913304169e-01
2.35000000000000e+00  3.97083945588989e-01
2.37500000000000e+00  4.04345624510771e-01
2.40000000000000e+00  4.11601974690404e-01
2.42500000000000e+00  4.18843464425224e-01
2.45000000000000e+00  4.26059988154474e-01
2.47500000000000e+00  4.33240848924749e-01
2.50000000000000e+00  4.40371255754726e-01
2.52500000000000e+00  4.47447237149788e-01
2.55000000000000e+00  4.54450688453288e-01
2.57500000000000e+00  4.61368878336708e-01
2.60000000000000e+00  4.68188257184944e-01
2.62500000000000e+00  4.74894472580142e-01
2.65000000000000e+00  4.81472384785537e-01
2.67500000000000e+00  4.87906082229291e-01
2.70000000000000e+00  4.94178896988329e-01
2.72500000000000e+00  5.00273420272175e-01
2.75000000000000e+00  5.06171517906792e-01
2.77500000000000e+00  5.11854345818418e-01
2.80000000000000e+00  5.17302365517404e-01
2.82500000000000e+00  5.22495359582049e-01
2.85000000000000e+00  5.27412447142441e-01
2.87500000000000e+00  5.32032099364290e-01
2.90000000000000e+00  5.36332154932770e-01
2.92500000000000e+00  5.40289835536352e-01
2.95000000000000e+00  5.43881761350643e-01
2.97500000000000e+00  5.47083966522226e-01
3.00000000000000e+00  5.49871914652492e-01
3.02500000000000e+00  5.52220514281481e-01
3.05000000000000e+00  5.54104134371717e-01
3.07500000000000e+00  5.55496619792051e-01
3.10000000000000e+00  5.56371306801488e-01
3.12500000000000e+00  5.56698861667940e-01
3.15000000000000e+00  5.56464323389514e-01
3.17500000000000e+00  5.55629682852913e-01
3.20000000000000e+00  5.54169752692869e-01
3.22500000000000e+00  5.52058950818221e-01
3.25000000000000e+00  5.49271523397784e-01
3.27500000000000e+00  5.45781767846227e-01
3.30000000000000e+00  5.41564255809937e-01
3.32500000000000e+00  5.36594056152901e-01
3.35000000000000e+00  5.30846957942568e-01
3.37500000000000e+00  5.24299693435729e-01
3.40000000000000e+00  5.16930161064383e-01
3.42500000000000e+00  5.08717648421614e-01
3.45000000000000e+00  4.99643055247459e-01
3.47500000000000e+00  4.89689116414783e-01
3.50000000000000e+00  4.78840624915148e-01
3.52500000000000e+00  4.67084654844690e-01
3.55000000000000e+00  4.54410784389984e-01
3.57500000000000e+00  4.40811318813922e-01
3.60000000000000e+00  4.26281513441582e-01
3.62500000000000e+00  4.10819796646103e-01
3.65000000000000e+00  3.94427992834551e-01
3.67500000000000e+00  3.77111545433798e-01
3.70000000000000e+00  3.58879739876389e-01
3.72500000000000e+00  3.39745926586418e-01
3.75000000000000e+00  3.19730322120961e-01
3.77500000000000e+00  2.98857198369195e-01
3.80000000000000e+00  2.77155760886153e-01
3.82500000000000e+00  2.54660384800255e-01
3.85000000000000e+00  2.31411451638796e-01
3.87500000000000e+00  2.07455497993644e-01
3.90000000000000e+00  1.82845364186944e-01
3.92500000000000e+00  1.57640342936819e-01
3.95000000000000e+00  1.31906328023071e-01
3.97500000000000e+00  1.05715962952884e-01
4.00000000000000e+00  7.91487896265227e-02
4.02500000000000e+00  5.22913970030380e-02
4.05000000000000e+00  2.52375697659677e-02
4.07500000000000e+00  -1.91237340939132e-03
4.10000000000000e+00  -2.90510621596452e-02
4.12500000000000e+00  -5.60639196646451e-02
4.15000000000000e+00  -8.28310390076553e-02
4.17500000000000e+00  -1.09225820846763e-01
4.20000000000000e+00  -1.35115710847153e-01
4.22500000000000e+00  -1.60362937113365e-01
4.25000000000000e+00  -1.84825247621572e-01
4.27500000000000e+00  -2.08356647651841e-01
4.30000000000000e+00  -2.30808137220403e-01
4.32500000000000e+00  -2.52028448511921e-01
4.35000000000000e+00  -2.71864783311752e-01
4.37500000000000e+00  -2.90163982604497e-01
4.40000000000000e+00  -3.06776328473114e-01
4.42500000000000e+00  -3.21552161046079e-01
4.45000000000000e+00  -3.34347878356144e-01
4.47500000000000e+00  -3.45025311858074e-01
4.50000000000000e+00  -3.53453755979217e-01
4.52500000000000e+00  -3.59511997670080e-01
4.55000000000000e+00  -3.63090345954894e-01
4.57500000000000e+00  -3.64092661482195e-01
4.60000000000000e+00  -3.62438386075389e-01
4.62500000000000e+00  -3.58064572283324e-01
4.65000000000000e+00  -3.50927912930867e-01
4.67500000000000e+00  -3.41006770669471e-01
4.70000000000000e+00  -3.28303611941697e-01
4.72500000000000e+00  -3.12846682043387e-01
4.75000000000000e+00  -2.94694118854154e-01
4.77500000000000e+00  -2.73928750034025e-01
4.80000000000000e+00  -2.50666545242907e-01
4.82500000000000e+00  -2.25056498888923e-01
4.85000000000000e+00  -1.97280512876750e-01
4.87500000000000e+00  -1.67553279355966e-01
4.90000000000000e+00  -1.36122163469379e-01
4.92500000000000e+00  -1.03267086101381e-01
4.95000000000000e+00  -6.93004066262788e-02
4.97500000000000e+00  -3.45668056566355e-02
5.00000000000000e+00  5.66815419208518e-04
5.02500000000000e+00  3.56902432763730e-02
5.05000000000000e+00  7.04232027415572e-02
5.07500000000000e+00  1.04388802878910e-01
5.10000000000000e+00  1.37242358998426e-01
5.12500000000000e+00  1.68671508922683e-01
5.15000000000000e+00  1.98396329253589e-01
5.17500000000000e+00  2.26169451639127e-01
5.20000000000000e+00  2.51776179040094e-01
5.22500000000000e+00  2.75034601996849e-01
5.25000000000000e+00  2.95795714896052e-01
5.27500000000000e+00  3.13943532237414e-01
5.30000000000000e+00  3.29395204900434e-01
5.32500000000000e+00  3.42092572108229e-01
5.35000000000000e+00  3.52007362101586e-01
5.37500000000000e+00  3.59137080399117e-01
5.40000000000000e+00  3.63503334195954e-01
5.42500000000000e+00  3.65149401865757e-01
5.45000000000000e+00  3.64138204456356e-01
5.47500000000000e+00  3.60550277185406e-01
5.50000000000000e+00  3.54481740936035e-01
5.52500000000000e+00  3.46042273752493e-01
5.55000000000000e+00  3.35353082335801e-01
5.57500000000000e+00  3.22544873539402e-01
5.60000000000000e+00  3.07755825864810e-01
5.62500000000000e+00  2.91129127605236e-01
5.65000000000000e+00  2.72815760445744e-01
5.67500000000000e+00  2.52964180304973e-01
5.70000000000000e+00  2.31728019784361e-01
5.72500000000000e+00  2.09260125872577e-01
5.75000000000000e+00  1.85711821478998e-01
5.77500000000000e+00  1.61232166967179e-01
5.80000000000000e+00  1.35967221688327e-01
5.82500000000000e+00  1.10059305514784e-01
5.85000000000000e+00  8.36462603734858e-02
5.87500000000000e+00  5.68607117794513e-02
5.90000000000000e+00  2.98293303692440e-02
5.92500000000000e+00  2.67209343445492e-03
5.95000000000000e+00  -2.44963537937389e-02
5.97500000000000e+00  -5.15685751283384e-02
6.00000000000000e+00  -7.84441899233319e-02
6.02500000000000e+00  -1.05029354609429e-01
6.05000000000000e+00  -1.31237426418733e-01
6.07500000000000e+00  -1.56988814795228e-01
6.10000000000000e+00  -1.82210832805295e-01
6.12500000000000e+00  -2.06837548548195e-01
6.15000000000000e+00  -2.30809636566585e-01
6.17500000000000e+00  -2.54074229257006e-01
6.20000000000000e+00  -2.76584768280391e-01
6.22500000000000e+00  -2.98300855972561e-01
6.25000000000000e+00  -3.19185519153473e-01
6.27500000000000e+00  -3.39217306330448e-01
6.30000000000000e+00  -3.58364185254382e-01
6.32500000000000e+00  -3.76608522524647e-01
6.35000000000000e+00  -3.93936975625911e-01
6.37500000000000e+00  -4.10340269694536e-01
6.40000000000000e+00  -4.25812974284987e-01
6.42500000000000e+00  -4.40353280136235e-01
6.45000000000000e+00  -4.53962775938166e-01
6.47500000000000e+00  -4.66646225097980e-01
6.50000000000000e+00  -4.78411342506601e-01
6.52500000000000e+00  -4.89268571305080e-01
6.55000000000000e+00  -4.99230859650999e-01
6.57500000000000e+00  -5.08313437484877e-01
6.60000000000000e+00  -5.16533593296577e-01
6.62500000000000e+00  -5.23910450891707e-01
6.65000000000000e+00  -5.30464746158029e-01
6.67500000000000e+00  -5.36218603831861e-01
6.70000000000000e+00  -5.41195314264483e-01
6.72500000000000e+00  -5.45419110188543e-01
6.75000000000000e+00  -5.48914943484461e-01
6.77500000000000e+00  -5.51708261946834e-01
6.80000000000000e+00  -5.53824786050840e-01
6.82500000000000e+00  -5.55290285718646e-01
6.85000000000000e+00  -5.56130357085811e-01
6.87500000000000e+00  -5.56372384645165e-01
6.90000000000000e+00  -5.56047859928442e-01
6.92500000000000e+00  -5.55178286571569e-01
6.95000000000000e+00  -5.53790833037233e-01
6.97500000000000e+00  -5.51912173472647e-01
7.00000000000000e+00  -5.49568472281578e-01
7.02500000000000e+00  -5.46785368696379e-01
7.05000000000000e+00  -5.43587961350023e-01
7.07500000000000e+00  -5.40000792848127e-01
7.10000000000000e+00  -5.36047834340990e-01
7.12500000000000e+00  -5.31752470095617e-01
7.15000000000000e+00  -5.27137482067755e-01
7.17500000000000e+00  -5.22225034473920e-01
7.20000000000000e+00  -5.17036658363432e-01
7.22500000000000e+00  -5.11593236190439e-01
7.25000000000000e+00  -5.05914986385954e-01
7.27500000000000e+00  -5.00021447929883e-01
7.30000000000000e+00  -4.93931464923056e-01
7.32500000000000e+00  -4.87663171159257e-01
7.35000000000000e+00  -4.81233974697255e-01
7.37500000000000e+00  -4.74660542432837e-01
7.40000000000000e+00  -4.67958784670835e-01
7.42500000000000e+00  -4.61143839697159e-01
7.45000000000000e+00  -4.54230058350827e-01
7.47500000000000e+00  -4.47230988595996e-01
7.50000000000000e+00  -4.40162844690669e-01
7.52500000000000e+00  -4.33033273752219e-01
7.55000000000000e+00  -4.25856701196301e-01
7.57500000000000e+00  -4.18644430674375e-01
7.60000000000000e+00  -4.11407156979837e-01
7.62500000000000e+00  -4.04154983585757e-01
7.65000000000000e+00  -3.96897440182612e-01
7.67500000000000e+00  -3.89643500216020e-01
7.70000000000000e+00  -3.82401598424474e-01
7.72500000000000e+00  -3.75179648377079e-01
7.75000000000000e+00  -3.67985060011280e-01
7.77500000000000e+00  -3.60824757170604e-01
7.80000000000000e+00  -3.53705195142387e-01
7.82500000000000e+00  -3.46632378195514e-01
7.85000000000000e+00  -3.39611877118149e-01
7.87500000000000e+00  -3.32648846755473e-01
7.90000000000000e+00  -3.25748043547413e-01
7.92500000000000e+00  -3.18913843066381e-01
7.95000000000000e+00  -3.12150257555007e-01
7.97500000000000e+00  -3.05460953463871e-01
8.00000000000000e+00  -2.98849268989242e-01
8.02500000000000e+00  -2.92318231610806e-01
8.05000000000000e+00  -2.85870575629405e-01
8.07500000000000e+00  -2.79508759704769e-01
8.10000000000000e+00  -2.73234984393251e-01
8.12500000000000e+00  -2.67051264829191e-01
8.15000000000000e+00  -2.60958837587208e-01
8.17500000000000e+00  -2.54959579334701e-01
8.20000000000000e+00  -2.49054667229945e-01
8.22500000000000e+00  -2.43245094324610e-01
8.25000000000000e+00  -2.37531677129161e-01
8.27500000000000e+00  -2.31915063178260e-01
8.30000000000000e+00  -2.26395738596165e-01
8.32500000000000e+00  -2.20974035662124e-01
8.35000000000000e+00  -2.15650140375782e-01
8.37500000000000e+00  -2.10424100022574e-01
8.40000000000000e+00  -2.05295830739129e-01
8.42500000000000e+00  -2.00265125078666e-01
8.45000000000000e+00  -1.95331659576393e-01
8.47500000000000e+00  -1.90495002314912e-01
8.50000000000000e+00  -1.85754620489608e-01
8.52500000000000e+00  -1.81109887974060e-01
8.55000000000000e+00  -1.76560092885431e-01
8.57500000000000e+00  -1.72104445149873e-01
8.60000000000000e+00  -1.67742084067922e-01
8.62500000000000e+00  -1.63472085879902e-01
8.65000000000000e+00  -1.59293471331320e-01
8.67500000000000e+00  -1.55205213238268e-01
8.70000000000000e+00  -1.51206244052821e-01
8.72500000000000e+00  -1.47295463428436e-01
8.75000000000000e+00  -1.43474571948260e-01
8.77500000000000e+00  -1.39735364098572e-01
8.80000000000000e+00  -1.36081322330525e-01
8.82500000000000e+00  -1.32511063109667e-01
8.85000000000000e+00  -1.29023203183909e-01
8.87500000000000e+00  -1.25616360183374e-01
8.90000000000000e+00  -1.22289153220235e-01
8.92500000000000e+00  -1.19040203488566e-01
8.95000000000000e+00  -1.15868134864180e-01
8.97500000000000e+00  -1.12771574504481e-01
9.00000000000000e+00  -1.09749153448298e-01
9.02500000000000e+00  -1.06799507215741e-01
9.05000000000000e+00  -1.03921276408037e-01
9.07500000000000e+00  -1.01113107307378e-01
9.10000000000000e+00  -9.83736524767656e-02
9.12500000000000e+00  -9.57015713598526e-02
9.15000000000000e+00  -9.30955308807913e-02
9.17500000000000e+00  -9.05542060440749e-02
9.20000000000000e+00  -8.80762805343838e-02
9.22500000000000e+00  -8.56604473164291e-02
9.25000000000000e+00  -8.33054092347966e-02
9.27500000000000e+00  -8.10098796137926e-02
9.30000000000000e+00  -7.87725828572874e-02
9.32500000000000e+00  -7.65922550485597e-02
9.35000000000000e+00  -7.44676445501414e-02
9.37500000000000e+00  -7.23975126036618e-02
9.40000000000000e+00  -7.03806339296918e-02
9.42500000000000e+00  -6.84157973275892e-02
9.45000000000000e+00  -6.65018062753419e-02
9.47500000000000e+00  -6.46374795294137e-02
9.50000000000000e+00  -6.28216517245872e-02
9.52500000000000e+00  -6.10531739738093e-02
9.55000000000000e+00  -5.93309144680357e-02
9.57500000000000e+00  -5.76537590760744e-02
9.60000000000000e+00  -5.60206119444311e-02
9.62500000000000e+00  -5.44303960971533e-02
9.65000000000000e+00  -5.28820540356740e-02
9.67500000000000e+00  -5.13745483386574e-02
9.70000000000000e+00  -4.99068622618426e-02
9.72500000000000e+00  -4.84780003378880e-02
9.75000000000000e+00  -4.70869889762160e-02
9.77500000000000e+00  -4.57328770628570e-02
9.80000000000000e+00  -4.44147365602943e-02
9.82500000000000e+00  -4.31316631073084e-02
9.85000000000000e+00  -4.18827766188213e-02
9.87500000000000e+00  -4.06672218857411e-02
9.90000000000000e+00  -3.94841691748060e-02
9.92500000000000e+00  -3.83328148284294e-02
9.95000000000000e+00  -3.72123818645438e-02
9.97500000000000e+00  -3.61221205764453e-02
1.00000000000000e+01  -3.50613091326389e-02
