0.00000000000000e+00  3.50624415171436e-02
2.50000000000000e-02  3.61232889371031e-02
5.00000000000000e-02  3.72135871911805e-02
7.50000000000000e-02  3.83340581642769e-02
1.00000000000000e-01  3.94854516174598e-02
1.25000000000000e-01  4.06685445884727e-02
1.50000000000000e-01  4.18841407922445e-02
1.75000000000000e-01  4.31330700213994e-02
2.00000000000000e-01  4.44161875467661e-02
2.25000000000000e-01  4.57343735178881e-02
2.50000000000000e-01  4.70885323635326e-02
2.75000000000000e-01  4.84795921922006e-02
3.00000000000000e-01  4.99085041926362e-02
3.25000000000000e-01  5.13762420343368e-02
3.50000000000000e-01  5.28838012680620e-02
3.75000000000000e-01  5.44321987263440e-02
4.00000000000000e-01  5.60224719239963e-02
4.25000000000000e-01  5.76556784586243e-02
4.50000000000000e-01  5.93328954111342e-02
4.75000000000000e-01  6.10552187462432e-02
5.00000000000000e-01  6.28237627129887e-02
5.25000000000000e-01  6.46396592452380e-02
5.50000000000000e-01  6.65040573621981e-02
5.75000000000000e-01  6.84181225689254e-02
6.00000000000000e-01  7.03830362568349e-02
6.25000000000000e-01  7.23999951042104e-02
6.50000000000000e-01  7.44702104767137e-02
6.75000000000000e-01  7.65949078278942e-02
7.00000000000000e-01  7.87753260996993e-02
7.25000000000000e-01  8.10127171229826e-02
7.50000000000000e-01  8.33083450180153e-02
7.75000000000000e-01  8.56634855949942e-02
8.00000000000000e-01  8.80794257545521e-02
8.25000000000000e-01  9.05574628882680e-02
8.50000000000000e-01  9.30989042791753e-02
8.75000000000000e-01  9.57050665022729e-02
9.00000000000000e-01  9.83772748250337e-02
9.25000000000000e-01  1.01116862607915e-01
9.50000000000000e-01  1.03925170704868e-01
9.75000000000000e-01  1.06803546863846e-01
1.00000000000000e+00  1.09753345127317e-01
1.02500000000000e+00  1.12775925232771e-01
1.05000000000000e+00  1.15872652013230e-01
1.07500000000000e+00  1.19044894797758e-01
1.10000000000000e+00  1.22294026811971e-01
1.12500000000000e+00  1.25621424578546e-01
1.15000000000000e+00  1.29028467317730e-01
1.17500000000000e+00  1.32516536347851e-01
1.20000000000000e+00  1.36087014485827e-01
1.22500000000000e+00  1.39741285447676e-01
1.25000000000000e+00  1.43477907399599e-01
1.27500000000000e+00  1.47301875991427e-01
1.30000000000000e+00  1.51212919409998e-01
1.32500000000000e+00  1.55212163723652e-01
1.35000000000000e+00  1.59300709789302e-01
1.37500000000000e+00  1.63479625685387e-01
1.40000000000000e+00  1.67749939144825e-01
1.42500000000000e+00  1.72112629987963e-01
1.45000000000000e+00  1.76568622555531e-01
1.47500000000000e+00  1.81118778141593e-01
1.50000000000000e+00  1.85763887426499e-01
1.52500000000000e+00  1.90504662909841e-01
1.55000000000000e+00  1.95341731343396e-01
1.57500000000000e+00  2.00275626164089e-01
1.60000000000000e+00  2.05306779926937e-01
1.62500000000000e+00  2.10435516738005e-01
1.65000000000000e+00  2.15662044687357e-01
1.67500000000000e+00  2.20986448282007e-01
1.70000000000000e+00  2.26408680878875e-01
1.72500000000000e+00  2.31928557117734e-01
1.75000000000000e+00  2.37545745354165e-01
1.77500000000000e+00  2.43259760092509e-01
1.80000000000000e+00  2.49069954418818e-01
1.82500000000000e+00  2.54975512433809e-01
1.85000000000000e+00  2.60975441685814e-01
1.87500000000000e+00  2.67068510175653e-01
1.90000000000000e+00  2.73253007990247e-01
1.92500000000000e+00  2.79527532950298e-01
1.95000000000000e+00  2.85890125661862e-01
1.97500000000000e+00  2.92338586111725e-01
2.00000000000000e+00  2.98870456132244e-01
2.02500000000000e+00  3.05483001866179e-01
2.05000000000000e+00  3.12173196231528e-01
2.07500000000000e+00  3.18937701386366e-01
2.10000000000000e+00  3.25772851193680e-01
2.12500000000000e+00  3.32674633686202e-01
2.15000000000000e+00  3.39638673531248e-01
2.17500000000000e+00  3.46660214495550e-01
2.20000000000000e+00  3.53734101910097e-01
2.22500000000000e+00  3.60854765134964e-01
2.25000000000000e+00  3.68016200024154e-01
2.27500000000000e+00  3.75211951390431e-01
2.30000000000000e+00  3.82435095470153e-01
2.32500000000000e+00  3.89678222388113e-01
2.35000000000000e+00  3.96933418622372e-01
2.37500000000000e+00  4.04192249469092e-01
2.40000000000000e+00  4.11445741507378e-01
2.42500000000000e+00  4.18684365064108e-01
2.45000000000000e+00  4.25898016678771e-01
2.47500000000000e+00  4.33076001568304e-01
2.50000000000000e+00  4.40203531953207e-01
2.52500000000000e+00  4.47276635127132e-01
2.55000000000000e+00  4.54277211740443e-01
2.57500000000000e+00  4.61192532294951e-01
2.60000000000000e+00  4.68009049132746e-01
2.62500000000000e+00  4.74712411879032e-01
2.65000000000000e+00  4.81287482884965e-01
2.67500000000000e+00  4.87718352670492e-01
2.70000000000000e+00  4.93988355367184e-01
2.72500000000000e+00  5.00080084161079e-01
2.75000000000000e+00  5.05975406735511e-01
2.77500000000000e+00  5.11655480713953e-01
2.80000000000000e+00  5.17100769102853e-01
2.82500000000000e+00  5.22291055734468e-01
2.85000000000000e+00  5.27205460709706e-01
2.87500000000000e+00  5.31822455840959e-01
2.90000000000000e+00  5.36119880094939e-01
2.92500000000000e+00  5.40074955035519e-01
2.95000000000000e+00  5.43664300266568e-01
2.97500000000000e+00  5.46863948874788e-01
3.00000000000000e+00  5.49649362872551e-01
3.02500000000000e+00  5.51995448640735e-01
3.05000000000000e+00  5.53876572371563e-01
3.07500000000000e+00  5.55266575511438e-01
3.10000000000000e+00  5.56138790203782e-01
3.12500000000000e+00  5.56463863877830e-01
3.15000000000000e+00  5.56226869770764e-01
3.17500000000000e+00  5.55389754649342e-01
3.20000000000000e+00  5.53927327535983e-01
3.22500000000000e+00  5.51814000294762e-01
3.25000000000000e+00  5.49024010766459e-01
3.27500000000000e+00  5.45531645903605e-01
3.30000000000000e+00  5.41311464905540e-01
3.32500000000000e+00  5.36338522353458e-01
3.35000000000000e+00  5.30588591345458e-01
3.37500000000000e+00  5.24038386631596e-01
3.40000000000000e+00  5.16665787748935e-01
3.42500000000000e+00  5.08450062156595e-01
3.45000000000000e+00  4.99372088370803e-01
3.47500000000000e+00  4.89414579099946e-01
3.50000000000000e+00  4.78562304379616e-01
3.52500000000000e+00  4.66802314707666e-01
3.55000000000000e+00  4.54124164179258e-01
3.57500000000000e+00  4.40520133621914e-01
3.60000000000000e+00  4.25985453730564e-01
3.62500000000000e+00  4.10518528202601e-01
3.65000000000000e+00  3.94121156872927e-01
3.67500000000000e+00  3.76798758849007e-01
3.70000000000000e+00  3.58560595645916e-01
3.72500000000000e+00  3.39419994321391e-01
3.75000000000000e+00  3.19397166788918e-01
3.77500000000000e+00  2.98516368848019e-01
3.80000000000000e+00  2.76806799510921e-01
3.82500000000000e+00  2.54302833064740e-01
3.85000000000000e+00  2.31044856614635e-01
3.87500000000000e+00  2.07079418541316e-01
3.90000000000000e+00  1.82459376958554e-01
3.92500000000000e+00  1.57244048170685e-01
3.95000000000000e+00  1.31499355130121e-01
3.97500000000000e+00  1.05297975894852e-01
4.00000000000000e+00  7.87194920859570e-02
4.02500000000000e+00  5.18505373451109e-02
4.05000000000000e+00  2.47849457920933e-02
4.07500000000000e+00  -2.37691081310011e-03
4.10000000000000e+00  -2.95276049352410e-02
4.12500000000000e+00  -5.65524992505265e-02
4.15000000000000e+00  -8.33316250725471e-02
4.17500000000000e+00  -1.09738319188619e-01
4.20000000000000e+00  -1.35639962864587e-01
4.22500000000000e+00  -1.60898720849608e-01
4.25000000000000e+00  -1.85372280380955e-01
4.27500000000000e+00  -2.08914590188809e-01
4.30000000000000e+00  -2.31376599501052e-01
4.32500000000000e+00  -2.52606997048066e-01
4.35000000000000e+00  -2.72452950067517e-01
4.37500000000000e+00  -2.90761278837168e-01
4.40000000000000e+00  -3.07382245263758e-01
4.42500000000000e+00  -3.22166202537379e-01
4.45000000000000e+00  -3.34969559431738e-01
4.47500000000000e+00  -3.45654175814482e-01
4.50000000000000e+00  -3.54089389749800e-01
4.52500000000000e+00  -3.60154044601021e-01
4.55000000000000e+00  -3.63738516133213e-01
4.57500000000000e+00  -3.64746739615779e-01
4.60000000000000e+00  -3.63098236925060e-01
4.62500000000000e+00  -3.58730143646930e-01
4.65000000000000e+00  -3.51599236179398e-01
4.67500000000000e+00  -3.41683958835202e-01
4.70000000000000e+00  -3.28986848245301e-01
4.72500000000000e+00  -3.13536210605385e-01
4.75000000000000e+00  -2.95390228036389e-01
4.77500000000000e+00  -2.74631762712400e-01
4.80000000000000e+00  -2.51376796474575e-01
4.82500000000000e+00  -2.25774314396841e-01
4.85000000000000e+00  -1.98006188351601e-01
4.87500000000000e+00  -1.68287060575448e-01
4.90000000000000e+00  -1.36864227234861e-01
4.92500000000000e+00  -1.04017521991920e-01
4.95000000000000e+00  -7.00591995700118e-02
4.97500000000000e+00  -3.53338193195329e-02
5.00000000000000e+00  -2.08152433179076e-04
5.02500000000000e+00  3.49077323774840e-02
5.05000000000000e+00  6.96336914445097e-02
5.07500000000000e+00  1.03592975150626e-01
5.10000000000000e+00  1.36441022388392e-01
5.12500000000000e+00  1.67865576529741e-01
5.15000000000000e+00  1.97586801395548e-01
5.17500000000000e+00  2.25357397225179e-01
5.20000000000000e+00  2.50962716646045e-01
5.22500000000000e+00  2.74220880643163e-01
5.25000000000000e+00  2.94982894528701e-01
5.27500000000000e+00  3.13132763911549e-01
5.30000000000000e+00  3.28587610666858e-01
5.32500000000000e+00  3.41289234657527e-01
5.35000000000000e+00  3.51209308656926e-01
5.37500000000000e+00  3.58345272477371e-01
5.40000000000000e+00  3.62718655954155e-01
5.42500000000000e+00  3.64372655105574e-01
5.45000000000000e+00  3.63370105469398e-01
5.47500000000000e+00  3.59791455439347e-01
5.50000000000000e+00  3.53732739601559e-01
5.52500000000000e+00  3.45303552071066e-01
5.55000000000000e+00  3.34625019828267e-01
5.57500000000000e+00  3.21827776055398e-01
5.60000000000000e+00  3.07049933473007e-01
5.62500000000000e+00  2.90434622314566e-01
5.65000000000000e+00  2.72132770785948e-01
5.67500000000000e+00  2.52292789252572e-01
5.70000000000000e+00  2.31068272651592e-01
5.72500000000000e+00  2.08612035853618e-01
5.75000000000000e+00  1.85075374575845e-01
5.77500000000000e+00  1.60607326295183e-01
5.80000000000000e+00  1.35353931161379e-01
5.82500000000000e+00  1.09457492910155e-01
5.85000000000000e+00  8.30558397763231e-02
5.87500000000000e+00  5.62815854069256e-02
5.90000000000000e+00  2.92613897743516e-02
5.92500000000000e+00  2.11522008947404e-03
5.95000000000000e+00  -2.50422865134894e-02
5.97500000000000e+00  -5.21037012142790e-02
6.00000000000000e+00  -7.89686497889488e-02
6.02500000000000e+00  -1.05543294507337e-01
6.05000000000000e+00  -1.31740997236262e-01
6.07500000000000e+00  -1.57482171092738e-01
6.10000000000000e+00  -1.82694132097224e-01
6.12500000000000e+00  -2.07310950826837e-01
6.15000000000000e+00  -2.31273304068598e-01
6.17500000000000e+00  -2.54528326472654e-01
6.20000000000000e+00  -2.77029462205511e-01
6.22500000000000e+00  -2.98736316603268e-01
6.25000000000000e+00  -3.19611913195179e-01
6.27500000000000e+00  -3.39634829429988e-01
6.30000000000000e+00  -3.58773016980555e-01
6.32500000000000e+00  -3.77008852273421e-01
6.35000000000000e+00  -3.94329000720057e-01
6.37500000000000e+00  -4.10724193582004e-01
6.40000000000000e+00  -4.26189004836026e-01
6.42500000000000e+00  -4.40721628039250e-01
6.45000000000000e+00  -4.54323653194311e-01
6.47500000000000e+00  -4.66999843614502e-01
6.50000000000000e+00  -4.78757912788914e-01
6.52500000000000e+00  -4.89608301247586e-01
6.55000000000000e+00  -4.99563953426645e-01
6.57500000000000e+00  -5.08640094533458e-01
6.60000000000000e+00  -5.16854007411771e-01
6.62500000000000e+00  -5.24224809406859e-01
6.65000000000000e+00  -5.30773229230667e-01
6.67500000000000e+00  -5.36521383826960e-01
6.70000000000000e+00  -5.41492555236465e-01
6.72500000000000e+00  -5.45710967462019e-01
6.75000000000000e+00  -5.49201563333710e-01
6.77500000000000e+00  -5.51989781374027e-01
6.80000000000000e+00  -5.54101332663004e-01
6.82500000000000e+00  -5.55561977703362e-01
6.85000000000000e+00  -5.56397303285661e-01
6.87500000000000e+00  -5.56634689363587e-01
6.90000000000000e+00  -5.56305616130159e-01
6.92500000000000e+00  -5.55431581712038e-01
6.95000000000000e+00  -5.54039747250328e-01
6.97500000000000e+00  -5.52156780198488e-01
7.00000000000000e+00  -5.49808838870120e-01
7.02500000000000e+00  -5.47021556986763e-01
7.05000000000000e+00  -5.43820028225677e-01
7.07500000000000e+00  -5.40228790767633e-01
7.10000000000000e+00  -5.36271811844706e-01
7.12500000000000e+00  -5.31972472288059e-01
7.15000000000000e+00  -5.27353551075736e-01
7.17500000000000e+00  -5.22437209880450e-01
7.20000000000000e+00  -5.17244977617371e-01
7.22500000000000e+00  -5.11797734991918e-01
7.25000000000000e+00  -5.06115699047543e-01
7.27500000000000e+00  -5.00218407713528e-01
7.30000000000000e+00  -4.94124704352765e-01
7.32500000000000e+00  -4.87852722309554e-01
7.35000000000000e+00  -4.81419869457386e-01
7.37500000000000e+00  -4.74842812746735e-01
7.40000000000000e+00  -4.68137462752846e-01
7.42500000000000e+00  -4.61318958223524e-01
7.45000000000000e+00  -4.54401650626925e-01
7.47500000000000e+00  -4.47399088699344e-01
7.50000000000000e+00  -4.40327487362382e-01
7.52500000000000e+00  -4.33194494553795e-01
7.55000000000000e+00  -4.26014536449378e-01
7.57500000000000e+00  -4.18798917799260e-01
7.60000000000000e+00  -4.11558334465110e-01
7.62500000000000e+00  -4.04302890954728e-01
7.65000000000000e+00  -3.97042117956632e-01
7.67500000000000e+00  -3.89784989874645e-01
7.70000000000000e+00  -3.82539942362485e-01
7.72500000000000e+00  -3.75314889858351e-01
7.75000000000000e+00  -3.68117243119514e-01
7.77500000000000e+00  -3.60953926756901e-01
7.80000000000000e+00  -3.53831396769689e-01
7.82500000000000e+00  -3.46755658079886e-01
7.85000000000000e+00  -3.39732282066925e-01
7.87500000000000e+00  -3.32766424102250e-01
7.90000000000000e+00  -3.25862841083904e-01
7.92500000000000e+00  -3.19025908971114e-01
7.95000000000000e+00  -3.12259640318888e-01
7.97500000000000e+00  -3.05567701812593e-01
8.00000000000000e+00  -2.98953431802549e-01
8.02500000000000e+00  -2.92419857838615e-01
8.05000000000000e+00  -2.85969714204780e-01
8.07500000000000e+00  -2.79605459453747e-01
8.10000000000000e+00  -2.73329293941522e-01
8.12500000000000e+00  -2.67143232864498e-01
8.15000000000000e+00  -2.61048512384348e-01
8.17500000000000e+00  -2.55047008964106e-01
8.20000000000000e+00  -2.49139899399109e-01
8.22500000000000e+00  -2.43328176334470e-01
8.25000000000000e+00  -2.37612655833156e-01
8.27500000000000e+00  -2.31993984944068e-01
8.30000000000000e+00  -2.26472649270119e-01
8.32500000000000e+00  -2.21048980536317e-01
8.35000000000000e+00  -2.15723164157841e-01
8.37500000000000e+00  -2.10495246808120e-01
8.40000000000000e+00  -2.05365143986918e-01
8.42500000000000e+00  -2.00332647588408e-01
8.45000000000000e+00  -1.95397433469255e-01
8.47500000000000e+00  -1.90559069016693e-01
8.50000000000000e+00  -1.85817020716606e-01
8.52500000000000e+00  -1.81170661721609e-01
8.55000000000000e+00  -1.76619279419122e-01
8.57500000000000e+00  -1.72162082999458e-01
8.60000000000000e+00  -1.67798211023896e-01
8.62500000000000e+00  -1.63526738992763e-01
8.65000000000000e+00  -1.59346686913511e-01
8.67500000000000e+00  -1.55257026868803e-01
8.70000000000000e+00  -1.51256690584586e-01
8.72500000000000e+00  -1.47344576998172e-01
8.75000000000000e+00  -1.43522386122121e-01
8.77500000000000e+00  -1.39781910791524e-01
8.80000000000000e+00  -1.36126633517961e-01
8.82500000000000e+00  -1.32555170015488e-01
8.85000000000000e+00  -1.29066136294833e-01
8.87500000000000e+00  -1.25658149263087e-01
8.90000000000000e+00  -1.22329827323392e-01
8.92500000000000e+00  -1.19079790974634e-01
8.95000000000000e+00  -1.15906663411127e-01
8.97500000000000e+00  -1.12809071122309e-01
9.00000000000000e+00  -1.09785644492425e-01
9.02500000000000e+00  -1.06835018400224e-01
9.05000000000000e+00  -1.03955832818641e-01
9.07500000000000e+00  -1.01146733414492e-01
9.10000000000000e+00  -9.84063721481622e-02
9.12500000000000e+00  -9.57334078732929e-02
9.15000000000000e+00  -9.31265069364754e-02
9.17500000000000e+00  -9.05843437769372e-02
9.20000000000000e+00  -8.81056015262337e-02
9.22500000000000e+00  -8.56889726079365e-02
9.25000000000000e+00  -8.33331593373232e-02
9.27500000000000e+00  -8.10368745210677e-02
9.30000000000000e+00  -7.87988420569289e-02
9.32500000000000e+00  -7.66177975334409e-02
9.35000000000000e+00  -7.44924888296022e-02
9.37500000000000e+00  -7.24216767145653e-02
9.40000000000000e+00  -7.04041354473266e-02
9.42500000000000e+00  -6.84386533764157e-02
9.45000000000000e+00  -6.65240335395850e-02
9.47500000000000e+00  -6.46590942634998e-02
9.50000000000000e+00  -6.28426697634266e-02
9.52500000000000e+00  -6.10736107429240e-02
9.55000000000000e+00  -5.93507849935319e-02
9.57500000000000e+00  -5.76730779944607e-02
9.60000000000000e+00  -5.60393935122813e-02
9.62500000000000e+00  -5.44486542006146e-02
9.65000000000000e+00  -5.28998021998205e-02
9.67500000000000e+00  -5.13917997366887e-02
9.70000000000000e+00  -4.99236297241272e-02
9.72500000000000e+00  -4.84942963608523e-02
9.75000000000000e+00  -4.71028257310782e-02
9.77500000000000e+00  -4.57482664042063e-02
9.80000000000000e+00  -4.44296900345153e-02
9.82500000000000e+00  -4.31461919608503e-02
9.85000000000000e+00  -4.18968918063127e-02
9.87500000000000e+00  -4.06809340779495e-02
9.90000000000000e+00  -3.94974887664430e-02
9.92500000000000e+00  -3.83457519458006e-02
9.95000000000000e+00  -3.72249463730441e-02
9.97500000000000e+00  -3.61343220878991e-02
1.00000000000000e+01  -3.50731570124859e-02
