0.00000000000000e+00  3.50429828575729e-02
2.50000000000000e-02  3.61034783333722e-02
5.00000000000000e-02  3.71934237276231e-02
7.50000000000000e-02  3.83135411223965e-02
1.00000000000000e-01  3.94645804892129e-02
1.25000000000000e-01  4.06473190898524e-02
1.50000000000000e-01  4.18625608771654e-02
1.75000000000000e-01  4.31111358958825e-02
2.00000000000000e-01  4.43938996834255e-02
2.25000000000000e-01  4.57117326707175e-02
2.50000000000000e-01  4.70655395829933e-02
2.75000000000000e-01  4.84562488406099e-02
3.00000000000000e-01  4.98848119598568e-02
3.25000000000000e-01  5.13522029537668e-02
3.50000000000000e-01  5.28594177329258e-02
3.75000000000000e-01  5.44074735062838e-02
4.00000000000000e-01  5.59974081819649e-02
4.25000000000000e-01  5.76302797680779e-02
4.50000000000000e-01  5.93071657735269e-02
4.75000000000000e-01  6.10291626088212e-02
5.00000000000000e-01  6.27973849868862e-02
5.25000000000000e-01  6.46129653238738e-02
5.50000000000000e-01  6.64770531399723e-02
5.75000000000000e-01  6.83908144602176e-02
6.00000000000000e-01  7.03554312153028e-02
6.25000000000000e-01  7.23721006423893e-02
6.50000000000000e-01  7.44420346859170e-02
6.75000000000000e-01  7.65664593984142e-02
7.00000000000000e-01  7.87466143413090e-02
7.25000000000000e-01  8.09837519857388e-02
7.50000000000000e-01  8.32791371133615e-02
7.75000000000000e-01  8.56340462171650e-02
8.00000000000000e-01  8.80497669022786e-02
8.25000000000000e-01  9.05275972867827e-02
8.50000000000000e-01  9.30688454025196e-02
8.75000000000000e-01  9.56748285959036e-02
9.00000000000000e-01  9.83468729287320e-02
9.25000000000000e-01  1.01086312578994e-01
9.50000000000000e-01  1.03894489241685e-01
9.75000000000000e-01  1.06772751529610e-01
1.00000000000000e+00  1.09722454374202e-01
1.02500000000000e+00  1.12744958426328e-01
1.05000000000000e+00  1.15841629457097e-01
1.07500000000000e+00  1.19013837758679e-01
1.10000000000000e+00  1.22262957545104e-01
1.12500000000000e+00  1.25590366353083e-01
1.15000000000000e+00  1.28997444442812e-01
1.17500000000000e+00  1.32485574198783e-01
1.20000000000000e+00  1.36056139530598e-01
1.22500000000000e+00  1.39710525273775e-01
1.25000000000000e+00  1.43447290325871e-01
1.27500000000000e+00  1.47271431986792e-01
1.30000000000000e+00  1.51182679449799e-01
1.32500000000000e+00  1.55182159974022e-01
1.35000000000000e+00  1.59270975631430e-01
1.37500000000000e+00  1.63450195739374e-01
1.40000000000000e+00  1.67720849293140e-01
1.42500000000000e+00  1.72083917398491e-01
1.45000000000000e+00  1.76540325704214e-01
1.47500000000000e+00  1.81090936834668e-01
1.50000000000000e+00  1.85736542822330e-01
1.52500000000000e+00  1.90477857540340e-01
1.55000000000000e+00  1.95315509135052e-01
1.57500000000000e+00  2.00250032458573e-01
1.60000000000000e+00  2.05281861501318e-01
1.62500000000000e+00  2.10411321824550e-01
1.65000000000000e+00  2.15638622992931e-01
1.67500000000000e+00  2.20963851007063e-01
1.70000000000000e+00  2.26386960736042e-01
1.72500000000000e+00  2.31907768349999e-01
1.75000000000000e+00  2.37525943752648e-01
1.77500000000000e+00  2.43241003013833e-01
1.80000000000000e+00  2.49052300802073e-01
1.82500000000000e+00  2.54959022817111e-01
1.85000000000000e+00  2.60960178222460e-01
1.87500000000000e+00  2.67054536877034e-01
1.90000000000000e+00  2.73240389756488e-01
1.92500000000000e+00  2.79516337024820e-01
1.95000000000000e+00  2.85880420855096e-01
1.97500000000000e+00  2.92330442836061e-01
2.00000000000000e+00  2.98863946429934e-01
2.02500000000000e+00  3.05478199430208e-01
2.05000000000000e+00  3.12170176419443e-01
2.07500000000000e+00  3.18936541227067e-01
2.10000000000000e+00  3.25773629387174e-01
2.12500000000000e+00  3.32677430596318e-01
2.15000000000000e+00  3.39643571171313e-01
2.17500000000000e+00  3.46667296507031e-01
2.20000000000000e+00  3.53743453534195e-01
2.22500000000000e+00  3.60866473177184e-01
2.25000000000000e+00  3.68030352811822e-01
2.27500000000000e+00  3.75228638723183e-01
2.30000000000000e+00  3.82454408563384e-01
2.32500000000000e+00  3.89700253809382e-01
2.35000000000000e+00  3.96958262220774e-01
2.37500000000000e+00  4.04220000297594e-01
2.40000000000000e+00  4.11476495738109e-01
2.42500000000000e+00  4.18718219896618e-01
2.45000000000000e+00  4.25935070241247e-01
2.47500000000000e+00  4.33116352811751e-01
2.50000000000000e+00  4.40247279218691e-01
2.52500000000000e+00  4.47323879200705e-01
2.55000000000000e+00  4.54328052565247e-01
2.57500000000000e+00  4.61247069876724e-01
2.60000000000000e+00  4.68067383297318e-01
2.62500000000000e+00  4.74774642007489e-01
2.65000000000000e+00  4.81353707626480e-01
2.67500000000000e+00  4.87788669632811e-01
2.70000000000000e+00  4.94062860784793e-01
2.72500000000000e+00  5.00158872541018e-01
2.75000000000000e+00  5.06058570480869e-01
2.77500000000000e+00  5.11743109725022e-01
2.80000000000000e+00  5.17192950355942e-01
2.82500000000000e+00  5.22387872838391e-01
2.85000000000000e+00  5.27306993439929e-01
2.87500000000000e+00  5.31928779651412e-01
2.90000000000000e+00  5.36231065607502e-01
2.92500000000000e+00  5.40191067507160e-01
2.95000000000000e+00  5.43785399034155e-01
2.97500000000000e+00  5.46990086777563e-01
3.00000000000000e+00  5.49780585652270e-01
3.02500000000000e+00  5.52131794319473e-01
3.05000000000000e+00  5.54018070607184e-01
3.07500000000000e+00  5.55413246930730e-01
3.10000000000000e+00  5.56290645713257e-01
3.12500000000000e+00  5.56620906564896e-01
3.15000000000000e+00  5.56389085185590e-01
3.17500000000000e+00  5.55557122231425e-01
3.20000000000000e+00  5.54099814497131e-01
3.22500000000000e+00  5.51991560999838e-01
3.25000000000000e+00  5.49206586242096e-01
3.27500000000000e+00  5.45719163474907e-01
3.30000000000000e+00  5.41503837960751e-01
3.32500000000000e+00  5.36535650236619e-01
3.35000000000000e+00  5.30790359377036e-01
3.37500000000000e+00  5.24244666257094e-01
3.40000000000000e+00  5.16876436815478e-01
3.42500000000000e+00  5.08664925317496e-01
3.45000000000000e+00  4.99590997618106e-01
3.47500000000000e+00  4.89637354424946e-01
3.50000000000000e+00  4.78788754561362e-01
3.52500000000000e+00  4.67032238229434e-01
3.55000000000000e+00  4.54357350273010e-01
3.57500000000000e+00  4.40756363440731e-01
3.60000000000000e+00  4.26224501649058e-01
3.62500000000000e+00  4.10760163245305e-01
3.65000000000000e+00  3.94365144270663e-01
3.67500000000000e+00  3.77044861723230e-01
3.70000000000000e+00  3.58808576821044e-01
3.72500000000000e+00  3.39669618265102e-01
3.75000000000000e+00  3.19648194694556e-01
3.77500000000000e+00  2.98768562067119e-01
3.80000000000000e+00  2.77059921755942e-01
3.82500000000000e+00  2.54556645292437e-01
3.85000000000000e+00  2.31299116750311e-01
3.87500000000000e+00  2.07333881796889e-01
3.90000000000000e+00  1.82713796744441e-01
3.92500000000000e+00  1.57498177601501e-01
3.95000000000000e+00  1.31752949124189e-01
3.97500000000000e+00  1.05550793867534e-01
4.00000000000000e+00  7.89713012367988e-02
4.02500000000000e+00  5.21011165387992e-02
4.05000000000000e+00  2.50340900332304e-02
4.07500000000000e+00  -2.12938798461511e-03
4.10000000000000e+00  -2.92818677292774e-02
4.12500000000000e+00  -5.63086863025832e-02
4.15000000000000e+00  -8.30898461369871e-02
4.17500000000000e+00  -1.09498652798067e-01
4.20000000000000e+00  -1.35402453960530e-01
4.22500000000000e+00  -1.60663378384202e-01
4.25000000000000e+00  -1.85139074890029e-01
4.27500000000000e+00  -2.08683451336078e-01
4.30000000000000e+00  -2.31147413593531e-01
4.32500000000000e+00  -2.52379604522684e-01
4.35000000000000e+00  -2.72227142948944e-01
4.37500000000000e+00  -2.90536797914200e-01
4.40000000000000e+00  -3.07158777765858e-01
4.42500000000000e+00  -3.21943379664355e-01
4.45000000000000e+00  -3.34746955949720e-01
4.47500000000000e+00  -3.45431309133574e-01
4.50000000000000e+00  -3.53865720786355e-01
4.52500000000000e+00  -3.59928980424549e-01
4.55000000000000e+00  -3.63511414397912e-01
4.57500000000000e+00  -3.64516914776698e-01
4.60000000000000e+00  -3.62864968238889e-01
4.62500000000000e+00  -3.58492684957415e-01
4.65000000000000e+00  -3.51356827487387e-01
4.67500000000000e+00  -3.41435839653318e-01
4.70000000000000e+00  -3.28732270990839e-01
4.72500000000000e+00  -3.13274454618289e-01
4.75000000000000e+00  -2.95120612756808e-01
4.77500000000000e+00  -2.74353662040058e-01
4.80000000000000e+00  -2.51089650277425e-01
4.82500000000000e+00  -2.25477638530693e-01
4.85000000000000e+00  -1.97699583190708e-01
4.87500000000000e+00  -1.67970218054066e-01
4.90000000000000e+00  -1.36536936399768e-01
4.92500000000000e+00  -1.03679673065906e-01
4.95000000000000e+00  -6.97107865263313e-02
4.97500000000000e+00  -3.49749409673230e-02
5.00000000000000e+00  1.60987300117929e-04
5.02500000000000e+00  3.52868215179980e-02
5.05000000000000e+00  7.00223119832835e-02
5.07500000000000e+00  1.03990610620649e-01
5.10000000000000e+00  1.36847058324997e-01
5.12500000000000e+00  1.68279302656595e-01
5.15000000000000e+00  1.98007415536223e-01
5.17500000000000e+00  2.25784010940311e-01
5.20000000000000e+00  2.51394362596081e-01
5.22500000000000e+00  2.74656521676694e-01
5.25000000000000e+00  2.95421434496385e-01
5.27500000000000e+00  3.13573060205613e-01
5.30000000000000e+00  3.29028488486195e-01
5.32500000000000e+00  3.41729503741135e-01
5.35000000000000e+00  3.51647779051429e-01
5.37500000000000e+00  3.58780770963625e-01
5.40000000000000e+00  3.63150041582717e-01
5.42500000000000e+00  3.64798834453160e-01
5.45000000000000e+00  3.63790045737100e-01
5.47500000000000e+00  3.60204195392593e-01
5.50000000000000e+00  3.54137398351834e-01
5.52500000000000e+00  3.45699335699376e-01
5.55000000000000e+00  3.35011225850360e-01
5.57500000000000e+00  3.22203795728735e-01
5.60000000000000e+00  3.07415251945483e-01
5.62500000000000e+00  2.90788816491374e-01
5.65000000000000e+00  2.72475508338977e-01
5.67500000000000e+00  2.52623823733128e-01
5.70000000000000e+00  2.31387439904351e-01
5.72500000000000e+00  2.08919249334040e-01
5.75000000000000e+00  1.85370620659979e-01
5.77500000000000e+00  1.60890659581846e-01
5.80000000000000e+00  1.35625469766733e-01
5.82500000000000e+00  1.09717413754658e-01
5.85000000000000e+00  8.33043738640733e-02
5.87500000000000e+00  5.65190130973852e-02
5.90000000000000e+00  2.94880360464591e-02
5.92500000000000e+00  2.33144979814009e-03
5.95000000000000e+00  -2.48360739159283e-02
5.97500000000000e+00  -5.19070772692585e-02
6.00000000000000e+00  -7.87811628182054e-02
6.02500000000000e+00  -1.05364473922124e-01
6.05000000000000e+00  -1.31570359868014e-01
6.07500000000000e+00  -1.57319226782443e-01
6.10000000000000e+00  -1.82538388543481e-01
6.12500000000000e+00  -2.07161917692628e-01
6.15000000000000e+00  -2.31130496346747e-01
6.17500000000000e+00  -2.54391267109992e-01
6.20000000000000e+00  -2.76897683985736e-01
6.22500000000000e+00  -2.98609363288510e-01
6.25000000000000e+00  -3.19489343899987e-01
6.27500000000000e+00  -3.39516197431513e-01
6.30000000000000e+00  -3.58657899109302e-01
6.32500000000000e+00  -3.76896832345381e-01
6.35000000000000e+00  -3.94219671564564e-01
6.37500000000000e+00  -4.10617158911436e-01
6.40000000000000e+00  -4.26083880957366e-01
6.42500000000000e+00  -4.40618045407491e-01
6.45000000000000e+00  -4.54221257807725e-01
6.47500000000000e+00  -4.66898298251747e-01
6.50000000000000e+00  -4.78656898088007e-01
6.52500000000000e+00  -4.89507516626718e-01
6.55000000000000e+00  -4.99463117846859e-01
6.57500000000000e+00  -5.08538947103165e-01
6.60000000000000e+00  -5.16752307833133e-01
6.62500000000000e+00  -5.24122338264016e-01
6.65000000000000e+00  -5.30669788119820e-01
6.67500000000000e+00  -5.36416795328303e-01
6.70000000000000e+00  -5.41386662727973e-01
6.72500000000000e+00  -5.45603634775085e-01
6.75000000000000e+00  -5.49092674250639e-01
6.77500000000000e+00  -5.51879238967378e-01
6.80000000000000e+00  -5.53989058476784e-01
6.82500000000000e+00  -5.55447910776081e-01
6.85000000000000e+00  -5.56281399015224e-01
6.87500000000000e+00  -5.56516917563457e-01
6.90000000000000e+00  -5.56185962584648e-01
6.92500000000000e+00  -5.55310045107960e-01
6.95000000000000e+00  -5.53916338805574e-01
6.97500000000000e+00  -5.52031522585643e-01
7.00000000000000e+00  -5.49681765181560e-01
7.02500000000000e+00  -5.46892709741216e-01
7.05000000000000e+00  -5.43689458416271e-01
7.07500000000000e+00  -5.40096556951417e-01
7.10000000000000e+00  -5.36137979273638e-01
7.12500000000000e+00  -5.31837112081480e-01
7.15000000000000e+00  -5.27216739434315e-01
7.17500000000000e+00  -5.22299027341602e-01
7.20000000000000e+00  -5.17105508352154e-01
7.22500000000000e+00  -5.11657066143404e-01
7.25000000000000e+00  -5.05973920110665e-01
7.27500000000000e+00  -5.00075609956400e-01
7.30000000000000e+00  -4.93980980279483e-01
7.32500000000000e+00  -4.87708165164464e-01
7.35000000000000e+00  -4.81274572770834e-01
7.37500000000000e+00  -4.74696869922290e-01
7.40000000000000e+00  -4.67990966696000e-01
7.42500000000000e+00  -4.61172001011863e-01
7.45000000000000e+00  -4.54254323221783e-01
7.47500000000000e+00  -4.47251480698922e-01
7.50000000000000e+00  -4.40179687670727e-01
7.52500000000000e+00  -4.33046587547018e-01
7.55000000000000e+00  -4.25866606497321e-01
7.57500000000000e+00  -4.18651046921539e-01
7.60000000000000e+00  -4.11410602271609e-01
7.62500000000000e+00  -4.04155374593898e-01
7.65000000000000e+00  -3.96894892071596e-01
7.67500000000000e+00  -3.89638126567106e-01
7.70000000000000e+00  -3.82393511164439e-01
7.72500000000000e+00  -3.75168957711609e-01
7.75000000000000e+00  -3.67971874363024e-01
7.77500000000000e+00  -3.60809183121877e-01
7.80000000000000e+00  -3.53687337382544e-01
7.82500000000000e+00  -3.46612339472976e-01
7.85000000000000e+00  -3.39589758197087e-01
7.87500000000000e+00  -3.32624746377154e-01
7.90000000000000e+00  -3.25722058396206e-01
7.92500000000000e+00  -3.18886067740418e-01
7.95000000000000e+00  -3.12120784541505e-01
7.97500000000000e+00  -3.05429873119114e-01
8.00000000000000e+00  -2.98816669523218e-01
8.02500000000000e+00  -2.92284199076507e-01
8.05000000000000e+00  -2.85835193916787e-01
8.07500000000000e+00  -2.79472110539365e-01
8.10000000000000e+00  -2.73197147339447e-01
8.12500000000000e+00  -2.67012317276870e-01
8.15000000000000e+00  -2.60918854639372e-01
8.17500000000000e+00  -2.54918634047308e-01
8.20000000000000e+00  -2.49012830485931e-01
8.22500000000000e+00  -2.43202434850957e-01
8.25000000000000e+00  -2.37488261515323e-01
8.27500000000000e+00  -2.31870955895951e-01
8.30000000000000e+00  -2.26351002020508e-01
8.32500000000000e+00  -2.20928730094171e-01
8.35000000000000e+00  -2.15604324066383e-01
8.37500000000000e+00  -2.10377829197621e-01
8.40000000000000e+00  -2.05249159626153e-01
8.42500000000000e+00  -2.00218105934803e-01
8.45000000000000e+00  -1.95284342717711e-01
8.47500000000000e+00  -1.90447436147096e-01
8.50000000000000e+00  -1.85706851540013e-01
8.52500000000000e+00  -1.81061960925122e-01
8.55000000000000e+00  -1.76512050609446e-01
8.57500000000000e+00  -1.72056328745133e-01
8.60000000000000e+00  -1.67693932896216e-01
8.62500000000000e+00  -1.63423937605377e-01
8.65000000000000e+00  -1.59245361960710e-01
8.67500000000000e+00  -1.55157177162478e-01
8.70000000000000e+00  -1.51158314089881e-01
8.72500000000000e+00  -1.47247670867811e-01
8.75000000000000e+00  -1.43426946555694e-01
8.77500000000000e+00  -1.39687933797854e-01
8.80000000000000e+00  -1.36034113986068e-01
8.82500000000000e+00  -1.32464102172016e-01
8.85000000000000e+00  -1.28976513732514e-01
8.87500000000000e+00  -1.25569964968680e-01
8.90000000000000e+00  -1.22243073705093e-01
8.92500000000000e+00  -1.18994459888962e-01
8.95000000000000e+00  -1.15822746189286e-01
8.97500000000000e+00  -1.12726558596023e-01
9.00000000000000e+00  -1.09704527019248e-01
9.02500000000000e+00  -1.06755285888323e-01
9.05000000000000e+00  -1.03877474751058e-01
9.07500000000000e+00  -1.01069738872875e-01
9.10000000000000e+00  -9.83307298359754e-02
9.12500000000000e+00  -9.56591061384983e-02
9.15000000000000e+00  -9.30535337936902e-02
9.17500000000000e+00  -9.05126869290663e-02
9.20000000000000e+00  -8.80352483855754e-02
9.22500000000000e+00  -8.56199103167643e-02
9.25000000000000e+00  -8.32653747879408e-02
9.27500000000000e+00  -8.09703543753393e-02
9.30000000000000e+00  -7.87335727652840e-02
9.32500000000000e+00  -7.65537653533536e-02
9.35000000000000e+00  -7.44296798435450e-02
9.37500000000000e+00  -7.23600768474374e-02
9.40000000000000e+00  -7.03437304833568e-02
9.42500000000000e+00  -6.83794289755403e-02
9.45000000000000e+00  -6.64659752532996e-02
9.47500000000000e+00  -6.46021875501858e-02
9.50000000000000e+00  -6.27869000031526e-02
9.52500000000000e+00  -6.10189632517218e-02
9.55000000000000e+00  -5.92972450371463e-02
9.57500000000000e+00  -5.76206308015748e-02
9.60000000000000e+00  -5.59880242872158e-02
9.62500000000000e+00  -5.43983481355018e-02
9.65000000000000e+00  -5.28505444862532e-02
9.67500000000000e+00  -5.13435755768427e-02
9.70000000000000e+00  -4.98764243413596e-02
9.72500000000000e+00  -4.84480950097735e-02
9.75000000000000e+00  -4.70576137070988e-02
9.77500000000000e+00  -4.57040290525584e-02
9.80000000000000e+00  -4.43864127587486e-02
9.82500000000000e+00  -4.31038602308025e-02
9.85000000000000e+00  -4.18554911655544e-02
9.87500000000000e+00  -4.06404501507045e-02
9.90000000000000e+00  -3.94579072639816e-02
9.92500000000000e+00  -3.83070586723090e-02
9.95000000000000e+00  -3.71871272309676e-02
9.97500000000000e+00  -3.60973630827599e-02
1.00000000000000e+01  -3.50370442571755e-02
