0.00000000000000e+00  -1.93014162398910e-02
2.50000000000000e-02  -1.94012082085765e-02
5.00000000000000e-02  -1.94860560414806e-02
7.50000000000000e-02  -1.95557050397070e-02
1.00000000000000e-01  -1.96098118033714e-02
1.25000000000000e-01  -1.96479471156685e-02
1.50000000000000e-01  -1.96695988269398e-02
1.75000000000000e-01  -1.96741747387404e-02
2.00000000000000e-01  -1.96610054879068e-02
2.25000000000000e-01  -1.96293474306238e-02
2.50000000000000e-01  -1.95783855264918e-02
2.75000000000000e-01  -1.95072362225944e-02
3.00000000000000e-01  -1.94149503375657e-02
3.25000000000000e-01  -1.93005159456570e-02
3.50000000000000e-01  -1.91628612608050e-02
3.75000000000000e-01  -1.90008575206984e-02
4.00000000000000e-01  -1.88133218708456e-02
4.25000000000000e-01  -1.85990202486416e-02
4.50000000000000e-01  -1.83566702674358e-02
4.75000000000000e-01  -1.80849441005990e-02
5.00000000000000e-01  -1.77824713655907e-02
5.25000000000000e-01  -1.74478420080265e-02
5.50000000000000e-01  -1.70796091857455e-02
5.75000000000000e-01  -1.66762921528771e-02
6.00000000000000e-01  -1.62363791439091e-02
6.25000000000000e-01  -1.57585371087810e-02
6.50000000000000e-01  -1.52403005511314e-02
6.75000000000000e-01  -1.46808320088908e-02
7.00000000000000e-01  -1.40783421531790e-02
7.25000000000000e-01  -1.34310344507292e-02
7.50000000000000e-01  -1.27370976674928e-02
7.75000000000000e-01  -1.19946983722463e-02
8.00000000000000e-01  -1.12019734401962e-02
8.25000000000000e-01  -1.03570225565852e-02
8.50000000000000e-01  -9.45790072029786e-03
8.75000000000000e-01  -8.50261074746649e-03
9.00000000000000e-01  -7.48909577507683e-03
9.25000000000000e-01  -6.41523176457388e-03
9.50000000000000e-01  -5.27882000546757e-03
9.75000000000000e-01  -4.07757961893881e-03
1.00000000000000e+00  -2.80914006144492e-03
1.02500000000000e+00  -1.47103362832570e-03
1.05000000000000e+00  -6.06879574091453e-05
1.07500000000000e+00  1.42458146738298e-03
1.10000000000000e+00  2.98757881242899e-03
1.12500000000000e+00  4.63123539080182e-03
1.15000000000000e+00  6.35861715866313e-03
1.17500000000000e+00  8.17293221165736e-03
1.20000000000000e+00  1.00775382813063e-02
1.22500000000000e+00  1.20759502314030e-02
1.25000000000000e+00  1.41610699120733e-02
1.27500000000000e+00  1.63459666617807e-02
1.30000000000000e+00  1.86317565216356e-02
1.32500000000000e+00  2.10214426444217e-02
1.35000000000000e+00  2.35181055864709e-02
1.37500000000000e+00  2.61248965223698e-02
1.40000000000000e+00  2.88450304596658e-02
1.42500000000000e+00  3.16817794535742e-02
1.45000000000000e+00  3.46384658216846e-02
1.47500000000000e+00  3.77184553586669e-02
1.50000000000000e+00  4.09251505509785e-02
1.52500000000000e+00  4.42619837915706e-02
1.55000000000000e+00  4.77324105945942e-02
1.57500000000000e+00  5.13399028101078e-02
1.60000000000000e+00  5.50879418387825e-02
1.62500000000000e+00  5.89800118466096e-02
1.65000000000000e+00  6.30195929796068e-02
1.67500000000000e+00  6.72101545785245e-02
1.70000000000000e+00  7.15551483935526e-02
1.72500000000000e+00  7.60580017990268e-02
1.75000000000000e+00  8.07221110081353e-02
1.77500000000000e+00  8.55508342876255e-02
1.80000000000000e+00  9.05474851725098e-02
1.82500000000000e+00  9.57153256807732e-02
1.85000000000000e+00  1.01057559528079e-01
1.87500000000000e+00  1.06577550204026e-01
1.90000000000000e+00  1.12276967489446e-01
1.92500000000000e+00  1.18159878018607e-01
1.95000000000000e+00  1.24228813399141e-01
1.97500000000000e+00  1.30486206078037e-01
2.00000000000000e+00  1.36934361198751e-01
2.02500000000000e+00  1.43575428458323e-01
2.05000000000000e+00  1.50411373964483e-01
2.07500000000000e+00  1.57443952092766e-01
2.10000000000000e+00  1.64674677343624e-01
2.12500000000000e+00  1.72104796199534e-01
2.15000000000000e+00  1.79735258982114e-01
2.17500000000000e+00  1.87566691709232e-01
2.20000000000000e+00  1.95599367952119e-01
2.22500000000000e+00  2.03833180692479e-01
2.25000000000000e+00  2.12267614179602e-01
2.27500000000000e+00  2.20901715787477e-01
2.30000000000000e+00  2.29734067871902e-01
2.32500000000000e+00  2.38762759627592e-01
2.35000000000000e+00  2.47985358945300e-01
2.37500000000000e+00  2.57398884268918e-01
2.40000000000000e+00  2.66999776452598e-01
2.42500000000000e+00  2.76783870617857e-01
2.45000000000000e+00  2.86746368010692e-01
2.47500000000000e+00  2.96881807858689e-01
2.50000000000000e+00  3.07178089956564e-01
2.52500000000000e+00  3.17639184807748e-01
2.55000000000000e+00  3.28250386668184e-01
2.57500000000000e+00  3.39003217662198e-01
2.60000000000000e+00  3.49888182035938e-01
2.62500000000000e+00  3.60894740157281e-01
2.65000000000000e+00  3.72011282515749e-01
2.67500000000000e+00  3.83225103722412e-01
2.70000000000000e+00  3.94522376509800e-01
2.72500000000000e+00  4.05888125731815e-01
2.75000000000000e+00  4.17306202363639e-01
2.77500000000000e+00  4.28759257501643e-01
2.80000000000000e+00  4.40228716363295e-01
2.82500000000000e+00  4.51694752287075e-01
2.85000000000000e+00  4.63136260732380e-01
2.87500000000000e+00  4.74530833279437e-01
2.90000000000000e+00  4.85854731629210e-01
2.92500000000000e+00  4.97082861603309e-01
2.95000000000000e+00  5.08188747143904e-01
2.97500000000000e+00  5.19144504313630e-01
3.00000000000000e+00  5.29920815295502e-01
3.02500000000000e+00  5.40486902392817e-01
3.05000000000000e+00  5.50810502029072e-01
3.07500000000000e+00  5.60857838747868e-01
3.10000000000000e+00  5.70593599212821e-01
3.12500000000000e+00  5.79974819356210e-01
3.15000000000000e+00  5.88987202220877e-01
3.17500000000000e+00  5.97569930382918e-01
3.20000000000000e+00  6.05685940613776e-01
3.22500000000000e+00  6.13296116734701e-01
3.25000000000000e+00  6.20359563857647e-01
3.27500000000000e+00  6.26833882626170e-01
3.30000000000000e+00  6.32675443456328e-01
3.32500000000000e+00  6.37839660777580e-01
3.35000000000000e+00  6.42281267273684e-01
3.37500000000000e+00  6.45954588123593e-01
3.40000000000000e+00  6.48813815242362e-01
3.42500000000000e+00  6.50813281522035e-01
3.45000000000000e+00  6.51907735072553e-01
3.47500000000000e+00  6.52052613462650e-01
3.50000000000000e+00  6.51204317960750e-01
3.52500000000000e+00  6.49320487775867e-01
3.55000000000000e+00  6.46360274298503e-01
3.57500000000000e+00  6.42284615341550e-01
3.60000000000000e+00  6.37056509381182e-01
3.62500000000000e+00  6.30641289797761e-01
3.65000000000000e+00  6.23006899116731e-01
3.67500000000000e+00  6.14124163249518e-01
3.70000000000000e+00  6.03967065734430e-01
3.72500000000000e+00  5.92513021977553e-01
3.75000000000000e+00  5.79716660572239e-01
3.77500000000000e+00  5.65673495291919e-01
3.80000000000000e+00  5.50278612678731e-01
3.82500000000000e+00  5.33546046184361e-01
3.85000000000000e+00  5.15492962750312e-01
3.87500000000000e+00  4.96140681063419e-01
3.90000000000000e+00  4.75515689811377e-01
3.92500000000000e+00  4.53650665938258e-01
3.95000000000000e+00  4.30585492900032e-01
3.97500000000000e+00  4.06368278920085e-01
4.00000000000000e+00  3.81056375244740e-01
4.02500000000000e+00  3.54717394398782e-01
4.05000000000000e+00  3.27430228440974e-01
4.07500000000000e+00  2.99283652763919e-01
4.10000000000000e+00  2.70378512657632e-01
4.12500000000000e+00  2.40828953581113e-01
4.15000000000000e+00  2.10757256696500e-01
4.17500000000000e+00  1.80298759397535e-01
4.20000000000000e+00  1.49600395015629e-01
4.22500000000000e+00  1.18819232525925e-01
4.25000000000000e+00  8.81210162533639e-02
4.27500000000000e+00  5.76787055787397e-02
4.30000000000000e+00  2.76710146447731e-02
4.32500000000000e+00  -1.71904793783268e-03
4.35000000000000e+00  -3.03056393843215e-02
4.37500000000000e+00  -5.78617783406719e-02
4.40000000000000e+00  -8.41901950691795e-02
4.42500000000000e+00  -1.09085857200235e-01
4.45000000000000e+00  -1.32344707349626e-01
4.47500000000000e+00  -1.53764219815872e-01
4.50000000000000e+00  -1.73146456695838e-01
4.52500000000000e+00  -1.90301124000352e-01
4.55000000000000e+00  -2.05048627769815e-01
4.57500000000000e+00  -2.17223130189811e-01
4.60000000000000e+00  -2.26675605706726e-01
4.62500000000000e+00  -2.33276897143356e-01
4.65000000000000e+00  -2.36920771814523e-01
4.67500000000000e+00  -2.37526977642684e-01
4.70000000000000e+00  -2.35046050341391e-01
4.72500000000000e+00  -2.29461305097757e-01
4.75000000000000e+00  -2.20796042302170e-01
4.77500000000000e+00  -2.09104828236853e-01
4.80000000000000e+00  -1.94487827236318e-01
4.82500000000000e+00  -1.77090812627540e-01
4.85000000000000e+00  -1.57105177670136e-01
4.87500000000000e+00  -1.34767946496540e-01
4.90000000000000e+00  -1.10361785052177e-01
4.92500000000000e+00  -8.42150120356443e-02
4.95000000000000e+00  -5.67016098388873e-02
4.97500000000000e+00  -2.82412354873702e-02
5.00000000000000e+00  7.15627047513741e-04
5.02500000000000e+00  2.96596709467235e-02
5.05000000000000e+00  5.81259521401239e-02
5.07500000000000e+00  8.56487183805209e-02
5.10000000000000e+00  1.11807858957512e-01
5.12500000000000e+00  1.36228903757357e-01
5.15000000000000e+00  1.58583022322869e-01
5.17500000000000e+00  1.78587022913288e-01
5.20000000000000e+00  1.96003351564158e-01
5.22500000000000e+00  2.10640091147218e-01
5.25000000000000e+00  2.22350960430267e-01
5.27500000000000e+00  2.31035313137059e-01
5.30000000000000e+00  2.36638137007170e-01
5.32500000000000e+00  2.39135707168566e-01
5.35000000000000e+00  2.38544327207842e-01
5.37500000000000e+00  2.34913123190414e-01
5.40000000000000e+00  2.28322045825413e-01
5.42500000000000e+00  2.18877071897483e-01
5.45000000000000e+00  2.06707146509816e-01
5.47500000000000e+00  1.91961125327183e-01
5.50000000000000e+00  1.74804716818970e-01
5.52500000000000e+00  1.55417424502207e-01
5.55000000000000e+00  1.33989489184609e-01
5.57500000000000e+00  1.10718831207602e-01
5.60000000000000e+00  8.58079926893606e-02
5.62500000000000e+00  5.95008395233504e-02
5.65000000000000e+00  3.18831982589384e-02
5.67500000000000e+00  3.27171557968931e-03
5.70000000000000e+00  -2.61462692227446e-02
5.72500000000000e+00  -5.61847732380060e-02
5.75000000000000e+00  -8.66606324591529e-02
5.77500000000000e+00  -1.17394964304798e-01
5.80000000000000e+00  -1.48214630141233e-01
5.82500000000000e+00  -1.78953697804558e-01
5.85000000000000e+00  -2.09454904122816e-01
5.87500000000000e+00  -2.39571117438115e-01
5.90000000000000e+00  -2.69166800128766e-01
5.92500000000000e+00  -2.98119471131408e-01
5.95000000000000e+00  -3.26314784772471e-01
5.97500000000000e+00  -3.53651698768281e-01
6.00000000000000e+00  -3.80041245152874e-01
6.02500000000000e+00  -4.05404343105460e-01
6.05000000000000e+00  -4.29673197910576e-01
6.07500000000000e+00  -4.52790283175363e-01
6.10000000000000e+00  -4.74707323046854e-01
6.12500000000000e+00  -4.95384274429244e-01
6.15000000000000e+00  -5.14788309201183e-01
6.17500000000000e+00  -5.32892796433049e-01
6.20000000000000e+00  -5.49676284604231e-01
6.22500000000000e+00  -5.65121483820413e-01
6.25000000000000e+00  -5.79240741504903e-01
6.27500000000000e+00  -5.92059378243660e-01
6.30000000000000e+00  -6.03561268825622e-01
6.32500000000000e+00  -6.13765204095054e-01
6.35000000000000e+00  -6.22693690195371e-01
6.37500000000000e+00  -6.30372673962144e-01
6.40000000000000e+00  -6.36831268316106e-01
6.42500000000000e+00  -6.42101477656158e-01
6.45000000000000e+00  -6.46217923252377e-01
6.47500000000000e+00  -6.49217568639018e-01
6.50000000000000e+00  -6.51139445007521e-01
6.52500000000000e+00  -6.52024376599518e-01
6.55000000000000e+00  -6.51914706099840e-01
6.57500000000000e+00  -6.50854020029517e-01
6.60000000000000e+00  -6.48886874138793e-01
6.62500000000000e+00  -6.46058518800122e-01
6.65000000000000e+00  -6.42414624401181e-01
6.67500000000000e+00  -6.38001006737873e-01
6.70000000000000e+00  -6.32863352407333e-01
6.72500000000000e+00  -6.27046944200934e-01
6.75000000000000e+00  -6.20596386497293e-01
6.77500000000000e+00  -6.13555330655276e-01
6.80000000000000e+00  -6.05966200407005e-01
6.82500000000000e+00  -5.97869917250863e-01
6.85000000000000e+00  -5.89305625844501e-01
6.87500000000000e+00  -5.80316504239234e-01
6.90000000000000e+00  -5.70945153156996e-01
6.92500000000000e+00  -5.61224153118193e-01
6.95000000000000e+00  -5.51190417776679e-01
6.97500000000000e+00  -5.40879297314578e-01
7.00000000000000e+00  -5.30324604359944e-01
7.02500000000000e+00  -5.19558639904417e-01
7.05000000000000e+00  -5.08612219220882e-01
7.07500000000000e+00  -4.97514697781124e-01
7.10000000000000e+00  -4.86293997173491e-01
7.12500000000000e+00  -4.74976631020546e-01
7.15000000000000e+00  -4.63587730896729e-01
7.17500000000000e+00  -4.52151072246014e-01
7.20000000000000e+00  -4.40689100299564e-01
7.22500000000000e+00  -4.29222955993392e-01
7.25000000000000e+00  -4.17772501886019e-01
7.27500000000000e+00  -4.06356348076128e-01
7.30000000000000e+00  -3.94991878120225e-01
7.32500000000000e+00  -3.83695274950296e-01
7.35000000000000e+00  -3.72481546791466e-01
7.37500000000000e+00  -3.61364553079656e-01
7.40000000000000e+00  -3.50357030379236e-01
7.42500000000000e+00  -3.39470618300692e-01
7.45000000000000e+00  -3.28715885418278e-01
7.47500000000000e+00  -3.18102355187674e-01
7.50000000000000e+00  -3.07644479339600e-01
7.52500000000000e+00  -2.97339155118301e-01
7.55000000000000e+00  -2.87200276392524e-01
7.57500000000000e+00  -2.77234019152772e-01
7.60000000000000e+00  -2.67445868205893e-01
7.62500000000000e+00  -2.57840645340522e-01
7.65000000000000e+00  -2.48422537492515e-01
7.67500000000000e+00  -2.39195124910387e-01
7.70000000000000e+00  -2.30161409320754e-01
7.72500000000000e+00  -2.21323842093763e-01
7.75000000000000e+00  -2.12684352408542e-01
7.77500000000000e+00  -2.04244375418626e-01
7.80000000000000e+00  -1.96004880417402e-01
7.82500000000000e+00  -1.87966399003546e-01
7.85000000000000e+00  -1.80129053246460e-01
7.87500000000000e+00  -1.72492583851708e-01
7.90000000000000e+00  -1.65056378326461e-01
7.92500000000000e+00  -1.57819499144925e-01
7.95000000000000e+00  -1.50780711913789e-01
7.97500000000000e+00  -1.43938513537656e-01
8.00000000000000e+00  -1.37291160384483e-01
8.02500000000000e+00  -1.30836696451021e-01
8.05000000000000e+00  -1.24572981528252e-01
8.07500000000000e+00  -1.18497719366824e-01
8.10000000000000e+00  -1.12608485842493e-01
8.12500000000000e+00  -1.06902532598415e-01
8.15000000000000e+00  -1.01376474188575e-01
8.17500000000000e+00  -9.60279736441672e-02
8.20000000000000e+00  -9.08538985705951e-02
8.22500000000000e+00  -8.58510510580802e-02
8.25000000000000e+00  -8.10161744814383e-02
8.27500000000000e+00  -7.63459602998641e-02
8.30000000000000e+00  -7.18370548567101e-02
8.32500000000000e+00  -6.74860661792672e-02
8.35000000000000e+00  -6.32895707785475e-02
8.37500000000000e+00  -5.92441204490625e-02
8.40000000000000e+00  -5.53462490686069e-02
8.42500000000000e+00  -5.15924793980377e-02
8.45000000000000e+00  -4.79793298810554e-02
8.47500000000000e+00  -4.45033214439857e-02
8.50000000000000e+00  -4.11609842955587e-02
8.52500000000000e+00  -3.79488647266921e-02
8.55000000000000e+00  -3.48635319102702e-02
8.57500000000000e+00  -3.19015847009261e-02
8.60000000000000e+00  -2.90596584348219e-02
8.62500000000000e+00  -2.63344317294293e-02
8.65000000000000e+00  -2.37226332833118e-02
8.67500000000000e+00  -2.12210486759044e-02
8.70000000000000e+00  -1.88265271672953e-02
8.72500000000000e+00  -1.65359884980060e-02
8.75000000000000e+00  -1.43572167512958e-02
8.77500000000000e+00  -1.22567397742430e-02
8.80000000000000e+00  -1.02538370357561e-02
8.82500000000000e+00  -8.34482835316653e-03
8.85000000000000e+00  -6.52619814668706e-03
8.87500000000000e+00  -4.79458794309008e-03
8.90000000000000e+00  -3.14678887938757e-03
8.92500000000000e+00  -1.57973420650958e-03
8.95000000000000e+00  -9.04917929830621e-05
8.97500000000000e+00  1.32374337138856e-03
9.00000000000000e+00  2.66565667184717e-03
9.02500000000000e+00  3.93782136500012e-03
9.05000000000000e+00  5.14270607514175e-03
9.07500000000000e+00  6.28268229057426e-03
9.10000000000000e+00  7.36003185992860e-03
9.12500000000000e+00  8.37695448848583e-03
9.15000000000000e+00  9.33557523449756e-03
9.17500000000000e+00  1.02379520055074e-02
9.20000000000000e+00  1.10860830546718e-02
9.22500000000000e+00  1.18819144770809e-02
9.25000000000000e+00  1.26273477060798e-02
9.27500000000000e+00  1.33242470095895e-02
9.30000000000000e+00  1.39744469864276e-02
9.32500000000000e+00  1.45797600626296e-02
9.35000000000000e+00  1.51419839877700e-02
9.37500000000000e+00  1.56627024248504e-02
9.40000000000000e+00  1.61433745415710e-02
9.42500000000000e+00  1.65858465962744e-02
9.45000000000000e+00  1.69916597199435e-02
9.47500000000000e+00  1.73623269170337e-02
9.50000000000000e+00  1.76993301780110e-02
9.52500000000000e+00  1.80041175918920e-02
9.55000000000000e+00  1.82781004587819e-02
9.57500000000000e+00  1.85226504024141e-02
9.60000000000000e+00  1.87390964826888e-02
9.62500000000000e+00  1.89287223082121e-02
9.65000000000000e+00  1.90927631488349e-02
9.67500000000000e+00  1.92324030481919e-02
9.70000000000000e+00  1.93487719362404e-02
9.72500000000000e+00  1.94429427417993e-02
9.75000000000000e+00  1.95159285050883e-02
9.77500000000000e+00  1.95686794902665e-02
9.80000000000000e+00  1.96020802979715e-02
9.82500000000000e+00  1.96169469778584e-02
9.85000000000000e+00  1.96140241411385e-02
9.87500000000000e+00  1.95939820731187e-02
9.90000000000000e+00  1.95574138457400e-02
9.92500000000000e+00  1.95048324301167e-02
9.95000000000000e+00  1.94366678090751e-02
9.97500000000000e+00  1.93532640896929e-02
1.00000000000000e+01  1.92548766158377e-02
