0.00000000000000e+00  -1.48194591455078e-21
5.00000000000000e-02  -9.92062529649617e-22
1.00000000000000e-01  -5.81722320567949e-22
1.50000000000000e-01  -2.43467823916821e-22
2.00000000000000e-01  2.97634298519669e-23
2.50000000000000e-01  2.44648248950668e-22
3.00000000000000e-01  4.07487112760428e-22
3.50000000000000e-01  5.24213504336240e-22
4.00000000000000e-01  6.00403242911866e-22
4.50000000000000e-01  6.41283816404733e-22
5.00000000000000e-01  6.51743713920864e-22
5.50000000000000e-01  6.36341758259788e-22
6.00000000000000e-01  5.99316438419464e-22
6.50000000000000e-01  5.44595242101189e-22
7.00000000000000e-01  4.75803988214527e-22
7.50000000000000e-01  3.96276159382210e-22
8.00000000000000e-01  3.09062234445072e-22
8.50000000000000e-01  2.16939020966959e-22
9.00000000000000e-01  1.22418987739634e-22
9.50000000000000e-01  2.77595972877202e-23
1.00000000000000e+00  -6.50273616264111e-23
1.05000000000000e+00  -1.54166441497699e-22
1.10000000000000e+00  -2.38109203573486e-22
1.15000000000000e+00  -3.15524885348612e-22
1.20000000000000e+00  -3.85291068060474e-22
1.25000000000000e+00  -4.46484344184131e-22
1.30000000000000e+00  -4.98370984927371e-22
1.35000000000000e+00  -5.40397607725803e-22
1.40000000000000e+00  -5.72181843737939e-22
1.45000000000000e+00  -5.93503005340274e-22
1.50000000000000e+00  -6.04292753622369e-22
1.55000000000000e+00  -6.04625765881937e-22
1.60000000000000e+00  -5.94710403119926e-22
1.65000000000000e+00  -5.74879377535597e-22
1.70000000000000e+00  -5.45580420021612e-22
1.75000000000000e+00  -5.07366947659115e-22
1.80000000000000e+00  -4.60888731212815e-22
1.85000000000000e+00  -4.06882562626072e-22
1.90000000000000e+00  -3.46162922515971e-22
1.95000000000000e+00  -2.79612647668418e-22
2.00000000000000e+00  -2.08173598533210e-22
2.05000000000000e+00  -1.32837326719129e-22
2.10000000000000e+00  -5.46357424890203e-23
2.15000000000000e+00  2.53682177451330e-23
2.20000000000000e+00  1.06089923927106e-22
2.25000000000000e+00  1.86432384861373e-22
2.30000000000000e+00  2.65295580718010e-22
2.35000000000000e+00  3.41585795537607e-22
2.40000000000000e+00  4.14224949736209e-22
2.45000000000000e+00  4.82159932610202e-22
2.50000000000000e+00  5.44371934841254e-22
2.55000000000000e+00  5.99885781001222e-22
2.60000000000000e+00  6.47779262057065e-22
2.65000000000000e+00  6.87192467875775e-22
2.70000000000000e+00  7.17337119729278e-22
2.75000000000000e+00  7.37505902799360e-22
2.80000000000000e+00  7.47081798682586e-22
2.85000000000000e+00  7.45547417895208e-22
2.90000000000000e+00  7.32494332378091e-22
2.95000000000000e+00  7.07632408001627e-22
3.00000000000000e+00  6.70799137070647e-22
3.05000000000000e+00  6.21968970829348e-22
3.10000000000000e+00  5.61262651966204e-22
3.15000000000000e+00  4.88956547118876e-22
3.20000000000000e+00  4.05491979379147e-22
3.25000000000000e+00  3.11484560797823e-22
3.30000000000000e+00  2.07733524889655e-22
3.35000000000000e+00  9.52310591382626e-23
3.40000000000000e+00  -2.48283624989674e-23
3.45000000000000e+00  -1.51038647085935e-22
3.50000000000000e+00  -2.81772750202937e-22
3.55000000000000e+00  -4.15173343441740e-22
3.60000000000000e+00  -5.49143481900653e-22
3.65000000000000e+00  -6.81337271679636e-22
3.70000000000000e+00  -8.09150537375351e-22
3.75000000000000e+00  -9.29711489576268e-22
3.80000000000000e+00  -1.03987139235775e-21
3.85000000000000e+00  -1.13619523077710e-21
3.90000000000000e+00  -1.21495237836871e-21
3.95000000000000e+00  -1.27210726463906e-21
4.00000000000000e+00  -1.30331004256190e-21
4.05000000000000e+00  -1.30388725607322e-21
4.10000000000000e+00  -1.26883250756643e-21
4.15000000000000e+00  -1.19279712538741e-21
4.20000000000000e+00  -1.07008083132956e-21
4.25000000000000e+00  -8.94622408128914e-22
4.30000000000000e+00  -6.59990366959249e-22
4.35000000000000e+00  -3.59373614927103e-22
4.40000000000000e+00  1.44278774330789e-23
4.45000000000000e+00  4.69012408663904e-22
4.50000000000000e+00  1.01238587888992e-21
4.55000000000000e+00  1.65297112232258e-21
4.60000000000000e+00  2.39961723976510e-21
4.65000000000000e+00  3.26160893111737e-21
4.70000000000000e+00  4.24867582788096e-21
4.75000000000000e+00  5.37100182566396e-21
4.80000000000000e+00  6.63923441668591e-21
4.85000000000000e+00  8.06449402228271e-21
4.90000000000000e+00  9.65838332541157e-21
4.95000000000000e+00  1.14329966031559e-20
5.00000000000000e+00  -2.19698680567385e-11
5.05000000000000e+00  8.47785568679773e-13
5.10000000000000e+00  9.03691500827572e-12
5.15000000000000e+00  8.56026630472176e-12
5.20000000000000e+00  3.91221392943174e-12
5.25000000000000e+00  -1.70980199354590e-12
5.30000000000000e+00  -6.23383846363612e-12
5.35000000000000e+00  -8.54201237984468e-12
5.40000000000000e+00  -8.29906331686675e-12
5.45000000000000e+00  -5.78091630119401e-12
5.50000000000000e+00  -1.70324458722281e-12
5.55000000000000e+00  2.94996756663809e-12
5.60000000000000e+00  7.09786212185970e-12
5.65000000000000e+00  9.73414448368492e-12
5.70000000000000e+00  1.00985207250208e-11
5.75000000000000e+00  7.84813481033075e-12
5.80000000000000e+00  3.22900581952653e-12
5.85000000000000e+00  -2.75253482813932e-12
5.90000000000000e+00  -8.15840615018147e-12
5.95000000000000e+00  -9.94734037698955e-12
6.00000000000000e+00  -3.80344572793602e-12
6.05000000000000e+00  1.60352308125161e-11
6.10000000000000e+00  5.69481407187053e-11
6.15000000000000e+00  1.28103671147664e-10
6.20000000000000e+00  2.40630582163010e-10
6.25000000000000e+00  -1.26094143583459e-08
6.30000000000000e+00  6.45505927279073e-09
6.35000000000000e+00  3.64040599110093e-09
6.40000000000000e+00  2.22840561558290e-10
6.45000000000000e+00  4.49308198511682e-09
6.50000000000000e+00  1.73852365794360e-08
6.55000000000000e+00  3.81056810596034e-08
6.60000000000000e+00  6.97619456188568e-08
6.65000000000000e+00  1.24991597009308e-07
6.70000000000000e+00  2.31591121622668e-07
6.75000000000000e+00  4.38144808570969e-07
6.80000000000000e+00  8.19653632767296e-07
6.85000000000000e+00  1.48316413800646e-06
6.90000000000000e+00  2.77601263114531e-06
6.95000000000000e+00  5.12911558237492e-06
7.00000000000000e+00  7.98315358401269e-06
7.05000000000000e+00  1.36444859382920e-05
7.10000000000000e+00  2.37908751336002e-05
7.15000000000000e+00  4.04048559513842e-05
7.20000000000000e+00  6.67071045730558e-05
7.25000000000000e+00  1.08089807686897e-04
7.30000000000000e+00  1.73050031594967e-04
7.35000000000000e+00  2.74123091320004e-04
7.40000000000000e+00  4.28815919712334e-04
7.45000000000000e+00  6.60540436556777e-04
7.50000000000000e+00  1.00121984898599e-03
7.55000000000000e+00  1.49668016584024e-03
7.60000000000000e+00  2.20496892603933e-03
7.65000000000000e+00  3.20035976053833e-03
7.70000000000000e+00  4.57608627210572e-03
7.75000000000000e+00  6.44459470069025e-03
7.80000000000000e+00  8.93779658878764e-03
7.85000000000000e+00  1.22046292982482e-02
7.90000000000000e+00  1.64059034836906e-02
7.95000000000000e+00  2.17045167146515e-02
8.00000000000000e+00  2.82547155390036e-02
8.05000000000000e+00  3.61837196605938e-02
8.10000000000000e+00  4.55723116306807e-02
8.15000000000000e+00  5.64341756831724e-02
8.20000000000000e+00  6.86889939391308e-02
8.25000000000000e+00  8.21509881176981e-02
8.30000000000000e+00  9.65056299996609e-02
8.35000000000000e+00  1.11310349839927e-01
8.40000000000000e+00  1.26004472379764e-01
8.45000000000000e+00  1.39923578969268e-01
8.50000000000000e+00  1.52347097343008e-01
8.55000000000000e+00  1.62542910870183e-01
8.60000000000000e+00  1.69832405223035e-01
8.65000000000000e+00  1.73657988110177e-01
8.70000000000000e+00  1.73640645418978e-01
8.75000000000000e+00  1.69637570726019e-01
8.80000000000000e+00  1.61761943850706e-01
8.85000000000000e+00  1.50401107159885e-01
8.90000000000000e+00  1.36176732659386e-01
8.95000000000000e+00  1.19901827655426e-01
9.00000000000000e+00  1.02497483808896e-01
9.05000000000000e+00  8.49096261896582e-02
9.10000000000000e+00  6.80177029883587e-02
9.15000000000000e+00  5.25515124524358e-02
9.20000000000000e+00  3.90464956532627e-02
9.25000000000000e+00  2.77982959894696e-02
9.30000000000000e+00  1.88807204606429e-02
9.35000000000000e+00  1.21720557856525e-02
9.40000000000000e+00  7.39654567888671e-03
9.45000000000000e+00  4.20428254110921e-03
9.50000000000000e+00  2.21009638463592e-03
9.55000000000000e+00  1.05982848004610e-03
9.60000000000000e+00  4.55682756104508e-04
9.65000000000000e+00  1.69890029445333e-04
9.70000000000000e+00  5.34957567101146e-05
9.75000000000000e+00  1.31583240248620e-05
9.80000000000000e+00  2.30735430869429e-06
9.85000000000000e+00  3.62952017352051e-07
9.90000000000000e+00  -8.95942419554423e-08
9.95000000000000e+00  3.07788735369070e-08
1.00000000000000e+01  -3.68499973764753e-07
1.00500000000000e+01  3.07788735369923e-08
1.01000000000000e+01  -8.95942419556468e-08
1.01500000000000e+01  3.62952017352285e-07
1.02000000000000e+01  2.30735430869483e-06
1.02500000000000e+01  1.31583240248620e-05
1.03000000000000e+01  5.34957567101167e-05
1.03500000000000e+01  1.69890029445375e-04
1.04000000000000e+01  4.55682756104489e-04
1.04500000000000e+01  1.05982848004614e-03
1.05000000000000e+01  2.21009638463601e-03
1.05500000000000e+01  4.20428254110935e-03
1.06000000000000e+01  7.39654567888685e-03
1.06500000000000e+01  1.21720557856531e-02
1.07000000000000e+01  1.88807204606432e-02
1.07500000000000e+01  2.77982959894693e-02
1.08000000000000e+01  3.90464956532636e-02
1.08500000000000e+01  5.25515124524366e-02
1.09000000000000e+01  6.80177029883584e-02
1.09500000000000e+01  8.49096261896598e-02
1.10000000000000e+01  1.02497483808897e-01
1.10500000000000e+01  1.19901827655426e-01
1.11000000000000e+01  1.36176732659387e-01
1.11500000000000e+01  1.50401107159886e-01
1.12000000000000e+01  1.61761943850706e-01
1.12500000000000e+01  1.69637497357943e-01
1.13000000000000e+01  1.73640645418978e-01
1.13500000000000e+01  1.73657988110177e-01
1.14000000000000e+01  1.69832405223034e-01
1.14500000000000e+01  1.62542910870182e-01
1.15000000000000e+01  1.52347097343008e-01
1.15500000000000e+01  1.39923578969267e-01
1.16000000000000e+01  1.26004472379762e-01
1.16500000000000e+01  1.11310349839927e-01
1.17000000000000e+01  9.65056299996606e-02
1.17500000000000e+01  8.21509881176974e-02
1.18000000000000e+01  6.86889939391299e-02
1.18500000000000e+01  5.64341756831723e-02
1.19000000000000e+01  4.55723116306799e-02
1.19500000000000e+01  3.61837196605934e-02
1.20000000000000e+01  2.82547155390035e-02
1.20500000000000e+01  2.17045167146513e-02
1.21000000000000e+01  1.64059034836902e-02
1.21500000000000e+01  1.22046292982483e-02
1.22000000000000e+01  8.93779658878740e-03
1.22500000000000e+01  6.44459470069015e-03
1.23000000000000e+01  4.57608627210571e-03
1.23500000000000e+01  3.20035976053824e-03
1.24000000000000e+01  2.20496892603923e-03
1.24500000000000e+01  1.49668016584025e-03
1.25000000000000e+01  9.99546917679542e-04
1.25500000000000e+01  6.60540436556770e-04
1.26000000000000e+01  4.28815919712325e-04
1.26500000000000e+01  2.74123091319999e-04
1.27000000000000e+01  1.73050031594960e-04
1.27500000000000e+01  1.08089807686893e-04
1.28000000000000e+01  6.67071045730525e-05
1.28500000000000e+01  4.04048559513833e-05
1.29000000000000e+01  2.37908751336009e-05
1.29500000000000e+01  1.36444859382926e-05
1.30000000000000e+01  7.98315358401269e-06
1.30500000000000e+01  5.12911558237383e-06
1.31000000000000e+01  2.77601263114499e-06
1.31500000000000e+01  1.48316413800643e-06
1.32000000000000e+01  8.19653632767263e-07
1.32500000000000e+01  4.38144808570963e-07
1.33000000000000e+01  2.31591121622666e-07
1.33500000000000e+01  1.24991597009301e-07
1.34000000000000e+01  6.97619456188518e-08
1.34500000000000e+01  3.81056810596005e-08
1.35000000000000e+01  1.73852365794367e-08
1.35500000000000e+01  4.49308198511867e-09
1.36000000000000e+01  2.22840561559498e-10
1.36500000000000e+01  3.64040599110010e-09
1.37000000000000e+01  6.45505927278847e-09
1.37500000000000e+01  4.07789443958830e-10
1.38000000000000e+01  2.40630582163000e-10
1.38500000000000e+01  1.28103671147656e-10
1.39000000000000e+01  5.69481407187018e-11
1.39500000000000e+01  1.60352308125137e-11
1.40000000000000e+01  -3.80344572793662e-12
1.40500000000000e+01  -9.94734037698953e-12
1.41000000000000e+01  -8.15840615018108e-12
1.41500000000000e+01  -2.75253482813899e-12
1.42000000000000e+01  3.22900581952692e-12
1.42500000000000e+01  7.84813481033090e-12
1.43000000000000e+01  1.00985207250209e-11
1.43500000000000e+01  9.73414448368477e-12
1.44000000000000e+01  7.09786212185947e-12
1.44500000000000e+01  2.94996756663773e-12
1.45000000000000e+01  -1.70324458722307e-12
1.45500000000000e+01  -5.78091630119412e-12
1.46000000000000e+01  -8.29906331686681e-12
1.46500000000000e+01  -8.54201237984463e-12
1.47000000000000e+01  -6.23383846363585e-12
1.47500000000000e+01  -1.70980199354575e-12
1.48000000000000e+01  3.91221392943201e-12
1.48500000000000e+01  8.56026630472197e-12
1.49000000000000e+01  9.03691500827549e-12
1.49500000000000e+01  8.47785568679091e-13
1.50000000000000e+01  1.34009290592300e-20
1.50500000000000e+01  1.14329966031556e-20
1.51000000000000e+01  9.65838332541128e-21
1.51500000000000e+01  8.06449402228248e-21
1.52000000000000e+01  6.63923441668569e-21
1.52500000000000e+01  5.37100182566381e-21
1.53000000000000e+01  4.24867582788081e-21
1.53500000000000e+01  3.26160893111727e-21
1.54000000000000e+01  2.39961723976503e-21
1.54500000000000e+01  1.65297112232252e-21
1.55000000000000e+01  1.01238587888990e-21
1.55500000000000e+01  4.69012408663873e-22
1.56000000000000e+01  1.44278774330515e-23
1.56500000000000e+01  -3.59373614927112e-22
1.57000000000000e+01  -6.59990366959250e-22
1.57500000000000e+01  -8.94622408128906e-22
1.58000000000000e+01  -1.07008083132954e-21
1.58500000000000e+01  -1.19279712538739e-21
1.59000000000000e+01  -1.26883250756641e-21
1.59500000000000e+01  -1.30388725607319e-21
1.60000000000000e+01  -1.30331004256187e-21
1.60500000000000e+01  -1.27210726463904e-21
1.61000000000000e+01  -1.21495237836868e-21
1.61500000000000e+01  -1.13619523077707e-21
1.62000000000000e+01  -1.03987139235772e-21
1.62500000000000e+01  -9.29711489576249e-22
1.63000000000000e+01  -8.09150537375330e-22
1.63500000000000e+01  -6.81337271679614e-22
1.64000000000000e+01  -5.49143481900633e-22
1.64500000000000e+01  -4.15173343441729e-22
1.65000000000000e+01  -2.81772750202927e-22
1.65500000000000e+01  -1.51038647085924e-22
1.66000000000000e+01  -2.48283624989615e-23
1.66500000000000e+01  9.52310591382659e-23
1.67000000000000e+01  2.07733524889651e-22
1.67500000000000e+01  3.11484560797819e-22
1.68000000000000e+01  4.05491979379143e-22
1.68500000000000e+01  4.88956547118872e-22
1.69000000000000e+01  5.61262651966198e-22
1.69500000000000e+01  6.21968970829337e-22
1.70000000000000e+01  6.70799137070636e-22
1.70500000000000e+01  7.07632408001613e-22
1.71000000000000e+01  7.32494332378077e-22
1.71500000000000e+01  7.45547417895193e-22
1.72000000000000e+01  7.47081798682570e-22
1.72500000000000e+01  7.37505902799345e-22
1.73000000000000e+01  7.17337119729262e-22
1.73500000000000e+01  6.87192467875758e-22
1.74000000000000e+01  6.47779262057051e-22
1.74500000000000e+01  5.99885781001207e-22
1.75000000000000e+01  5.44371934841243e-22
1.75500000000000e+01  4.82159932610190e-22
1.76000000000000e+01  4.14224949736196e-22
1.76500000000000e+01  3.41585795537595e-22
1.77000000000000e+01  2.65295580718002e-22
1.77500000000000e+01  1.86432384861367e-22
1.78000000000000e+01  1.06089923927099e-22
1.78500000000000e+01  2.53682177451282e-23
1.79000000000000e+01  -5.46357424890230e-23
1.79500000000000e+01  -1.32837326719127e-22
1.80000000000000e+01  -2.08173598533208e-22
1.80500000000000e+01  -2.79612647668415e-22
1.81000000000000e+01  -3.46162922515968e-22
1.81500000000000e+01  -4.06882562626068e-22
1.82000000000000e+01  -4.60888731212808e-22
1.82500000000000e+01  -5.07366947659107e-22
1.83000000000000e+01  -5.45580420021601e-22
1.83500000000000e+01  -5.74879377535586e-22
1.84000000000000e+01  -5.94710403119915e-22
1.84500000000000e+01  -6.04625765881925e-22
1.85000000000000e+01  -6.04292753622357e-22
1.85500000000000e+01  -5.93503005340261e-22
1.86000000000000e+01  -5.72181843737926e-22
1.86500000000000e+01  -5.40397607725791e-22
1.87000000000000e+01  -4.98370984927360e-22
1.87500000000000e+01  -4.46484344184122e-22
1.88000000000000e+01  -3.85291068060466e-22
1.88500000000000e+01  -3.15524885348602e-22
1.89000000000000e+01  -2.38109203573476e-22
1.89500000000000e+01  -1.54166441497694e-22
1.90000000000000e+01  -6.50273616264072e-23
1.90500000000000e+01  2.77595972877234e-23
1.91000000000000e+01  1.22418987739635e-22
1.91500000000000e+01  2.16939020966959e-22
1.92000000000000e+01  3.09062234445075e-22
1.92500000000000e+01  3.96276159382204e-22
1.93000000000000e+01  4.75803988214520e-22
1.93500000000000e+01  5.44595242101183e-22
1.94000000000000e+01  5.99316438419456e-22
1.94500000000000e+01  6.36341758259778e-22
1.95000000000000e+01  6.51743713920851e-22
1.95500000000000e+01  6.41283816404721e-22
1.96000000000000e+01  6.00403242911852e-22
1.96500000000000e+01  5.24213504336224e-22
1.97000000000000e+01  4.07487112760406e-22
1.97500000000000e+01  2.44648248950660e-22
1.98000000000000e+01  2.97634298519592e-23
1.98500000000000e+01  -2.43467823916839e-22
1.99000000000000e+01  -5.81722320567951e-22
1.99500000000000e+01  -9.92062529649633e-22
2.00000000000000e+01  -1.48194591455075e-21
