0.00000000000000e+00  4.90049407057338e+02
5.00000000000000e-02  4.85061412971689e+02
1.00000000000000e-01  4.80098421368946e+02
1.50000000000000e-01  4.75160432249112e+02
2.00000000000000e-01  4.70247445612186e+02
2.50000000000000e-01  4.65359461458169e+02
3.00000000000000e-01  4.60496479787060e+02
3.50000000000000e-01  4.55658500598860e+02
4.00000000000000e-01  4.50845523893568e+02
4.50000000000000e-01  4.46057549671185e+02
5.00000000000000e-01  4.41294577931711e+02
5.50000000000000e-01  4.36556608675144e+02
6.00000000000000e-01  4.31843641901487e+02
6.50000000000000e-01  4.27155677610738e+02
7.00000000000000e-01  4.22492715802897e+02
7.50000000000000e-01  4.17854756477965e+02
8.00000000000000e-01  4.13241799635941e+02
8.50000000000000e-01  4.08653845276826e+02
9.00000000000000e-01  4.04090893400619e+02
9.50000000000000e-01  3.99552944007321e+02
1.00000000000000e+00  3.95039997096932e+02
1.05000000000000e+00  3.90552052669450e+02
1.10000000000000e+00  3.86089110724878e+02
1.15000000000000e+00  3.81651171263213e+02
1.20000000000000e+00  3.77238234284458e+02
1.25000000000000e+00  3.72850299788611e+02
1.30000000000000e+00  3.68487367775672e+02
1.35000000000000e+00  3.64149438245642e+02
1.40000000000000e+00  3.59836511198520e+02
1.45000000000000e+00  3.55548586634307e+02
1.50000000000000e+00  3.51285664553002e+02
1.55000000000000e+00  3.47047744954606e+02
1.60000000000000e+00  3.42834827839118e+02
1.65000000000000e+00  3.38646913206539e+02
1.70000000000000e+00  3.34484001056868e+02
1.75000000000000e+00  3.30346091390106e+02
1.80000000000000e+00  3.26233184206252e+02
1.85000000000000e+00  3.22145279505307e+02
1.90000000000000e+00  3.18082377287270e+02
1.95000000000000e+00  3.14044477552142e+02
2.00000000000000e+00  3.10031580299922e+02
2.05000000000000e+00  3.06043685530611e+02
2.10000000000000e+00  3.02080793244208e+02
2.15000000000000e+00  2.98142903440714e+02
2.20000000000000e+00  2.94230016120128e+02
2.25000000000000e+00  2.90342131282451e+02
2.30000000000000e+00  2.86479248927682e+02
2.35000000000000e+00  2.82641369055822e+02
2.40000000000000e+00  2.78828491666870e+02
2.45000000000000e+00  2.75040616760827e+02
2.50000000000000e+00  2.71277744337692e+02
2.55000000000000e+00  2.67539874397466e+02
2.60000000000000e+00  2.63827006940149e+02
2.65000000000000e+00  2.60139141965739e+02
2.70000000000000e+00  2.56476279474238e+02
2.75000000000000e+00  2.52838419465646e+02
2.80000000000000e+00  2.49225561939962e+02
2.85000000000000e+00  2.45637706897187e+02
2.90000000000000e+00  2.42074854337320e+02
2.95000000000000e+00  2.38537004260362e+02
3.00000000000000e+00  2.35024156666312e+02
3.05000000000000e+00  2.31536311555171e+02
3.10000000000000e+00  2.28073468926938e+02
3.15000000000000e+00  2.24635628781614e+02
3.20000000000000e+00  2.21222791119198e+02
3.25000000000000e+00  2.17834955939691e+02
3.30000000000000e+00  2.14472123243092e+02
3.35000000000000e+00  2.11134293029402e+02
3.40000000000000e+00  2.07821465298620e+02
3.45000000000000e+00  2.04533640050747e+02
3.50000000000000e+00  2.01270817285782e+02
3.55000000000000e+00  1.98032997003726e+02
3.60000000000000e+00  1.94820179204578e+02
3.65000000000000e+00  1.91632363888339e+02
3.70000000000000e+00  1.88469551055008e+02
3.75000000000000e+00  1.85331740704586e+02
3.80000000000000e+00  1.82218932837072e+02
3.85000000000000e+00  1.79131127452467e+02
3.90000000000000e+00  1.76068324550770e+02
3.95000000000000e+00  1.73030524131981e+02
4.00000000000000e+00  1.70017726196102e+02
4.05000000000000e+00  1.67029930743130e+02
4.10000000000000e+00  1.64067137773068e+02
4.15000000000000e+00  1.61129347285913e+02
4.20000000000000e+00  1.58216559281667e+02
4.25000000000000e+00  1.55328773760330e+02
4.30000000000000e+00  1.52465990721901e+02
4.35000000000000e+00  1.49628210166381e+02
4.40000000000000e+00  1.46815432093769e+02
4.45000000000000e+00  1.44027656504066e+02
4.50000000000000e+00  1.41264883397271e+02
4.55000000000000e+00  1.38527112773385e+02
4.60000000000000e+00  1.35814344632407e+02
4.65000000000000e+00  1.33126578974337e+02
4.70000000000000e+00  1.30463815799177e+02
4.75000000000000e+00  1.27826055106924e+02
4.80000000000000e+00  1.25213296897580e+02
4.85000000000000e+00  1.22625541171145e+02
4.90000000000000e+00  1.20062787927618e+02
4.95000000000000e+00  1.17525037167000e+02
5.00000000000000e+00  1.15012288889290e+02
5.05000000000000e+00  1.12524543094489e+02
5.10000000000000e+00  1.10061799782596e+02
5.15000000000000e+00  1.07624058953611e+02
5.20000000000000e+00  1.05211320607536e+02
5.25000000000000e+00  1.02823584744368e+02
5.30000000000000e+00  1.00460851364109e+02
5.35000000000000e+00  9.81231204667590e+01
5.40000000000000e+00  9.58103920523171e+01
5.45000000000000e+00  9.35226661207837e+01
5.50000000000000e+00  9.12599426721588e+01
5.55000000000000e+00  8.90222217064425e+01
5.60000000000000e+00  8.68095032236346e+01
5.65000000000000e+00  8.46217872237352e+01
5.70000000000000e+00  8.24590737067443e+01
5.75000000000000e+00  8.03213626726619e+01
5.80000000000000e+00  7.82086541214880e+01
5.85000000000000e+00  7.61209480532226e+01
5.90000000000000e+00  7.40582444678657e+01
5.95000000000000e+00  7.20205433654174e+01
6.00000000000000e+00  7.00078447458774e+01
6.05000000000000e+00  6.80201486092460e+01
6.10000000000000e+00  6.60574549555231e+01
6.15000000000000e+00  6.41197637847087e+01
6.20000000000000e+00  6.22070750968028e+01
6.25000000000000e+00  6.03193888918055e+01
6.30000000000000e+00  5.84567051697165e+01
6.35000000000000e+00  5.66190239305361e+01
6.40000000000000e+00  5.48063451742642e+01
6.45000000000000e+00  5.30186689009008e+01
6.50000000000000e+00  5.12559951104459e+01
6.55000000000000e+00  4.95183238028994e+01
6.60000000000000e+00  4.78056549782615e+01
6.65000000000000e+00  4.61179886365321e+01
6.70000000000000e+00  4.44553247777112e+01
6.75000000000000e+00  4.28176634017987e+01
6.80000000000000e+00  4.12050045087948e+01
6.85000000000000e+00  3.96173480986994e+01
6.90000000000000e+00  3.80546941715124e+01
6.95000000000000e+00  3.65170427272340e+01
7.00000000000000e+00  3.50043937658640e+01
7.05000000000000e+00  3.35167472874026e+01
7.10000000000000e+00  3.20541032918497e+01
7.15000000000000e+00  3.06164617792052e+01
7.20000000000000e+00  2.92038227494693e+01
7.25000000000000e+00  2.78161862026418e+01
7.30000000000000e+00  2.64535521387228e+01
7.35000000000000e+00  2.51159205577124e+01
7.40000000000000e+00  2.38032914596104e+01
7.45000000000000e+00  2.25156648444170e+01
7.50000000000000e+00  2.12530407121320e+01
7.55000000000000e+00  2.00154190627555e+01
7.60000000000000e+00  1.88027998962876e+01
7.65000000000000e+00  1.76151832127281e+01
7.70000000000000e+00  1.64525690120771e+01
7.75000000000000e+00  1.53149572943347e+01
7.80000000000000e+00  1.42023480595007e+01
7.85000000000000e+00  1.31147413075752e+01
7.90000000000000e+00  1.20521370385582e+01
7.95000000000000e+00  1.10145352524498e+01
8.00000000000000e+00  1.00019359492498e+01
8.05000000000000e+00  9.01433912895827e+00
8.10000000000000e+00  8.05174479157529e+00
8.15000000000000e+00  7.11415293710079e+00
8.20000000000000e+00  6.20156356553480e+00
8.25000000000000e+00  5.31397667687733e+00
8.30000000000000e+00  4.45139227112833e+00
8.35000000000000e+00  3.61381034828782e+00
8.40000000000000e+00  2.80123090835581e+00
8.45000000000000e+00  2.01365395133227e+00
8.50000000000000e+00  1.25107947721729e+00
8.55000000000000e+00  5.13507486010805e-01
8.60000000000000e+00  -1.99062022287171e-01
8.65000000000000e+00  -8.86629047676726e-01
8.70000000000000e+00  -1.54919359015774e+00
8.75000000000000e+00  -2.18675564973027e+00
8.80000000000000e+00  -2.79931522639429e+00
8.85000000000000e+00  -3.38687232014979e+00
8.90000000000000e+00  -3.94942693099681e+00
8.95000000000000e+00  -4.48697905893534e+00
9.00000000000000e+00  -4.99952870396534e+00
9.05000000000000e+00  -5.48707586608687e+00
9.10000000000000e+00  -5.94962054529992e+00
9.15000000000000e+00  -6.38716274160446e+00
9.20000000000000e+00  -6.79970245500048e+00
9.25000000000000e+00  -7.18723968548801e+00
9.30000000000000e+00  -7.54977443306708e+00
9.35000000000000e+00  -7.88730669773759e+00
9.40000000000000e+00  -8.19983647949965e+00
9.45000000000000e+00  -8.48736377835319e+00
9.50000000000000e+00  -8.74988859429825e+00
9.55000000000000e+00  -8.98741092733481e+00
9.60000000000000e+00  -9.19993077746286e+00
9.65000000000000e+00  -9.38744814468239e+00
9.70000000000000e+00  -9.54996302899345e+00
9.75000000000000e+00  -9.68747543039599e+00
9.80000000000000e+00  -9.79998534889008e+00
9.85000000000000e+00  -9.88749278447564e+00
9.90000000000000e+00  -9.94999773715269e+00
9.95000000000000e+00  -9.98750020692126e+00
1.00000000000000e+01  -1.00000001937812e+01
1.00500000000000e+01  -9.98749769773283e+00
1.01000000000000e+01  -9.94999271877591e+00
1.01500000000000e+01  -9.88748525691051e+00
1.02000000000000e+01  -9.79997531213662e+00
1.02500000000000e+01  -9.68746288445420e+00
1.03000000000000e+01  -9.54994797386330e+00
1.03500000000000e+01  -9.38743058036387e+00
1.04000000000000e+01  -9.19991070395600e+00
1.04500000000000e+01  -8.98738834463958e+00
1.05000000000000e+01  -8.74986350241468e+00
1.05500000000000e+01  -8.48733617728130e+00
1.06000000000000e+01  -8.19980636923938e+00
1.06500000000000e+01  -7.88727407828897e+00
1.07000000000000e+01  -7.54973930443011e+00
1.07500000000000e+01  -7.18720204766272e+00
1.08000000000000e+01  -6.79966230798681e+00
1.08500000000000e+01  -6.38712008540245e+00
1.09000000000000e+01  -5.94957537990956e+00
1.09500000000000e+01  -5.48702819150813e+00
1.10000000000000e+01  -4.99947852019829e+00
1.10500000000000e+01  -4.48692636597989e+00
1.11000000000000e+01  -3.94937172885301e+00
1.11500000000000e+01  -3.38681460881764e+00
1.12000000000000e+01  -2.79925500587374e+00
1.12500000000000e+01  -2.18669292002141e+00
1.13000000000000e+01  -1.54912835126048e+00
1.13500000000000e+01  -8.86561299591124e-01
1.14000000000000e+01  -1.98991765013267e-01
1.14500000000000e+01  5.13580252473122e-01
1.15000000000000e+01  1.25115475286797e+00
1.15500000000000e+01  2.01373173617133e+00
1.16000000000000e+01  2.80131120238321e+00
1.16500000000000e+01  3.61389315150353e+00
1.17000000000000e+01  4.45147758353241e+00
1.17500000000000e+01  5.31406449846975e+00
1.18000000000000e+01  6.20165389631563e+00
1.18500000000000e+01  7.11424577707001e+00
1.19000000000000e+01  8.05184014073283e+00
1.19500000000000e+01  9.01443698730416e+00
1.20000000000000e+01  1.00020363167841e+01
1.20500000000000e+01  1.10146381291724e+01
1.21000000000000e+01  1.20522424244692e+01
1.21500000000000e+01  1.31148492026745e+01
1.22000000000000e+01  1.42024584637884e+01
1.22500000000000e+01  1.53150702078107e+01
1.23000000000000e+01  1.64526844347416e+01
1.23500000000000e+01  1.76153011445809e+01
1.24000000000000e+01  1.88029203373287e+01
1.24500000000000e+01  2.00155420129850e+01
1.25000000000000e+01  2.12531661715498e+01
1.25500000000000e+01  2.25157928130232e+01
1.26000000000000e+01  2.38034219374050e+01
1.26500000000000e+01  2.51160535446953e+01
1.27000000000000e+01  2.64536876348941e+01
1.27500000000000e+01  2.78163242080014e+01
1.28000000000000e+01  2.92039632640173e+01
1.28500000000000e+01  3.06166048029415e+01
1.29000000000000e+01  3.20542488247743e+01
1.29500000000000e+01  3.35168953295156e+01
1.30000000000000e+01  3.50045443171654e+01
1.30500000000000e+01  3.65171957877237e+01
1.31000000000000e+01  3.80548497411906e+01
1.31500000000000e+01  3.96175061775658e+01
1.32000000000000e+01  4.12051650968497e+01
1.32500000000000e+01  4.28178264990419e+01
1.33000000000000e+01  4.44554903841427e+01
1.33500000000000e+01  4.61181567521520e+01
1.34000000000000e+01  4.78058256030697e+01
1.34500000000000e+01  4.95184969368960e+01
1.35000000000000e+01  5.12561707536308e+01
1.35500000000000e+01  5.30188470532741e+01
1.36000000000000e+01  5.48065258358259e+01
1.36500000000000e+01  5.66192071012861e+01
1.37000000000000e+01  5.84568908496549e+01
1.37500000000000e+01  6.03195770809321e+01
1.38000000000000e+01  6.22072657951179e+01
1.38500000000000e+01  6.41199569922122e+01
1.39000000000000e+01  6.60576506722149e+01
1.39500000000000e+01  6.80203468351262e+01
1.40000000000000e+01  7.00080454809459e+01
1.40500000000000e+01  7.20207466096742e+01
1.41000000000000e+01  7.40584502213109e+01
1.41500000000000e+01  7.61211563158561e+01
1.42000000000000e+01  7.82088648933099e+01
1.42500000000000e+01  8.03215759536721e+01
1.43000000000000e+01  8.24592894969429e+01
1.43500000000000e+01  8.46220055231222e+01
1.44000000000000e+01  8.68097240322098e+01
1.44500000000000e+01  8.90224450242061e+01
1.45000000000000e+01  9.12601684991108e+01
1.45500000000000e+01  9.35228944569240e+01
1.46000000000000e+01  9.58106228976458e+01
1.46500000000000e+01  9.81233538212760e+01
1.47000000000000e+01  1.00461087227815e+02
1.47500000000000e+01  1.02823823117262e+02
1.48000000000000e+01  1.05211561489618e+02
1.48500000000000e+01  1.07624302344882e+02
1.49000000000000e+01  1.10062045683055e+02
1.49500000000000e+01  1.12524791504136e+02
1.50000000000000e+01  1.15012539808125e+02
1.50500000000000e+01  1.17525290595024e+02
1.51000000000000e+01  1.20063043864830e+02
1.51500000000000e+01  1.22625799617546e+02
1.52000000000000e+01  1.25213557853169e+02
1.52500000000000e+01  1.27826318571701e+02
1.53000000000000e+01  1.30464081773142e+02
1.53500000000000e+01  1.33126847457491e+02
1.54000000000000e+01  1.35814615624749e+02
1.54500000000000e+01  1.38527386274915e+02
1.55000000000000e+01  1.41265159407990e+02
1.55500000000000e+01  1.44027935023973e+02
1.56000000000000e+01  1.46815713122865e+02
1.56500000000000e+01  1.49628493704665e+02
1.57000000000000e+01  1.52466276769374e+02
1.57500000000000e+01  1.55329062316991e+02
1.58000000000000e+01  1.58216850347516e+02
1.58500000000000e+01  1.61129640860951e+02
1.59000000000000e+01  1.64067433857293e+02
1.59500000000000e+01  1.67030229336545e+02
1.60000000000000e+01  1.70018027298704e+02
1.60500000000000e+01  1.73030827743772e+02
1.61000000000000e+01  1.76068630671749e+02
1.61500000000000e+01  1.79131436082634e+02
1.62000000000000e+01  1.82219243976428e+02
1.62500000000000e+01  1.85332054353130e+02
1.63000000000000e+01  1.88469867212741e+02
1.63500000000000e+01  1.91632682555260e+02
1.64000000000000e+01  1.94820500380688e+02
1.64500000000000e+01  1.98033320689023e+02
1.65000000000000e+01  2.01271143480268e+02
1.65500000000000e+01  2.04533968754421e+02
1.66000000000000e+01  2.07821796511483e+02
1.66500000000000e+01  2.11134626751453e+02
1.67000000000000e+01  2.14472459474332e+02
1.67500000000000e+01  2.17835294680119e+02
1.68000000000000e+01  2.21223132368815e+02
1.68500000000000e+01  2.24635972540419e+02
1.69000000000000e+01  2.28073815194931e+02
1.69500000000000e+01  2.31536660332352e+02
1.70000000000000e+01  2.35024507952682e+02
1.70500000000000e+01  2.38537358055920e+02
1.71000000000000e+01  2.42075210642067e+02
1.71500000000000e+01  2.45638065711122e+02
1.72000000000000e+01  2.49225923263085e+02
1.72500000000000e+01  2.52838783297958e+02
1.73000000000000e+01  2.56476645815738e+02
1.73500000000000e+01  2.60139510816428e+02
1.74000000000000e+01  2.63827378300025e+02
1.74500000000000e+01  2.67540248266531e+02
1.75000000000000e+01  2.71278120715946e+02
1.75500000000000e+01  2.75040995648269e+02
1.76000000000000e+01  2.78828873063501e+02
1.76500000000000e+01  2.82641752961641e+02
1.77000000000000e+01  2.86479635342689e+02
1.77500000000000e+01  2.90342520206646e+02
1.78000000000000e+01  2.94230407553512e+02
1.78500000000000e+01  2.98143297383286e+02
1.79000000000000e+01  3.02081189695969e+02
1.79500000000000e+01  3.06044084491559e+02
1.80000000000000e+01  3.10031981770059e+02
1.80500000000000e+01  3.14044881531467e+02
1.81000000000000e+01  3.18082783775784e+02
1.81500000000000e+01  3.22145688503009e+02
1.82000000000000e+01  3.26233595713142e+02
1.82500000000000e+01  3.30346505406185e+02
1.83000000000000e+01  3.34484417582135e+02
1.83500000000000e+01  3.38647332240994e+02
1.84000000000000e+01  3.42835249382762e+02
1.84500000000000e+01  3.47048169007438e+02
1.85000000000000e+01  3.51286091115022e+02
1.85500000000000e+01  3.55549015705516e+02
1.86000000000000e+01  3.59836942778917e+02
1.86500000000000e+01  3.64149872335227e+02
1.87000000000000e+01  3.68487804374446e+02
1.87500000000000e+01  3.72850738896573e+02
1.88000000000000e+01  3.77238675901608e+02
1.88500000000000e+01  3.81651615389552e+02
1.89000000000000e+01  3.86089557360405e+02
1.89500000000000e+01  3.90552501814166e+02
1.90000000000000e+01  3.95040448750835e+02
1.90500000000000e+01  3.99553398170414e+02
1.91000000000000e+01  4.04091350072900e+02
1.91500000000000e+01  4.08654304458295e+02
1.92000000000000e+01  4.13242261326599e+02
1.92500000000000e+01  4.17855220677810e+02
1.93000000000000e+01  4.22493182511931e+02
1.93500000000000e+01  4.27156146828960e+02
1.94000000000000e+01  4.31844113628898e+02
1.94500000000000e+01  4.36557082911744e+02
1.95000000000000e+01  4.41295054677498e+02
1.95500000000000e+01  4.46058028926161e+02
1.96000000000000e+01  4.50846005657733e+02
1.96500000000000e+01  4.55658984872213e+02
1.97000000000000e+01  4.60496966569601e+02
1.97500000000000e+01  4.65359950749898e+02
1.98000000000000e+01  4.70247937413104e+02
1.98500000000000e+01  4.75160926559218e+02
1.99000000000000e+01  4.80098918188240e+02
1.99500000000000e+01  4.85061912300171e+02
2.00000000000000e+01  4.90049908895008e+02
