0.00000000000000e+00  1.73301366739764e-04
2.50000000000000e-02  1.96845139863473e-04
5.00000000000000e-02  2.23413538197443e-04
7.50000000000000e-02  2.53662517132741e-04
1.00000000000000e-01  2.88246031973833e-04
1.25000000000000e-01  3.27835100059792e-04
1.50000000000000e-01  3.73136862885510e-04
1.75000000000000e-01  4.24913648222901e-04
2.00000000000000e-01  4.84002032242125e-04
2.25000000000000e-01  5.51331901632786e-04
2.50000000000000e-01  6.27945515725156e-04
2.75000000000000e-01  7.15016568611373e-04
3.00000000000000e-01  8.13869251266656e-04
3.25000000000000e-01  9.25997313670531e-04
3.50000000000000e-01  1.05308312692801e-03
3.75000000000000e-01  1.19701674539085e-03
4.00000000000000e-01  1.35991496877871e-03
4.25000000000000e-01  1.54414040430038e-03
4.50000000000000e-01  1.75232052877505e-03
4.75000000000000e-01  1.98736675075340e-03
5.00000000000000e-01  2.25249347263896e-03
5.25000000000000e-01  2.55123715280917e-03
5.50000000000000e-01  2.88747536773670e-03
5.75000000000000e-01  3.26544587411065e-03
6.00000000000000e-01  3.68976567095767e-03
6.25000000000000e-01  4.16362373034018e-03
6.50000000000000e-01  4.69969955162755e-03
6.75000000000000e-01  5.29787735283755e-03
7.00000000000000e-01  5.96576205600251e-03
7.25000000000000e-01  6.71134294903391e-03
7.50000000000000e-01  7.54306432082610e-03
7.75000000000000e-01  8.46989609635967e-03
8.00000000000000e-01  9.50140447180512e-03
8.25000000000000e-01  1.06478225496265e-02
8.50000000000000e-01  1.19201209736846e-02
8.75000000000000e-01  1.33300785643411e-02
9.00000000000000e-01  1.48903529535614e-02
9.25000000000000e-01  1.66145512200188e-02
9.50000000000000e-01  1.85170132359499e-02
9.75000000000000e-01  2.06130622958442e-02
1.00000000000000e+00  2.29191613100342e-02
1.02500000000000e+00  2.54522271984737e-02
1.05000000000000e+00  2.82302570631523e-02
1.07500000000000e+00  3.12721769349921e-02
1.10000000000000e+00  3.45976905207437e-02
1.12500000000000e+00  3.82271279498831e-02
1.15000000000000e+00  4.21812945215080e-02
1.17500000000000e+00  4.64813194512335e-02
1.20000000000000e+00  5.11485046180900e-02
1.22500000000000e+00  5.62041733114182e-02
1.25000000000000e+00  6.16683700297368e-02
1.27500000000000e+00  6.75678001686826e-02
1.30000000000000e+00  7.39226800756818e-02
1.32500000000000e+00  8.07532442195422e-02
1.35000000000000e+00  8.80792610754616e-02
1.37500000000000e+00  9.59195839500907e-02
1.40000000000000e+00  1.04291701806595e-01
1.42500000000000e+00  1.13211290089714e-01
1.45000000000000e+00  1.22691761550827e-01
1.47500000000000e+00  1.32743817073013e-01
1.50000000000000e+00  1.43374996496111e-01
1.52500000000000e+00  1.54589229441784e-01
1.55000000000000e+00  1.66386386138579e-01
1.57500000000000e+00  1.78761828246991e-01
1.60000000000000e+00  1.91705959684521e-01
1.62500000000000e+00  2.05203777450742e-01
1.65000000000000e+00  2.19234422452360e-01
1.67500000000000e+00  2.33770730328271e-01
1.70000000000000e+00  2.48778782274630e-01
1.72500000000000e+00  2.64217455869906e-01
1.75000000000000e+00  2.80037975899951e-01
1.77500000000000e+00  2.96183465183053e-01
1.80000000000000e+00  3.12588495395006e-01
1.82500000000000e+00  3.29178637894167e-01
1.85000000000000e+00  3.45870014546518e-01
1.87500000000000e+00  3.62568913895703e-01
1.90000000000000e+00  3.79184319701648e-01
1.92500000000000e+00  3.95601261129076e-01
1.95000000000000e+00  4.11705053007048e-01
1.97500000000000e+00  4.27372083914482e-01
2.00000000000000e+00  4.42470936863966e-01
2.02500000000000e+00  4.56863509985561e-01
2.05000000000000e+00  4.70406137210619e-01
2.07500000000000e+00  4.82950708955584e-01
2.10000000000000e+00  4.94345792805806e-01
2.12500000000000e+00  5.04437754199351e-01
2.15000000000000e+00  5.13071877110805e-01
2.17500000000000e+00  5.20093484735092e-01
2.20000000000000e+00  5.25347978513866e-01
2.22500000000000e+00  5.28692011980426e-01
2.25000000000000e+00  5.29982716055916e-01
2.27500000000000e+00  5.29086144480507e-01
2.30000000000000e+00  5.25878691794332e-01
2.32500000000000e+00  5.20248971916390e-01
2.35000000000000e+00  5.12099696723455e-01
2.37500000000000e+00  5.01349554628981e-01
2.40000000000000e+00  4.87935089162008e-01
2.42500000000000e+00  4.71812577546076e-01
2.45000000000000e+00  4.52959909278124e-01
2.47500000000000e+00  4.31378464707401e-01
2.50000000000000e+00  4.07100538870783e-01
2.52500000000000e+00  3.80159056186297e-01
2.55000000000000e+00  3.50651059402654e-01
2.57500000000000e+00  3.18676879319266e-01
2.60000000000000e+00  2.84367466871760e-01
2.62500000000000e+00  2.47882843103272e-01
2.65000000000000e+00  2.09410549135732e-01
2.67500000000000e+00  1.69164096141157e-01
2.70000000000000e+00  1.27381415312930e-01
2.72500000000000e+00  8.43233078370980e-02
2.75000000000000e+00  4.02718948636556e-02
2.77500000000000e+00  -4.47093252216559e-03
2.80000000000000e+00  -4.95850633286083e-02
2.82500000000000e+00  -9.47338162905851e-02
2.85000000000000e+00  -1.39585196518243e-01
2.87500000000000e+00  -1.83784792090839e-01
2.90000000000000e+00  -2.26980538328667e-01
2.92500000000000e+00  -2.68821464618409e-01
2.95000000000000e+00  -3.08961494672667e-01
2.97500000000000e+00  -3.47063246789497e-01
3.00000000000000e+00  -3.82801834111946e-01
3.02500000000000e+00  -4.15868664887579e-01
3.05000000000000e+00  -4.45975242728021e-01
3.07500000000000e+00  -4.72856966868484e-01
3.10000000000000e+00  -4.96276932427306e-01
3.12500000000000e+00  -5.16031888688686e-01
3.15000000000000e+00  -5.31935734230811e-01
3.17500000000000e+00  -5.43863023828060e-01
3.20000000000000e+00  -5.51704876121342e-01
3.22500000000000e+00  -5.55393808740783e-01
3.25000000000000e+00  -5.54902505163854e-01
3.27500000000000e+00  -5.50242581573503e-01
3.30000000000000e+00  -5.41463353716283e-01
3.32500000000000e+00  -5.28650603760480e-01
3.35000000000000e+00  -5.11925347154243e-01
3.37500000000000e+00  -4.91442599483718e-01
3.40000000000000e+00  -4.67390143331169e-01
3.42500000000000e+00  -4.39987295133116e-01
3.45000000000000e+00  -4.09477068295107e-01
3.47500000000000e+00  -3.76120466680567e-01
3.50000000000000e+00  -3.40206852580430e-01
3.52500000000000e+00  -3.02039319411926e-01
3.55000000000000e+00  -2.61932987581514e-01
3.57500000000000e+00  -2.20212050393852e-01
3.60000000000000e+00  -1.77206819960757e-01
3.62500000000000e+00  -1.33250773110172e-01
3.65000000000000e+00  -8.86775972951251e-02
3.67500000000000e+00  -4.38182365026971e-02
3.70000000000000e+00  1.00206283701765e-03
3.72500000000000e+00  4.54667059419461e-02
3.75000000000000e+00  8.92769339133206e-02
3.77500000000000e+00  1.32124260954831e-01
3.80000000000000e+00  1.73729504142447e-01
3.82500000000000e+00  2.13822800154850e-01
3.85000000000000e+00  2.52148877069639e-01
3.87500000000000e+00  2.88467101413255e-01
3.90000000000000e+00  3.22551525210884e-01
3.92500000000000e+00  3.54190933036375e-01
3.95000000000000e+00  3.83188889062152e-01
3.97500000000000e+00  4.09363784109128e-01
4.00000000000000e+00  4.32548882696617e-01
4.02500000000000e+00  4.52592370092249e-01
4.05000000000000e+00  4.69357399361879e-01
4.07500000000000e+00  4.82721613261564e-01
4.10000000000000e+00  4.92579059234784e-01
4.12500000000000e+00  4.98839152117462e-01
4.15000000000000e+00  5.01429163843668e-01
4.17500000000000e+00  5.00294043840413e-01
4.20000000000000e+00  4.95398025838719e-01
4.22500000000000e+00  4.86726234684689e-01
4.25000000000000e+00  4.74286293150577e-01
4.27500000000000e+00  4.58109928745858e-01
4.30000000000000e+00  4.38254580528298e-01
4.32500000000000e+00  4.14805005915024e-01
4.35000000000000e+00  3.87874887493593e-01
4.37500000000000e+00  3.57616057668563e-01
4.40000000000000e+00  3.24183974347437e-01
4.42500000000000e+00  2.87807449435299e-01
4.45000000000000e+00  2.48720655209481e-01
4.47500000000000e+00  2.07195073798085e-01
4.50000000000000e+00  1.63536501032837e-01
4.52500000000000e+00  1.18082050301952e-01
4.55000000000000e+00  7.11971564030108e-02
4.57500000000000e+00  2.32725793958094e-02
4.60000000000000e+00  -2.52785915447647e-02
4.62500000000000e+00  -7.40239342758672e-02
4.65000000000000e+00  -1.22514689833842e-01
4.67500000000000e+00  -1.70288758581341e-01
4.70000000000000e+00  -2.16884863138701e-01
4.72500000000000e+00  -2.61840155098605e-01
4.75000000000000e+00  -3.04700720425932e-01
4.77500000000000e+00  -3.45020657092378e-01
4.80000000000000e+00  -3.82375600362403e-01
4.82500000000000e+00  -4.16367520755377e-01
4.85000000000000e+00  -4.46629522007730e-01
4.87500000000000e+00  -4.72830639035090e-01
4.90000000000000e+00  -4.94680635894438e-01
4.92500000000000e+00  -5.11934803746248e-01
4.95000000000000e+00  -5.24398758816633e-01
4.97500000000000e+00  -5.31933240359493e-01
5.00000000000000e+00  -5.34458908618660e-01
5.02500000000000e+00  -5.31933240359487e-01
5.05000000000000e+00  -5.24398758816622e-01
5.07500000000000e+00  -5.11934803746231e-01
5.10000000000000e+00  -4.94680635894416e-01
5.12500000000000e+00  -4.72830639035063e-01
5.15000000000000e+00  -4.46629522007699e-01
5.17500000000000e+00  -4.16367520755342e-01
5.20000000000000e+00  -3.82375600362364e-01
5.22500000000000e+00  -3.45020657092336e-01
5.25000000000000e+00  -3.04700720425888e-01
5.27500000000000e+00  -2.61840155098557e-01
5.30000000000000e+00  -2.16884863138651e-01
5.32500000000000e+00  -1.70288758581291e-01
5.35000000000000e+00  -1.22514689833792e-01
5.37500000000000e+00  -7.40239342758198e-02
5.40000000000000e+00  -2.52785915447159e-02
5.42500000000000e+00  2.32725793958571e-02
5.45000000000000e+00  7.11971564030557e-02
5.47500000000000e+00  1.18082050301997e-01
5.50000000000000e+00  1.63536501032877e-01
5.52500000000000e+00  2.07195073798124e-01
5.55000000000000e+00  2.48720655209516e-01
5.57500000000000e+00  2.87807449435329e-01
5.60000000000000e+00  3.24183974347466e-01
5.62500000000000e+00  3.57608439833087e-01
5.65000000000000e+00  3.87874887493615e-01
5.67500000000000e+00  4.14805005915043e-01
5.70000000000000e+00  4.38254580528313e-01
5.72500000000000e+00  4.58109928745870e-01
5.75000000000000e+00  4.74286293150586e-01
5.77500000000000e+00  4.86726234684695e-01
5.80000000000000e+00  4.95398025838723e-01
5.82500000000000e+00  5.00294043840414e-01
5.85000000000000e+00  5.01429163843667e-01
5.87500000000000e+00  4.98839152117458e-01
5.90000000000000e+00  4.92579059234777e-01
5.92500000000000e+00  4.82721613261556e-01
5.95000000000000e+00  4.69357399361868e-01
5.97500000000000e+00  4.52592370092236e-01
6.00000000000000e+00  4.32548882696601e-01
6.02500000000000e+00  4.09363784109110e-01
6.05000000000000e+00  3.83188889062130e-01
6.07500000000000e+00  3.54190933036350e-01
6.10000000000000e+00  3.22551525210856e-01
6.12500000000000e+00  2.88467101413224e-01
6.15000000000000e+00  2.52148877069604e-01
6.17500000000000e+00  2.13822800154809e-01
6.20000000000000e+00  1.73729504142404e-01
6.22500000000000e+00  1.32124260954785e-01
6.25000000000000e+00  8.92707037690248e-02
6.27500000000000e+00  4.54667059418932e-02
6.30000000000000e+00  1.00206283696125e-03
6.32500000000000e+00  -4.38182365027545e-02
6.35000000000000e+00  -8.86775972951851e-02
6.37500000000000e+00  -1.33250773110232e-01
6.40000000000000e+00  -1.77206819960818e-01
6.42500000000000e+00  -2.20212050393911e-01
6.45000000000000e+00  -2.61932987581572e-01
6.47500000000000e+00  -3.02039319411983e-01
6.50000000000000e+00  -3.40206852580485e-01
6.52500000000000e+00  -3.76120466680619e-01
6.55000000000000e+00  -4.09477068295157e-01
6.57500000000000e+00  -4.39987295133161e-01
6.60000000000000e+00  -4.67390143331210e-01
6.62500000000000e+00  -4.91442599483753e-01
6.65000000000000e+00  -5.11925347154272e-01
6.67500000000000e+00  -5.28650603760503e-01
6.70000000000000e+00  -5.41463353716300e-01
6.72500000000000e+00  -5.50242581573513e-01
6.75000000000000e+00  -5.54902505163856e-01
6.77500000000000e+00  -5.55393808740777e-01
6.80000000000000e+00  -5.51704876121328e-01
6.82500000000000e+00  -5.43863023828039e-01
6.85000000000000e+00  -5.31935734230783e-01
6.87500000000000e+00  -5.16029730665446e-01
6.90000000000000e+00  -4.96276932427264e-01
6.92500000000000e+00  -4.72856966868435e-01
6.95000000000000e+00  -4.45975242727966e-01
6.97500000000000e+00  -4.15868664887517e-01
7.00000000000000e+00  -3.82801834111879e-01
7.02500000000000e+00  -3.47063246789424e-01
7.05000000000000e+00  -3.08961494672590e-01
7.07500000000000e+00  -2.68821464618330e-01
7.10000000000000e+00  -2.26980538328584e-01
7.12500000000000e+00  -1.83784792090756e-01
7.15000000000000e+00  -1.39585196518158e-01
7.17500000000000e+00  -9.47338162904984e-02
7.20000000000000e+00  -4.95850633285234e-02
7.22500000000000e+00  -4.47093252208095e-03
7.25000000000000e+00  4.02718948637372e-02
7.27500000000000e+00  8.43233078371761e-02
7.30000000000000e+00  1.27381415313006e-01
7.32500000000000e+00  1.69164096141229e-01
7.35000000000000e+00  2.09410549135801e-01
7.37500000000000e+00  2.47882843103335e-01
7.40000000000000e+00  2.84367466871818e-01
7.42500000000000e+00  3.18676879319319e-01
7.45000000000000e+00  3.50651059402701e-01
7.47500000000000e+00  3.80159056186336e-01
7.50000000000000e+00  4.07094993614404e-01
7.52500000000000e+00  4.31378464707425e-01
7.55000000000000e+00  4.52959909278141e-01
7.57500000000000e+00  4.71812577546086e-01
7.60000000000000e+00  4.87935089162012e-01
7.62500000000000e+00  5.01349554628976e-01
7.65000000000000e+00  5.12099696723444e-01
7.67500000000000e+00  5.20248971916373e-01
7.70000000000000e+00  5.25878691794308e-01
7.72500000000000e+00  5.29086144480477e-01
7.75000000000000e+00  5.29982716055881e-01
7.77500000000000e+00  5.28692011980386e-01
7.80000000000000e+00  5.25347978513821e-01
7.82500000000000e+00  5.20093484735043e-01
7.85000000000000e+00  5.13071877110753e-01
7.87500000000000e+00  5.04437754199295e-01
7.90000000000000e+00  4.94345792805748e-01
7.92500000000000e+00  4.82950708955523e-01
7.95000000000000e+00  4.70406137210556e-01
7.97500000000000e+00  4.56863509985497e-01
8.00000000000000e+00  4.42470936863900e-01
8.02500000000000e+00  4.27372083914416e-01
8.05000000000000e+00  4.11705053006981e-01
8.07500000000000e+00  3.95601261129009e-01
8.10000000000000e+00  3.79184319701581e-01
8.12500000000000e+00  3.62568848550664e-01
8.15000000000000e+00  3.45870014546452e-01
8.17500000000000e+00  3.29178637894102e-01
8.20000000000000e+00  3.12588495394942e-01
8.22500000000000e+00  2.96183465182991e-01
8.25000000000000e+00  2.80037975899890e-01
8.27500000000000e+00  2.64217455869847e-01
8.30000000000000e+00  2.48778782274573e-01
8.32500000000000e+00  2.33770730328216e-01
8.35000000000000e+00  2.19234422452308e-01
8.37500000000000e+00  2.05203777450692e-01
8.40000000000000e+00  1.91705959684473e-01
8.42500000000000e+00  1.78761828246944e-01
8.45000000000000e+00  1.66386386138535e-01
8.47500000000000e+00  1.54589229441743e-01
8.50000000000000e+00  1.43374996496072e-01
8.52500000000000e+00  1.32743817072976e-01
8.55000000000000e+00  1.22691761550792e-01
8.57500000000000e+00  1.13211290089681e-01
8.60000000000000e+00  1.04291701806564e-01
8.62500000000000e+00  9.59195839500624e-02
8.65000000000000e+00  8.80792610754351e-02
8.67500000000000e+00  8.07532442195174e-02
8.70000000000000e+00  7.39226800756592e-02
8.72500000000000e+00  6.75678001686618e-02
8.75000000000000e+00  6.16695189777474e-02
8.77500000000000e+00  5.62041733114007e-02
8.80000000000000e+00  5.11485046180739e-02
8.82500000000000e+00  4.64813194512187e-02
8.85000000000000e+00  4.21812945214948e-02
8.87500000000000e+00  3.82271279498712e-02
8.90000000000000e+00  3.45976905207328e-02
8.92500000000000e+00  3.12721769349823e-02
8.95000000000000e+00  2.82302570631434e-02
8.97500000000000e+00  2.54522271984659e-02
9.00000000000000e+00  2.29191613100271e-02
9.02500000000000e+00  2.06130622958378e-02
9.05000000000000e+00  1.85170132359442e-02
9.07500000000000e+00  1.66145512200137e-02
9.10000000000000e+00  1.48903529535569e-02
9.12500000000000e+00  1.33300785643370e-02
9.15000000000000e+00  1.19201209736811e-02
9.17500000000000e+00  1.06478225496233e-02
9.20000000000000e+00  9.50140447180226e-03
9.22500000000000e+00  8.46989609635716e-03
9.25000000000000e+00  7.54306432082383e-03
9.27500000000000e+00  6.71134294903186e-03
9.30000000000000e+00  5.96576205600063e-03
9.32500000000000e+00  5.29787735283585e-03
9.35000000000000e+00  4.69969955162598e-03
9.37500000000000e+00  4.16545006176184e-03
9.40000000000000e+00  3.68976567095628e-03
9.42500000000000e+00  3.26544587410930e-03
9.45000000000000e+00  2.88747536773539e-03
9.47500000000000e+00  2.55123715280789e-03
9.50000000000000e+00  2.25249347263768e-03
9.52500000000000e+00  1.98736675075211e-03
9.55000000000000e+00  1.75232052877374e-03
9.57500000000000e+00  1.54414040429904e-03
9.60000000000000e+00  1.35991496877732e-03
9.62500000000000e+00  1.19701674538943e-03
9.65000000000000e+00  1.05308312692654e-03
9.67500000000000e+00  9.25997313669004e-04
9.70000000000000e+00  8.13869251265076e-04
9.72500000000000e+00  7.15016568609741e-04
9.75000000000000e+00  6.27945515723478e-04
9.77500000000000e+00  5.51331901631066e-04
9.80000000000000e+00  4.84002032240365e-04
9.82500000000000e+00  4.24913648221112e-04
9.85000000000000e+00  3.73136862883703e-04
9.87500000000000e+00  3.27835100057989e-04
9.90000000000000e+00  2.88246031972045e-04
9.92500000000000e+00  2.53662517130991e-04
9.95000000000000e+00  2.23413538195757e-04
9.97500000000000e+00  1.96845139861878e-04
1.00000000000000e+01  1.73301366738297e-04
