0.00000000000000e+00  7.60148273986866e-03
2.50000000000000e-02  8.64534836464241e-03
5.00000000000000e-02  9.73611684748503e-03
7.50000000000000e-02  1.08876835150977e-02
1.00000000000000e-01  1.21120819481353e-02
1.25000000000000e-01  1.34197616628349e-02
1.50000000000000e-01  1.48198657926444e-02
1.75000000000000e-01  1.63205087698517e-02
2.00000000000000e-01  1.79290540072134e-02
2.25000000000000e-01  1.96523915795835e-02
2.50000000000000e-01  2.14972159055425e-02
2.75000000000000e-01  2.34703034290260e-02
3.00000000000000e-01  2.55787903009537e-02
3.25000000000000e-01  2.78305077417164e-02
3.50000000000000e-01  3.02340095518063e-02
3.75000000000000e-01  3.27988397811161e-02
4.00000000000000e-01  3.55345562588149e-02
4.25000000000000e-01  3.84517704144088e-02
4.50000000000000e-01  4.15615694471566e-02
4.75000000000000e-01  4.48749384954838e-02
5.00000000000000e-01  4.84021828063987e-02
5.25000000000000e-01  5.21523499049063e-02
5.50000000000000e-01  5.61326517634237e-02
5.75000000000000e-01  6.03478869711953e-02
6.00000000000000e-01  6.47998629037072e-02
6.25000000000000e-01  6.96296352382242e-02
6.50000000000000e-01  7.44879503554896e-02
6.75000000000000e-01  7.97111478346397e-02
7.00000000000000e-01  8.52671492184295e-02
7.25000000000000e-01  9.11352759805721e-02
7.50000000000000e-01  9.73044584398426e-02
7.75000000000000e-01  1.03771444674179e-01
8.00000000000000e-01  1.10539009434788e-01
8.25000000000000e-01  1.17614163060244e-01
8.50000000000000e-01  1.25006360390592e-01
8.75000000000000e-01  1.32725709681456e-01
9.00000000000000e-01  1.40781181518134e-01
9.25000000000000e-01  1.49178817729705e-01
9.50000000000000e-01  1.57923666742236e-01
9.75000000000000e-01  1.67016308169107e-01
1.00000000000000e+00  1.76450212280844e-01
1.02500000000000e+00  1.86221636788169e-01
1.05000000000000e+00  1.96320111462312e-01
1.07500000000000e+00  2.06731190031643e-01
1.10000000000000e+00  2.17439202078288e-01
1.12500000000000e+00  2.28430004934764e-01
1.15000000000000e+00  2.39693735580597e-01
1.17500000000000e+00  2.51227562538950e-01
1.20000000000000e+00  2.63038437773250e-01
1.22500000000000e+00  2.75145848583809e-01
1.25000000000000e+00  2.87357413606889e-01
1.27500000000000e+00  2.99925408897655e-01
1.30000000000000e+00  3.12588989763812e-01
1.32500000000000e+00  3.25352521828742e-01
1.35000000000000e+00  3.38207339987758e-01
1.37500000000000e+00  3.51133392888567e-01
1.40000000000000e+00  3.64100887411714e-01
1.42500000000000e+00  3.77071933151044e-01
1.45000000000000e+00  3.90002186894152e-01
1.47500000000000e+00  4.02842497102840e-01
1.50000000000000e+00  4.15540548393568e-01
1.52500000000000e+00  4.28042506017911e-01
1.55000000000000e+00  4.40294660343013e-01
1.57500000000000e+00  4.52239236753054e-01
1.60000000000000e+00  4.63820428029727e-01
1.62500000000000e+00  4.74981881921440e-01
1.65000000000000e+00  4.85666144106709e-01
1.67500000000000e+00  4.95815532132382e-01
1.70000000000000e+00  5.05371275003593e-01
1.72500000000000e+00  5.14272652773722e-01
1.75000000000000e+00  5.22456136134360e-01
1.77500000000000e+00  5.29854526005268e-01
1.80000000000000e+00  5.36396093124336e-01
1.82500000000000e+00  5.42003717637542e-01
1.85000000000000e+00  5.46594028688919e-01
1.87500000000000e+00  5.50161491245978e-01
1.90000000000000e+00  5.52610099483791e-01
1.92500000000000e+00  5.53899355634440e-01
1.95000000000000e+00  5.53969639831709e-01
1.97500000000000e+00  5.52765327355327e-01
2.00000000000000e+00  5.50235127838861e-01
2.02500000000000e+00  5.46332424477603e-01
2.05000000000000e+00  5.41015613236463e-01
2.07500000000000e+00  5.34248442057859e-01
2.10000000000000e+00  5.26000350069608e-01
2.12500000000000e+00  5.16246806792814e-01
2.15000000000000e+00  5.04969651349763e-01
2.17500000000000e+00  4.92157431671809e-01
2.20000000000000e+00  4.77805743707268e-01
2.22500000000000e+00  4.61917570629306e-01
2.25000000000000e+00  4.44503622043833e-01
2.27500000000000e+00  4.25582673197386e-01
2.30000000000000e+00  4.05181904185031e-01
2.32500000000000e+00  3.83337239158243e-01
2.35000000000000e+00  3.60093685532802e-01
2.37500000000000e+00  3.35505673196682e-01
2.40000000000000e+00  3.09637393717942e-01
2.42500000000000e+00  2.82563139552617e-01
2.45000000000000e+00  2.54367643252607e-01
2.47500000000000e+00  2.25146416673568e-01
2.50000000000000e+00  1.94993644678969e-01
2.52500000000000e+00  1.64016981170261e-01
2.55000000000000e+00  1.32338678101724e-01
2.57500000000000e+00  1.00083670543403e-01
2.60000000000000e+00  6.73850707066608e-02
2.62500000000000e+00  3.43833289455105e-02
2.65000000000000e+00  1.22539475795482e-03
2.67500000000000e+00  -3.19361222126748e-02
2.70000000000000e+00  -6.49437911763881e-02
2.72500000000000e+00  -9.76361991951916e-02
2.75000000000000e+00  -1.29848790181755e-01
2.77500000000000e+00  -1.61414703898074e-01
2.80000000000000e+00  -1.92165614954132e-01
2.82500000000000e+00  -2.21932263728673e-01
2.85000000000000e+00  -2.50549647686786e-01
2.87500000000000e+00  -2.77851665400841e-01
2.90000000000000e+00  -3.03676670923552e-01
2.92500000000000e+00  -3.27867587400994e-01
2.95000000000000e+00  -3.50273087453718e-01
2.97500000000000e+00  -3.70748773557877e-01
3.00000000000000e+00  -3.89158358426347e-01
3.02500000000000e+00  -4.05374845389848e-01
3.05000000000000e+00  -4.19281708778064e-01
3.07500000000000e+00  -4.30774074300766e-01
3.10000000000000e+00  -4.39759899428936e-01
3.12500000000000e+00  -4.46161633282000e-01
3.15000000000000e+00  -4.49912751878362e-01
3.17500000000000e+00  -4.50968505520349e-01
3.20000000000000e+00  -4.49295345823965e-01
3.22500000000000e+00  -4.44877670894464e-01
3.25000000000000e+00  -4.37717880990487e-01
3.27500000000000e+00  -4.27836434188217e-01
3.30000000000000e+00  -4.15271902045523e-01
3.32500000000000e+00  -4.00081025266107e-01
3.35000000000000e+00  -3.82338769363652e-01
3.37500000000000e+00  -3.62138380325969e-01
3.40000000000000e+00  -3.39591440279140e-01
3.42500000000000e+00  -3.14827923151676e-01
3.45000000000000e+00  -2.87993750077404e-01
3.47500000000000e+00  -2.59250713608599e-01
3.50000000000000e+00  -2.28778136517370e-01
3.52500000000000e+00  -1.96768097036057e-01
3.55000000000000e+00  -1.63426666907075e-01
3.57500000000000e+00  -1.28972287644058e-01
3.60000000000000e+00  -9.36341467929884e-02
3.62500000000000e+00  -5.76505541933368e-02
3.65000000000000e+00  -2.12673182391950e-02
3.67500000000000e+00  1.52638778595868e-02
3.70000000000000e+00  5.16870998162650e-02
3.72500000000000e+00  8.77437860060662e-02
3.75000000000000e+00  1.23182623485706e-01
3.77500000000000e+00  1.57735130681745e-01
3.80000000000000e+00  1.91154093270258e-01
3.82500000000000e+00  2.23191533803352e-01
3.85000000000000e+00  2.53607716184874e-01
3.87500000000000e+00  2.82172858656233e-01
3.90000000000000e+00  3.08668846782222e-01
3.92500000000000e+00  3.32890946436839e-01
3.95000000000000e+00  3.54649516789113e-01
3.97500000000000e+00  3.73771723288926e-01
4.00000000000000e+00  3.90103250652833e-01
4.02500000000000e+00  4.03510015849884e-01
4.05000000000000e+00  4.13879881087449e-01
4.07500000000000e+00  4.21121441038466e-01
4.10000000000000e+00  4.25168494450372e-01
4.12500000000000e+00  4.25978773680832e-01
4.15000000000000e+00  4.23533271988459e-01
4.17500000000000e+00  4.17839382645118e-01
4.20000000000000e+00  4.08930399352481e-01
4.22500000000000e+00  3.96865016658592e-01
4.25000000000000e+00  3.81726830374417e-01
4.27500000000000e+00  3.63623837990406e-01
4.30000000000000e+00  3.42687939093048e-01
4.32500000000000e+00  3.19074435781430e-01
4.35000000000000e+00  2.92961533083797e-01
4.37500000000000e+00  2.64549427611715e-01
4.40000000000000e+00  2.34054515905118e-01
4.42500000000000e+00  2.01713504979373e-01
4.45000000000000e+00  1.67777640727419e-01
4.47500000000000e+00  1.32512644588181e-01
4.50000000000000e+00  9.61962947402867e-02
4.52500000000000e+00  5.91160072957817e-02
4.55000000000000e+00  2.15664174938640e-02
4.57500000000000e+00  -1.61530391054085e-02
4.60000000000000e+00  -5.37405454273874e-02
4.62500000000000e+00  -9.08943216891130e-02
4.65000000000000e+00  -1.27315044205601e-01
4.67500000000000e+00  -1.62708264196108e-01
4.70000000000000e+00  -1.96787782682754e-01
4.72500000000000e+00  -2.29276211305747e-01
4.75000000000000e+00  -2.59910808534854e-01
4.77500000000000e+00  -2.88440823818337e-01
4.80000000000000e+00  -3.14633293129641e-01
4.82500000000000e+00  -3.38274448522476e-01
4.85000000000000e+00  -3.59171127685917e-01
4.87500000000000e+00  -3.77152183499479e-01
4.90000000000000e+00  -3.92069893588218e-01
4.92500000000000e+00  -4.03801369877811e-01
4.95000000000000e+00  -4.12249968149644e-01
4.97500000000000e+00  -4.17346697595909e-01
5.00000000000000e+00  -4.19051630374682e-01
5.02500000000000e+00  -4.17346697595908e-01
5.05000000000000e+00  -4.12249968149642e-01
5.07500000000000e+00  -4.03801369877807e-01
5.10000000000000e+00  -3.92069893588213e-01
5.12500000000000e+00  -3.77152183499473e-01
5.15000000000000e+00  -3.59171127685909e-01
5.17500000000000e+00  -3.38274448522467e-01
5.20000000000000e+00  -3.14633293129630e-01
5.22500000000000e+00  -2.88440823818326e-01
5.25000000000000e+00  -2.59910808534842e-01
5.27500000000000e+00  -2.29276211305734e-01
5.30000000000000e+00  -1.96787782682740e-01
5.32500000000000e+00  -1.62708264196093e-01
5.35000000000000e+00  -1.27315044205586e-01
5.37500000000000e+00  -9.08943216890997e-02
5.40000000000000e+00  -5.37405454273723e-02
5.42500000000000e+00  -1.61530391053933e-02
5.45000000000000e+00  2.15664174938782e-02
5.47500000000000e+00  5.91160072957973e-02
5.50000000000000e+00  9.61962947403002e-02
5.52500000000000e+00  1.32512644588196e-01
5.55000000000000e+00  1.67777640727432e-01
5.57500000000000e+00  2.01713504979384e-01
5.60000000000000e+00  2.34054515905130e-01
5.62500000000000e+00  2.64549839374113e-01
5.65000000000000e+00  2.92961533083806e-01
5.67500000000000e+00  3.19074435781439e-01
5.70000000000000e+00  3.42687939093055e-01
5.72500000000000e+00  3.63623837990412e-01
5.75000000000000e+00  3.81726830374422e-01
5.77500000000000e+00  3.96865016658595e-01
5.80000000000000e+00  4.08930399352483e-01
5.82500000000000e+00  4.17839382645118e-01
5.85000000000000e+00  4.23533271988458e-01
5.87500000000000e+00  4.25978773680829e-01
5.90000000000000e+00  4.25168494450368e-01
5.92500000000000e+00  4.21121441038461e-01
5.95000000000000e+00  4.13879881087443e-01
5.97500000000000e+00  4.03510015849876e-01
6.00000000000000e+00  3.90103250652824e-01
6.02500000000000e+00  3.73771723288917e-01
6.05000000000000e+00  3.54649516789103e-01
6.07500000000000e+00  3.32890946436827e-01
6.10000000000000e+00  3.08668846782209e-01
6.12500000000000e+00  2.82172858656221e-01
6.15000000000000e+00  2.53607716184861e-01
6.17500000000000e+00  2.23191533803337e-01
6.20000000000000e+00  1.91154093270243e-01
6.22500000000000e+00  1.57735130681730e-01
6.25000000000000e+00  1.23174371205038e-01
6.27500000000000e+00  8.77437860060513e-02
6.30000000000000e+00  5.16870998162495e-02
6.32500000000000e+00  1.52638778595724e-02
6.35000000000000e+00  -2.12673182392099e-02
6.37500000000000e+00  -5.76505541933503e-02
6.40000000000000e+00  -9.36341467930022e-02
6.42500000000000e+00  -1.28972287644070e-01
6.45000000000000e+00  -1.63426666907086e-01
6.47500000000000e+00  -1.96768097036067e-01
6.50000000000000e+00  -2.28778136517379e-01
6.52500000000000e+00  -2.59250713608608e-01
6.55000000000000e+00  -2.87993750077413e-01
6.57500000000000e+00  -3.14827923151683e-01
6.60000000000000e+00  -3.39591440279147e-01
6.62500000000000e+00  -3.62138380325973e-01
6.65000000000000e+00  -3.82338769363655e-01
6.67500000000000e+00  -4.00081025266109e-01
6.70000000000000e+00  -4.15271902045524e-01
6.72500000000000e+00  -4.27836434188217e-01
6.75000000000000e+00  -4.37717880990485e-01
6.77500000000000e+00  -4.44877670894461e-01
6.80000000000000e+00  -4.49295345823962e-01
6.82500000000000e+00  -4.50968505520344e-01
6.85000000000000e+00  -4.49912751878356e-01
6.87500000000000e+00  -4.46161153775875e-01
6.90000000000000e+00  -4.39759899428927e-01
6.92500000000000e+00  -4.30774074300757e-01
6.95000000000000e+00  -4.19281708778054e-01
6.97500000000000e+00  -4.05374845389837e-01
7.00000000000000e+00  -3.89158358426336e-01
7.02500000000000e+00  -3.70748773557864e-01
7.05000000000000e+00  -3.50273087453705e-01
7.07500000000000e+00  -3.27867587400981e-01
7.10000000000000e+00  -3.03676670923538e-01
7.12500000000000e+00  -2.77851665400827e-01
7.15000000000000e+00  -2.50549647686771e-01
7.17500000000000e+00  -2.21932263728657e-01
7.20000000000000e+00  -1.92165614954117e-01
7.22500000000000e+00  -1.61414703898058e-01
7.25000000000000e+00  -1.29848790181740e-01
7.27500000000000e+00  -9.76361991951772e-02
7.30000000000000e+00  -6.49437911763732e-02
7.32500000000000e+00  -3.19361222126607e-02
7.35000000000000e+00  1.22539475797025e-03
7.37500000000000e+00  3.43833289455243e-02
7.40000000000000e+00  6.73850707066750e-02
7.42500000000000e+00  1.00083670543418e-01
7.45000000000000e+00  1.32338678101738e-01
7.47500000000000e+00  1.64016981170274e-01
7.50000000000000e+00  1.95006090182814e-01
7.52500000000000e+00  2.25146416673578e-01
7.55000000000000e+00  2.54367643252617e-01
7.57500000000000e+00  2.82563139552626e-01
7.60000000000000e+00  3.09637393717951e-01
7.62500000000000e+00  3.35505673196689e-01
7.65000000000000e+00  3.60093685532809e-01
7.67500000000000e+00  3.83337239158248e-01
7.70000000000000e+00  4.05181904185035e-01
7.72500000000000e+00  4.25582673197390e-01
7.75000000000000e+00  4.44503622043835e-01
7.77500000000000e+00  4.61917570629309e-01
7.80000000000000e+00  4.77805743707270e-01
7.82500000000000e+00  4.92157431671810e-01
7.85000000000000e+00  5.04969651349763e-01
7.87500000000000e+00  5.16246806792814e-01
7.90000000000000e+00  5.26000350069607e-01
7.92500000000000e+00  5.34248442057858e-01
7.95000000000000e+00  5.41015613236461e-01
7.97500000000000e+00  5.46332424477601e-01
8.00000000000000e+00  5.50235127838858e-01
8.02500000000000e+00  5.52765327355324e-01
8.05000000000000e+00  5.53969639831705e-01
8.07500000000000e+00  5.53899355634435e-01
8.10000000000000e+00  5.52610099483786e-01
8.12500000000000e+00  5.50076544010502e-01
8.15000000000000e+00  5.46594028688913e-01
8.17500000000000e+00  5.42003717637537e-01
8.20000000000000e+00  5.36396093124330e-01
8.22500000000000e+00  5.29854526005262e-01
8.25000000000000e+00  5.22456136134354e-01
8.27500000000000e+00  5.14272652773715e-01
8.30000000000000e+00  5.05371275003586e-01
8.32500000000000e+00  4.95815532132376e-01
8.35000000000000e+00  4.85666144106703e-01
8.37500000000000e+00  4.74981881921433e-01
8.40000000000000e+00  4.63820428029721e-01
8.42500000000000e+00  4.52239236753047e-01
8.45000000000000e+00  4.40294660343006e-01
8.47500000000000e+00  4.28042506017904e-01
8.50000000000000e+00  4.15540548393561e-01
8.52500000000000e+00  4.02842497102833e-01
8.55000000000000e+00  3.90002186894145e-01
8.57500000000000e+00  3.77071933151037e-01
8.60000000000000e+00  3.64100887411708e-01
8.62500000000000e+00  3.51133392888560e-01
8.65000000000000e+00  3.38207339987752e-01
8.67500000000000e+00  3.25352521828735e-01
8.70000000000000e+00  3.12588989763806e-01
8.72500000000000e+00  2.99925408897650e-01
8.75000000000000e+00  2.87584569504448e-01
8.77500000000000e+00  2.75145848583804e-01
8.80000000000000e+00  2.63038437773245e-01
8.82500000000000e+00  2.51227562538945e-01
8.85000000000000e+00  2.39693735580592e-01
8.87500000000000e+00  2.28430004934759e-01
8.90000000000000e+00  2.17439202078283e-01
8.92500000000000e+00  2.06731190031638e-01
8.95000000000000e+00  1.96320111462308e-01
8.97500000000000e+00  1.86221636788165e-01
9.00000000000000e+00  1.76450212280840e-01
9.02500000000000e+00  1.67016308169103e-01
9.05000000000000e+00  1.57923666742232e-01
9.07500000000000e+00  1.49178817729701e-01
9.10000000000000e+00  1.40781181518131e-01
9.12500000000000e+00  1.32725709681453e-01
9.15000000000000e+00  1.25006360390589e-01
9.17500000000000e+00  1.17614163060241e-01
9.20000000000000e+00  1.10539009434785e-01
9.22500000000000e+00  1.03771444674177e-01
9.25000000000000e+00  9.73044584398403e-02
9.27500000000000e+00  9.11352759805699e-02
9.30000000000000e+00  8.52671492184272e-02
9.32500000000000e+00  7.97111478346377e-02
9.35000000000000e+00  7.44879503554878e-02
9.37500000000000e+00  6.94868178921016e-02
9.40000000000000e+00  6.47998629037058e-02
9.42500000000000e+00  6.03478869711938e-02
9.45000000000000e+00  5.61326517634223e-02
9.47500000000000e+00  5.21523499049053e-02
9.50000000000000e+00  4.84021828063978e-02
9.52500000000000e+00  4.48749384954830e-02
9.55000000000000e+00  4.15615694471559e-02
9.57500000000000e+00  3.84517704144082e-02
9.60000000000000e+00  3.55345562588143e-02
9.62500000000000e+00  3.27988397811159e-02
9.65000000000000e+00  3.02340095518061e-02
9.67500000000000e+00  2.78305077417162e-02
9.70000000000000e+00  2.55787903009535e-02
9.72500000000000e+00  2.34703034290259e-02
9.75000000000000e+00  2.14972159055425e-02
9.77500000000000e+00  1.96523915795836e-02
9.80000000000000e+00  1.79290540072134e-02
9.82500000000000e+00  1.63205087698516e-02
9.85000000000000e+00  1.48198657926443e-02
9.87500000000000e+00  1.34197616628348e-02
9.90000000000000e+00  1.21120819481352e-02
9.92500000000000e+00  1.08876835150975e-02
9.95000000000000e+00  9.73611684748467e-03
9.97500000000000e+00  8.64534836464184e-03
1.00000000000000e+01  7.60148273986799e-03
