0.00000000000000e+00  7.50395669304197e-03
2.50000000000000e-02  8.63940599002845e-03
5.00000000000000e-02  9.75428684692733e-03
7.50000000000000e-02  1.08925716406221e-02
1.00000000000000e-01  1.20874495374739e-02
1.25000000000000e-01  1.33629281596208e-02
1.50000000000000e-01  1.47354352512781e-02
1.75000000000000e-01  1.62154203450381e-02
2.00000000000000e-01  1.78089564281702e-02
2.25000000000000e-01  1.95193416089207e-02
2.50000000000000e-01  2.13487007828128e-02
2.75000000000000e-01  2.32995872989466e-02
3.00000000000000e-01  2.53765846262992e-02
3.25000000000000e-01  2.75836529214733e-02
3.50000000000000e-01  2.99279657508968e-02
3.75000000000000e-01  3.24229255164242e-02
4.00000000000000e-01  3.50765094049780e-02
4.25000000000000e-01  3.79022760609867e-02
4.50000000000000e-01  4.09164776916739e-02
4.75000000000000e-01  4.41351721723465e-02
5.00000000000000e-01  4.75713351516850e-02
5.25000000000000e-01  5.12319721570312e-02
5.50000000000000e-01  5.51152306996780e-02
5.75000000000000e-01  5.92075123801583e-02
6.00000000000000e-01  6.34805849935337e-02
6.25000000000000e-01  6.81060795142044e-02
6.50000000000000e-01  7.28257845732353e-02
6.75000000000000e-01  7.78758692543802e-02
7.00000000000000e-01  8.32340617283611e-02
7.25000000000000e-01  8.88865109912136e-02
7.50000000000000e-01  9.48264990838829e-02
7.75000000000000e-01  1.01053153311816e-01
8.00000000000000e-01  1.07570158464557e-01
8.25000000000000e-01  1.14384469035343e-01
8.50000000000000e-01  1.21505021440692e-01
8.75000000000000e-01  1.28941446240006e-01
9.00000000000000e-01  1.36702780355157e-01
9.25000000000000e-01  1.44796179290087e-01
9.50000000000000e-01  1.53225840917630e-01
9.75000000000000e-01  1.61992632073530e-01
1.00000000000000e+00  1.71095018237759e-01
1.02500000000000e+00  1.80527626996549e-01
1.05000000000000e+00  1.90281939678016e-01
1.07500000000000e+00  2.00347696937482e-01
1.10000000000000e+00  2.10714304342776e-01
1.12500000000000e+00  2.21372237959556e-01
1.15000000000000e+00  2.32314449936612e-01
1.17500000000000e+00  2.43537774091184e-01
1.20000000000000e+00  2.55044331494273e-01
1.22500000000000e+00  2.66842936055947e-01
1.25000000000000e+00  2.78624062886064e-01
1.27500000000000e+00  2.91111550713456e-01
1.30000000000000e+00  3.03597340583430e-01
1.32500000000000e+00  3.16139640619808e-01
1.35000000000000e+00  3.28772041069864e-01
1.37500000000000e+00  3.41506147643916e-01
1.40000000000000e+00  3.54334214854922e-01
1.42500000000000e+00  3.67231779358072e-01
1.45000000000000e+00  3.80160293290383e-01
1.47500000000000e+00  3.93069757610292e-01
1.50000000000000e+00  4.05901355437250e-01
1.52500000000000e+00  4.18590085391318e-01
1.55000000000000e+00  4.31067394932757e-01
1.57500000000000e+00  4.43272507855724e-01
1.60000000000000e+00  4.55156395600355e-01
1.62500000000000e+00  4.66661121090095e-01
1.65000000000000e+00  4.77742623363459e-01
1.67500000000000e+00  4.88359746877840e-01
1.70000000000000e+00  4.98469705105589e-01
1.72500000000000e+00  5.08023544130085e-01
1.75000000000000e+00  5.16961606241816e-01
1.77500000000000e+00  5.25208993534447e-01
1.80000000000000e+00  5.32671031500903e-01
1.82500000000000e+00  5.39228732629438e-01
1.85000000000000e+00  5.44734259999711e-01
1.87500000000000e+00  5.49439657860299e-01
1.90000000000000e+00  5.52801274852645e-01
1.92500000000000e+00  5.55187303796982e-01
1.95000000000000e+00  5.56470545328907e-01
1.97500000000000e+00  5.56545850221380e-01
2.00000000000000e+00  5.55327798447286e-01
2.02500000000000e+00  5.52748378241987e-01
2.05000000000000e+00  5.48754665165882e-01
2.07500000000000e+00  5.43306501166962e-01
2.10000000000000e+00  5.36374173643367e-01
2.12500000000000e+00  5.27936094505942e-01
2.15000000000000e+00  5.17976479240798e-01
2.17500000000000e+00  5.06483025971862e-01
2.20000000000000e+00  4.93437086943425e-01
2.22500000000000e+00  4.78836558774939e-01
2.25000000000000e+00  4.62682749756664e-01
2.27500000000000e+00  4.44973996769602e-01
2.30000000000000e+00  4.25718944385669e-01
2.32500000000000e+00  4.04937905236720e-01
2.35000000000000e+00  3.82664220383568e-01
2.37500000000000e+00  3.58945619685007e-01
2.40000000000000e+00  3.33845582166839e-01
2.42500000000000e+00  3.07444696390890e-01
2.45000000000000e+00  2.79842020824037e-01
2.47500000000000e+00  2.51156444207228e-01
2.50000000000000e+00  2.21414750855053e-01
2.52500000000000e+00  1.90683015933848e-01
2.55000000000000e+00  1.59134296704189e-01
2.57500000000000e+00  1.26887031132452e-01
2.60000000000000e+00  9.40699608683497e-02
2.62500000000000e+00  6.08211305612599e-02
2.65000000000000e+00  2.72868871765562e-02
2.67500000000000e+00  -6.37912068805975e-03
2.70000000000000e+00  -4.00169434862358e-02
2.72500000000000e+00  -7.34613314066321e-02
2.75000000000000e+00  -1.06542735056595e-01
2.77500000000000e+00  -1.39088306145826e-01
2.80000000000000e+00  -1.70922898170055e-01
2.82500000000000e+00  -2.01862483948541e-01
2.85000000000000e+00  -2.31747469886686e-01
2.87500000000000e+00  -2.60394133325269e-01
2.90000000000000e+00  -2.87631932043121e-01
2.92500000000000e+00  -3.13293985706760e-01
2.95000000000000e+00  -3.37218374848709e-01
2.97500000000000e+00  -3.59249439845812e-01
3.00000000000000e+00  -3.79239079897545e-01
3.02500000000000e+00  -3.97048052004338e-01
3.05000000000000e+00  -4.12547269945881e-01
3.07500000000000e+00  -4.25619103259449e-01
3.10000000000000e+00  -4.36158676218209e-01
3.12500000000000e+00  -4.44083201234094e-01
3.15000000000000e+00  -4.49308523873870e-01
3.17500000000000e+00  -4.51786454644524e-01
3.20000000000000e+00  -4.51473665211818e-01
3.22500000000000e+00  -4.48346089965549e-01
3.25000000000000e+00  -4.42398950827443e-01
3.27500000000000e+00  -4.33646782059057e-01
3.30000000000000e+00  -4.22123455069676e-01
3.32500000000000e+00  -4.07882203224212e-01
3.35000000000000e+00  -3.90995646651100e-01
3.37500000000000e+00  -3.71555817050202e-01
3.40000000000000e+00  -3.49674182500697e-01
3.42500000000000e+00  -3.25481672268990e-01
3.45000000000000e+00  -2.99128814454026e-01
3.47500000000000e+00  -2.70770276361169e-01
3.50000000000000e+00  -2.40595851266730e-01
3.52500000000000e+00  -2.08801469358439e-01
3.55000000000000e+00  -1.75597191671038e-01
3.57500000000000e+00  -1.41205647503549e-01
3.60000000000000e+00  -1.05860471836531e-01
3.62500000000000e+00  -6.98047427493417e-02
3.65000000000000e+00  -3.32894188373962e-02
3.67500000000000e+00  3.42822337057127e-03
3.70000000000000e+00  4.00861519952472e-02
3.72500000000000e+00  7.64191423894785e-02
3.75000000000000e+00  1.12158468577130e-01
3.77500000000000e+00  1.47105492958539e-01
3.80000000000000e+00  1.80912075676773e-01
3.82500000000000e+00  2.13367037708498e-01
3.85000000000000e+00  2.44240552076617e-01
3.87500000000000e+00  2.73297039592706e-01
3.90000000000000e+00  3.00308064599435e-01
3.92500000000000e+00  3.25061432175763e-01
3.95000000000000e+00  3.47367495525851e-01
3.97500000000000e+00  3.67058143651527e-01
4.00000000000000e+00  3.83987579162913e-01
4.02500000000000e+00  3.98019208103188e-01
4.05000000000000e+00  4.09010467604137e-01
4.07500000000000e+00  4.16884358318135e-01
4.10000000000000e+00  4.21572939189141e-01
4.12500000000000e+00  4.23057844544670e-01
4.15000000000000e+00  4.21277278221812e-01
4.17500000000000e+00  4.16232751969840e-01
4.20000000000000e+00  4.07966364600464e-01
4.22500000000000e+00  3.96540866057114e-01
4.25000000000000e+00  3.82037483091809e-01
4.27500000000000e+00  3.64551526801751e-01
4.30000000000000e+00  3.44197002319322e-01
4.32500000000000e+00  3.21116258887691e-01
4.35000000000000e+00  2.95499697212410e-01
4.37500000000000e+00  2.67565431646653e-01
4.40000000000000e+00  2.37499905321670e-01
4.42500000000000e+00  2.05514541758335e-01
4.45000000000000e+00  1.71880615577813e-01
4.47500000000000e+00  1.36866636380373e-01
4.50000000000000e+00  1.00744564232134e-01
4.52500000000000e+00  6.37960251518158e-02
4.55000000000000e+00  2.63138402280014e-02
4.57500000000000e+00  -1.13993748766036e-02
4.60000000000000e+00  -4.90348607072399e-02
4.62500000000000e+00  -8.62825227055275e-02
4.65000000000000e+00  -1.22839344060549e-01
4.67500000000000e+00  -1.58418342114613e-01
4.70000000000000e+00  -1.92722278392389e-01
4.72500000000000e+00  -2.25448338254990e-01
4.75000000000000e+00  -2.56341479105537e-01
4.77500000000000e+00  -2.85140541540995e-01
4.80000000000000e+00  -3.11602843583506e-01
4.82500000000000e+00  -3.35505632296749e-01
4.85000000000000e+00  -3.56647535402316e-01
4.87500000000000e+00  -3.74850012896066e-01
4.90000000000000e+00  -3.89958808664504e-01
4.92500000000000e+00  -4.01845402101140e-01
4.95000000000000e+00  -4.10408459722854e-01
4.97500000000000e+00  -4.15575286786266e-01
5.00000000000000e+00  -4.17303278904106e-01
5.02500000000000e+00  -4.15575286786269e-01
5.05000000000000e+00  -4.10408459722854e-01
5.07500000000000e+00  -4.01845402101137e-01
5.10000000000000e+00  -3.89958808664498e-01
5.12500000000000e+00  -3.74850012896057e-01
5.15000000000000e+00  -3.56647535402305e-01
5.17500000000000e+00  -3.35505632296737e-01
5.20000000000000e+00  -3.11602843583492e-01
5.22500000000000e+00  -2.85140541540979e-01
5.25000000000000e+00  -2.56341479105519e-01
5.27500000000000e+00  -2.25448338254970e-01
5.30000000000000e+00  -1.92722278392369e-01
5.32500000000000e+00  -1.58418342114592e-01
5.35000000000000e+00  -1.22839344060527e-01
5.37500000000000e+00  -8.62825227055071e-02
5.40000000000000e+00  -4.90348607072176e-02
5.42500000000000e+00  -1.13993748765814e-02
5.45000000000000e+00  2.63138402280224e-02
5.47500000000000e+00  6.37960251518382e-02
5.50000000000000e+00  1.00744564232154e-01
5.52500000000000e+00  1.36866636380394e-01
5.55000000000000e+00  1.71880615577832e-01
5.57500000000000e+00  2.05514541758352e-01
5.60000000000000e+00  2.37499905321688e-01
5.62500000000000e+00  2.67605476813025e-01
5.65000000000000e+00  2.95499697212421e-01
5.67500000000000e+00  3.21116258887701e-01
5.70000000000000e+00  3.44197002319330e-01
5.72500000000000e+00  3.64551526801757e-01
5.75000000000000e+00  3.82037483091813e-01
5.77500000000000e+00  3.96540866057117e-01
5.80000000000000e+00  4.07966364600465e-01
5.82500000000000e+00  4.16232751969840e-01
5.85000000000000e+00  4.21277278221810e-01
5.87500000000000e+00  4.23057844544666e-01
5.90000000000000e+00  4.21572939189136e-01
5.92500000000000e+00  4.16884358318128e-01
5.95000000000000e+00  4.09010467604129e-01
5.97500000000000e+00  3.98019208103178e-01
6.00000000000000e+00  3.83987579162902e-01
6.02500000000000e+00  3.67058143651515e-01
6.05000000000000e+00  3.47367495525838e-01
6.07500000000000e+00  3.25061432175749e-01
6.10000000000000e+00  3.00308064599418e-01
6.12500000000000e+00  2.73297039592689e-01
6.15000000000000e+00  2.44240552076598e-01
6.17500000000000e+00  2.13367037708476e-01
6.20000000000000e+00  1.80912075676751e-01
6.22500000000000e+00  1.47105492958516e-01
6.25000000000000e+00  1.12160339720989e-01
6.27500000000000e+00  7.64191423894536e-02
6.30000000000000e+00  4.00861519952215e-02
6.32500000000000e+00  3.42822337054698e-03
6.35000000000000e+00  -3.32894188374203e-02
6.37500000000000e+00  -6.98047427493637e-02
6.40000000000000e+00  -1.05860471836552e-01
6.42500000000000e+00  -1.41205647503568e-01
6.45000000000000e+00  -1.75597191671054e-01
6.47500000000000e+00  -2.08801469358455e-01
6.50000000000000e+00  -2.40595851266744e-01
6.52500000000000e+00  -2.70770276361182e-01
6.55000000000000e+00  -2.99128814454038e-01
6.57500000000000e+00  -3.25481672268999e-01
6.60000000000000e+00  -3.49674182500705e-01
6.62500000000000e+00  -3.71555817050207e-01
6.65000000000000e+00  -3.90995646651104e-01
6.67500000000000e+00  -4.07882203224214e-01
6.70000000000000e+00  -4.22123455069676e-01
6.72500000000000e+00  -4.33646782059055e-01
6.75000000000000e+00  -4.42398950827439e-01
6.77500000000000e+00  -4.48346089965543e-01
6.80000000000000e+00  -4.51473665211810e-01
6.82500000000000e+00  -4.51786454644514e-01
6.85000000000000e+00  -4.49308523873859e-01
6.87500000000000e+00  -4.44075166809524e-01
6.90000000000000e+00  -4.36158676218193e-01
6.92500000000000e+00  -4.25619103259432e-01
6.95000000000000e+00  -4.12547269945864e-01
6.97500000000000e+00  -3.97048052004318e-01
7.00000000000000e+00  -3.79239079897524e-01
7.02500000000000e+00  -3.59249439845789e-01
7.05000000000000e+00  -3.37218374848685e-01
7.07500000000000e+00  -3.13293985706735e-01
7.10000000000000e+00  -2.87631932043095e-01
7.12500000000000e+00  -2.60394133325244e-01
7.15000000000000e+00  -2.31747469886660e-01
7.17500000000000e+00  -2.01862483948515e-01
7.20000000000000e+00  -1.70922898170031e-01
7.22500000000000e+00  -1.39088306145802e-01
7.25000000000000e+00  -1.06542735056572e-01
7.27500000000000e+00  -7.34613314066101e-02
7.30000000000000e+00  -4.00169434862131e-02
7.32500000000000e+00  -6.37912068803757e-03
7.35000000000000e+00  2.72868871765803e-02
7.37500000000000e+00  6.08211305612828e-02
7.40000000000000e+00  9.40699608683733e-02
7.42500000000000e+00  1.26887031132476e-01
7.45000000000000e+00  1.59134296704212e-01
7.47500000000000e+00  1.90683015933869e-01
7.50000000000000e+00  2.21528045924528e-01
7.52500000000000e+00  2.51156444207247e-01
7.55000000000000e+00  2.79842020824054e-01
7.57500000000000e+00  3.07444696390904e-01
7.60000000000000e+00  3.33845582166852e-01
7.62500000000000e+00  3.58945619685017e-01
7.65000000000000e+00  3.82664220383576e-01
7.67500000000000e+00  4.04937905236726e-01
7.70000000000000e+00  4.25718944385674e-01
7.72500000000000e+00  4.44973996769605e-01
7.75000000000000e+00  4.62682749756665e-01
7.77500000000000e+00  4.78836558774940e-01
7.80000000000000e+00  4.93437086943426e-01
7.82500000000000e+00  5.06483025971861e-01
7.85000000000000e+00  5.17976479240796e-01
7.87500000000000e+00  5.27936094505940e-01
7.90000000000000e+00  5.36374173643363e-01
7.92500000000000e+00  5.43306501166958e-01
7.95000000000000e+00  5.48754665165878e-01
7.97500000000000e+00  5.52748378241982e-01
8.00000000000000e+00  5.55327798447280e-01
8.02500000000000e+00  5.56545850221373e-01
8.05000000000000e+00  5.56470545328899e-01
8.07500000000000e+00  5.55187303796973e-01
8.10000000000000e+00  5.52801274852635e-01
8.12500000000000e+00  5.49006390878854e-01
8.15000000000000e+00  5.44734259999700e-01
8.17500000000000e+00  5.39228732629427e-01
8.20000000000000e+00  5.32671031500891e-01
8.22500000000000e+00  5.25208993534435e-01
8.25000000000000e+00  5.16961606241803e-01
8.27500000000000e+00  5.08023544130072e-01
8.30000000000000e+00  4.98469705105575e-01
8.32500000000000e+00  4.88359746877827e-01
8.35000000000000e+00  4.77742623363446e-01
8.37500000000000e+00  4.66661121090082e-01
8.40000000000000e+00  4.55156395600341e-01
8.42500000000000e+00  4.43272507855710e-01
8.45000000000000e+00  4.31067394932745e-01
8.47500000000000e+00  4.18590085391306e-01
8.50000000000000e+00  4.05901355437237e-01
8.52500000000000e+00  3.93069757610279e-01
8.55000000000000e+00  3.80160293290370e-01
8.57500000000000e+00  3.67231779358059e-01
8.60000000000000e+00  3.54334214854910e-01
8.62500000000000e+00  3.41506147643904e-01
8.65000000000000e+00  3.28772041069851e-01
8.67500000000000e+00  3.16139640619795e-01
8.70000000000000e+00  3.03597340583418e-01
8.72500000000000e+00  2.91111550713445e-01
8.75000000000000e+00  2.78950500110652e-01
8.77500000000000e+00  2.66842936055939e-01
8.80000000000000e+00  2.55044331494265e-01
8.82500000000000e+00  2.43537774091177e-01
8.85000000000000e+00  2.32314449936605e-01
8.87500000000000e+00  2.21372237959549e-01
8.90000000000000e+00  2.10714304342769e-01
8.92500000000000e+00  2.00347696937475e-01
8.95000000000000e+00  1.90281939678010e-01
8.97500000000000e+00  1.80527626996543e-01
9.00000000000000e+00  1.71095018237754e-01
9.02500000000000e+00  1.61992632073524e-01
9.05000000000000e+00  1.53225840917625e-01
9.07500000000000e+00  1.44796179290081e-01
9.10000000000000e+00  1.36702780355152e-01
9.12500000000000e+00  1.28941446240000e-01
9.15000000000000e+00  1.21505021440687e-01
9.17500000000000e+00  1.14384469035338e-01
9.20000000000000e+00  1.07570158464553e-01
9.22500000000000e+00  1.01053153311812e-01
9.25000000000000e+00  9.48264990838794e-02
9.27500000000000e+00  8.88865109912103e-02
9.30000000000000e+00  8.32340617283577e-02
9.32500000000000e+00  7.78758692543772e-02
9.35000000000000e+00  7.28257845732326e-02
9.37500000000000e+00  6.78886946346819e-02
9.40000000000000e+00  6.34805849935318e-02
9.42500000000000e+00  5.92075123801564e-02
9.45000000000000e+00  5.51152306996763e-02
9.47500000000000e+00  5.12319721570299e-02
9.50000000000000e+00  4.75713351516839e-02
9.52500000000000e+00  4.41351721723456e-02
9.55000000000000e+00  4.09164776916731e-02
9.57500000000000e+00  3.79022760609861e-02
9.60000000000000e+00  3.50765094049774e-02
9.62500000000000e+00  3.24229255164239e-02
9.65000000000000e+00  2.99279657508965e-02
9.67500000000000e+00  2.75836529214728e-02
9.70000000000000e+00  2.53765846262986e-02
9.72500000000000e+00  2.32995872989460e-02
9.75000000000000e+00  2.13487007828120e-02
9.77500000000000e+00  1.95193416089197e-02
9.80000000000000e+00  1.78089564281690e-02
9.82500000000000e+00  1.62154203450365e-02
9.85000000000000e+00  1.47354352512762e-02
9.87500000000000e+00  1.33629281596187e-02
9.90000000000000e+00  1.20874495374715e-02
9.92500000000000e+00  1.08925716406196e-02
9.95000000000000e+00  9.75428684692474e-03
9.97500000000000e+00  8.63940599002590e-03
1.00000000000000e+01  7.50395669303983e-03
