0.00000000000000e+00  8.12586039364559e-03
2.50000000000000e-02  9.14448484916900e-03
5.00000000000000e-02  1.02733164749538e-02
7.50000000000000e-02  1.14995173570292e-02
1.00000000000000e-01  1.28160570342355e-02
1.25000000000000e-01  1.42209107703555e-02
1.50000000000000e-01  1.57162578262444e-02
1.75000000000000e-01  1.73076797319607e-02
2.00000000000000e-01  1.90033585588969e-02
2.25000000000000e-01  2.08132751919105e-02
2.50000000000000e-01  2.27484076014542e-02
2.75000000000000e-01  2.48199291157070e-02
3.00000000000000e-01  2.70384066927046e-02
3.25000000000000e-01  2.94146036934734e-02
3.50000000000000e-01  3.19579480010709e-02
3.75000000000000e-01  3.46751389614843e-02
4.00000000000000e-01  3.75752847920314e-02
4.25000000000000e-01  4.06649447925377e-02
4.50000000000000e-01  4.39495568940442e-02
4.75000000000000e-01  4.74348652075142e-02
5.00000000000000e-01  5.11283475725424e-02
5.25000000000000e-01  5.50406431060616e-02
5.50000000000000e-01  5.91869797510510e-02
5.75000000000000e-01  6.35886018252446e-02
6.00000000000000e-01  6.82741975698373e-02
6.25000000000000e-01  7.31639986522338e-02
6.50000000000000e-01  7.84166123309731e-02
6.75000000000000e-01  8.39112730295591e-02
7.00000000000000e-01  8.96729858281781e-02
7.25000000000000e-01  9.57214751485607e-02
7.50000000000000e-01  1.02071745894531e-01
7.75000000000000e-01  1.08734644592550e-01
8.00000000000000e-01  1.15717420532268e-01
8.25000000000000e-01  1.23024286907067e-01
8.50000000000000e-01  1.30656981954609e-01
8.75000000000000e-01  1.38615330097387e-01
9.00000000000000e-01  1.46897803083265e-01
9.25000000000000e-01  1.55502081126030e-01
9.50000000000000e-01  1.64426092042262e-01
9.75000000000000e-01  1.73667588064650e-01
1.00000000000000e+00  1.83223207861039e-01
1.02500000000000e+00  1.93090270212180e-01
1.05000000000000e+00  2.03265190215693e-01
1.07500000000000e+00  2.13742592294808e-01
1.10000000000000e+00  2.24514423207085e-01
1.12500000000000e+00  2.35569065053159e-01
1.15000000000000e+00  2.46890448285466e-01
1.17500000000000e+00  2.58457164716975e-01
1.20000000000000e+00  2.70241580529925e-01
1.22500000000000e+00  2.82208949284556e-01
1.25000000000000e+00  2.94504715977511e-01
1.27500000000000e+00  3.06661318783997e-01
1.30000000000000e+00  3.19063028528222e-01
1.32500000000000e+00  3.31629071485479e-01
1.35000000000000e+00  3.44289328300818e-01
1.37500000000000e+00  3.56982839507680e-01
1.40000000000000e+00  3.69656311046529e-01
1.42500000000000e+00  3.82262619783492e-01
1.45000000000000e+00  3.94759319028988e-01
1.47500000000000e+00  4.07107144056361e-01
1.50000000000000e+00  4.19268517620519e-01
1.52500000000000e+00  4.31206055476565e-01
1.55000000000000e+00  4.42881071898428e-01
1.57500000000000e+00  4.54247078905197e-01
1.60000000000000e+00  4.65246845251405e-01
1.62500000000000e+00  4.75815753878122e-01
1.65000000000000e+00  4.85897040359766e-01
1.67500000000000e+00  4.95420489628984e-01
1.70000000000000e+00  5.04310449878898e-01
1.72500000000000e+00  5.12493513939807e-01
1.75000000000000e+00  5.19903927343470e-01
1.77500000000000e+00  5.26487632773966e-01
1.80000000000000e+00  5.32204717934584e-01
1.82500000000000e+00  5.37029269612801e-01
1.85000000000000e+00  5.40945204625878e-01
1.87500000000000e+00  5.43691489871339e-01
1.90000000000000e+00  5.45513149877483e-01
1.92500000000000e+00  5.46088680686231e-01
1.95000000000000e+00  5.45404932777677e-01
1.97500000000000e+00  5.43439807273629e-01
2.00000000000000e+00  5.40164436629279e-01
2.02500000000000e+00  5.35545365324858e-01
2.05000000000000e+00  5.29546730557305e-01
2.07500000000000e+00  5.22132442931925e-01
2.10000000000000e+00  5.13268367154054e-01
2.12500000000000e+00  5.02924502720723e-01
2.15000000000000e+00  4.91077164612314e-01
2.17500000000000e+00  4.77711163984232e-01
2.20000000000000e+00  4.62829790214598e-01
2.22500000000000e+00  4.46428607027950e-01
2.25000000000000e+00  4.28527497964072e-01
2.27500000000000e+00  4.09154639941036e-01
2.30000000000000e+00  3.88346441538415e-01
2.32500000000000e+00  3.66146840547341e-01
2.35000000000000e+00  3.42606601520554e-01
2.37500000000000e+00  3.17782613322451e-01
2.40000000000000e+00  2.91737186679147e-01
2.42500000000000e+00  2.64537351728518e-01
2.45000000000000e+00  2.36254155570263e-01
2.47500000000000e+00  2.06961959815946e-01
2.50000000000000e+00  1.76803133142796e-01
2.52500000000000e+00  1.45920141104806e-01
2.55000000000000e+00  1.14393990245466e-01
2.57500000000000e+00  8.23546973047729e-02
2.60000000000000e+00  4.99390355523961e-02
2.62500000000000e+00  1.72897883924507e-02
2.65000000000000e+00  -1.54449970317349e-02
2.67500000000000e+00  -4.81127562328450e-02
2.70000000000000e+00  -8.05571537748130e-02
2.72500000000000e+00  -1.12618829668044e-01
2.75000000000000e+00  -1.44136145764649e-01
2.77500000000000e+00  -1.74945932153672e-01
2.80000000000000e+00  -2.04884233556322e-01
2.82500000000000e+00  -2.33794208468956e-01
2.85000000000000e+00  -2.61504509774847e-01
2.87500000000000e+00  -2.87863198395649e-01
2.90000000000000e+00  -3.12715357023445e-01
2.92500000000000e+00  -3.35911660989682e-01
2.95000000000000e+00  -3.57309395946682e-01
2.97500000000000e+00  -3.76773475549164e-01
3.00000000000000e+00  -3.94177459135759e-01
3.02500000000000e+00  -4.09404569410528e-01
3.05000000000000e+00  -4.22348710124476e-01
3.07500000000000e+00  -4.32915483757077e-01
3.10000000000000e+00  -4.41023209197783e-01
3.12500000000000e+00  -4.46598447128482e-01
3.15000000000000e+00  -4.49589131827346e-01
3.17500000000000e+00  -4.49950381611440e-01
3.20000000000000e+00  -4.47655431033907e-01
3.22500000000000e+00  -4.42693536376485e-01
3.25000000000000e+00  -4.35070094341824e-01
3.27500000000000e+00  -4.24806760745799e-01
3.30000000000000e+00  -4.11941569209834e-01
3.32500000000000e+00  -3.96529049853214e-01
3.35000000000000e+00  -3.78640347985406e-01
3.37500000000000e+00  -3.58363342798375e-01
3.40000000000000e+00  -3.35802766058899e-01
3.42500000000000e+00  -3.11080320800893e-01
3.45000000000000e+00  -2.84331628182970e-01
3.47500000000000e+00  -2.55715258640308e-01
3.50000000000000e+00  -2.25387513797519e-01
3.52500000000000e+00  -1.93539137376581e-01
3.55000000000000e+00  -1.60365638047227e-01
3.57500000000000e+00  -1.26071379980945e-01
3.60000000000000e+00  -9.08730368496697e-02
3.62500000000000e+00  -5.49987068350288e-02
3.65000000000000e+00  -1.86872774701009e-02
3.67500000000000e+00  1.78146081217691e-02
3.70000000000000e+00  5.42567546530858e-02
3.72500000000000e+00  9.03911682017678e-02
3.75000000000000e+00  1.25979299592707e-01
3.77500000000000e+00  1.60702584336392e-01
3.80000000000000e+00  1.94373056879990e-01
3.82500000000000e+00  2.26716457850596e-01
3.85000000000000e+00  2.57480704329682e-01
3.87500000000000e+00  2.86431259138665e-01
3.90000000000000e+00  3.13346500124462e-01
3.92500000000000e+00  3.38015232463196e-01
3.95000000000000e+00  3.60236081791054e-01
3.97500000000000e+00  3.79820808967656e-01
4.00000000000000e+00  3.96597317766142e-01
4.02500000000000e+00  4.10419724242296e-01
4.05000000000000e+00  4.21179441549226e-01
4.07500000000000e+00  4.28764961847129e-01
4.10000000000000e+00  4.33097070319538e-01
4.12500000000000e+00  4.34108812224109e-01
4.15000000000000e+00  4.31795631737459e-01
4.17500000000000e+00  4.26159081303433e-01
4.20000000000000e+00  4.17219275002016e-01
4.22500000000000e+00  4.05025856554470e-01
4.25000000000000e+00  3.89659213787232e-01
4.27500000000000e+00  3.71232179332545e-01
4.30000000000000e+00  3.49886500323500e-01
4.32500000000000e+00  3.25785975681652e-01
4.35000000000000e+00  2.99104146035256e-01
4.37500000000000e+00  2.70043766214877e-01
4.40000000000000e+00  2.38817322537210e-01
4.42500000000000e+00  2.05710622514979e-01
4.45000000000000e+00  1.70963633590537e-01
4.47500000000000e+00  1.34847322647877e-01
4.50000000000000e+00  9.76535531654544e-02
4.52500000000000e+00  5.96849823690285e-02
4.55000000000000e+00  2.12489813224998e-02
4.57500000000000e+00  -1.73459378579622e-02
4.60000000000000e+00  -5.57917645317233e-02
4.62500000000000e+00  -9.37816411977384e-02
4.65000000000000e+00  -1.31007426573633e-01
4.67500000000000e+00  -1.67156792874627e-01
4.70000000000000e+00  -2.01941498362935e-01
4.72500000000000e+00  -2.35095094038747e-01
4.75000000000000e+00  -2.66337863122952e-01
4.77500000000000e+00  -2.95418129875986e-01
4.80000000000000e+00  -3.22102309411914e-01
4.82500000000000e+00  -3.46176289921197e-01
4.85000000000000e+00  -3.67446814893451e-01
4.87500000000000e+00  -3.85742865340199e-01
4.90000000000000e+00  -4.00917042017636e-01
4.92500000000000e+00  -4.12846947649384e-01
4.95000000000000e+00  -4.21436569149253e-01
4.97500000000000e+00  -4.26617659843995e-01
5.00000000000000e+00  -4.28351121696063e-01
5.02500000000000e+00  -4.26617659843989e-01
5.05000000000000e+00  -4.21436569149245e-01
5.07500000000000e+00  -4.12846947649375e-01
5.10000000000000e+00  -4.00917042017625e-01
5.12500000000000e+00  -3.85742865340186e-01
5.15000000000000e+00  -3.67446814893437e-01
5.17500000000000e+00  -3.46176289921182e-01
5.20000000000000e+00  -3.22102309411897e-01
5.22500000000000e+00  -2.95418129875968e-01
5.25000000000000e+00  -2.66337863122934e-01
5.27500000000000e+00  -2.35095094038726e-01
5.30000000000000e+00  -2.01941498362913e-01
5.32500000000000e+00  -1.67156792874606e-01
5.35000000000000e+00  -1.31007426573612e-01
5.37500000000000e+00  -9.37816411977181e-02
5.40000000000000e+00  -5.57917645317014e-02
5.42500000000000e+00  -1.73459378579404e-02
5.45000000000000e+00  2.12489813225205e-02
5.47500000000000e+00  5.96849823690502e-02
5.50000000000000e+00  9.76535531654738e-02
5.52500000000000e+00  1.34847322647897e-01
5.55000000000000e+00  1.70963633590556e-01
5.57500000000000e+00  2.05710622514994e-01
5.60000000000000e+00  2.38817322537226e-01
5.62500000000000e+00  2.70011983637499e-01
5.65000000000000e+00  2.99104146035270e-01
5.67500000000000e+00  3.25785975681665e-01
5.70000000000000e+00  3.49886500323510e-01
5.72500000000000e+00  3.71232179332555e-01
5.75000000000000e+00  3.89659213787239e-01
5.77500000000000e+00  4.05025856554475e-01
5.80000000000000e+00  4.17219275002018e-01
5.82500000000000e+00  4.26159081303433e-01
5.85000000000000e+00  4.31795631737457e-01
5.87500000000000e+00  4.34108812224104e-01
5.90000000000000e+00  4.33097070319531e-01
5.92500000000000e+00  4.28764961847119e-01
5.95000000000000e+00  4.21179441549213e-01
5.97500000000000e+00  4.10419724242282e-01
6.00000000000000e+00  3.96597317766125e-01
6.02500000000000e+00  3.79820808967639e-01
6.05000000000000e+00  3.60236081791035e-01
6.07500000000000e+00  3.38015232463176e-01
6.10000000000000e+00  3.13346500124441e-01
6.12500000000000e+00  2.86431259138645e-01
6.15000000000000e+00  2.57480704329661e-01
6.17500000000000e+00  2.26716457850573e-01
6.20000000000000e+00  1.94373056879969e-01
6.22500000000000e+00  1.60702584336373e-01
6.25000000000000e+00  1.25977809740695e-01
6.27500000000000e+00  9.03911682017507e-02
6.30000000000000e+00  5.42567546530685e-02
6.32500000000000e+00  1.78146081217531e-02
6.35000000000000e+00  -1.86872774701173e-02
6.37500000000000e+00  -5.49987068350440e-02
6.40000000000000e+00  -9.08730368496854e-02
6.42500000000000e+00  -1.26071379980959e-01
6.45000000000000e+00  -1.60365638047240e-01
6.47500000000000e+00  -1.93539137376594e-01
6.50000000000000e+00  -2.25387513797529e-01
6.52500000000000e+00  -2.55715258640318e-01
6.55000000000000e+00  -2.84331628182980e-01
6.57500000000000e+00  -3.11080320800900e-01
6.60000000000000e+00  -3.35802766058906e-01
6.62500000000000e+00  -3.58363342798380e-01
6.65000000000000e+00  -3.78640347985409e-01
6.67500000000000e+00  -3.96529049853216e-01
6.70000000000000e+00  -4.11941569209834e-01
6.72500000000000e+00  -4.24806760745798e-01
6.75000000000000e+00  -4.35070094341822e-01
6.77500000000000e+00  -4.42693536376482e-01
6.80000000000000e+00  -4.47655431033902e-01
6.82500000000000e+00  -4.49950381611434e-01
6.85000000000000e+00  -4.49589131827339e-01
6.87500000000000e+00  -4.46603939427538e-01
6.90000000000000e+00  -4.41023209197774e-01
6.92500000000000e+00  -4.32915483757066e-01
6.95000000000000e+00  -4.22348710124464e-01
6.97500000000000e+00  -4.09404569410514e-01
7.00000000000000e+00  -3.94177459135746e-01
7.02500000000000e+00  -3.76773475549150e-01
7.05000000000000e+00  -3.57309395946668e-01
7.07500000000000e+00  -3.35911660989668e-01
7.10000000000000e+00  -3.12715357023430e-01
7.12500000000000e+00  -2.87863198395633e-01
7.15000000000000e+00  -2.61504509774831e-01
7.17500000000000e+00  -2.33794208468938e-01
7.20000000000000e+00  -2.04884233556304e-01
7.22500000000000e+00  -1.74945932153654e-01
7.25000000000000e+00  -1.44136145764631e-01
7.27500000000000e+00  -1.12618829668027e-01
7.30000000000000e+00  -8.05571537747958e-02
7.32500000000000e+00  -4.81127562328296e-02
7.35000000000000e+00  -1.54449970317195e-02
7.37500000000000e+00  1.72897883924632e-02
7.40000000000000e+00  4.99390355524078e-02
7.42500000000000e+00  8.23546973047841e-02
7.45000000000000e+00  1.14393990245476e-01
7.47500000000000e+00  1.45920141104814e-01
7.50000000000000e+00  1.76737738139063e-01
7.52500000000000e+00  2.06961959815952e-01
7.55000000000000e+00  2.36254155570269e-01
7.57500000000000e+00  2.64537351728524e-01
7.60000000000000e+00  2.91737186679152e-01
7.62500000000000e+00  3.17782613322455e-01
7.65000000000000e+00  3.42606601520558e-01
7.67500000000000e+00  3.66146840547344e-01
7.70000000000000e+00  3.88346441538417e-01
7.72500000000000e+00  4.09154639941037e-01
7.75000000000000e+00  4.28527497964072e-01
7.77500000000000e+00  4.46428607027949e-01
7.80000000000000e+00  4.62829790214596e-01
7.82500000000000e+00  4.77711163984229e-01
7.85000000000000e+00  4.91077164612310e-01
7.87500000000000e+00  5.02924502720717e-01
7.90000000000000e+00  5.13268367154048e-01
7.92500000000000e+00  5.22132442931917e-01
7.95000000000000e+00  5.29546730557296e-01
7.97500000000000e+00  5.35545365324848e-01
8.00000000000000e+00  5.40164436629268e-01
8.02500000000000e+00  5.43439807273618e-01
8.05000000000000e+00  5.45404932777665e-01
8.07500000000000e+00  5.46088680686219e-01
8.10000000000000e+00  5.45513149877470e-01
8.12500000000000e+00  5.43942100766446e-01
8.15000000000000e+00  5.40945204625862e-01
8.17500000000000e+00  5.37029269612785e-01
8.20000000000000e+00  5.32204717934568e-01
8.22500000000000e+00  5.26487632773950e-01
8.25000000000000e+00  5.19903927343454e-01
8.27500000000000e+00  5.12493513939790e-01
8.30000000000000e+00  5.04310449878881e-01
8.32500000000000e+00  4.95420489628967e-01
8.35000000000000e+00  4.85897040359749e-01
8.37500000000000e+00  4.75815753878105e-01
8.40000000000000e+00  4.65246845251387e-01
8.42500000000000e+00  4.54247078905180e-01
8.45000000000000e+00  4.42881071898410e-01
8.47500000000000e+00  4.31206055476547e-01
8.50000000000000e+00  4.19268517620502e-01
8.52500000000000e+00  4.07107144056344e-01
8.55000000000000e+00  3.94759319028971e-01
8.57500000000000e+00  3.82262619783476e-01
8.60000000000000e+00  3.69656311046514e-01
8.62500000000000e+00  3.56982839507664e-01
8.65000000000000e+00  3.44289328300803e-01
8.67500000000000e+00  3.31629071485464e-01
8.70000000000000e+00  3.19063028528207e-01
8.72500000000000e+00  3.06661318783981e-01
8.75000000000000e+00  2.94316524927826e-01
8.77500000000000e+00  2.82208949284541e-01
8.80000000000000e+00  2.70241580529909e-01
8.82500000000000e+00  2.58457164716959e-01
8.85000000000000e+00  2.46890448285451e-01
8.87500000000000e+00  2.35569065053145e-01
8.90000000000000e+00  2.24514423207070e-01
8.92500000000000e+00  2.13742592294793e-01
8.95000000000000e+00  2.03265190215679e-01
8.97500000000000e+00  1.93090270212167e-01
9.00000000000000e+00  1.83223207861027e-01
9.02500000000000e+00  1.73667588064638e-01
9.05000000000000e+00  1.64426092042250e-01
9.07500000000000e+00  1.55502081126018e-01
9.10000000000000e+00  1.46897803083254e-01
9.12500000000000e+00  1.38615330097376e-01
9.15000000000000e+00  1.30656981954599e-01
9.17500000000000e+00  1.23024286907057e-01
9.20000000000000e+00  1.15717420532258e-01
9.22500000000000e+00  1.08734644592541e-01
9.25000000000000e+00  1.02071745894522e-01
9.27500000000000e+00  9.57214751485521e-02
9.30000000000000e+00  8.96729858281695e-02
9.32500000000000e+00  8.39112730295511e-02
9.35000000000000e+00  7.84166123309654e-02
9.37500000000000e+00  7.32813266981876e-02
9.40000000000000e+00  6.82741975698303e-02
9.42500000000000e+00  6.35886018252377e-02
9.45000000000000e+00  5.91869797510445e-02
9.47500000000000e+00  5.50406431060555e-02
9.50000000000000e+00  5.11283475725366e-02
9.52500000000000e+00  4.74348652075087e-02
9.55000000000000e+00  4.39495568940391e-02
9.57500000000000e+00  4.06649447925330e-02
9.60000000000000e+00  3.75752847920269e-02
9.62500000000000e+00  3.46751389614804e-02
9.65000000000000e+00  3.19579480010675e-02
9.67500000000000e+00  2.94146036934703e-02
9.70000000000000e+00  2.70384066927019e-02
9.72500000000000e+00  2.48199291157048e-02
9.75000000000000e+00  2.27484076014525e-02
9.77500000000000e+00  2.08132751919094e-02
9.80000000000000e+00  1.90033585588963e-02
9.82500000000000e+00  1.73076797319605e-02
9.85000000000000e+00  1.57162578262447e-02
9.87500000000000e+00  1.42209107703564e-02
9.90000000000000e+00  1.28160570342368e-02
9.92500000000000e+00  1.14995173570307e-02
9.95000000000000e+00  1.02733164749557e-02
9.97500000000000e+00  9.14448484917088e-03
1.00000000000000e+01  8.12586039364747e-03
