0.00000000000000e+00  -4.28774297409170e-05
2.50000000000000e-02  -4.97016963202982e-05
5.00000000000000e-02  -5.72337822999153e-05
7.50000000000000e-02  -6.56097484858463e-05
1.00000000000000e-01  -7.49688532455581e-05
1.25000000000000e-01  -8.54563260631235e-05
1.50000000000000e-01  -9.72261410944374e-05
1.75000000000000e-01  -1.10443790722436e-04
2.00000000000000e-01  -1.25289059112316e-04
2.25000000000000e-01  -1.41958795766748e-04
2.50000000000000e-01  -1.60669689081104e-04
2.75000000000000e-01  -1.81661039898663e-04
3.00000000000000e-01  -2.05197535065838e-04
3.25000000000000e-01  -2.31572020987395e-04
3.50000000000000e-01  -2.61108277181662e-04
3.75000000000000e-01  -2.94163789835758e-04
4.00000000000000e-01  -3.31132525360802e-04
4.25000000000000e-01  -3.72447703947135e-04
4.50000000000000e-01  -4.18584573119543e-04
4.75000000000000e-01  -4.70063181292463e-04
5.00000000000000e-01  -5.27451151325216e-04
5.25000000000000e-01  -5.91366454077211e-04
5.50000000000000e-01  -6.62480181963170e-04
5.75000000000000e-01  -7.41519322508351e-04
6.00000000000000e-01  -8.29269531903752e-04
6.25000000000000e-01  -9.20156619393273e-04
6.50000000000000e-01  -1.03511253143156e-03
6.75000000000000e-01  -1.15677344692267e-03
7.00000000000000e-01  -1.28846311534848e-03
7.25000000000000e-01  -1.43296292006852e-03
7.50000000000000e-01  -1.59260739403895e-03
7.75000000000000e-01  -1.76937973553134e-03
8.00000000000000e-01  -1.96500732385162e-03
8.25000000000000e-01  -2.18105723505896e-03
8.50000000000000e-01  -2.41903175768459e-03
8.75000000000000e-01  -2.68046390845075e-03
9.00000000000000e-01  -2.96701294798952e-03
9.25000000000000e-01  -3.28055989656171e-03
9.50000000000000e-01  -3.62311129259415e-03
9.75000000000000e-01  -3.99698698519773e-03
1.00000000000000e+00  -4.40502904514835e-03
1.02500000000000e+00  -4.84988457352567e-03
1.05000000000000e+00  -5.33470239743205e-03
1.07500000000000e+00  -5.86295292269577e-03
1.10000000000000e+00  -6.43824798657408e-03
1.12500000000000e+00  -7.06416071045643e-03
1.15000000000000e+00  -7.74404535256761e-03
1.17500000000000e+00  -8.48085716067084e-03
1.20000000000000e+00  -9.27697222477107e-03
1.22500000000000e+00  -1.01340073298180e-02
1.25000000000000e+00  -1.10597307505790e-02
1.27500000000000e+00  -1.20603065510448e-02
1.30000000000000e+00  -1.31387021686001e-02
1.32500000000000e+00  -1.42994632338490e-02
1.35000000000000e+00  -1.55473477472893e-02
1.37500000000000e+00  -1.68873141514116e-02
1.40000000000000e+00  -1.83245094027978e-02
1.42500000000000e+00  -1.98642570442199e-02
1.45000000000000e+00  -2.15120452767386e-02
1.47500000000000e+00  -2.32735150318022e-02
1.50000000000000e+00  -2.51544480433448e-02
1.52500000000000e+00  -2.71607549198855e-02
1.55000000000000e+00  -2.92984632166269e-02
1.57500000000000e+00  -3.15737055075536e-02
1.60000000000000e+00  -3.39927074575311e-02
1.62500000000000e+00  -3.65617758944045e-02
1.65000000000000e+00  -3.92872868810972e-02
1.67500000000000e+00  -4.21756737877091e-02
1.70000000000000e+00  -4.52334153636163e-02
1.72500000000000e+00  -4.84670238095686e-02
1.75000000000000e+00  -5.18830328497890e-02
1.77500000000000e+00  -5.54879858040722e-02
1.80000000000000e+00  -5.92884236598830e-02
1.82500000000000e+00  -6.32908731444556e-02
1.85000000000000e+00  -6.75018347968915e-02
1.87500000000000e+00  -7.19296880371295e-02
1.90000000000000e+00  -7.65756562058162e-02
1.92500000000000e+00  -8.14499667133767e-02
1.95000000000000e+00  -8.65581607327579e-02
1.97500000000000e+00  -9.19057420925623e-02
2.00000000000000e+00  -9.74981141396632e-02
2.02500000000000e+00  -1.03340516601818e-01
2.05000000000000e+00  -1.09437962450283e-01
2.07500000000000e+00  -1.15795174762427e-01
2.10000000000000e+00  -1.22416523584347e-01
2.12500000000000e+00  -1.29305962793481e-01
2.15000000000000e+00  -1.36466966961221e-01
2.17500000000000e+00  -1.43902468215531e-01
2.20000000000000e+00  -1.51614793103559e-01
2.22500000000000e+00  -1.59605599454248e-01
2.25000000000000e+00  -1.67875813240958e-01
2.27500000000000e+00  -1.76425565444073e-01
2.30000000000000e+00  -1.85254128913618e-01
2.32500000000000e+00  -1.94359855231874e-01
2.35000000000000e+00  -2.03740111575991e-01
2.37500000000000e+00  -2.13391217580603e-01
2.40000000000000e+00  -2.23308382200441e-01
2.42500000000000e+00  -2.33485640572947e-01
2.45000000000000e+00  -2.43915790880892e-01
2.47500000000000e+00  -2.54590331214986e-01
2.50000000000000e+00  -2.65493175431029e-01
2.52500000000000e+00  -2.76628843122261e-01
2.55000000000000e+00  -2.87971283453062e-01
2.57500000000000e+00  -2.99507603157617e-01
2.60000000000000e+00  -3.11222765347578e-01
2.62500000000000e+00  -3.23099667218283e-01
2.65000000000000e+00  -3.35119217754978e-01
2.67500000000000e+00  -3.47260415439039e-01
2.70000000000000e+00  -3.59500425954202e-01
2.72500000000000e+00  -3.71814659892775e-01
2.75000000000000e+00  -3.84176850461870e-01
2.77500000000000e+00  -3.96559131189619e-01
2.80000000000000e+00  -4.08932113631401e-01
2.82500000000000e+00  -4.21264965076063e-01
2.85000000000000e+00  -4.33525486252145e-01
2.87500000000000e+00  -4.45680189034098e-01
2.90000000000000e+00  -4.57694374148512e-01
2.92500000000000e+00  -4.69532208880336e-01
2.95000000000000e+00  -4.81156804779100e-01
2.97500000000000e+00  -4.92530295365141e-01
3.00000000000000e+00  -5.03613913835821e-01
3.02500000000000e+00  -5.14368070771756e-01
3.05000000000000e+00  -5.24752431843033e-01
3.07500000000000e+00  -5.34725995515436e-01
3.10000000000000e+00  -5.44247170756667e-01
3.12500000000000e+00  -5.53280670588959e-01
3.15000000000000e+00  -5.61778975951153e-01
3.17500000000000e+00  -5.69706433933523e-01
3.20000000000000e+00  -5.77023061955823e-01
3.22500000000000e+00  -5.83689402204865e-01
3.25000000000000e+00  -5.89666691438083e-01
3.27500000000000e+00  -5.94917030787100e-01
3.30000000000000e+00  -5.99403555561283e-01
3.32500000000000e+00  -6.03090605051312e-01
3.35000000000000e+00  -6.05943892332741e-01
3.37500000000000e+00  -6.07930674069560e-01
3.40000000000000e+00  -6.09019920317758e-01
3.42500000000000e+00  -6.09182484328887e-01
3.45000000000000e+00  -6.08390626497681e-01
3.47500000000000e+00  -6.06618574757478e-01
3.50000000000000e+00  -6.03842184531743e-01
3.52500000000000e+00  -6.00039886896713e-01
3.55000000000000e+00  -5.95191894563234e-01
3.57500000000000e+00  -5.89280536358793e-01
3.60000000000000e+00  -5.82290591709542e-01
3.62500000000000e+00  -5.74209625122333e-01
3.65000000000000e+00  -5.65028320666745e-01
3.67500000000000e+00  -5.54740816457113e-01
3.70000000000000e+00  -5.43345039134558e-01
3.72500000000000e+00  -5.30843038349018e-01
3.75000000000000e+00  -5.17242443661436e-01
3.77500000000000e+00  -5.02525172927029e-01
3.80000000000000e+00  -4.86723581038308e-01
3.82500000000000e+00  -4.69847976478505e-01
3.85000000000000e+00  -4.51913634477460e-01
3.87500000000000e+00  -4.32940673198961e-01
3.90000000000000e+00  -4.12953929928087e-01
3.92500000000000e+00  -3.91982837258547e-01
3.95000000000000e+00  -3.70061299280018e-01
3.97500000000000e+00  -3.47227567765487e-01
4.00000000000000e+00  -3.23524118358593e-01
4.02500000000000e+00  -2.98997526760963e-01
4.05000000000000e+00  -2.73698344919556e-01
4.07500000000000e+00  -2.47681395705248e-01
4.10000000000000e+00  -2.21005314913327e-01
4.12500000000000e+00  -1.93732621804786e-01
4.15000000000000e+00  -1.65929378157563e-01
4.17500000000000e+00  -1.37665297674533e-01
4.20000000000000e+00  -1.09013499617149e-01
4.22500000000000e+00  -8.00502624390894e-02
4.25000000000000e+00  -5.08547774198981e-02
4.27500000000000e+00  -2.15089022986229e-02
4.30000000000000e+00  7.90308509253429e-03
4.32500000000000e+00  3.72947331945817e-02
4.35000000000000e+00  6.65776630880876e-02
4.37500000000000e+00  9.56747572371337e-02
4.40000000000000e+00  1.24480665025693e-01
4.42500000000000e+00  1.52918640864179e-01
4.45000000000000e+00  1.80900129437978e-01
4.47500000000000e+00  2.08337482168030e-01
4.50000000000000e+00  2.35144336293676e-01
4.52500000000000e+00  2.61235993955496e-01
4.55000000000000e+00  2.86529801278138e-01
4.57500000000000e+00  3.10945527453167e-01
4.60000000000000e+00  3.34405743821896e-01
4.62500000000000e+00  3.56836202958223e-01
4.65000000000000e+00  3.78166217751476e-01
4.67500000000000e+00  3.98329040489244e-01
4.70000000000000e+00  4.17261269028420e-01
4.72500000000000e+00  4.34903684986973e-01
4.75000000000000e+00  4.51200851742709e-01
4.77500000000000e+00  4.66102261415893e-01
4.80000000000000e+00  4.79561392883623e-01
4.82500000000000e+00  4.91536035943998e-01
4.85000000000000e+00  5.01988615480281e-01
4.87500000000000e+00  5.10886515625065e-01
4.90000000000000e+00  5.18202403924441e-01
4.92500000000000e+00  5.23914555502160e-01
4.95000000000000e+00  5.28007177223802e-01
4.97500000000000e+00  5.30470731860936e-01
5.00000000000000e+00  5.31302262255288e-01
5.02500000000000e+00  5.30470731860933e-01
5.05000000000000e+00  5.28007177223799e-01
5.07500000000000e+00  5.23914555502157e-01
5.10000000000000e+00  5.18202403924438e-01
5.12500000000000e+00  5.10886515625061e-01
5.15000000000000e+00  5.01988615480277e-01
5.17500000000000e+00  4.91536035943994e-01
5.20000000000000e+00  4.79561392883620e-01
5.22500000000000e+00  4.66102261415889e-01
5.25000000000000e+00  4.51200851742706e-01
5.27500000000000e+00  4.34903684986969e-01
5.30000000000000e+00  4.17261269028416e-01
5.32500000000000e+00  3.98329040489241e-01
5.35000000000000e+00  3.78166217751474e-01
5.37500000000000e+00  3.56836202958221e-01
5.40000000000000e+00  3.34405743821893e-01
5.42500000000000e+00  3.10945527453165e-01
5.45000000000000e+00  2.86529801278136e-01
5.47500000000000e+00  2.61235993955493e-01
5.50000000000000e+00  2.35144336293674e-01
5.52500000000000e+00  2.08337482168027e-01
5.55000000000000e+00  1.80900129437976e-01
5.57500000000000e+00  1.52918640864178e-01
5.60000000000000e+00  1.24480665025691e-01
5.62500000000000e+00  9.56618148595427e-02
5.65000000000000e+00  6.65776630880857e-02
5.67500000000000e+00  3.72947331945793e-02
5.70000000000000e+00  7.90308509253315e-03
5.72500000000000e+00  -2.15089022986254e-02
5.75000000000000e+00  -5.08547774199001e-02
5.77500000000000e+00  -8.00502624390915e-02
5.80000000000000e+00  -1.09013499617151e-01
5.82500000000000e+00  -1.37665297674534e-01
5.85000000000000e+00  -1.65929378157565e-01
5.87500000000000e+00  -1.93732621804788e-01
5.90000000000000e+00  -2.21005314913330e-01
5.92500000000000e+00  -2.47681395705251e-01
5.95000000000000e+00  -2.73698344919559e-01
5.97500000000000e+00  -2.98997526760965e-01
6.00000000000000e+00  -3.23524118358596e-01
6.02500000000000e+00  -3.47227567765490e-01
6.05000000000000e+00  -3.70061299280021e-01
6.07500000000000e+00  -3.91982837258550e-01
6.10000000000000e+00  -4.12953929928091e-01
6.12500000000000e+00  -4.32940673198964e-01
6.15000000000000e+00  -4.51913634477464e-01
6.17500000000000e+00  -4.69847976478510e-01
6.20000000000000e+00  -4.86723581038312e-01
6.22500000000000e+00  -5.02525172927032e-01
6.25000000000000e+00  -5.17241321241277e-01
6.27500000000000e+00  -5.30843038349021e-01
6.30000000000000e+00  -5.43345039134562e-01
6.32500000000000e+00  -5.54740816457116e-01
6.35000000000000e+00  -5.65028320666748e-01
6.37500000000000e+00  -5.74209625122335e-01
6.40000000000000e+00  -5.82290591709544e-01
6.42500000000000e+00  -5.89280536358795e-01
6.45000000000000e+00  -5.95191894563236e-01
6.47500000000000e+00  -6.00039886896714e-01
6.50000000000000e+00  -6.03842184531744e-01
6.52500000000000e+00  -6.06618574757478e-01
6.55000000000000e+00  -6.08390626497682e-01
6.57500000000000e+00  -6.09182484328887e-01
6.60000000000000e+00  -6.09019920317758e-01
6.62500000000000e+00  -6.07930674069559e-01
6.65000000000000e+00  -6.05943892332740e-01
6.67500000000000e+00  -6.03090605051311e-01
6.70000000000000e+00  -5.99403555561282e-01
6.72500000000000e+00  -5.94917030787099e-01
6.75000000000000e+00  -5.89666691438082e-01
6.77500000000000e+00  -5.83689402204864e-01
6.80000000000000e+00  -5.77023061955822e-01
6.82500000000000e+00  -5.69706433933522e-01
6.85000000000000e+00  -5.61778975951152e-01
6.87500000000000e+00  -5.53273854742569e-01
6.90000000000000e+00  -5.44247170756667e-01
6.92500000000000e+00  -5.34725995515436e-01
6.95000000000000e+00  -5.24752431843034e-01
6.97500000000000e+00  -5.14368070771757e-01
7.00000000000000e+00  -5.03613913835822e-01
7.02500000000000e+00  -4.92530295365141e-01
7.05000000000000e+00  -4.81156804779101e-01
7.07500000000000e+00  -4.69532208880337e-01
7.10000000000000e+00  -4.57694374148514e-01
7.12500000000000e+00  -4.45680189034100e-01
7.15000000000000e+00  -4.33525486252146e-01
7.17500000000000e+00  -4.21264965076065e-01
7.20000000000000e+00  -4.08932113631402e-01
7.22500000000000e+00  -3.96559131189620e-01
7.25000000000000e+00  -3.84176850461872e-01
7.27500000000000e+00  -3.71814659892778e-01
7.30000000000000e+00  -3.59500425954204e-01
7.32500000000000e+00  -3.47260415439042e-01
7.35000000000000e+00  -3.35119217754979e-01
7.37500000000000e+00  -3.23099667218285e-01
7.40000000000000e+00  -3.11222765347580e-01
7.42500000000000e+00  -2.99507603157618e-01
7.45000000000000e+00  -2.87971283453063e-01
7.47500000000000e+00  -2.76628843122263e-01
7.50000000000000e+00  -2.65499396436494e-01
7.52500000000000e+00  -2.54590331214987e-01
7.55000000000000e+00  -2.43915790880893e-01
7.57500000000000e+00  -2.33485640572948e-01
7.60000000000000e+00  -2.23308382200441e-01
7.62500000000000e+00  -2.13391217580604e-01
7.65000000000000e+00  -2.03740111575992e-01
7.67500000000000e+00  -1.94359855231875e-01
7.70000000000000e+00  -1.85254128913619e-01
7.72500000000000e+00  -1.76425565444074e-01
7.75000000000000e+00  -1.67875813240959e-01
7.77500000000000e+00  -1.59605599454249e-01
7.80000000000000e+00  -1.51614793103559e-01
7.82500000000000e+00  -1.43902468215532e-01
7.85000000000000e+00  -1.36466966961222e-01
7.87500000000000e+00  -1.29305962793482e-01
7.90000000000000e+00  -1.22416523584348e-01
7.92500000000000e+00  -1.15795174762428e-01
7.95000000000000e+00  -1.09437962450284e-01
7.97500000000000e+00  -1.03340516601819e-01
8.00000000000000e+00  -9.74981141396644e-02
8.02500000000000e+00  -9.19057420925635e-02
8.05000000000000e+00  -8.65581607327589e-02
8.07500000000000e+00  -8.14499667133780e-02
8.10000000000000e+00  -7.65756562058177e-02
8.12500000000000e+00  -7.19277710402601e-02
8.15000000000000e+00  -6.75018347968928e-02
8.17500000000000e+00  -6.32908731444569e-02
8.20000000000000e+00  -5.92884236598843e-02
8.22500000000000e+00  -5.54879858040737e-02
8.25000000000000e+00  -5.18830328497905e-02
8.27500000000000e+00  -4.84670238095700e-02
8.30000000000000e+00  -4.52334153636178e-02
8.32500000000000e+00  -4.21756737877106e-02
8.35000000000000e+00  -3.92872868810988e-02
8.37500000000000e+00  -3.65617758944061e-02
8.40000000000000e+00  -3.39927074575326e-02
8.42500000000000e+00  -3.15737055075550e-02
8.45000000000000e+00  -2.92984632166282e-02
8.47500000000000e+00  -2.71607549198870e-02
8.50000000000000e+00  -2.51544480433462e-02
8.52500000000000e+00  -2.32735150318037e-02
8.55000000000000e+00  -2.15120452767400e-02
8.57500000000000e+00  -1.98642570442212e-02
8.60000000000000e+00  -1.83245094027992e-02
8.62500000000000e+00  -1.68873141514130e-02
8.65000000000000e+00  -1.55473477472907e-02
8.67500000000000e+00  -1.42994632338503e-02
8.70000000000000e+00  -1.31387021686015e-02
8.72500000000000e+00  -1.20603065510461e-02
8.75000000000000e+00  -1.10526398084103e-02
8.77500000000000e+00  -1.01340073298191e-02
8.80000000000000e+00  -9.27697222477212e-03
8.82500000000000e+00  -8.48085716067186e-03
8.85000000000000e+00  -7.74404535256863e-03
8.87500000000000e+00  -7.06416071045742e-03
8.90000000000000e+00  -6.43824798657502e-03
8.92500000000000e+00  -5.86295292269669e-03
8.95000000000000e+00  -5.33470239743293e-03
8.97500000000000e+00  -4.84988457352653e-03
9.00000000000000e+00  -4.40502904514918e-03
9.02500000000000e+00  -3.99698698519852e-03
9.05000000000000e+00  -3.62311129259489e-03
9.07500000000000e+00  -3.28055989656242e-03
9.10000000000000e+00  -2.96701294799022e-03
9.12500000000000e+00  -2.68046390845142e-03
9.15000000000000e+00  -2.41903175768524e-03
9.17500000000000e+00  -2.18105723505958e-03
9.20000000000000e+00  -1.96500732385222e-03
9.22500000000000e+00  -1.76937973553192e-03
9.25000000000000e+00  -1.59260739403951e-03
9.27500000000000e+00  -1.43296292006906e-03
9.30000000000000e+00  -1.28846311534900e-03
9.32500000000000e+00  -1.15677344692318e-03
9.35000000000000e+00  -1.03511253143206e-03
9.37500000000000e+00  -9.26577908561841e-04
9.40000000000000e+00  -8.29269531904235e-04
9.42500000000000e+00  -7.41519322508824e-04
9.45000000000000e+00  -6.62480181963636e-04
9.47500000000000e+00  -5.91366454077676e-04
9.50000000000000e+00  -5.27451151325677e-04
9.52500000000000e+00  -4.70063181292921e-04
9.55000000000000e+00  -4.18584573120000e-04
9.57500000000000e+00  -3.72447703947591e-04
9.60000000000000e+00  -3.31132525361257e-04
9.62500000000000e+00  -2.94163789836217e-04
9.65000000000000e+00  -2.61108277182124e-04
9.67500000000000e+00  -2.31572020987859e-04
9.70000000000000e+00  -2.05197535066305e-04
9.72500000000000e+00  -1.81661039899134e-04
9.75000000000000e+00  -1.60669689081581e-04
9.77500000000000e+00  -1.41958795767232e-04
9.80000000000000e+00  -1.25289059112804e-04
9.82500000000000e+00  -1.10443790722930e-04
9.85000000000000e+00  -9.72261410949379e-05
9.87500000000000e+00  -8.54563260636317e-05
9.90000000000000e+00  -7.49688532460731e-05
9.92500000000000e+00  -6.56097484863680e-05
9.95000000000000e+00  -5.72337823004445e-05
9.97500000000000e+00  -4.97016963208345e-05
1.00000000000000e+01  -4.28774297414612e-05
