0.00000000000000e+00  -1.55170295068440e-01
2.50000000000000e-02  -1.71188881884925e-01
5.00000000000000e-02  -1.87379154115870e-01
7.50000000000000e-02  -2.03728415988221e-01
1.00000000000000e-01  -2.20219101688273e-01
1.25000000000000e-01  -2.36828788142973e-01
1.50000000000000e-01  -2.53530207801209e-01
1.75000000000000e-01  -2.70291261415111e-01
2.00000000000000e-01  -2.87075030821355e-01
2.25000000000000e-01  -3.03839791722450e-01
2.50000000000000e-01  -3.20539026468045e-01
2.75000000000000e-01  -3.37121436836223e-01
3.00000000000000e-01  -3.53530956814800e-01
3.25000000000000e-01  -3.69707253123060e-01
3.50000000000000e-01  -3.85585524277312e-01
3.75000000000000e-01  -4.01096587861280e-01
4.00000000000000e-01  -4.16167862308548e-01
4.25000000000000e-01  -4.30722884088223e-01
4.50000000000000e-01  -4.44681796278174e-01
4.75000000000000e-01  -4.57961837138261e-01
5.00000000000000e-01  -4.70477828683578e-01
5.25000000000000e-01  -4.82142665257681e-01
5.50000000000000e-01  -4.92867802105827e-01
5.75000000000000e-01  -5.02563743948209e-01
6.00000000000000e-01  -5.11140533553192e-01
6.25000000000000e-01  -5.18508260352542e-01
6.50000000000000e-01  -5.24579184067542e-01
6.75000000000000e-01  -5.29266261856519e-01
7.00000000000000e-01  -5.32485565250241e-01
7.25000000000000e-01  -5.34156531907711e-01
7.50000000000000e-01  -5.34202852344667e-01
7.75000000000000e-01  -5.32553356662086e-01
8.00000000000000e-01  -5.29142901274693e-01
8.25000000000000e-01  -5.23913255639458e-01
8.50000000000000e-01  -5.16813988984103e-01
8.75000000000000e-01  -5.07803357035606e-01
9.00000000000000e-01  -4.96849188748703e-01
9.25000000000000e-01  -4.83929773034394e-01
9.50000000000000e-01  -4.69034538329911e-01
9.75000000000000e-01  -4.52164967190243e-01
1.00000000000000e+00  -4.33335839166354e-01
1.02500000000000e+00  -4.12574020605110e-01
1.05000000000000e+00  -3.89920944650278e-01
1.07500000000000e+00  -3.65432713970957e-01
1.10000000000000e+00  -3.39180203490026e-01
1.12500000000000e+00  -3.11249163112576e-01
1.15000000000000e+00  -2.81740320454347e-01
1.17500000000000e+00  -2.50769483570171e-01
1.20000000000000e+00  -2.18467643682403e-01
1.22500000000000e+00  -1.84981077909366e-01
1.25000000000000e+00  -1.50466780995367e-01
1.27500000000000e+00  -1.15104223289711e-01
1.30000000000000e+00  -7.90807091242882e-02
1.32500000000000e+00  -4.25944601277082e-02
1.35000000000000e+00  -5.85594308332780e-03
1.37500000000000e+00  3.09139072125543e-02
1.40000000000000e+00  6.74854650924847e-02
1.42500000000000e+00  1.03622191159650e-01
1.45000000000000e+00  1.39082409429674e-01
1.47500000000000e+00  1.73621084472408e-01
1.50000000000000e+00  2.06991598553727e-01
1.52500000000000e+00  2.38947528777320e-01
1.55000000000000e+00  2.69244424226489e-01
1.57500000000000e+00  2.97644033531419e-01
1.60000000000000e+00  3.23914742676539e-01
1.62500000000000e+00  3.47835109086353e-01
1.65000000000000e+00  3.69194374072167e-01
1.67500000000000e+00  3.87796721451414e-01
1.70000000000000e+00  4.03463281252580e-01
1.72500000000000e+00  4.16034133420122e-01
1.75000000000000e+00  4.25370311519396e-01
1.77500000000000e+00  4.31355806441580e-01
1.80000000000000e+00  4.33899570108596e-01
1.82500000000000e+00  4.32937519178035e-01
1.85000000000000e+00  4.28434538748080e-01
1.87500000000000e+00  4.20388124089841e-01
1.90000000000000e+00  4.08815402076028e-01
1.92500000000000e+00  3.93782042621345e-01
1.95000000000000e+00  3.75373390759429e-01
1.97500000000000e+00  3.53709889017908e-01
2.00000000000000e+00  3.28945575945114e-01
2.02500000000000e+00  3.01266584636808e-01
2.05000000000000e+00  2.70889641262897e-01
2.07500000000000e+00  2.38060563594153e-01
2.10000000000000e+00  2.03052759528931e-01
2.12500000000000e+00  1.66165725619893e-01
2.15000000000000e+00  1.27723545600722e-01
2.17500000000000e+00  8.80733889128432e-02
2.20000000000000e+00  4.75800985593000e-02
2.22500000000000e+00  6.61914201480195e-03
2.25000000000000e+00  -3.44176413386603e-02
2.27500000000000e+00  -7.51321950783010e-02
2.30000000000000e+00  -1.15122537683859e-01
2.32500000000000e+00  -1.53987098350271e-01
2.35000000000000e+00  -1.91329052800344e-01
2.37500000000000e+00  -2.26760659097433e-01
2.40000000000000e+00  -2.59907593458107e-01
2.42500000000000e+00  -2.90413286064824e-01
2.45000000000000e+00  -3.17943256878607e-01
2.47500000000000e+00  -3.42189451451715e-01
2.50000000000000e+00  -3.62877663570794e-01
2.52500000000000e+00  -3.79752082534133e-01
2.55000000000000e+00  -3.92621970725810e-01
2.57500000000000e+00  -4.01316286929030e-01
2.60000000000000e+00  -4.05711616552750e-01
2.62500000000000e+00  -4.05732434781150e-01
2.65000000000000e+00  -4.01351369723120e-01
2.67500000000000e+00  -3.92589465561725e-01
2.70000000000000e+00  -3.79516445703689e-01
2.72500000000000e+00  -3.62250975928869e-01
2.75000000000000e+00  -3.40960927539731e-01
2.77500000000000e+00  -3.15863640510828e-01
2.80000000000000e+00  -2.87226186638274e-01
2.82500000000000e+00  -2.55355432287790e-01
2.85000000000000e+00  -2.20596802460703e-01
2.87500000000000e+00  -1.83341880052911e-01
2.90000000000000e+00  -1.44010064930228e-01
2.92500000000000e+00  -1.03051695194693e-01
2.95000000000000e+00  -6.09420483525007e-02
2.97500000000000e+00  -1.81753424819198e-02
3.00000000000000e+00  2.47412625987771e-02
3.02500000000000e+00  6.72936641633908e-02
3.05000000000000e+00  1.08966815409871e-01
3.07500000000000e+00  1.49250724292390e-01
3.10000000000000e+00  1.87646452353421e-01
3.12500000000000e+00  2.23678483904077e-01
3.15000000000000e+00  2.56880157311881e-01
3.17500000000000e+00  2.86843503590117e-01
3.20000000000000e+00  3.13173909863203e-01
3.22500000000000e+00  3.35523911843600e-01
3.25000000000000e+00  3.53595775024058e-01
3.27500000000000e+00  3.67144075869854e-01
3.30000000000000e+00  3.75978283011040e-01
3.32500000000000e+00  3.79965338434687e-01
3.35000000000000e+00  3.79032238677125e-01
3.37500000000000e+00  3.73168616016190e-01
3.40000000000000e+00  3.62429319663466e-01
3.42500000000000e+00  3.46936996956529e-01
3.45000000000000e+00  3.26869225006366e-01
3.47500000000000e+00  3.02468349107716e-01
3.50000000000000e+00  2.74037970879673e-01
3.52500000000000e+00  2.41931340704534e-01
3.55000000000000e+00  2.06555827629135e-01
3.57500000000000e+00  1.68366106156116e-01
3.60000000000000e+00  1.27857343035187e-01
3.62500000000000e+00  8.55583840543915e-02
3.65000000000000e+00  4.20249408313769e-02
3.67500000000000e+00  -2.16722239534368e-03
3.70000000000000e+00  -4.64291019751241e-02
3.72500000000000e+00  -9.01652680539194e-02
3.75000000000000e+00  -1.32790421761113e-01
3.77500000000000e+00  -1.73708118662733e-01
3.80000000000000e+00  -2.12379108598415e-01
3.82500000000000e+00  -2.48263719067903e-01
3.85000000000000e+00  -2.80862691068680e-01
3.87500000000000e+00  -3.09721804073823e-01
3.90000000000000e+00  -3.34436501009858e-01
3.92500000000000e+00  -3.54656513234610e-01
3.95000000000000e+00  -3.70090485515059e-01
3.97500000000000e+00  -3.80510601005195e-01
4.00000000000000e+00  -3.85757206223865e-01
4.02500000000000e+00  -3.85743436032633e-01
4.05000000000000e+00  -3.80459838613630e-01
4.07500000000000e+00  -3.69961533421631e-01
4.10000000000000e+00  -3.54380952296080e-01
4.12500000000000e+00  -3.33925433187679e-01
4.15000000000000e+00  -3.08863900039810e-01
4.17500000000000e+00  -2.79535193817237e-01
4.20000000000000e+00  -2.46341023446204e-01
4.22500000000000e+00  -2.09738916754554e-01
4.25000000000000e+00  -1.70235171411830e-01
4.27500000000000e+00  -1.28377805869377e-01
4.30000000000000e+00  -8.47495103004619e-02
4.32500000000000e+00  -3.99605975403678e-02
4.35000000000000e+00  5.35804597348635e-03
4.37500000000000e+00  5.05669987749008e-02
4.40000000000000e+00  9.50181988699195e-02
4.42500000000000e+00  1.38098954100997e-01
4.45000000000000e+00  1.79189343181771e-01
4.47500000000000e+00  2.17701941213471e-01
4.50000000000000e+00  2.53087830733410e-01
4.52500000000000e+00  2.84842612763456e-01
4.55000000000000e+00  3.12512417858500e-01
4.57500000000000e+00  3.35699917154945e-01
4.60000000000000e+00  3.54070333419170e-01
4.62500000000000e+00  3.67357452096011e-01
4.65000000000000e+00  3.75369632357239e-01
4.67500000000000e+00  3.77995818150031e-01
4.70000000000000e+00  3.75194298005860e-01
4.72500000000000e+00  3.67004598418816e-01
4.75000000000000e+00  3.53543182054113e-01
4.77500000000000e+00  3.35006931079047e-01
4.80000000000000e+00  3.11663701795416e-01
4.82500000000000e+00  2.83849917051562e-01
4.85000000000000e+00  2.51967679277133e-01
4.87500000000000e+00  2.16478528031322e-01
4.90000000000000e+00  1.77897314701398e-01
4.92500000000000e+00  1.36784107747030e-01
4.95000000000000e+00  9.37352656922210e-02
4.97500000000000e+00  4.93737529247505e-02
5.00000000000000e+00  4.33774977084845e-03
5.02500000000000e+00  -4.07027654612416e-02
5.05000000000000e+00  -8.51138710587197e-02
5.07500000000000e+00  -1.28244574376933e-01
5.10000000000000e+00  -1.69467931857524e-01
5.12500000000000e+00  -2.08187810603996e-01
5.15000000000000e+00  -2.43845649957307e-01
5.17500000000000e+00  -2.75927223071437e-01
5.20000000000000e+00  -3.03969398488969e-01
5.22500000000000e+00  -3.27566901716672e-01
5.25000000000000e+00  -3.46379076801072e-01
5.27500000000000e+00  -3.60136647904042e-01
5.30000000000000e+00  -3.68648480878365e-01
5.32500000000000e+00  -3.71791674320769e-01
5.35000000000000e+00  -3.69523909783589e-01
5.37500000000000e+00  -3.61886031628655e-01
5.40000000000000e+00  -3.48987137579730e-01
5.42500000000000e+00  -3.31016903089701e-01
5.45000000000000e+00  -3.08239578218542e-01
5.47500000000000e+00  -2.80987984511268e-01
5.50000000000000e+00  -2.49657511875911e-01
5.52500000000000e+00  -2.14700115461470e-01
5.55000000000000e+00  -1.76618312535887e-01
5.57500000000000e+00  -1.35959179363994e-01
5.60000000000000e+00  -9.33083480854886e-02
5.62500000000000e+00  -4.92790624385185e-02
5.65000000000000e+00  -4.49908857585141e-03
5.67500000000000e+00  4.04017312645445e-02
5.70000000000000e+00  8.47804692536562e-02
5.72500000000000e+00  1.28007602953323e-01
5.75000000000000e+00  1.69474071001677e-01
5.77500000000000e+00  2.08598328798618e-01
5.80000000000000e+00  2.44833404191259e-01
5.82500000000000e+00  2.77673953159379e-01
5.85000000000000e+00  3.06663315500891e-01
5.87500000000000e+00  3.31400570517288e-01
5.90000000000000e+00  3.51547592699105e-01
5.92500000000000e+00  3.66836107411373e-01
5.95000000000000e+00  3.77059044410416e-01
5.97500000000000e+00  3.82084413601937e-01
6.00000000000000e+00  3.81857641528023e-01
6.02500000000000e+00  3.76388374703228e-01
6.05000000000000e+00  3.65763621585905e-01
6.07500000000000e+00  3.50143139012784e-01
6.10000000000000e+00  3.29754818633557e-01
6.12500000000000e+00  3.04890073345463e-01
6.15000000000000e+00  2.75899223727862e-01
6.17500000000000e+00  2.43186884476829e-01
6.20000000000000e+00  2.07207350839734e-01
6.22500000000000e+00  1.68459985049816e-01
6.25000000000000e+00  1.27475195788045e-01
6.27500000000000e+00  8.48182108088172e-02
6.30000000000000e+00  4.10592156434850e-02
6.32500000000000e+00  -3.20732456240953e-03
6.35000000000000e+00  -4.73864853855580e-02
6.37500000000000e+00  -9.08897078866487e-02
6.40000000000000e+00  -1.33141623372158e-01
6.42500000000000e+00  -1.73586878156113e-01
6.45000000000000e+00  -2.11696958321879e-01
6.47500000000000e+00  -2.46977014483930e-01
6.50000000000000e+00  -2.78972686549625e-01
6.52500000000000e+00  -3.07276928480988e-01
6.55000000000000e+00  -3.31536833056480e-01
6.57500000000000e+00  -3.51448981059776e-01
6.60000000000000e+00  -3.66772313739450e-01
6.62500000000000e+00  -3.77329107135688e-01
6.65000000000000e+00  -3.82997373254264e-01
6.67500000000000e+00  -3.83722962149827e-01
6.70000000000000e+00  -3.79516961384891e-01
6.72500000000000e+00  -3.70453095488823e-01
6.75000000000000e+00  -3.56665125416834e-01
6.77500000000000e+00  -3.38344248008965e-01
6.80000000000000e+00  -3.15736495449078e-01
6.82500000000000e+00  -2.89140134723847e-01
6.85000000000000e+00  -2.58903067081741e-01
6.87500000000000e+00  -2.25416333075042e-01
6.90000000000000e+00  -1.89102827320378e-01
6.92500000000000e+00  -1.50416089750796e-01
6.95000000000000e+00  -1.09838074196628e-01
6.97500000000000e+00  -6.78680302840183e-02
7.00000000000000e+00  -2.50164729188482e-02
7.02500000000000e+00  1.82008482293721e-02
7.05000000000000e+00  6.12689792435784e-02
7.07500000000000e+00  1.03679792475258e-01
7.10000000000000e+00  1.44938017060533e-01
7.12500000000000e+00  1.84567269436250e-01
7.15000000000000e+00  2.22116083856079e-01
7.17500000000000e+00  2.57163942906597e-01
7.20000000000000e+00  2.89321380290275e-01
7.22500000000000e+00  3.18238174914986e-01
7.25000000000000e+00  3.43608308002085e-01
7.27500000000000e+00  3.65163921715920e-01
7.30000000000000e+00  3.82686943205868e-01
7.32500000000000e+00  3.96008807266088e-01
7.35000000000000e+00  4.05010178995278e-01
7.37500000000000e+00  4.09620676456425e-01
7.40000000000000e+00  4.09818593336564e-01
7.42500000000000e+00  4.05630621606524e-01
7.45000000000000e+00  3.97131574180690e-01
7.47500000000000e+00  3.84444107576752e-01
7.50000000000000e+00  3.67735681332062e-01
7.52500000000000e+00  3.47208571991897e-01
7.55000000000000e+00  3.23106320157227e-01
7.57500000000000e+00  2.95706291031085e-01
7.60000000000000e+00  2.65316586375568e-01
7.62500000000000e+00  2.32271721446128e-01
7.65000000000000e+00  1.96928301925856e-01
7.67500000000000e+00  1.59660700859780e-01
7.70000000000000e+00  1.20856735589151e-01
7.72500000000000e+00  8.09133446857299e-02
7.75000000000000e+00  4.02322648860883e-02
7.77500000000000e+00  -7.84291974115127e-04
7.80000000000000e+00  -4.17379620258321e-02
7.82500000000000e+00  -8.22378983342782e-02
7.85000000000000e+00  -1.21904751954888e-01
7.87500000000000e+00  -1.60375883341653e-01
7.90000000000000e+00  -1.97303269278123e-01
7.92500000000000e+00  -2.32362016442495e-01
7.95000000000000e+00  -2.65251863272248e-01
7.97500000000000e+00  -2.95698681828791e-01
8.00000000000000e+00  -3.23455979662093e-01
8.02500000000000e+00  -3.48306401675329e-01
8.05000000000000e+00  -3.70063231989513e-01
8.07500000000000e+00  -3.88571895808138e-01
8.10000000000000e+00  -4.03711461281817e-01
8.12500000000000e+00  -4.15392323297721e-01
8.15000000000000e+00  -4.23557137979398e-01
8.17500000000000e+00  -4.28179538937195e-01
8.20000000000000e+00  -4.29263491263986e-01
8.22500000000000e+00  -4.26843789700932e-01
8.25000000000000e+00  -4.20984084910362e-01
8.27500000000000e+00  -4.11774909748662e-01
8.30000000000000e+00  -3.99331705539164e-01
8.32500000000000e+00  -3.83792848345025e-01
8.35000000000000e+00  -3.65317675242121e-01
8.37500000000000e+00  -3.44084510591926e-01
8.40000000000000e+00  -3.20288692314405e-01
8.42500000000000e+00  -2.94140598160897e-01
8.45000000000000e+00  -2.65861262114001e-01
8.47500000000000e+00  -2.35681985002196e-01
8.50000000000000e+00  -2.03840774709872e-01
8.52500000000000e+00  -1.70581857811404e-01
8.55000000000000e+00  -1.36151495512510e-01
8.57500000000000e+00  -1.00796188848930e-01
8.60000000000000e+00  -6.47608838850744e-02
8.62500000000000e+00  -2.82871769126804e-02
8.65000000000000e+00  8.38848035051497e-03
8.67500000000000e+00  4.50365755621258e-02
8.70000000000000e+00  8.14363305564535e-02
8.72500000000000e+00  1.17377496145832e-01
8.75000000000000e+00  1.52665592593223e-01
8.77500000000000e+00  1.87100052557598e-01
8.80000000000000e+00  2.20514762392224e-01
8.82500000000000e+00  2.52748043254483e-01
8.85000000000000e+00  2.83653556885043e-01
8.87500000000000e+00  3.13100210948591e-01
8.90000000000000e+00  3.40972064374518e-01
8.92500000000000e+00  3.67168232697651e-01
8.95000000000000e+00  3.91602793398959e-01
8.97500000000000e+00  4.14204691246259e-01
9.00000000000000e+00  4.34917643634943e-01
9.02500000000000e+00  4.53700045928673e-01
9.05000000000000e+00  4.70524876800102e-01
9.07500000000000e+00  4.85377176530022e-01
9.10000000000000e+00  4.98255305516135e-01
9.12500000000000e+00  5.09169691534293e-01
9.15000000000000e+00  5.18141894731219e-01
9.17500000000000e+00  5.25203949818822e-01
9.20000000000000e+00  5.30397475986168e-01
9.22500000000000e+00  5.33772786811461e-01
9.25000000000000e+00  5.35388000174025e-01
9.27500000000000e+00  5.35308148166275e-01
9.30000000000000e+00  5.33604287005699e-01
9.32500000000000e+00  5.30352606946836e-01
9.35000000000000e+00  5.25633542193254e-01
9.37500000000000e+00  5.19530973993014e-01
9.40000000000000e+00  5.12132203001959e-01
9.42500000000000e+00  5.03524535162065e-01
9.45000000000000e+00  4.93797900929941e-01
9.47500000000000e+00  4.83042251707506e-01
9.50000000000000e+00  4.71347072738056e-01
9.52500000000000e+00  4.58800896002345e-01
9.55000000000000e+00  4.45490813114656e-01
9.57500000000000e+00  4.31501988218872e-01
9.60000000000000e+00  4.16917170884552e-01
9.62500000000000e+00  4.01816209003008e-01
9.65000000000000e+00  3.86275561683369e-01
9.67500000000000e+00  3.70367812148668e-01
9.70000000000000e+00  3.54162149243760e-01
9.72500000000000e+00  3.37723385295196e-01
9.75000000000000e+00  3.21111868508895e-01
9.77500000000000e+00  3.04383683548049e-01
9.80000000000000e+00  2.87590148576336e-01
9.82500000000000e+00  2.70777800612808e-01
9.85000000000000e+00  2.53988380886776e-01
9.87500000000000e+00  2.37258820192698e-01
9.90000000000000e+00  2.20621224245060e-01
9.92500000000000e+00  2.04102859033272e-01
9.95000000000000e+00  1.87726136176546e-01
9.97500000000000e+00  1.71508598278787e-01
1.00000000000000e+01  1.55462904283487e-01
