0.00000000000000e+00  -1.55308175257465e-01
2.50000000000000e-02  -1.71336881007313e-01
5.00000000000000e-02  -1.87536426717461e-01
7.50000000000000e-02  -2.03894091729034e-01
1.00000000000000e-01  -2.20392268577684e-01
1.25000000000000e-01  -2.37008477253588e-01
1.50000000000000e-01  -2.53715379461437e-01
1.75000000000000e-01  -2.70480792880439e-01
2.00000000000000e-01  -2.87267705424313e-01
2.25000000000000e-01  -3.04034289501288e-01
2.50000000000000e-01  -3.20733916274097e-01
2.75000000000000e-01  -3.37315169919978e-01
3.00000000000000e-01  -3.53721861890666e-01
3.25000000000000e-01  -3.69893535603302e-01
3.50000000000000e-01  -3.85765264903513e-01
3.75000000000000e-01  -4.01267745847643e-01
4.00000000000000e-01  -4.16328271619182e-01
4.25000000000000e-01  -4.30870260239390e-01
4.50000000000000e-01  -4.44813741993307e-01
4.75000000000000e-01  -4.58075846855763e-01
5.00000000000000e-01  -4.70571291917386e-01
5.25000000000000e-01  -4.82212868810609e-01
5.50000000000000e-01  -4.92911931135680e-01
5.75000000000000e-01  -5.02578881886674e-01
6.00000000000000e-01  -5.11123660877495e-01
6.25000000000000e-01  -5.18456442182141e-01
6.50000000000000e-01  -5.24489233050952e-01
6.75000000000000e-01  -5.29135144044271e-01
7.00000000000000e-01  -5.32310208772699e-01
7.25000000000000e-01  -5.33933852688763e-01
7.50000000000000e-01  -5.33929777237452e-01
7.75000000000000e-01  -5.32226844006763e-01
8.00000000000000e-01  -5.28759958878234e-01
8.25000000000000e-01  -5.23470956177492e-01
8.50000000000000e-01  -5.16309482824788e-01
8.75000000000000e-01  -5.07233882485542e-01
9.00000000000000e-01  -4.96212079720878e-01
9.25000000000000e-01  -4.83222464138171e-01
9.50000000000000e-01  -4.68254578085707e-01
9.75000000000000e-01  -4.51310020012144e-01
1.00000000000000e+00  -4.32403677684449e-01
1.02500000000000e+00  -4.11562544533287e-01
1.05000000000000e+00  -3.88828171377622e-01
1.07500000000000e+00  -3.64256770170866e-01
1.10000000000000e+00  -3.37919317747035e-01
1.12500000000000e+00  -3.09901659566894e-01
1.15000000000000e+00  -2.80304613464114e-01
1.17500000000000e+00  -2.49244073391422e-01
1.20000000000000e+00  -2.16851113166747e-01
1.22500000000000e+00  -1.83272090219380e-01
1.25000000000000e+00  -1.48662811671000e-01
1.27500000000000e+00  -1.13206646688965e-01
1.30000000000000e+00  -7.70872647952538e-02
1.32500000000000e+00  -4.05033586917256e-02
1.35000000000000e+00  -3.66571405240102e-03
1.37500000000000e+00  3.32045449085069e-02
1.40000000000000e+00  6.98777098685452e-02
1.42500000000000e+00  1.06117242828979e-01
1.45000000000000e+00  1.41681530546756e-01
1.47500000000000e+00  1.76325638966458e-01
1.50000000000000e+00  2.09803067652263e-01
1.52500000000000e+00  2.41867504219904e-01
1.55000000000000e+00  2.72274578768624e-01
1.57500000000000e+00  3.00786470399435e-01
1.60000000000000e+00  3.27171267693498e-01
1.62500000000000e+00  3.51207693100539e-01
1.65000000000000e+00  3.72685075412239e-01
1.67500000000000e+00  3.91407613441996e-01
1.70000000000000e+00  4.07196414015284e-01
1.72500000000000e+00  4.19891529959994e-01
1.75000000000000e+00  4.29353998096793e-01
1.77500000000000e+00  4.35467877229473e-01
1.80000000000000e+00  4.38142286135301e-01
1.82500000000000e+00  4.37313441555370e-01
1.85000000000000e+00  4.32946696184952e-01
1.87500000000000e+00  4.25037861514394e-01
1.90000000000000e+00  4.13606200325407e-01
1.92500000000000e+00  3.98715876914952e-01
1.95000000000000e+00  3.80452166964453e-01
1.97500000000000e+00  3.58935551297823e-01
2.00000000000000e+00  3.34320157478788e-01
2.02500000000000e+00  3.06792201408204e-01
2.05000000000000e+00  2.76568428921384e-01
2.07500000000000e+00  2.43894557385423e-01
2.10000000000000e+00  2.09043717296510e-01
2.12500000000000e+00  1.72314893877261e-01
2.15000000000000e+00  1.34031368674033e-01
2.17500000000000e+00  9.45391611542531e-02
2.20000000000000e+00  5.42120560974568e-02
2.22500000000000e+00  1.34137308463584e-02
2.25000000000000e+00  -2.74598984295037e-02
2.27500000000000e+00  -6.80110288950929e-02
2.30000000000000e+00  -1.07837931826964e-01
2.32500000000000e+00  -1.46539302667289e-01
2.35000000000000e+00  -1.83718611077879e-01
2.37500000000000e+00  -2.18988450994213e-01
2.40000000000000e+00  -2.51974890679457e-01
2.42500000000000e+00  -2.82321822778489e-01
2.45000000000000e+00  -3.09695314371925e-01
2.47500000000000e+00  -3.33787957030142e-01
2.50000000000000e+00  -3.54311285528258e-01
2.52500000000000e+00  -3.71058460790240e-01
2.55000000000000e+00  -3.83780676810908e-01
2.57500000000000e+00  -3.92331166846463e-01
2.60000000000000e+00  -3.96593795685328e-01
2.62500000000000e+00  -3.96490868023706e-01
2.65000000000000e+00  -3.91990936841147e-01
2.67500000000000e+00  -3.83112935976761e-01
2.70000000000000e+00  -3.69928240160035e-01
2.72500000000000e+00  -3.52559544471832e-01
2.75000000000000e+00  -3.31180080234388e-01
2.77500000000000e+00  -3.06006882046845e-01
2.80000000000000e+00  -2.77293137314883e-01
2.82500000000000e+00  -2.45354989233031e-01
2.85000000000000e+00  -2.10543401307820e-01
2.87500000000000e+00  -1.73245050691177e-01
2.90000000000000e+00  -1.33880123077174e-01
2.92500000000000e+00  -9.28995086875110e-02
2.95000000000000e+00  -5.07788322446348e-02
2.97500000000000e+00  -8.01248294485939e-03
3.00000000000000e+00  3.48923555685156e-02
3.02500000000000e+00  7.74216752320854e-02
3.05000000000000e+00  1.19060613589221e-01
3.07500000000000e+00  1.59299423816949e-01
3.10000000000000e+00  1.97639444752834e-01
3.12500000000000e+00  2.33599817677130e-01
3.15000000000000e+00  2.66730078160407e-01
3.17500000000000e+00  2.96609864151084e-01
3.20000000000000e+00  3.22846367490724e-01
3.22500000000000e+00  3.45093554152496e-01
3.25000000000000e+00  3.63054816198756e-01
3.27500000000000e+00  3.76485623738615e-01
3.30000000000000e+00  3.85196176885515e-01
3.32500000000000e+00  3.89054057714804e-01
3.35000000000000e+00  3.87986882221306e-01
3.37500000000000e+00  3.81984952276897e-01
3.40000000000000e+00  3.71103907588077e-01
3.42500000000000e+00  3.55467377653548e-01
3.45000000000000e+00  3.35252994896064e-01
3.47500000000000e+00  3.10704396897604e-01
3.50000000000000e+00  2.82125647719513e-01
3.52500000000000e+00  2.49870497506936e-01
3.55000000000000e+00  2.14346840159073e-01
3.57500000000000e+00  1.76009851828079e-01
3.60000000000000e+00  1.35355129417954e-01
3.62500000000000e+00  9.29118290834379e-02
3.65000000000000e+00  4.92358047289066e-02
3.67500000000000e+00  4.90274650726422e-03
3.70000000000000e+00  -3.94986806811616e-02
3.72500000000000e+00  -8.33736986897259e-02
3.75000000000000e+00  -1.26130977312811e-01
3.77500000000000e+00  -1.67184629936963e-01
3.80000000000000e+00  -2.05988629658591e-01
3.82500000000000e+00  -2.42004303875450e-01
3.85000000000000e+00  -2.74733225312028e-01
3.87500000000000e+00  -3.03721857612722e-01
3.90000000000000e+00  -3.28566200935008e-01
3.92500000000000e+00  -3.48916437542619e-01
3.95000000000000e+00  -3.64481577398722e-01
3.97500000000000e+00  -3.75034103759089e-01
4.00000000000000e+00  -3.80414618765271e-01
4.02500000000000e+00  -3.80536489037775e-01
4.05000000000000e+00  -3.75390491269240e-01
4.07500000000000e+00  -3.65033054444836e-01
4.10000000000000e+00  -3.49596140358472e-01
4.12500000000000e+00  -3.29280754094084e-01
4.15000000000000e+00  -3.04365627989672e-01
4.17500000000000e+00  -2.75189944852655e-01
4.20000000000000e+00  -2.42152005606852e-01
4.22500000000000e+00  -2.05707200216009e-01
4.25000000000000e+00  -1.66361238678259e-01
4.27500000000000e+00  -1.24663934529337e-01
4.30000000000000e+00  -8.12003979925208e-02
4.32500000000000e+00  -3.65813141191322e-02
4.35000000000000e+00  8.56777277172486e-03
4.37500000000000e+00  5.36052240008960e-02
4.40000000000000e+00  9.78909817553883e-02
4.42500000000000e+00  1.40802362626627e-01
4.45000000000000e+00  1.81721373258285e-01
4.47500000000000e+00  2.20061985623371e-01
4.50000000000000e+00  2.55276225959470e-01
4.52500000000000e+00  2.86860263703994e-01
4.55000000000000e+00  3.14360500429408e-01
4.57500000000000e+00  3.37379658778484e-01
4.60000000000000e+00  3.55582871399535e-01
4.62500000000000e+00  3.68703769881657e-01
4.65000000000000e+00  3.76550573689974e-01
4.67500000000000e+00  3.79012179100872e-01
4.70000000000000e+00  3.76046980657726e-01
4.72500000000000e+00  3.67694120951989e-01
4.75000000000000e+00  3.54067894623819e-01
4.77500000000000e+00  3.35367414249874e-01
4.80000000000000e+00  3.11860186233548e-01
4.82500000000000e+00  2.83881297459626e-01
4.85000000000000e+00  2.51831880769097e-01
4.87500000000000e+00  2.16172718813223e-01
4.90000000000000e+00  1.77418388958884e-01
4.92500000000000e+00  1.36128768586164e-01
4.95000000000000e+00  9.28994882732059e-02
4.97500000000000e+00  4.83510445357678e-02
5.00000000000000e+00  3.12358519621936e-03
5.02500000000000e+00  -4.21174347182050e-02
5.05000000000000e+00  -8.67349270626398e-02
5.07500000000000e+00  -1.30079141944274e-01
5.10000000000000e+00  -1.71524124386909e-01
5.12500000000000e+00  -2.10474497179558e-01
5.15000000000000e+00  -2.46372243725079e-01
5.17500000000000e+00  -2.78703490888784e-01
5.20000000000000e+00  -3.07005291847050e-01
5.22500000000000e+00  -3.30872408935948e-01
5.25000000000000e+00  -3.49964096499846e-01
5.27500000000000e+00  -3.64010883740038e-01
5.30000000000000e+00  -3.72821357563349e-01
5.32500000000000e+00  -3.76272548391750e-01
5.35000000000000e+00  -3.74321855416565e-01
5.37500000000000e+00  -3.67003951495856e-01
5.40000000000000e+00  -3.54434699814164e-01
5.42500000000000e+00  -3.36803326252341e-01
5.45000000000000e+00  -3.14370710248844e-01
5.47500000000000e+00  -2.87467141664593e-01
5.50000000000000e+00  -2.56486531917744e-01
5.52500000000000e+00  -2.21881143560490e-01
5.55000000000000e+00  -1.84154440107909e-01
5.57500000000000e+00  -1.43853261593836e-01
5.60000000000000e+00  -1.01558982805724e-01
5.62500000000000e+00  -5.78717542653884e-02
5.65000000000000e+00  -1.34389317230419e-02
5.67500000000000e+00  3.11195830109518e-02
5.70000000000000e+00  7.51620629821384e-02
5.72500000000000e+00  1.18060191399175e-01
5.75000000000000e+00  1.59206086109889e-01
5.77500000000000e+00  1.98019324077367e-01
5.80000000000000e+00  2.33953965856025e-01
5.82500000000000e+00  2.66505580067671e-01
5.85000000000000e+00  2.95218267877598e-01
5.87500000000000e+00  3.19691687470643e-01
5.90000000000000e+00  3.39588078527269e-01
5.92500000000000e+00  3.54639286699636e-01
5.95000000000000e+00  3.64637787589014e-01
5.97500000000000e+00  3.69452135810677e-01
6.00000000000000e+00  3.69037387650175e-01
6.02500000000000e+00  3.63390598941905e-01
6.05000000000000e+00  3.52598452554470e-01
6.07500000000000e+00  3.36825438827920e-01
6.10000000000000e+00  3.16302783271715e-01
6.12500000000000e+00  2.91322632373185e-01
6.15000000000000e+00  2.62232333721017e-01
6.17500000000000e+00  2.29431833347229e-01
6.20000000000000e+00  1.93372746015548e-01
6.22500000000000e+00  1.54559139133893e-01
6.25000000000000e+00  1.13468935420885e-01
6.27500000000000e+00  7.08645055775983e-02
6.30000000000000e+00  2.70639645814046e-02
6.32500000000000e+00  -1.72369313648946e-02
6.35000000000000e+00  -6.14105717191860e-02
6.37500000000000e+00  -1.04877146206084e-01
6.40000000000000e+00  -1.47084299422998e-01
6.42500000000000e+00  -1.87493902697305e-01
6.45000000000000e+00  -2.25573868564802e-01
6.47500000000000e+00  -2.60813280136659e-01
6.50000000000000e+00  -2.92727842787648e-01
6.52500000000000e+00  -3.20910825573926e-01
6.55000000000000e+00  -3.45090879106119e-01
6.57500000000000e+00  -3.64908100068394e-01
6.60000000000000e+00  -3.80115985937454e-01
6.62500000000000e+00  -3.90547119140746e-01
6.65000000000000e+00  -3.96079543329509e-01
6.67500000000000e+00  -3.96659251234065e-01
6.70000000000000e+00  -3.92297546379931e-01
6.72500000000000e+00  -3.83068404803927e-01
6.75000000000000e+00  -3.69105836770287e-01
6.77500000000000e+00  -3.50601248486765e-01
6.80000000000000e+00  -3.27800803820746e-01
6.82500000000000e+00  -3.01002786015357e-01
6.85000000000000e+00  -2.70554959405572e-01
6.87500000000000e+00  -2.36795755582390e-01
6.90000000000000e+00  -2.00290702814003e-01
6.92500000000000e+00  -1.61386737918253e-01
6.95000000000000e+00  -1.20574931603016e-01
6.97500000000000e+00  -7.83607268979402e-02
7.00000000000000e+00  -3.52584653953142e-02
7.02500000000000e+00  8.21408650909184e-03
7.05000000000000e+00  5.15412113751543e-02
7.07500000000000e+00  9.42147144775529e-02
7.10000000000000e+00  1.35739397564909e-01
7.12500000000000e+00  1.75638532618922e-01
7.15000000000000e+00  2.13459335613529e-01
7.17500000000000e+00  2.48778440274031e-01
7.20000000000000e+00  2.81208081614839e-01
7.22500000000000e+00  3.10396904961812e-01
7.25000000000000e+00  3.36038166901421e-01
7.27500000000000e+00  3.57863481504998e-01
7.30000000000000e+00  3.75654267033662e-01
7.32500000000000e+00  3.89241463450926e-01
7.35000000000000e+00  3.98505249935294e-01
7.37500000000000e+00  4.03374762392862e-01
7.40000000000000e+00  4.03827810969919e-01
7.42500000000000e+00  3.99890597565546e-01
7.45000000000000e+00  3.91637433344221e-01
7.47500000000000e+00  3.79190456248411e-01
7.50000000000000e+00  3.62717226984939e-01
7.52500000000000e+00  3.42420260197657e-01
7.55000000000000e+00  3.18542417584162e-01
7.57500000000000e+00  2.91360931201973e-01
7.60000000000000e+00  2.61183798288883e-01
7.62500000000000e+00  2.28345455210030e-01
7.65000000000000e+00  1.93202451404961e-01
7.67500000000000e+00  1.56129123334709e-01
7.70000000000000e+00  1.17513268428852e-01
7.72500000000000e+00  7.77518190325840e-02
7.75000000000000e+00  3.72465163537928e-02
7.77500000000000e+00  -3.60041558988659e-03
7.80000000000000e+00  -4.43905960239897e-02
7.82500000000000e+00  -8.47332299349127e-02
7.85000000000000e+00  -1.24248621600307e-01
7.87500000000000e+00  -1.62574372122105e-01
7.90000000000000e+00  -1.99362358469541e-01
7.92500000000000e+00  -2.34287599785261e-01
7.95000000000000e+00  -2.67049758061045e-01
7.97500000000000e+00  -2.97374638813550e-01
8.00000000000000e+00  -3.25015691760025e-01
8.02500000000000e+00  -3.49755511494052e-01
8.05000000000000e+00  -3.71407338161270e-01
8.07500000000000e+00  -3.89816558135104e-01
8.10000000000000e+00  -4.04862204692502e-01
8.12500000000000e+00  -4.16454963902297e-01
8.15000000000000e+00  -4.24535930284789e-01
8.17500000000000e+00  -4.29080053646627e-01
8.20000000000000e+00  -4.30090987294935e-01
8.22500000000000e+00  -4.27603260949591e-01
8.25000000000000e+00  -4.21680297832058e-01
8.27500000000000e+00  -4.12412431754209e-01
8.30000000000000e+00  -3.99914924207158e-01
8.32500000000000e+00  -3.84325981450090e-01
8.35000000000000e+00  -3.65804771599089e-01
8.37500000000000e+00  -3.44529441715963e-01
8.40000000000000e+00  -3.20695134897081e-01
8.42500000000000e+00  -2.94512007362195e-01
8.45000000000000e+00  -2.66201241968729e-01
8.47500000000000e+00  -2.35992808737962e-01
8.50000000000000e+00  -2.04125317036763e-01
8.52500000000000e+00  -1.70842638844942e-01
8.55000000000000e+00  -1.36390712099901e-01
8.57500000000000e+00  -1.01015745630133e-01
8.60000000000000e+00  -6.49624240887122e-02
8.62500000000000e+00  -2.84721128867730e-02
8.65000000000000e+00  8.21893687297913e-03
8.67500000000000e+00  4.48813834627905e-02
8.70000000000000e+00  8.12945895963631e-02
8.72500000000000e+00  1.17248417495369e-01
8.75000000000000e+00  1.52548445448342e-01
8.77500000000000e+00  1.86995132321435e-01
8.80000000000000e+00  2.20421652985405e-01
8.82500000000000e+00  2.52666533721365e-01
8.85000000000000e+00  2.83583587978467e-01
8.87500000000000e+00  3.13041828226123e-01
8.90000000000000e+00  3.40925377806190e-01
8.92500000000000e+00  3.67133382785185e-01
8.95000000000000e+00  3.91579923806490e-01
8.97500000000000e+00  4.14193927942547e-01
9.00000000000000e+00  4.34919080547073e-01
9.02500000000000e+00  4.53713737107253e-01
9.05000000000000e+00  4.70550835095953e-01
9.07500000000000e+00  4.85415349664707e-01
9.10000000000000e+00  4.98305581226425e-01
9.12500000000000e+00  5.09231899624274e-01
9.15000000000000e+00  5.18215795358776e-01
9.17500000000000e+00  5.25289238411151e-01
9.20000000000000e+00  5.30493786269194e-01
9.22500000000000e+00  5.33879691953156e-01
9.25000000000000e+00  5.35505012041623e-01
9.27500000000000e+00  5.35434714697395e-01
9.30000000000000e+00  5.33739787693363e-01
9.32500000000000e+00  5.30496346438393e-01
9.35000000000000e+00  5.25784742003200e-01
9.37500000000000e+00  5.19689152732376e-01
9.40000000000000e+00  5.12296187254174e-01
9.42500000000000e+00  5.03693731931444e-01
9.45000000000000e+00  4.93971627310701e-01
9.47500000000000e+00  4.83219769248900e-01
9.50000000000000e+00  4.71527616625731e-01
9.52500000000000e+00  4.58983699055938e-01
9.55000000000000e+00  4.45675124601618e-01
9.57500000000000e+00  4.31687087484532e-01
9.60000000000000e+00  4.17102375798408e-01
9.62500000000000e+00  4.02000879221255e-01
9.65000000000000e+00  3.86459096727659e-01
9.67500000000000e+00  3.70549644301101e-01
9.70000000000000e+00  3.54341747649890e-01
9.72500000000000e+00  3.37900246477455e-01
9.75000000000000e+00  3.21285508906653e-01
9.77500000000000e+00  3.04553637698708e-01
9.80000000000000e+00  2.87755962949873e-01
9.82500000000000e+00  2.70939030118473e-01
9.85000000000000e+00  2.54144588051953e-01
9.87500000000000e+00  2.37409577013920e-01
9.90000000000000e+00  2.20766116711187e-01
9.92500000000000e+00  2.04241494320822e-01
9.95000000000000e+00  1.87858152517194e-01
9.97500000000000e+00  1.71633677499016e-01
1.00000000000000e+01  1.55580787016396e-01
