0.00000000000000e+00  -1.55096640923667e-01
2.50000000000000e-02  -1.71111261846487e-01
5.00000000000000e-02  -1.87298042375391e-01
7.50000000000000e-02  -2.03644295666453e-01
1.00000000000000e-01  -2.20132465495135e-01
1.25000000000000e-01  -2.36740138181752e-01
1.50000000000000e-01  -2.53440054516936e-01
1.75000000000000e-01  -2.70200121687112e-01
2.00000000000000e-01  -2.86983425199962e-01
2.25000000000000e-01  -3.03748240809895e-01
2.50000000000000e-01  -3.20448046443516e-01
2.75000000000000e-01  -3.37031534125095e-01
3.00000000000000e-01  -3.53442621902036e-01
3.25000000000000e-01  -3.69620958762493e-01
3.50000000000000e-01  -3.85501719499302e-01
3.75000000000000e-01  -4.01015692898710e-01
4.00000000000000e-01  -4.16090264693732e-01
4.25000000000000e-01  -4.30648934591407e-01
4.50000000000000e-01  -4.44611804920801e-01
4.75000000000000e-01  -4.57896069281002e-01
5.00000000000000e-01  -4.70416501189123e-01
5.25000000000000e-01  -4.82085942728297e-01
5.50000000000000e-01  -4.92815793195677e-01
5.75000000000000e-01  -5.02516497750437e-01
6.00000000000000e-01  -5.11098036061770e-01
6.25000000000000e-01  -5.18470363177702e-01
6.50000000000000e-01  -5.24545942965074e-01
6.75000000000000e-01  -5.29237434341113e-01
7.00000000000000e-01  -5.32460876881692e-01
7.25000000000000e-01  -5.34135666848298e-01
7.50000000000000e-01  -5.34185445550733e-01
7.75000000000000e-01  -5.32538987709813e-01
8.00000000000000e-01  -5.29131089820067e-01
8.25000000000000e-01  -5.23903458512439e-01
8.50000000000000e-01  -5.16805598916986e-01
8.75000000000000e-01  -5.07795703025582e-01
9.00000000000000e-01  -4.96841538054612e-01
9.25000000000000e-01  -4.83921334807679e-01
9.50000000000000e-01  -4.69024454441874e-01
9.75000000000000e-01  -4.52152315232467e-01
1.00000000000000e+00  -4.33319640663650e-01
1.02500000000000e+00  -4.12553224648878e-01
1.05000000000000e+00  -3.89894433763603e-01
1.07500000000000e+00  -3.65399307265175e-01
1.10000000000000e+00  -3.39138657112757e-01
1.12500000000000e+00  -3.11198167987232e-01
1.15000000000000e+00  -2.81678497311115e-01
1.17500000000000e+00  -2.50695375268459e-01
1.20000000000000e+00  -2.18379704824763e-01
1.22500000000000e+00  -1.84877661746887e-01
1.25000000000000e+00  -1.50345989903952e-01
1.27500000000000e+00  -1.14964930418698e-01
1.30000000000000e+00  -7.89208354144116e-02
1.32500000000000e+00  -4.24119634911791e-02
1.35000000000000e+00  -5.64879018771948e-03
1.37500000000000e+00  3.11477654025908e-02
1.40000000000000e+00  6.77481140156762e-02
1.42500000000000e+00  1.03915769600727e-01
1.45000000000000e+00  1.39409122704170e-01
1.47500000000000e+00  1.73983213853625e-01
1.50000000000000e+00  2.07391506941875e-01
1.52500000000000e+00  2.39387662610830e-01
1.55000000000000e+00  2.69727311635490e-01
1.57500000000000e+00  2.98172262242119e-01
1.60000000000000e+00  3.24490951544068e-01
1.62500000000000e+00  3.48461971008091e-01
1.65000000000000e+00  3.69874586161423e-01
1.67500000000000e+00  3.88532989414131e-01
1.70000000000000e+00  4.04258312217189e-01
1.72500000000000e+00  4.16890637220543e-01
1.75000000000000e+00  4.26291010431192e-01
1.77500000000000e+00  4.32343453371253e-01
1.80000000000000e+00  4.34956975236035e-01
1.82500000000000e+00  4.34067585052112e-01
1.85000000000000e+00  4.29640303835394e-01
1.87500000000000e+00  4.21672379272791e-01
1.90000000000000e+00  4.10180998454481e-01
1.92500000000000e+00  3.95231766513277e-01
1.95000000000000e+00  3.76910145930000e-01
1.97500000000000e+00  3.55336625549230e-01
2.00000000000000e+00  3.30665243853622e-01
2.02500000000000e+00  3.03082112238219e-01
2.05000000000000e+00  2.72803938284767e-01
2.07500000000000e+00  2.40076549036029e-01
2.10000000000000e+00  2.05173414270098e-01
2.12500000000000e+00  1.68394169774715e-01
2.15000000000000e+00  1.30063140621580e-01
2.17500000000000e+00  9.05278644406636e-02
2.20000000000000e+00  5.01506152011024e-02
2.22500000000000e+00  9.31024087196660e-03
2.25000000000000e+00  -3.16026650183917e-02
2.27500000000000e+00  -7.21899898738490e-02
2.30000000000000e+00  -1.12049701249968e-01
2.32500000000000e+00  -1.50780181186779e-01
2.35000000000000e+00  -1.87984560541561e-01
2.37500000000000e+00  -2.23275053321622e-01
2.40000000000000e+00  -2.56277291017081e-01
2.42500000000000e+00  -2.86634656933643e-01
2.45000000000000e+00  -3.14012620525388e-01
2.47500000000000e+00  -3.38103071727544e-01
2.50000000000000e+00  -3.58630004333111e-01
2.52500000000000e+00  -3.75343808155089e-01
2.55000000000000e+00  -3.88048020588921e-01
2.57500000000000e+00  -3.96572368293111e-01
2.60000000000000e+00  -4.00794050672465e-01
2.62500000000000e+00  -4.00638029513423e-01
2.65000000000000e+00  -3.96077318619397e-01
2.67500000000000e+00  -3.87133273446106e-01
2.70000000000000e+00  -3.73875880736906e-01
2.72500000000000e+00  -3.56424048158131e-01
2.75000000000000e+00  -3.34945893934422e-01
2.77500000000000e+00  -3.09659036484065e-01
2.80000000000000e+00  -2.80830884054325e-01
2.82500000000000e+00  -2.48767072823601e-01
2.85000000000000e+00  -2.13817579978496e-01
2.87500000000000e+00  -1.76371470656193e-01
2.90000000000000e+00  -1.36849024213390e-01
2.92500000000000e+00  -9.57014897964723e-02
2.95000000000000e+00  -5.34050442510516e-02
2.97500000000000e+00  -1.04547500315050e-02
3.00000000000000e+00  3.26414868894855e-02
3.02500000000000e+00  7.53689591113939e-02
3.05000000000000e+00  1.17212199896311e-01
3.07500000000000e+00  1.57661025259405e-01
3.10000000000000e+00  1.96216576059381e-01
3.12500000000000e+00  2.32399754357652e-01
3.15000000000000e+00  2.65748029882809e-01
3.17500000000000e+00  2.95847955624117e-01
3.20000000000000e+00  3.22305179360325e-01
3.22500000000000e+00  3.44772259979063e-01
3.25000000000000e+00  3.62951293897410e-01
3.27500000000000e+00  3.76596541482446e-01
3.30000000000000e+00  3.85517053471812e-01
3.32500000000000e+00  3.89579297394272e-01
3.35000000000000e+00  3.88709783990272e-01
3.37500000000000e+00  3.82897693632492e-01
3.40000000000000e+00  3.72197502746413e-01
3.42500000000000e+00  3.56731610230872e-01
3.45000000000000e+00  3.36677271328236e-01
3.47500000000000e+00  3.12277067902290e-01
3.50000000000000e+00  2.83834443499108e-01
3.52500000000000e+00  2.51702839219374e-01
3.55000000000000e+00  2.16289827008169e-01
3.57500000000000e+00  1.78050282580080e-01
3.60000000000000e+00  1.37479558344301e-01
3.62500000000000e+00  9.51066563297443e-02
3.65000000000000e+00  5.14874011101425e-02
3.67500000000000e+00  7.19761272915631e-03
3.70000000000000e+00  -3.71737203745202e-02
3.72500000000000e+00  -8.10312684420534e-02
3.75000000000000e+00  -1.23786901382145e-01
3.77500000000000e+00  -1.64848864999668e-01
3.80000000000000e+00  -2.03673052497963e-01
3.82500000000000e+00  -2.39720078605796e-01
3.85000000000000e+00  -2.72490798234062e-01
3.87500000000000e+00  -3.01530954685938e-01
3.90000000000000e+00  -3.26435827867028e-01
3.92500000000000e+00  -3.46854882495517e-01
3.95000000000000e+00  -3.62496416312313e-01
3.97500000000000e+00  -3.73132208291204e-01
4.00000000000000e+00  -3.78602166848998e-01
4.02500000000000e+00  -3.78818978055679e-01
4.05000000000000e+00  -3.73772753844550e-01
4.07500000000000e+00  -3.63518227131979e-01
4.10000000000000e+00  -3.48187342858851e-01
4.12500000000000e+00  -3.27987174119821e-01
4.15000000000000e+00  -3.03186389469780e-01
4.17500000000000e+00  -2.74123519316546e-01
4.20000000000000e+00  -2.41199899054787e-01
4.22500000000000e+00  -2.04872612199944e-01
4.25000000000000e+00  -1.65647433522160e-01
4.27500000000000e+00  -1.24071772180195e-01
4.30000000000000e+00  -8.07276148553630e-02
4.32500000000000e+00  -3.62244688854428e-02
4.35000000000000e+00  8.80769460138274e-03
4.37500000000000e+00  5.37299908843629e-02
4.40000000000000e+00  9.78977757863921e-02
4.42500000000000e+00  1.40694430036455e-01
4.45000000000000e+00  1.81501561146167e-01
4.47500000000000e+00  2.19733027673156e-01
4.50000000000000e+00  2.54840983848375e-01
4.52500000000000e+00  2.86321924203398e-01
4.55000000000000e+00  3.13722728197717e-01
4.57500000000000e+00  3.36646704846050e-01
4.60000000000000e+00  3.54759637345637e-01
4.62500000000000e+00  3.67795827703539e-01
4.65000000000000e+00  3.75564141363947e-01
4.67500000000000e+00  3.77954051835471e-01
4.70000000000000e+00  3.74923382535785e-01
4.72500000000000e+00  3.66512969779476e-01
4.75000000000000e+00  3.52844523976746e-01
4.77500000000000e+00  3.34108011714454e-01
4.80000000000000e+00  3.10571567800984e-01
4.82500000000000e+00  2.82574739252587e-01
4.85000000000000e+00  2.50521729279721e-01
4.87500000000000e+00  2.14874641273402e-01
4.90000000000000e+00  1.76146722791532e-01
4.92500000000000e+00  1.34895609545252e-01
4.95000000000000e+00  9.17165693852837e-02
4.97500000000000e+00  4.72357462882627e-02
5.00000000000000e+00  2.09543996348997e-03
5.02500000000000e+00  -4.30430837087757e-02
5.05000000000000e+00  -8.75409676471868e-02
5.07500000000000e+00  -1.30747921857168e-01
5.10000000000000e+00  -1.72037587014629e-01
5.12500000000000e+00  -2.10814316744963e-01
5.15000000000000e+00  -2.46519959902072e-01
5.17500000000000e+00  -2.78640642847372e-01
5.20000000000000e+00  -3.06713551728802e-01
5.22500000000000e+00  -3.30333714759844e-01
5.25000000000000e+00  -3.49160784498526e-01
5.27500000000000e+00  -3.62925820126443e-01
5.30000000000000e+00  -3.71438069727760e-01
5.32500000000000e+00  -3.74574303678896e-01
5.35000000000000e+00  -3.72293170460823e-01
5.37500000000000e+00  -3.64635719550067e-01
5.40000000000000e+00  -3.51711500715055e-01
5.42500000000000e+00  -3.33710710140389e-01
5.45000000000000e+00  -3.10898147562981e-01
5.47500000000000e+00  -2.83607173408179e-01
5.50000000000000e+00  -2.52233665925915e-01
5.52500000000000e+00  -2.17229978326825e-01
5.55000000000000e+00  -1.79098895918396e-01
5.57500000000000e+00  -1.38387593241088e-01
5.60000000000000e+00  -9.56815912044768e-02
5.62500000000000e+00  -5.15949542082318e-02
5.65000000000000e+00  -6.75600362896637e-03
5.67500000000000e+00  3.82036062092160e-02
5.70000000000000e+00  8.26406963157168e-02
5.72500000000000e+00  1.25925422872029e-01
5.75000000000000e+00  1.67448337064832e-01
5.77500000000000e+00  2.06627444919111e-01
5.80000000000000e+00  2.42915267131265e-01
5.82500000000000e+00  2.75805898902204e-01
5.85000000000000e+00  3.04842069770472e-01
5.87500000000000e+00  3.29622203445343e-01
5.90000000000000e+00  3.49807477639941e-01
5.92500000000000e+00  3.65128883904336e-01
5.95000000000000e+00  3.75379019738960e-01
5.97500000000000e+00  3.80425570496845e-01
6.00000000000000e+00  3.80213363973100e-01
6.02500000000000e+00  3.74751892102199e-01
6.05000000000000e+00  3.64128076379608e-01
6.07500000000000e+00  3.48501624143039e-01
6.10000000000000e+00  3.28100384853698e-01
6.12500000000000e+00  3.03215706377546e-01
6.15000000000000e+00  2.74197791266542e-01
6.17500000000000e+00  2.41451053039902e-01
6.20000000000000e+00  2.05429472465353e-01
6.22500000000000e+00  1.66631953840377e-01
6.25000000000000e+00  1.25590044952142e-01
6.27500000000000e+00  8.28706777284615e-02
6.30000000000000e+00  3.90428596821430e-02
6.32500000000000e+00  -5.29833570635488e-03
6.35000000000000e+00  -4.95573933587568e-02
6.37500000000000e+00  -9.31451734831235e-02
6.40000000000000e+00  -1.35485728458033e-01
6.42500000000000e+00  -1.76023119716733e-01
6.45000000000000e+00  -2.14228234631318e-01
6.47500000000000e+00  -2.49605603396891e-01
6.50000000000000e+00  -2.81700215915726e-01
6.52500000000000e+00  -3.10104338681443e-01
6.55000000000000e+00  -3.34464331663166e-01
6.57500000000000e+00  -3.54476575687851e-01
6.60000000000000e+00  -3.69898332498938e-01
6.62500000000000e+00  -3.80552076739217e-01
6.65000000000000e+00  -3.86315252841700e-01
6.67500000000000e+00  -3.87133197707612e-01
6.70000000000000e+00  -3.83016540646877e-01
6.72500000000000e+00  -3.74038603318610e-01
6.75000000000000e+00  -3.60332799671607e-01
6.77500000000000e+00  -3.42090035884834e-01
6.80000000000000e+00  -3.19556110307922e-01
6.82500000000000e+00  -2.93029113401653e-01
6.85000000000000e+00  -2.62856827678449e-01
6.87500000000000e+00  -2.29429306772736e-01
6.90000000000000e+00  -1.93172060986923e-01
6.92500000000000e+00  -1.54536340812815e-01
6.95000000000000e+00  -1.14004498257698e-01
6.97500000000000e+00  -7.20760978817517e-02
7.00000000000000e+00  -2.92619048769146e-02
7.02500000000000e+00  1.39221268542666e-02
7.05000000000000e+00  5.69608666197653e-02
7.07500000000000e+00  9.93460188592292e-02
7.10000000000000e+00  1.40582135065116e-01
7.12500000000000e+00  1.80192625703827e-01
7.15000000000000e+00  2.17725772136866e-01
7.17500000000000e+00  2.52760738541961e-01
7.20000000000000e+00  2.84908160747468e-01
7.22500000000000e+00  3.13817362462891e-01
7.25000000000000e+00  3.39182231163755e-01
7.27500000000000e+00  3.60734826743769e-01
7.30000000000000e+00  3.78256990190450e-01
7.32500000000000e+00  3.91580077844124e-01
7.35000000000000e+00  4.00584695656958e-01
7.37500000000000e+00  4.05200433451962e-01
7.40000000000000e+00  4.05405599182011e-01
7.42500000000000e+00  4.01226953188854e-01
7.45000000000000e+00  3.92739442462134e-01
7.47500000000000e+00  3.80065934898402e-01
7.50000000000000e+00  3.63374351770046e-01
7.52500000000000e+00  3.42865122080478e-01
7.55000000000000e+00  3.18783883361709e-01
7.57500000000000e+00  2.91407917685672e-01
7.60000000000000e+00  2.61045312831802e-01
7.62500000000000e+00  2.28030625456130e-01
7.65000000000000e+00  1.92720544260374e-01
7.67500000000000e+00  1.55489553161036e-01
7.70000000000000e+00  1.16725594458489e-01
7.72500000000000e+00  7.68257320060709e-02
7.75000000000000e+00  3.61918143791835e-02
7.77500000000000e+00  -4.77386195562670e-03
7.80000000000000e+00  -4.56728894715638e-02
7.82500000000000e+00  -8.61143593923194e-02
7.85000000000000e+00  -1.25719035042903e-01
7.87500000000000e+00  -1.64124300002489e-01
7.90000000000000e+00  -2.00982225827393e-01
7.92500000000000e+00  -2.35968079404388e-01
7.95000000000000e+00  -2.68781804971531e-01
7.97500000000000e+00  -2.99149506139003e-01
8.00000000000000e+00  -3.26824927909934e-01
8.02500000000000e+00  -3.51590938701244e-01
8.05000000000000e+00  -3.73261012364459e-01
8.07500000000000e+00  -3.91680710206558e-01
8.10000000000000e+00  -4.06729163010797e-01
8.12500000000000e+00  -4.18319280316841e-01
8.15000000000000e+00  -4.26388621170087e-01
8.17500000000000e+00  -4.30916117481516e-01
8.20000000000000e+00  -4.31905363829034e-01
8.22500000000000e+00  -4.29391001572196e-01
8.25000000000000e+00  -4.23436707319506e-01
8.27500000000000e+00  -4.14133181395718e-01
8.30000000000000e+00  -4.01596136309137e-01
8.32500000000000e+00  -3.85964285218921e-01
8.35000000000000e+00  -3.67397330402383e-01
8.37500000000000e+00  -3.46073951722282e-01
8.40000000000000e+00  -3.22189795094141e-01
8.42500000000000e+00  -2.95955460953532e-01
8.45000000000000e+00  -2.67592233534514e-01
8.47500000000000e+00  -2.37331577698142e-01
8.50000000000000e+00  -2.05411610521683e-01
8.52500000000000e+00  -1.72076638455253e-01
8.55000000000000e+00  -1.37572962287199e-01
8.57500000000000e+00  -1.02147102215798e-01
8.60000000000000e+00  -6.60440229209354e-02
8.62500000000000e+00  -2.95053586357728e-02
8.65000000000000e+00  7.23236178154718e-03
8.67500000000000e+00  4.39394897762332e-02
8.70000000000000e+00  8.03950320251580e-02
8.72500000000000e+00  1.16388425365181e-01
8.75000000000000e+00  1.51726165984988e-01
8.77500000000000e+00  1.86207330368531e-01
8.80000000000000e+00  2.19666009626455e-01
8.82500000000000e+00  2.51940541087191e-01
8.85000000000000e+00  2.82884628796693e-01
8.87500000000000e+00  3.12367244980198e-01
8.90000000000000e+00  3.40272531503951e-01
8.92500000000000e+00  3.66499701336970e-01
8.95000000000000e+00  3.90962940012793e-01
8.97500000000000e+00  4.13591307091218e-01
9.00000000000000e+00  4.34328637620063e-01
9.02500000000000e+00  4.53133443596902e-01
9.05000000000000e+00  4.69978815430819e-01
9.07500000000000e+00  4.84849912111525e-01
9.10000000000000e+00  4.97745206104401e-01
9.12500000000000e+00  5.08675234008556e-01
9.15000000000000e+00  5.17661664661218e-01
9.17500000000000e+00  5.24736638936509e-01
9.20000000000000e+00  5.29941881134349e-01
9.22500000000000e+00  5.33327810369354e-01
9.25000000000000e+00  5.34952651959746e-01
9.27500000000000e+00  5.34881548816253e-01
9.30000000000000e+00  5.33185672831010e-01
9.32500000000000e+00  5.29941336266466e-01
9.35000000000000e+00  5.25229103144284e-01
9.37500000000000e+00  5.19132992026921e-01
9.40000000000000e+00  5.11740048586261e-01
9.42500000000000e+00  5.03138044493056e-01
9.45000000000000e+00  4.93416948761756e-01
9.47500000000000e+00  4.82666763597042e-01
9.50000000000000e+00  4.70977034468513e-01
9.52500000000000e+00  4.58436360185366e-01
9.55000000000000e+00  4.45131902971085e-01
9.57500000000000e+00  4.31148898538121e-01
9.60000000000000e+00  4.16570166162578e-01
9.62500000000000e+00  4.01475618758900e-01
9.65000000000000e+00  3.85941772954545e-01
9.67500000000000e+00  3.70041259164683e-01
9.70000000000000e+00  3.53843307931358e-01
9.72500000000000e+00  3.37412762310045e-01
9.75000000000000e+00  3.20809990241987e-01
9.77500000000000e+00  3.04091091096293e-01
9.80000000000000e+00  2.87307388693610e-01
9.82500000000000e+00  2.70505419513312e-01
9.85000000000000e+00  2.53726920900682e-01
9.87500000000000e+00  2.37008819274106e-01
9.90000000000000e+00  2.20383218332252e-01
9.92500000000000e+00  2.03877387261264e-01
9.95000000000000e+00  1.87513748941949e-01
9.97500000000000e+00  1.71309868156956e-01
1.00000000000000e+01  1.55278439797983e-01
