0.00000000000000e+00  2.63367303445765e-01
2.50000000000000e-02  2.87690962000787e-01
5.00000000000000e-02  3.11760610184145e-01
7.50000000000000e-02  3.35516718630438e-01
1.00000000000000e-01  3.58888699712180e-01
1.25000000000000e-01  3.81796023601624e-01
1.50000000000000e-01  4.04149334332582e-01
1.75000000000000e-01  4.25851565862249e-01
2.00000000000000e-01  4.46799058133035e-01
2.25000000000000e-01  4.66882673134380e-01
2.50000000000000e-01  4.85988910964590e-01
2.75000000000000e-01  5.04001025892651e-01
3.00000000000000e-01  5.20800142420061e-01
3.25000000000000e-01  5.36266371342654e-01
3.50000000000000e-01  5.50279925812424e-01
3.75000000000000e-01  5.62722237399350e-01
4.00000000000000e-01  5.73477072153221e-01
4.25000000000000e-01  5.82431646665461e-01
4.50000000000000e-01  5.89477744130954e-01
4.75000000000000e-01  5.94512830409870e-01
5.00000000000000e-01  5.97441170089490e-01
5.25000000000000e-01  5.98174942546027e-01
5.50000000000000e-01  5.96635358006457e-01
5.75000000000000e-01  5.92753773610340e-01
6.00000000000000e-01  5.86472809471646e-01
6.25000000000000e-01  5.77847668331574e-01
6.50000000000000e-01  5.66593760913446e-01
6.75000000000000e-01  5.52938123461646e-01
7.00000000000000e-01  5.36857998833987e-01
7.25000000000000e-01  5.18358556234298e-01
7.50000000000000e-01  4.97471749008675e-01
7.75000000000000e-01  4.74255172441734e-01
8.00000000000000e-01  4.48790921552859e-01
8.25000000000000e-01  4.21184448892453e-01
8.50000000000000e-01  3.91563422338196e-01
8.75000000000000e-01  3.60076582891283e-01
9.00000000000000e-01  3.26892602472690e-01
9.25000000000000e-01  2.92198941719417e-01
9.50000000000000e-01  2.56200707780736e-01
9.75000000000000e-01  2.19119512114453e-01
1.00000000000000e+00  1.81192328283146e-01
1.02500000000000e+00  1.42670349750428e-01
1.05000000000000e+00  1.03817847677192e-01
1.07500000000000e+00  6.49110287178606e-02
1.10000000000000e+00  2.62368928166433e-02
1.12500000000000e+00  -1.19079089962182e-02
1.15000000000000e+00  -4.92182168081967e-02
1.17500000000000e+00  -8.53815040282250e-02
1.20000000000000e+00  -1.20079019590453e-01
1.22500000000000e+00  -1.52986930157987e-01
1.25000000000000e+00  -1.83909332576547e-01
1.27500000000000e+00  -2.12398020465381e-01
1.30000000000000e+00  -2.38317257670944e-01
1.32500000000000e+00  -2.61381536840368e-01
1.35000000000000e+00  -2.81334343737287e-01
1.37500000000000e+00  -2.97948988984078e-01
1.40000000000000e+00  -3.11029439804093e-01
1.42500000000000e+00  -3.20411151763896e-01
1.45000000000000e+00  -3.25961900515506e-01
1.47500000000000e+00  -3.27582613538623e-01
1.50000000000000e+00  -3.25208201882870e-01
1.52500000000000e+00  -3.18808391910031e-01
1.55000000000000e+00  -3.08388557036283e-01
1.57500000000000e+00  -2.94006567855402e-01
1.60000000000000e+00  -2.75738304788285e-01
1.62500000000000e+00  -2.53719073792579e-01
1.65000000000000e+00  -2.28114103634431e-01
1.67500000000000e+00  -1.99133032327566e-01
1.70000000000000e+00  -1.67026739172929e-01
1.72500000000000e+00  -1.32084176798330e-01
1.75000000000000e+00  -9.46292031980874e-02
1.77500000000000e+00  -5.50174137726738e-02
1.80000000000000e+00  -1.36329733683605e-02
1.82500000000000e+00  2.91145516831442e-02
1.85000000000000e+00  7.27933615250416e-02
1.87500000000000e+00  1.16881806361464e-01
1.90000000000000e+00  1.61135994949744e-01
1.92500000000000e+00  2.04883612704713e-01
1.95000000000000e+00  2.47679262726345e-01
1.97500000000000e+00  2.89072880100751e-01
2.00000000000000e+00  3.28616645459355e-01
2.02500000000000e+00  3.65871898538068e-01
2.05000000000000e+00  4.00416051736459e-01
2.07500000000000e+00  4.31849503676925e-01
2.10000000000000e+00  4.59802552763875e-01
2.12500000000000e+00  4.83942310742890e-01
2.15000000000000e+00  5.03979616259907e-01
2.17500000000000e+00  5.19675948420383e-01
2.20000000000000e+00  5.30836000791110e-01
2.22500000000000e+00  5.37324951029104e-01
2.25000000000000e+00  5.39068419869078e-01
2.27500000000000e+00  5.36040746354572e-01
2.30000000000000e+00  5.28281738703493e-01
2.32500000000000e+00  5.15893509374937e-01
2.35000000000000e+00  4.99037310135991e-01
2.37500000000000e+00  4.77930367128550e-01
2.40000000000000e+00  4.52842715936128e-01
2.42500000000000e+00  4.24094036650671e-01
2.45000000000000e+00  3.92050488939367e-01
2.47500000000000e+00  3.57121547111457e-01
2.50000000000000e+00  3.19872282369451e-01
2.52500000000000e+00  2.80598565267504e-01
2.55000000000000e+00  2.39987388908865e-01
2.57500000000000e+00  1.98564457587766e-01
2.60000000000000e+00  1.56873742109874e-01
2.62500000000000e+00  1.15468790214875e-01
2.65000000000000e+00  7.49040369990605e-02
2.67500000000000e+00  3.57261153379096e-02
2.70000000000000e+00  -1.53483369133002e-03
2.72500000000000e+00  -3.63738503870514e-02
2.75000000000000e+00  -6.83198460007075e-02
2.77500000000000e+00  -9.69442923142269e-02
2.80000000000000e+00  -1.21869911217428e-01
2.82500000000000e+00  -1.42771798082394e-01
2.85000000000000e+00  -1.59388545595390e-01
2.87500000000000e+00  -1.71529946393608e-01
2.90000000000000e+00  -1.79062553958454e-01
2.92500000000000e+00  -1.81932198953139e-01
2.95000000000000e+00  -1.80160558638456e-01
2.97500000000000e+00  -1.73841726288551e-01
3.00000000000000e+00  -1.63138780606703e-01
3.02500000000000e+00  -1.48280355141099e-01
3.05000000000000e+00  -1.29557207700602e-01
3.07500000000000e+00  -1.07318789770536e-01
3.10000000000000e+00  -8.19698159284520e-02
3.12500000000000e+00  -5.40914804287721e-02
3.15000000000000e+00  -2.39870358806735e-02
3.17500000000000e+00  7.60787546696632e-03
3.20000000000000e+00  4.01381282804837e-02
3.22500000000000e+00  7.30215465263735e-02
3.25000000000000e+00  1.05659823982809e-01
3.27500000000000e+00  1.37449444751153e-01
3.30000000000000e+00  1.67792603767477e-01
3.32500000000000e+00  1.96108127314075e-01
3.35000000000000e+00  2.21842393530985e-01
3.37500000000000e+00  2.44480252927497e-01
3.40000000000000e+00  2.63555948893675e-01
3.42500000000000e+00  2.78664038211868e-01
3.45000000000000e+00  2.89451989585062e-01
3.47500000000000e+00  2.95644064594892e-01
3.50000000000000e+00  2.97046103011726e-01
3.52500000000000e+00  2.93526684128178e-01
3.55000000000000e+00  2.85041464942809e-01
3.57500000000000e+00  2.71629852628011e-01
3.60000000000000e+00  2.53411676997916e-01
3.62500000000000e+00  2.30583862976279e-01
3.65000000000000e+00  2.03417103064387e-01
3.67500000000000e+00  1.72252529808944e-01
3.70000000000000e+00  1.37498388269972e-01
3.72500000000000e+00  9.96267084887084e-02
3.75000000000000e+00  5.92803053887010e-02
3.77500000000000e+00  1.67935301166762e-02
3.80000000000000e+00  -2.70269494331774e-02
3.82500000000000e+00  -7.15634973891923e-02
3.85000000000000e+00  -1.16177451737899e-01
3.87500000000000e+00  -1.60220751463520e-01
3.90000000000000e+00  -2.03047563687458e-01
3.92500000000000e+00  -2.44025910807782e-01
3.95000000000000e+00  -2.82549297638726e-01
3.97500000000000e+00  -3.18048338550175e-01
4.00000000000000e+00  -3.50002384607153e-01
4.02500000000000e+00  -3.77951150709320e-01
4.05000000000000e+00  -4.01506342730450e-01
4.07500000000000e+00  -4.20336120081492e-01
4.10000000000000e+00  -4.34208596267428e-01
4.12500000000000e+00  -4.42947463761236e-01
4.15000000000000e+00  -4.46501263053330e-01
4.17500000000000e+00  -4.44886522424915e-01
4.20000000000000e+00  -4.38200104234851e-01
4.22500000000000e+00  -4.26629204261047e-01
4.25000000000000e+00  -4.10446004389072e-01
4.27500000000000e+00  -3.90004124540404e-01
4.30000000000000e+00  -3.65727019227010e-01
4.32500000000000e+00  -3.38092519251974e-01
4.35000000000000e+00  -3.07610642928845e-01
4.37500000000000e+00  -2.75067583821657e-01
4.40000000000000e+00  -2.40596917075743e-01
4.42500000000000e+00  -2.05349812309278e-01
4.45000000000000e+00  -1.69852542441375e-01
4.47500000000000e+00  -1.34718609250007e-01
4.50000000000000e+00  -1.00600010623063e-01
4.52500000000000e+00  -6.81385078094215e-02
4.55000000000000e+00  -3.79364541003962e-02
4.57500000000000e+00  -1.05407487045120e-02
4.60000000000000e+00  1.35657195168817e-02
4.62500000000000e+00  3.39649701602540e-02
4.65000000000000e+00  5.02951187016451e-02
4.67500000000000e+00  6.22401844507465e-02
4.70000000000000e+00  6.96387429429689e-02
4.72500000000000e+00  7.23966968660943e-02
4.75000000000000e+00  7.04979551649016e-02
4.77500000000000e+00  6.40115111631843e-02
4.80000000000000e+00  5.31053977305896e-02
4.82500000000000e+00  3.80375210124046e-02
4.85000000000000e+00  1.91464941593362e-02
4.87500000000000e+00  -3.15752894269988e-03
4.90000000000000e+00  -2.84020199428014e-02
4.92500000000000e+00  -5.60612422952915e-02
4.95000000000000e+00  -8.55654175299345e-02
4.97500000000000e+00  -1.16309891522158e-01
5.00000000000000e+00  -1.47482384038018e-01
5.02500000000000e+00  -1.78792556551308e-01
5.05000000000000e+00  -2.09273044036915e-01
5.07500000000000e+00  -2.38338849208087e-01
5.10000000000000e+00  -2.65399002485563e-01
5.12500000000000e+00  -2.89878979520419e-01
5.15000000000000e+00  -3.11243118716924e-01
5.17500000000000e+00  -3.29011882716864e-01
5.20000000000000e+00  -3.42776021894550e-01
5.22500000000000e+00  -3.52202768992836e-01
5.25000000000000e+00  -3.57044428847435e-01
5.27500000000000e+00  -3.57131696284645e-01
5.30000000000000e+00  -3.52364638979229e-01
5.32500000000000e+00  -3.42774928247513e-01
5.35000000000000e+00  -3.28458491602039e-01
5.37500000000000e+00  -3.09617138113512e-01
5.40000000000000e+00  -2.86517948162640e-01
5.42500000000000e+00  -2.59519135435929e-01
5.45000000000000e+00  -2.29057615312804e-01
5.47500000000000e+00  -1.95636573252733e-01
5.50000000000000e+00  -1.59813033182366e-01
5.52500000000000e+00  -1.22185425882644e-01
5.55000000000000e+00  -8.33811573759476e-02
5.57500000000000e+00  -4.40441773132023e-02
5.60000000000000e+00  -4.82254736101791e-03
5.62500000000000e+00  3.34485573894556e-02
5.65000000000000e+00  7.04596785798181e-02
5.67500000000000e+00  1.05253423849303e-01
5.70000000000000e+00  1.37304343787920e-01
5.72500000000000e+00  1.66094073016469e-01
5.75000000000000e+00  1.91134569508246e-01
5.77500000000000e+00  2.11991353910765e-01
5.80000000000000e+00  2.28300208983071e-01
5.82500000000000e+00  2.39780179396297e-01
5.85000000000000e+00  2.46236544034052e-01
5.87500000000000e+00  2.47566759759126e-01
5.90000000000000e+00  2.43746838668325e-01
5.92500000000000e+00  2.34814763631940e-01
5.95000000000000e+00  2.20943544200805e-01
5.97500000000000e+00  2.02360649082874e-01
6.00000000000000e+00  1.79388850076379e-01
6.02500000000000e+00  1.52410866115321e-01
6.05000000000000e+00  1.21881481212988e-01
6.07500000000000e+00  8.83160737113822e-02
6.10000000000000e+00  5.22791455306324e-02
6.12500000000000e+00  1.43728514184256e-02
6.15000000000000e+00  -2.47744718005851e-02
6.17500000000000e+00  -6.45197759753480e-02
6.20000000000000e+00  -1.04216772378997e-01
6.22500000000000e+00  -1.43227402459435e-01
6.25000000000000e+00  -1.80871106550859e-01
6.27500000000000e+00  -2.16555342154717e-01
6.30000000000000e+00  -2.49725601564656e-01
6.32500000000000e+00  -2.79838329397647e-01
6.35000000000000e+00  -3.06414814385458e-01
6.37500000000000e+00  -3.29043823117599e-01
6.40000000000000e+00  -3.47384233784288e-01
6.42500000000000e+00  -3.61167669919398e-01
6.45000000000000e+00  -3.70201134143420e-01
6.47500000000000e+00  -3.74369641906411e-01
6.50000000000000e+00  -3.73638855230959e-01
6.52500000000000e+00  -3.68057716455128e-01
6.55000000000000e+00  -3.57761081975422e-01
6.57500000000000e+00  -3.42960107344580e-01
6.60000000000000e+00  -3.23917414995499e-01
6.62500000000000e+00  -3.00995712019254e-01
6.65000000000000e+00  -2.74603198844759e-01
6.67500000000000e+00  -2.45207135183508e-01
6.70000000000000e+00  -2.13323598156583e-01
6.72500000000000e+00  -1.79507240421635e-01
6.75000000000000e+00  -1.44341048299904e-01
6.77500000000000e+00  -1.08426099903197e-01
6.80000000000000e+00  -7.23713232609034e-02
6.82500000000000e+00  -3.67832544469877e-02
6.85000000000000e+00  -2.25579570698486e-03
6.87500000000000e+00  3.05572503130238e-02
6.90000000000000e+00  6.12955622134958e-02
6.92500000000000e+00  8.92325141778954e-02
6.95000000000000e+00  1.13964412489906e-01
6.97500000000000e+00  1.35095477255370e-01
7.00000000000000e+00  1.52262492114546e-01
7.02500000000000e+00  1.65159453954378e-01
7.05000000000000e+00  1.73551567388237e-01
7.07500000000000e+00  1.77282326173313e-01
7.10000000000000e+00  1.76272822322432e-01
7.12500000000000e+00  1.70519201853511e-01
7.15000000000000e+00  1.60076925670857e-01
7.17500000000000e+00  1.45043096086200e-01
7.20000000000000e+00  1.25643130794930e-01
7.22500000000000e+00  1.02141418565389e-01
7.25000000000000e+00  7.48605243514488e-02
7.27500000000000e+00  4.41796521804813e-02
7.30000000000000e+00  1.05288661196219e-02
7.32500000000000e+00  -2.56192489348233e-02
7.35000000000000e+00  -6.37579264679825e-02
7.37500000000000e+00  -1.03354557557001e-01
7.40000000000000e+00  -1.43859030081650e-01
7.42500000000000e+00  -1.84712067934909e-01
7.45000000000000e+00  -2.25353570233568e-01
7.47500000000000e+00  -2.65230950528824e-01
7.50000000000000e+00  -3.03718330931650e-01
7.52500000000000e+00  -3.40471881392785e-01
7.55000000000000e+00  -3.74844304642890e-01
7.57500000000000e+00  -4.06384911030970e-01
7.60000000000000e+00  -4.34683066822788e-01
7.62500000000000e+00  -4.59371406856895e-01
7.65000000000000e+00  -4.80129047200674e-01
7.67500000000000e+00  -4.96684797806373e-01
7.70000000000000e+00  -5.08820375167153e-01
7.72500000000000e+00  -5.16373614973118e-01
7.75000000000000e+00  -5.19241684767359e-01
7.77500000000000e+00  -5.17384296601993e-01
7.80000000000000e+00  -5.10826919694199e-01
7.82500000000000e+00  -4.99642733971451e-01
7.85000000000000e+00  -4.83965481819608e-01
7.87500000000000e+00  -4.63989051804591e-01
7.90000000000000e+00  -4.39950794883131e-01
7.92500000000000e+00  -4.12138110940006e-01
7.95000000000000e+00  -3.80881761413298e-01
7.97500000000000e+00  -3.46549181919629e-01
8.00000000000000e+00  -3.09537794879419e-01
8.02500000000000e+00  -2.70268322142130e-01
8.05000000000000e+00  -2.29178097611517e-01
8.07500000000000e+00  -1.86714379870877e-01
8.10000000000000e+00  -1.43327664808295e-01
8.12500000000000e+00  -9.95051003622108e-02
8.15000000000000e+00  -5.57708681026077e-02
8.17500000000000e+00  -1.25181359874136e-02
8.20000000000000e+00  2.97965139026858e-02
8.22500000000000e+00  7.07381562033386e-02
8.25000000000000e+00  1.09896253212122e-01
8.27500000000000e+00  1.46887385834103e-01
8.30000000000000e+00  1.81357984527429e-01
8.32500000000000e+00  2.12987060248913e-01
8.35000000000000e+00  2.41488935399606e-01
8.37500000000000e+00  2.66615974770386e-01
8.40000000000000e+00  2.88161316487532e-01
8.42500000000000e+00  3.05961602958306e-01
8.45000000000000e+00  3.19884489284858e-01
8.47500000000000e+00  3.29854660571102e-01
8.50000000000000e+00  3.35815902121107e-01
8.52500000000000e+00  3.37763775419074e-01
8.55000000000000e+00  3.35728948006733e-01
8.57500000000000e+00  3.29776647338298e-01
8.60000000000000e+00  3.20006114635413e-01
8.62500000000000e+00  3.06550058742102e-01
8.65000000000000e+00  2.89574109979723e-01
8.67500000000000e+00  2.69276274001919e-01
8.70000000000000e+00  2.45886385649567e-01
8.72500000000000e+00  2.19665562805725e-01
8.75000000000000e+00  1.90755758949561e-01
8.77500000000000e+00  1.59691027595545e-01
8.80000000000000e+00  1.26525265693906e-01
8.82500000000000e+00  9.15858259938074e-02
8.85000000000000e+00  5.51960447665119e-02
8.87500000000000e+00  1.76741070624070e-02
8.90000000000000e+00  -2.06680880319471e-02
8.92500000000000e+00  -5.95260621367958e-02
8.95000000000000e+00  -9.86038923221631e-02
8.97500000000000e+00  -1.37615345850806e-01
9.00000000000000e+00  -1.76285014921202e-01
9.02500000000000e+00  -2.14349451410500e-01
9.05000000000000e+00  -2.51558301617495e-01
9.07500000000000e+00  -2.87675441005599e-01
9.10000000000000e+00  -3.22480108945805e-01
9.12500000000000e+00  -3.55768043459667e-01
9.15000000000000e+00  -3.87352615962249e-01
9.17500000000000e+00  -4.17065966005108e-01
9.20000000000000e+00  -4.44760136019259e-01
9.22500000000000e+00  -4.70308206058139e-01
9.25000000000000e+00  -4.93605428540586e-01
9.27500000000000e+00  -5.14570362993794e-01
9.30000000000000e+00  -5.33146010796290e-01
9.32500000000000e+00  -5.49300949920900e-01
9.35000000000000e+00  -5.63030469677720e-01
9.37500000000000e+00  -5.74257590823874e-01
9.40000000000000e+00  -5.83056510644791e-01
9.42500000000000e+00  -5.89411453885933e-01
9.45000000000000e+00  -5.93367775557130e-01
9.47500000000000e+00  -5.94983159136172e-01
9.50000000000000e+00  -5.94326503854159e-01
9.52500000000000e+00  -5.91476811980861e-01
9.55000000000000e+00  -5.86522076110073e-01
9.57500000000000e+00  -5.79558166444968e-01
9.60000000000000e+00  -5.70687718083454e-01
9.62500000000000e+00  -5.60019018303531e-01
9.65000000000000e+00  -5.47664893848642e-01
9.67500000000000e+00  -5.33741598213033e-01
9.70000000000000e+00  -5.18367698927106e-01
9.72500000000000e+00  -5.01662964842775e-01
9.75000000000000e+00  -4.83747253418820e-01
9.77500000000000e+00  -4.64739398006245e-01
9.80000000000000e+00  -4.44756095133630e-01
9.82500000000000e+00  -4.23910791792491e-01
9.85000000000000e+00  -4.02312572722632e-01
9.87500000000000e+00  -3.80065047697501e-01
9.90000000000000e+00  -3.57265238809543e-01
9.92500000000000e+00  -3.34002467755561e-01
9.95000000000000e+00  -3.10357243122069e-01
9.97500000000000e+00  -2.86400147670643e-01
1.00000000000000e+01  -2.62190725623296e-01
