0.00000000000000e+00  -1.28089397198936e-01
2.50000000000000e-02  -1.42126949157561e-01
5.00000000000000e-02  -1.56369322075533e-01
7.50000000000000e-02  -1.70816959371597e-01
1.00000000000000e-01  -1.85463671622262e-01
1.25000000000000e-01  -2.00296910407688e-01
1.50000000000000e-01  -2.15298042157564e-01
1.75000000000000e-01  -2.30442621997004e-01
2.00000000000000e-01  -2.45700667592430e-01
2.25000000000000e-01  -2.61036932997460e-01
2.50000000000000e-01  -2.76411182498798e-01
2.75000000000000e-01  -2.91778464462116e-01
3.00000000000000e-01  -3.07089385177947e-01
3.25000000000000e-01  -3.22290121543768e-01
3.50000000000000e-01  -3.37322851342051e-01
3.75000000000000e-01  -3.52126685670203e-01
4.00000000000000e-01  -3.66635254262626e-01
4.25000000000000e-01  -3.80779283544763e-01
4.50000000000000e-01  -3.94486151123985e-01
4.75000000000000e-01  -4.07679440280466e-01
5.00000000000000e-01  -4.20278494458077e-01
5.25000000000000e-01  -4.32197971755258e-01
5.50000000000000e-01  -4.43347399415912e-01
5.75000000000000e-01  -4.53630728320281e-01
6.00000000000000e-01  -4.62945887475832e-01
6.25000000000000e-01  -4.71256994143932e-01
6.50000000000000e-01  -4.78375918223147e-01
6.75000000000000e-01  -4.84295977891842e-01
7.00000000000000e-01  -4.88914891759456e-01
7.25000000000000e-01  -4.92137499925577e-01
7.50000000000000e-01  -4.93875768413993e-01
7.75000000000000e-01  -4.94048793606739e-01
8.00000000000000e-01  -4.92582806678144e-01
8.25000000000000e-01  -4.89411178028882e-01
8.50000000000000e-01  -4.84474421720018e-01
8.75000000000000e-01  -4.77720199907056e-01
9.00000000000000e-01  -4.69103327273989e-01
9.25000000000000e-01  -4.58585775467345e-01
9.50000000000000e-01  -4.46144082713399e-01
9.75000000000000e-01  -4.31764135960980e-01
1.00000000000000e+00  -4.15442984642090e-01
1.02500000000000e+00  -3.97192039923739e-01
1.05000000000000e+00  -3.77036248996022e-01
1.07500000000000e+00  -3.55014519479385e-01
1.10000000000000e+00  -3.31180143831890e-01
1.12500000000000e+00  -3.05601223756475e-01
1.15000000000000e+00  -2.78361094608226e-01
1.17500000000000e+00  -2.49558749801635e-01
1.20000000000000e+00  -2.19309265217865e-01
1.22500000000000e+00  -1.87744223612018e-01
1.25000000000000e+00  -1.55337366103362e-01
1.27500000000000e+00  -1.21147715865757e-01
1.30000000000000e+00  -8.63982415580615e-02
1.32500000000000e+00  -5.11425652137293e-02
1.35000000000000e+00  -1.54845774353306e-02
1.37500000000000e+00  2.04283527272382e-02
1.40000000000000e+00  5.64121678985285e-02
1.42500000000000e+00  9.22529124993201e-02
1.45000000000000e+00  1.27713522868407e-01
1.47500000000000e+00  1.62540617384371e-01
1.50000000000000e+00  1.96471286587365e-01
1.52500000000000e+00  2.29239883300895e-01
1.55000000000000e+00  2.60584812753596e-01
1.57500000000000e+00  2.90247772280570e-01
1.60000000000000e+00  3.17992448736605e-01
1.62500000000000e+00  3.43601093553972e-01
1.65000000000000e+00  3.66855246520691e-01
1.67500000000000e+00  3.87565742703802e-01
1.70000000000000e+00  4.05565266762428e-01
1.72500000000000e+00  4.20700907260835e-01
1.75000000000000e+00  4.32826710981496e-01
1.77500000000000e+00  4.41796237238152e-01
1.80000000000000e+00  4.47455112188878e-01
1.82500000000000e+00  4.49633583149139e-01
1.85000000000000e+00  4.48139072904858e-01
1.87500000000000e+00  4.43352339663451e-01
1.90000000000000e+00  4.34856684306693e-01
1.92500000000000e+00  4.22956256668291e-01
1.95000000000000e+00  4.07709712705922e-01
1.97500000000000e+00  3.89185068590426e-01
2.00000000000000e+00  3.67475725149563e-01
2.02500000000000e+00  3.42716492311767e-01
2.05000000000000e+00  3.15091196230947e-01
2.07500000000000e+00  2.84834072969071e-01
2.10000000000000e+00  2.52220927792923e-01
2.12500000000000e+00  2.17560297352302e-01
2.15000000000000e+00  1.81166406599031e-01
2.17500000000000e+00  1.43329470235319e-01
2.20000000000000e+00  1.04404475539206e-01
2.22500000000000e+00  6.48007679219710e-02
2.25000000000000e+00  2.49455664533859e-02
2.27500000000000e+00  -1.48397274046373e-02
2.30000000000000e+00  -5.41578084976943e-02
2.32500000000000e+00  -9.25776789415941e-02
2.35000000000000e+00  -1.29673112317780e-01
2.37500000000000e+00  -1.65035855150021e-01
2.40000000000000e+00  -1.98284772538548e-01
2.42500000000000e+00  -2.29060104726272e-01
2.45000000000000e+00  -2.57002862977318e-01
2.47500000000000e+00  -2.81711719087626e-01
2.50000000000000e+00  -3.02964652033227e-01
2.52500000000000e+00  -3.20367255266443e-01
2.55000000000000e+00  -3.33885716254468e-01
2.57500000000000e+00  -3.43228294817032e-01
2.60000000000000e+00  -3.48216079702482e-01
2.62500000000000e+00  -3.48753705201340e-01
2.65000000000000e+00  -3.44800067759883e-01
2.67500000000000e+00  -3.36352709291589e-01
2.70000000000000e+00  -3.23443299179104e-01
2.72500000000000e+00  -3.06146430704472e-01
2.75000000000000e+00  -2.84591209411194e-01
2.77500000000000e+00  -2.58994844903382e-01
2.80000000000000e+00  -2.29699412717095e-01
2.82500000000000e+00  -1.96929083300068e-01
2.85000000000000e+00  -1.61042372749750e-01
2.87500000000000e+00  -1.22449666265703e-01
2.90000000000000e+00  -8.15383834324639e-02
2.92500000000000e+00  -3.87465842278811e-02
2.95000000000000e+00  5.44773635908053e-03
2.97500000000000e+00  5.05372086682430e-02
3.00000000000000e+00  9.59946298280872e-02
3.02500000000000e+00  1.41280821693290e-01
3.05000000000000e+00  1.85851540642310e-01
3.07500000000000e+00  2.29161842260439e-01
3.10000000000000e+00  2.70666432392004e-01
3.12500000000000e+00  3.10078908884290e-01
3.15000000000000e+00  3.46146983106936e-01
3.17500000000000e+00  3.79289732838640e-01
3.20000000000000e+00  4.08863911175934e-01
3.22500000000000e+00  4.34385549398011e-01
3.25000000000000e+00  4.55492633341691e-01
3.27500000000000e+00  4.71907779776380e-01
3.30000000000000e+00  4.83416317805871e-01
3.32500000000000e+00  4.89853800887108e-01
3.35000000000000e+00  4.91112849556359e-01
3.37500000000000e+00  4.87146203239323e-01
3.40000000000000e+00  4.78006332094966e-01
3.42500000000000e+00  4.63890578857983e-01
3.45000000000000e+00  4.44914103985177e-01
3.47500000000000e+00  4.21262298972185e-01
3.50000000000000e+00  3.93232362015635e-01
3.52500000000000e+00  3.61194613169332e-01
3.55000000000000e+00  3.25539176156614e-01
3.57500000000000e+00  2.86700415914250e-01
3.60000000000000e+00  2.45176665789663e-01
3.62500000000000e+00  2.01518716493832e-01
3.65000000000000e+00  1.56325236012717e-01
3.67500000000000e+00  1.10222217622001e-01
3.70000000000000e+00  6.38393963023382e-02
3.72500000000000e+00  1.77830153304788e-02
3.75000000000000e+00  -2.84401775269261e-02
3.77500000000000e+00  -7.09582100613799e-02
3.80000000000000e+00  -1.12112137887598e-01
3.82500000000000e+00  -1.51040832825881e-01
3.85000000000000e+00  -1.86962793055039e-01
3.87500000000000e+00  -2.19196505796022e-01
3.90000000000000e+00  -2.47180809995552e-01
3.92500000000000e+00  -2.70483472002202e-01
3.95000000000000e+00  -2.88800730976928e-01
3.97500000000000e+00  -3.01939567266252e-01
4.00000000000000e+00  -3.09801029155942e-01
4.02500000000000e+00  -3.12332440492022e-01
4.05000000000000e+00  -3.09475069993441e-01
4.07500000000000e+00  -3.01384014144208e-01
4.10000000000000e+00  -2.88157800763795e-01
4.12500000000000e+00  -2.69979808533920e-01
4.15000000000000e+00  -2.47085817096025e-01
4.17500000000000e+00  -2.19762008818618e-01
4.20000000000000e+00  -1.88351666820481e-01
4.22500000000000e+00  -1.53263107083742e-01
4.25000000000000e+00  -1.14987486887498e-01
4.27500000000000e+00  -7.41156475716171e-02
4.30000000000000e+00  -3.13609222943195e-02
4.32500000000000e+00  1.24176717148449e-02
4.35000000000000e+00  5.61975702857716e-02
4.37500000000000e+00  1.01496312810479e-01
4.40000000000000e+00  1.43175680701385e-01
4.42500000000000e+00  1.84551488978601e-01
4.45000000000000e+00  2.24450167464379e-01
4.47500000000000e+00  2.61863933278159e-01
4.50000000000000e+00  2.95952429663726e-01
4.52500000000000e+00  3.26044364816358e-01
4.55000000000000e+00  3.51626483082632e-01
4.57500000000000e+00  3.72325082237587e-01
4.60000000000000e+00  3.87877341008857e-01
4.62500000000000e+00  3.98102257686631e-01
4.65000000000000e+00  4.02853168144701e-01
4.67500000000000e+00  4.01967501686577e-01
4.70000000000000e+00  3.95484314205218e-01
4.72500000000000e+00  3.83413899071726e-01
4.75000000000000e+00  3.65912321386628e-01
4.77500000000000e+00  3.43056255839754e-01
4.80000000000000e+00  3.15068354946601e-01
4.82500000000000e+00  2.82280456029811e-01
4.85000000000000e+00  2.45102522927902e-01
4.87500000000000e+00  2.04029079043470e-01
4.90000000000000e+00  1.59638468686422e-01
4.92500000000000e+00  1.12611408804117e-01
4.95000000000000e+00  6.37554729163874e-02
4.97500000000000e+00  1.40393831782063e-02
5.00000000000000e+00  -3.76735740014850e-02
5.02500000000000e+00  -8.70368676435851e-02
5.05000000000000e+00  -1.36573648391908e-01
5.07500000000000e+00  -1.85124185769211e-01
5.10000000000000e+00  -2.31724332588384e-01
5.12500000000000e+00  -2.75571305942874e-01
5.15000000000000e+00  -3.15989468197144e-01
5.17500000000000e+00  -3.52405978238063e-01
5.20000000000000e+00  -3.84332425592079e-01
5.22500000000000e+00  -4.11365717571299e-01
5.25000000000000e+00  -4.33181860259913e-01
5.27500000000000e+00  -4.49567148005372e-01
5.30000000000000e+00  -4.60455073113752e-01
5.32500000000000e+00  -4.65706273265262e-01
5.35000000000000e+00  -4.65315747749095e-01
5.37500000000000e+00  -4.59260093428264e-01
5.40000000000000e+00  -4.47716490442638e-01
5.42500000000000e+00  -4.30846170482843e-01
5.45000000000000e+00  -4.08844749963485e-01
5.47500000000000e+00  -3.81989755169805e-01
5.50000000000000e+00  -3.50669399415067e-01
5.52500000000000e+00  -3.15411020257873e-01
5.55000000000000e+00  -2.76899156133780e-01
5.57500000000000e+00  -2.35986130875224e-01
5.60000000000000e+00  -1.93689931822829e-01
5.62500000000000e+00  -1.48488337617121e-01
5.65000000000000e+00  -1.05210048467606e-01
5.67500000000000e+00  -6.08576352663231e-02
5.70000000000000e+00  -1.66364038069416e-02
5.72500000000000e+00  2.64296697096079e-02
5.75000000000000e+00  6.74809887134480e-02
5.77500000000000e+00  1.05805386304098e-01
5.80000000000000e+00  1.40815372824661e-01
5.82500000000000e+00  1.72025460950397e-01
5.85000000000000e+00  1.99035121239199e-01
5.87500000000000e+00  2.21510715260595e-01
5.90000000000000e+00  2.39176713891224e-01
5.92500000000000e+00  2.51808059969000e-01
5.95000000000000e+00  2.59243487414408e-01
5.97500000000000e+00  2.61385096334344e-01
6.00000000000000e+00  2.58102410802246e-01
6.02500000000000e+00  2.49467295922573e-01
6.05000000000000e+00  2.35547387561095e-01
6.07500000000000e+00  2.16457306462049e-01
6.10000000000000e+00  1.92405401816841e-01
6.12500000000000e+00  1.63709813502578e-01
6.15000000000000e+00  1.30815562816570e-01
6.17500000000000e+00  9.42946046304488e-02
6.20000000000000e+00  5.48369858114847e-02
6.22500000000000e+00  1.32304416367575e-02
6.25000000000000e+00  -3.11153122412345e-02
6.27500000000000e+00  -7.61281557937552e-02
6.30000000000000e+00  -1.22238407779278e-01
6.32500000000000e+00  -1.68748194036316e-01
6.35000000000000e+00  -2.14952334860311e-01
6.37500000000000e+00  -2.60159515214690e-01
6.40000000000000e+00  -3.03713454941948e-01
6.42500000000000e+00  -3.45009973517057e-01
6.45000000000000e+00  -3.83510721120338e-01
6.47500000000000e+00  -4.18741455830824e-01
6.50000000000000e+00  -4.50296613821690e-01
6.52500000000000e+00  -4.77813870309438e-01
6.55000000000000e+00  -5.00944181947103e-01
6.57500000000000e+00  -5.19419452912761e-01
6.60000000000000e+00  -5.33067388785532e-01
6.62500000000000e+00  -5.41766803879070e-01
6.65000000000000e+00  -5.45337405306707e-01
6.67500000000000e+00  -5.43721767681171e-01
6.70000000000000e+00  -5.36950414740105e-01
6.72500000000000e+00  -5.25112596912938e-01
6.75000000000000e+00  -5.08364686583567e-01
6.77500000000000e+00  -4.86934439333182e-01
6.80000000000000e+00  -4.61145109920627e-01
6.82500000000000e+00  -4.31449001096907e-01
6.85000000000000e+00  -3.98476437662254e-01
6.87500000000000e+00  -3.61622192201144e-01
6.90000000000000e+00  -3.23406246146710e-01
6.92500000000000e+00  -2.82363137436967e-01
6.95000000000000e+00  -2.39313290005680e-01
6.97500000000000e+00  -1.94985755965773e-01
7.00000000000000e+00  -1.50033048943284e-01
7.02500000000000e+00  -1.05045977411285e-01
7.05000000000000e+00  -6.05650801077121e-02
7.07500000000000e+00  -1.70895970834691e-02
7.10000000000000e+00  2.49162140600940e-02
7.12500000000000e+00  6.50174885365913e-02
7.15000000000000e+00  1.02807484748057e-01
7.17500000000000e+00  1.37906946554618e-01
7.20000000000000e+00  1.69938723094418e-01
7.22500000000000e+00  1.98551771238846e-01
7.25000000000000e+00  2.23507691962340e-01
7.27500000000000e+00  2.44466559739691e-01
7.30000000000000e+00  2.61198323775909e-01
7.32500000000000e+00  2.73556588871334e-01
7.35000000000000e+00  2.81455314809153e-01
7.37500000000000e+00  2.84865814994687e-01
7.40000000000000e+00  2.83816517803334e-01
7.42500000000000e+00  2.78405056558907e-01
7.45000000000000e+00  2.68820815279327e-01
7.47500000000000e+00  2.55380205449423e-01
7.50000000000000e+00  2.37753698460623e-01
7.52500000000000e+00  2.16884621995720e-01
7.55000000000000e+00  1.92404982839023e-01
7.57500000000000e+00  1.64809866116668e-01
7.60000000000000e+00  1.34504268748565e-01
7.62500000000000e+00  1.01847808211617e-01
7.65000000000000e+00  6.71994313029233e-02
7.67500000000000e+00  3.09388291426501e-02
7.70000000000000e+00  -6.52752314154832e-03
7.72500000000000e+00  -4.47757200461236e-02
7.75000000000000e+00  -8.33779680659896e-02
7.77500000000000e+00  -1.21942249012965e-01
7.80000000000000e+00  -1.60155858959543e-01
7.82500000000000e+00  -1.97595131512747e-01
7.85000000000000e+00  -2.33861770885785e-01
7.87500000000000e+00  -2.68607004763933e-01
7.90000000000000e+00  -3.01548495986373e-01
7.92500000000000e+00  -3.32381437172637e-01
7.95000000000000e+00  -3.60807635978854e-01
7.97500000000000e+00  -3.86561976929760e-01
8.00000000000000e+00  -4.09420905167714e-01
8.02500000000000e+00  -4.29211231574598e-01
8.05000000000000e+00  -4.45808902268454e-01
8.07500000000000e+00  -4.59132049951251e-01
8.10000000000000e+00  -4.69126412483320e-01
8.12500000000000e+00  -4.75173507421487e-01
8.15000000000000e+00  -4.78680029839549e-01
8.17500000000000e+00  -4.78363600620396e-01
8.20000000000000e+00  -4.74450881862244e-01
8.22500000000000e+00  -4.67133031537091e-01
8.25000000000000e+00  -4.56577065616807e-01
8.27500000000000e+00  -4.42937220199239e-01
8.30000000000000e+00  -4.26363690878524e-01
8.32500000000000e+00  -4.07009788481019e-01
8.35000000000000e+00  -3.85037912497608e-01
8.37500000000000e+00  -3.60624838583742e-01
8.40000000000000e+00  -3.33965167316393e-01
8.42500000000000e+00  -3.05274497303238e-01
8.45000000000000e+00  -2.74776679002571e-01
8.47500000000000e+00  -2.42711168194549e-01
8.50000000000000e+00  -2.09329787561798e-01
8.52500000000000e+00  -1.74888425545236e-01
8.55000000000000e+00  -1.39646702137117e-01
8.57500000000000e+00  -1.03861549622508e-01
8.60000000000000e+00  -6.77807933207451e-02
8.62500000000000e+00  -3.16367323268840e-02
8.65000000000000e+00  4.36027974682120e-03
8.67500000000000e+00  4.00282540294696e-02
8.70000000000000e+00  7.52199856500484e-02
8.72500000000000e+00  1.09829472995977e-01
8.75000000000000e+00  1.43455658549753e-01
8.77500000000000e+00  1.76015667148208e-01
8.80000000000000e+00  2.07329497642388e-01
8.82500000000000e+00  2.37275333474587e-01
8.85000000000000e+00  2.65742295652523e-01
8.87500000000000e+00  2.92630896280568e-01
8.90000000000000e+00  3.17853492090943e-01
8.92500000000000e+00  3.41334737974949e-01
8.95000000000000e+00  3.63012040514185e-01
8.97500000000000e+00  3.82836011511752e-01
9.00000000000000e+00  4.00770921523484e-01
9.02500000000000e+00  4.16795153389156e-01
9.05000000000000e+00  4.30901655763700e-01
9.07500000000000e+00  4.43094966139012e-01
9.10000000000000e+00  4.53392700441130e-01
9.12500000000000e+00  4.61824011527353e-01
9.15000000000000e+00  4.68428984541261e-01
9.17500000000000e+00  4.73256982948406e-01
9.20000000000000e+00  4.76365312371776e-01
9.22500000000000e+00  4.77817884427244e-01
9.25000000000000e+00  4.77683880559033e-01
9.27500000000000e+00  4.76036415875168e-01
9.30000000000000e+00  4.72951202982938e-01
9.32500000000000e+00  4.68505215824349e-01
9.35000000000000e+00  4.62775353511585e-01
9.37500000000000e+00  4.55894004201238e-01
9.40000000000000e+00  4.47873007545640e-01
9.42500000000000e+00  4.38867425950969e-01
9.45000000000000e+00  4.28956792793776e-01
9.47500000000000e+00  4.18222424878093e-01
9.50000000000000e+00  4.06746526320644e-01
9.52500000000000e+00  3.94611292436067e-01
9.55000000000000e+00  3.81898013622128e-01
9.57500000000000e+00  3.68686179244933e-01
9.60000000000000e+00  3.55052581524147e-01
9.62500000000000e+00  3.41070419418210e-01
9.65000000000000e+00  3.26808402509548e-01
9.67500000000000e+00  3.12329854889794e-01
9.70000000000000e+00  2.97694925227287e-01
9.72500000000000e+00  2.82958076089220e-01
9.75000000000000e+00  2.68168598362147e-01
9.77500000000000e+00  2.53371387257813e-01
9.80000000000000e+00  2.38606447181217e-01
9.82500000000000e+00  2.23909317444793e-01
9.85000000000000e+00  2.09311497982591e-01
9.87500000000000e+00  1.94840875064456e-01
9.90000000000000e+00  1.80522147010202e-01
9.92500000000000e+00  1.66377249903805e-01
9.95000000000000e+00  1.52425783307572e-01
9.97500000000000e+00  1.38685435976322e-01
1.00000000000000e+01  1.25172411571580e-01
