0.00000000000000e+00  -1.51802382587392e-01
2.50000000000000e-02  -1.67408585713288e-01
5.00000000000000e-02  -1.83187979418205e-01
7.50000000000000e-02  -1.99128799839889e-01
1.00000000000000e-01  -2.15214771283092e-01
1.25000000000000e-01  -2.31425106877314e-01
1.50000000000000e-01  -2.47734509234545e-01
1.75000000000000e-01  -2.64113171107008e-01
2.00000000000000e-01  -2.80526776044908e-01
2.25000000000000e-01  -2.96936499054170e-01
2.50000000000000e-01  -3.13299007254188e-01
2.75000000000000e-01  -3.29566460535567e-01
3.00000000000000e-01  -3.45686512217865e-01
3.25000000000000e-01  -3.61602935752644e-01
3.50000000000000e-01  -3.77255302111473e-01
3.75000000000000e-01  -3.92578947936959e-01
4.00000000000000e-01  -4.07506287282193e-01
4.25000000000000e-01  -4.21966010606616e-01
4.50000000000000e-01  -4.35883569932447e-01
4.75000000000000e-01  -4.49181664001111e-01
5.00000000000000e-01  -4.61780723429664e-01
5.25000000000000e-01  -4.73599395867227e-01
5.50000000000000e-01  -4.84555031151406e-01
5.75000000000000e-01  -4.94564166464724e-01
6.00000000000000e-01  -5.03543011491048e-01
6.25000000000000e-01  -5.11403245981847e-01
6.50000000000000e-01  -5.18075854870548e-01
6.75000000000000e-01  -5.23468908308020e-01
7.00000000000000e-01  -5.27505756855733e-01
7.25000000000000e-01  -5.30112539412608e-01
7.50000000000000e-01  -5.31219107283997e-01
7.75000000000000e-01  -5.30759948250654e-01
8.00000000000000e-01  -5.28675110637719e-01
8.25000000000000e-01  -5.24911127383690e-01
8.50000000000000e-01  -5.19421940109402e-01
8.75000000000000e-01  -5.12169823187006e-01
9.00000000000000e-01  -5.03126307808946e-01
9.25000000000000e-01  -4.92273106056932e-01
9.50000000000000e-01  -4.79602007383130e-01
9.75000000000000e-01  -4.65116465037843e-01
1.00000000000000e+00  -4.48833105289726e-01
1.02500000000000e+00  -4.30779052825392e-01
1.05000000000000e+00  -4.10995638472193e-01
1.07500000000000e+00  -3.89538321220322e-01
1.10000000000000e+00  -3.66476610244918e-01
1.12500000000000e+00  -3.41893986928160e-01
1.15000000000000e+00  -3.15887826881374e-01
1.17500000000000e+00  -2.88569321967132e-01
1.20000000000000e+00  -2.60063402321348e-01
1.22500000000000e+00  -2.30508658375388e-01
1.25000000000000e+00  -2.00074423509870e-01
1.27500000000000e+00  -1.68876643920873e-01
1.30000000000000e+00  -1.37143649906792e-01
1.32500000000000e+00  -1.05057239022173e-01
1.35000000000000e+00  -7.28118672894224e-02
1.37500000000000e+00  -4.06127320029996e-02
1.40000000000000e+00  -8.67385453361395e-03
1.42500000000000e+00  2.27838368675769e-02
1.45000000000000e+00  5.35344242647761e-02
1.47500000000000e+00  8.33489172333445e-02
1.50000000000000e+00  1.11997170055610e-01
1.52500000000000e+00  1.39249798916667e-01
1.55000000000000e+00  1.64880099100185e-01
1.57500000000000e+00  1.88673462872140e-01
1.60000000000000e+00  2.10412411024691e-01
1.62500000000000e+00  2.29897800092700e-01
1.65000000000000e+00  2.46939609395740e-01
1.67500000000000e+00  2.61363534905267e-01
1.70000000000000e+00  2.73012385939346e-01
1.72500000000000e+00  2.81747481857362e-01
1.75000000000000e+00  2.87450048754733e-01
1.77500000000000e+00  2.90022616157633e-01
1.80000000000000e+00  2.89390413717701e-01
1.82500000000000e+00  2.85502767906760e-01
1.85000000000000e+00  2.78334498711533e-01
1.87500000000000e+00  2.67936370673343e-01
1.90000000000000e+00  2.54261107698068e-01
1.92500000000000e+00  2.37456291315748e-01
1.95000000000000e+00  2.17608453143128e-01
1.97500000000000e+00  1.94839911501045e-01
2.00000000000000e+00  1.69306952463432e-01
2.02500000000000e+00  1.41198010906323e-01
2.05000000000000e+00  1.10731851556856e-01
2.07500000000000e+00  7.81557500422784e-02
2.10000000000000e+00  4.37436739389504e-02
2.12500000000000e+00  7.79446382135096e-03
2.15000000000000e+00  -2.93699856889182e-02
2.17500000000000e+00  -6.74065448741301e-02
2.20000000000000e+00  -1.05976953808082e-01
2.22500000000000e+00  -1.44691945522752e-01
2.25000000000000e+00  -1.83182230181691e-01
2.27500000000000e+00  -2.21063814235706e-01
2.30000000000000e+00  -2.57950400253618e-01
2.32500000000000e+00  -2.93457169282701e-01
2.35000000000000e+00  -3.27204563209129e-01
2.37500000000000e+00  -3.58822067118412e-01
2.40000000000000e+00  -3.87951991655837e-01
2.42500000000000e+00  -4.14253255386906e-01
2.45000000000000e+00  -4.37405167157783e-01
2.47500000000000e+00  -4.57111208455729e-01
2.50000000000000e+00  -4.73147862314541e-01
2.52500000000000e+00  -4.85212618048250e-01
2.55000000000000e+00  -4.93201292426689e-01
2.57500000000000e+00  -4.96925848281719e-01
2.60000000000000e+00  -4.96267798792171e-01
2.62500000000000e+00  -4.91167566558386e-01
2.65000000000000e+00  -4.81613842676752e-01
2.67500000000000e+00  -4.67639993202553e-01
2.70000000000000e+00  -4.49321996756512e-01
2.72500000000000e+00  -4.26781301162450e-01
2.75000000000000e+00  -4.00184245603474e-01
2.77500000000000e+00  -3.69752124300111e-01
2.80000000000000e+00  -3.35773087552391e-01
2.82500000000000e+00  -2.98525393926931e-01
2.85000000000000e+00  -2.58375032082843e-01
2.87500000000000e+00  -2.15696813124643e-01
2.90000000000000e+00  -1.70906946145011e-01
2.92500000000000e+00  -1.24451047937104e-01
2.95000000000000e+00  -7.67985590210563e-02
2.97500000000000e+00  -2.84371596704750e-02
3.00000000000000e+00  2.01328140610564e-02
3.02500000000000e+00  6.84039543134806e-02
3.05000000000000e+00  1.15867365393766e-01
3.07500000000000e+00  1.62018247749407e-01
3.10000000000000e+00  2.06361481941927e-01
3.12500000000000e+00  2.48463385009353e-01
3.15000000000000e+00  2.87802384943769e-01
3.17500000000000e+00  3.24011966682003e-01
3.20000000000000e+00  3.56675846557821e-01
3.22500000000000e+00  3.85442173453770e-01
3.25000000000000e+00  4.10015784438809e-01
3.27500000000000e+00  4.30150460405931e-01
3.30000000000000e+00  4.45648944368709e-01
3.32500000000000e+00  4.56363332705813e-01
3.35000000000000e+00  4.62201160754831e-01
3.37500000000000e+00  4.63125626674155e-01
3.40000000000000e+00  4.59169187664146e-01
3.42500000000000e+00  4.50449526990504e-01
3.45000000000000e+00  4.37079676816145e-01
3.47500000000000e+00  4.19282419887083e-01
3.50000000000000e+00  3.97460355845557e-01
3.52500000000000e+00  3.71745257378100e-01
3.55000000000000e+00  3.42507268450495e-01
3.57500000000000e+00  3.10230457016626e-01
3.60000000000000e+00  2.75404785989170e-01
3.62500000000000e+00  2.38525114205126e-01
3.65000000000000e+00  2.00064756588260e-01
3.67500000000000e+00  1.60503090608155e-01
3.70000000000000e+00  1.20364232179577e-01
3.72500000000000e+00  8.02740209620990e-02
3.75000000000000e+00  4.07280081599840e-02
3.77500000000000e+00  2.59164831355255e-03
3.80000000000000e+00  -3.41492774549176e-02
3.82500000000000e+00  -6.87577104392691e-02
3.85000000000000e+00  -1.00696950265048e-01
3.87500000000000e+00  -1.29567482448922e-01
3.90000000000000e+00  -1.55043805958095e-01
3.92500000000000e+00  -1.76831150697854e-01
3.95000000000000e+00  -1.94643885749589e-01
3.97500000000000e+00  -2.08223517325247e-01
4.00000000000000e+00  -2.17358434335899e-01
4.02500000000000e+00  -2.21970305944259e-01
4.05000000000000e+00  -2.22209867522078e-01
4.07500000000000e+00  -2.17996974189871e-01
4.10000000000000e+00  -2.09445806247803e-01
4.12500000000000e+00  -1.96758458253609e-01
4.15000000000000e+00  -1.80163637638507e-01
4.17500000000000e+00  -1.59963468149907e-01
4.20000000000000e+00  -1.36520407686264e-01
4.22500000000000e+00  -1.10245006674653e-01
4.25000000000000e+00  -8.15894793518623e-02
4.27500000000000e+00  -5.10408095246672e-02
4.30000000000000e+00  -1.91176355374492e-02
4.32500000000000e+00  1.36314167257083e-02
4.35000000000000e+00  4.66303961358669e-02
4.37500000000000e+00  7.94413522046120e-02
4.40000000000000e+00  1.11271867360301e-01
4.42500000000000e+00  1.41692772221111e-01
4.45000000000000e+00  1.70180156128952e-01
4.47500000000000e+00  1.96226716643282e-01
4.50000000000000e+00  2.19353709560279e-01
4.52500000000000e+00  2.39122898931996e-01
4.55000000000000e+00  2.55147448645900e-01
4.57500000000000e+00  2.67100240054553e-01
4.60000000000000e+00  2.74717625866559e-01
4.62500000000000e+00  2.77802321793175e-01
4.65000000000000e+00  2.76218509537220e-01
4.67500000000000e+00  2.69885965348090e-01
4.70000000000000e+00  2.58802522580092e-01
4.72500000000000e+00  2.43044074691571e-01
4.75000000000000e+00  2.22917506932868e-01
4.77500000000000e+00  1.98430344695956e-01
4.80000000000000e+00  1.69867294738917e-01
4.82500000000000e+00  1.37649401612432e-01
4.85000000000000e+00  1.02215599259716e-01
4.87500000000000e+00  6.40369323827719e-02
4.90000000000000e+00  2.35815267929295e-02
4.92500000000000e+00  -1.86615103532984e-02
4.95000000000000e+00  -6.21485493370402e-02
4.97500000000000e+00  -1.06191455084729e-01
5.00000000000000e+00  -1.50231423394593e-01
5.02500000000000e+00  -1.93382933534104e-01
5.05000000000000e+00  -2.35492249270992e-01
5.07500000000000e+00  -2.75753918625744e-01
5.10000000000000e+00  -3.13531595983866e-01
5.12500000000000e+00  -3.48300890066042e-01
5.15000000000000e+00  -3.79592211898306e-01
5.17500000000000e+00  -4.06968211508237e-01
5.20000000000000e+00  -4.30007200667570e-01
5.22500000000000e+00  -4.48329942261926e-01
5.25000000000000e+00  -4.61591979478042e-01
5.27500000000000e+00  -4.69571342086110e-01
5.30000000000000e+00  -4.72272161561812e-01
5.32500000000000e+00  -4.69484377355700e-01
5.35000000000000e+00  -4.61206562858619e-01
5.37500000000000e+00  -4.47648410951311e-01
5.40000000000000e+00  -4.28790526507065e-01
5.42500000000000e+00  -4.04845803749055e-01
5.45000000000000e+00  -3.76157884755740e-01
5.47500000000000e+00  -3.43112628104074e-01
5.50000000000000e+00  -3.06132283594596e-01
5.52500000000000e+00  -2.65652442239767e-01
5.55000000000000e+00  -2.22140339182073e-01
5.57500000000000e+00  -1.76128430264342e-01
5.60000000000000e+00  -1.28279481366700e-01
5.62500000000000e+00  -7.91792566718261e-02
5.65000000000000e+00  -2.95162332907101e-02
5.67500000000000e+00  2.01374705816429e-02
5.70000000000000e+00  6.91570011644538e-02
5.72500000000000e+00  1.16917434241279e-01
5.75000000000000e+00  1.62807157758199e-01
5.77500000000000e+00  2.06241254422040e-01
5.80000000000000e+00  2.46673010392593e-01
5.82500000000000e+00  2.83603042192357e-01
5.85000000000000e+00  3.16583954759745e-01
5.87500000000000e+00  3.45224699265299e-01
5.90000000000000e+00  3.69186902392768e-01
5.92500000000000e+00  3.88180129248700e-01
5.95000000000000e+00  4.01991046830647e-01
5.97500000000000e+00  4.10490471659495e-01
6.00000000000000e+00  4.13731039318845e-01
6.02500000000000e+00  4.11548085784243e-01
6.05000000000000e+00  4.04007537010046e-01
6.07500000000000e+00  3.91311171906473e-01
6.10000000000000e+00  3.73711104454602e-01
6.12500000000000e+00  3.51489918477733e-01
6.15000000000000e+00  3.24942729498415e-01
6.17500000000000e+00  2.94398362399779e-01
6.20000000000000e+00  2.60261916652223e-01
6.22500000000000e+00  2.23076304481091e-01
6.25000000000000e+00  1.83287010532727e-01
6.27500000000000e+00  1.41811960328930e-01
6.30000000000000e+00  9.86020588112202e-02
6.32500000000000e+00  5.44706227906869e-02
6.35000000000000e+00  1.00669595025343e-02
6.37500000000000e+00  -3.40639229693050e-02
6.40000000000000e+00  -7.74216052675835e-02
6.42500000000000e+00  -1.19510402657386e-01
6.45000000000000e+00  -1.59811184217977e-01
6.47500000000000e+00  -1.97808261319146e-01
6.50000000000000e+00  -2.32990466588311e-01
6.52500000000000e+00  -2.64961462233811e-01
6.55000000000000e+00  -2.93566822544693e-01
6.57500000000000e+00  -3.18370973990229e-01
6.60000000000000e+00  -3.39115169462342e-01
6.62500000000000e+00  -3.55654801747250e-01
6.65000000000000e+00  -3.67838502813015e-01
6.67500000000000e+00  -3.75596093978752e-01
6.70000000000000e+00  -3.78924346277893e-01
6.72500000000000e+00  -3.77874941555260e-01
6.75000000000000e+00  -3.72554815203676e-01
6.77500000000000e+00  -3.63120946984036e-01
6.80000000000000e+00  -3.49780374250391e-01
6.82500000000000e+00  -3.32790346451459e-01
6.85000000000000e+00  -3.12465699370575e-01
6.87500000000000e+00  -2.88995506499594e-01
6.90000000000000e+00  -2.63168424382705e-01
6.92500000000000e+00  -2.35035277357352e-01
6.95000000000000e+00  -2.05080654426006e-01
6.97500000000000e+00  -1.73777180429981e-01
7.00000000000000e+00  -1.41588617221297e-01
7.02500000000000e+00  -1.08972964834522e-01
7.05000000000000e+00  -7.63839882034067e-02
7.07500000000000e+00  -4.42739709828721e-02
7.10000000000000e+00  -1.30858405452488e-02
7.12500000000000e+00  1.67457128637555e-02
7.15000000000000e+00  4.48165474277274e-02
7.17500000000000e+00  7.07791064870903e-02
7.20000000000000e+00  9.42776807936240e-02
7.22500000000000e+00  1.14989626403722e-01
7.25000000000000e+00  1.32671155079910e-01
7.27500000000000e+00  1.47070045501538e-01
7.30000000000000e+00  1.57997289100685e-01
7.32500000000000e+00  1.65316081334491e-01
7.35000000000000e+00  1.68932386415901e-01
7.37500000000000e+00  1.68794803656063e-01
7.40000000000000e+00  1.64891645521453e-01
7.42500000000000e+00  1.57252471522869e-01
7.45000000000000e+00  1.45950894841047e-01
7.47500000000000e+00  1.31112802982391e-01
7.50000000000000e+00  1.12940666004254e-01
7.52500000000000e+00  9.15238329703403e-02
7.55000000000000e+00  6.71717451019399e-02
7.57500000000000e+00  4.01343179993945e-02
7.60000000000000e+00  1.06909439876848e-02
7.62500000000000e+00  -2.08538187771610e-02
7.65000000000000e+00  -5.41745572016785e-02
7.67500000000000e+00  -8.89293141485572e-02
7.70000000000000e+00  -1.24763899330252e-01
7.72500000000000e+00  -1.61316200202578e-01
7.75000000000000e+00  -1.98220492858311e-01
7.77500000000000e+00  -2.35111752920793e-01
7.80000000000000e+00  -2.71629966437528e-01
7.82500000000000e+00  -3.07434919135587e-01
7.85000000000000e+00  -3.42163860217156e-01
7.87500000000000e+00  -3.75510421152545e-01
7.90000000000000e+00  -4.07163702694276e-01
7.92500000000000e+00  -4.36836762582827e-01
7.95000000000000e+00  -4.64267107264529e-01
7.97500000000000e+00  -4.89217183609483e-01
8.00000000000000e+00  -5.11474870629453e-01
8.02500000000000e+00  -5.30853971195782e-01
8.05000000000000e+00  -5.47194703757285e-01
8.07500000000000e+00  -5.60364194058165e-01
8.10000000000000e+00  -5.70256966855910e-01
8.12500000000000e+00  -5.76864952709680e-01
8.15000000000000e+00  -5.80020666862233e-01
8.17500000000000e+00  -5.79828910808986e-01
8.20000000000000e+00  -5.76291901439644e-01
8.22500000000000e+00  -5.69445395790762e-01
8.25000000000000e+00  -5.59355900022995e-01
8.27500000000000e+00  -5.46117878398345e-01
8.30000000000000e+00  -5.29850962257414e-01
8.32500000000000e+00  -5.10697158996639e-01
8.35000000000000e+00  -4.88818061045556e-01
8.37500000000000e+00  -4.64392054844032e-01
8.40000000000000e+00  -4.37611529819524e-01
8.42500000000000e+00  -4.08680087364322e-01
8.45000000000000e+00  -3.77811829613635e-01
8.47500000000000e+00  -3.45237525496528e-01
8.50000000000000e+00  -3.11178783546237e-01
8.52500000000000e+00  -2.75870836575028e-01
8.55000000000000e+00  -2.39548855782092e-01
8.57500000000000e+00  -2.02446930040847e-01
8.60000000000000e+00  -1.64797045186241e-01
8.62500000000000e+00  -1.26828063302034e-01
8.65000000000000e+00  -8.87647020081233e-02
8.67500000000000e+00  -5.08265137478218e-02
8.70000000000000e+00  -1.32268650751686e-02
8.72500000000000e+00  2.38280840577802e-02
8.75000000000000e+00  6.01881031610556e-02
8.77500000000000e+00  9.56244067927852e-02
8.80000000000000e+00  1.30011727980434e-01
8.82500000000000e+00  1.63194512834606e-01
8.85000000000000e+00  1.95033528808556e-01
8.87500000000000e+00  2.25405466481235e-01
8.90000000000000e+00  2.54202541340315e-01
8.92500000000000e+00  2.81332095565233e-01
8.95000000000000e+00  3.06716199810236e-01
8.97500000000000e+00  3.30291254987401e-01
9.00000000000000e+00  3.52007594049695e-01
9.02500000000000e+00  3.71829083773992e-01
9.05000000000000e+00  3.89732726544123e-01
9.07500000000000e+00  4.05708196573157e-01
9.10000000000000e+00  4.19756828492896e-01
9.12500000000000e+00  4.31891005429392e-01
9.15000000000000e+00  4.42134053403101e-01
9.17500000000000e+00  4.50518800074616e-01
9.20000000000000e+00  4.57086881532307e-01
9.22500000000000e+00  4.61888049079971e-01
9.25000000000000e+00  4.64979476024489e-01
9.27500000000000e+00  4.66425064463466e-01
9.30000000000000e+00  4.66294752072889e-01
9.32500000000000e+00  4.64663818894768e-01
9.35000000000000e+00  4.61612194124794e-01
9.37500000000000e+00  4.57211097995997e-01
9.40000000000000e+00  4.51558597467665e-01
9.42500000000000e+00  4.44727752571178e-01
9.45000000000000e+00  4.36806393087198e-01
9.47500000000000e+00  4.27881737492775e-01
9.50000000000000e+00  4.18040030994050e-01
9.52500000000000e+00  4.07366183558974e-01
9.55000000000000e+00  3.95943407950012e-01
9.57500000000000e+00  3.83852857756852e-01
9.60000000000000e+00  3.71173265429119e-01
9.62500000000000e+00  3.57980580309085e-01
9.65000000000000e+00  3.44347606664371e-01
9.67500000000000e+00  3.30343641720668e-01
9.70000000000000e+00  3.16034477609186e-01
9.72500000000000e+00  3.01481976109368e-01
9.75000000000000e+00  2.86743874127439e-01
9.77500000000000e+00  2.71873764754483e-01
9.80000000000000e+00  2.56920811327445e-01
9.82500000000000e+00  2.41929682164946e-01
9.85000000000000e+00  2.26940485303094e-01
9.87500000000000e+00  2.11988703231303e-01
9.90000000000000e+00  1.97105127628093e-01
9.92500000000000e+00  1.82315794096919e-01
9.95000000000000e+00  1.67641916901973e-01
9.97500000000000e+00  1.53099823704003e-01
1.00000000000000e+01  1.38700890296129e-01
