0.00000000000000e+00  -1.56045326907749e-01
2.50000000000000e-02  -1.72142501884662e-01
5.00000000000000e-02  -1.88411735561605e-01
7.50000000000000e-02  -2.04840299997666e-01
1.00000000000000e-01  -2.21410592044526e-01
1.25000000000000e-01  -2.38100144779112e-01
1.50000000000000e-01  -2.54881638936246e-01
1.75000000000000e-01  -2.71722914341299e-01
2.00000000000000e-01  -2.88586981342851e-01
2.25000000000000e-01  -3.05432032245336e-01
2.50000000000000e-01  -3.22211452741705e-01
2.75000000000000e-01  -3.38873833346073e-01
3.00000000000000e-01  -3.55362980826376e-01
3.25000000000000e-01  -3.71618440888983e-01
3.50000000000000e-01  -3.87575279982194e-01
3.75000000000000e-01  -4.03164168184405e-01
4.00000000000000e-01  -4.18312395688846e-01
4.25000000000000e-01  -4.32943363966529e-01
4.50000000000000e-01  -4.46977079970660e-01
4.75000000000000e-01  -4.60330650341041e-01
5.00000000000000e-01  -4.72918775608486e-01
5.25000000000000e-01  -4.84654244399226e-01
5.50000000000000e-01  -4.95448427639322e-01
5.75000000000000e-01  -5.05211772759072e-01
6.00000000000000e-01  -5.13854297897421e-01
6.25000000000000e-01  -5.21285703555764e-01
6.50000000000000e-01  -5.27419182362683e-01
6.75000000000000e-01  -5.32166928029099e-01
7.00000000000000e-01  -5.35445170685342e-01
7.25000000000000e-01  -5.37173509491122e-01
7.50000000000000e-01  -5.37275804842423e-01
7.75000000000000e-01  -5.35681070578395e-01
8.00000000000000e-01  -5.32324366188243e-01
8.25000000000000e-01  -5.27147689018120e-01
8.50000000000000e-01  -5.20100866478017e-01
8.75000000000000e-01  -5.11142448248655e-01
9.00000000000000e-01  -5.00240598488378e-01
9.25000000000000e-01  -4.87373988040042e-01
9.50000000000000e-01  -4.72532423627178e-01
9.75000000000000e-01  -4.55717806359876e-01
1.00000000000000e+00  -4.36945391231163e-01
1.02500000000000e+00  -4.16242481851562e-01
1.05000000000000e+00  -3.93650989514124e-01
1.07500000000000e+00  -3.69227520942883e-01
1.10000000000000e+00  -3.43043466041330e-01
1.12500000000000e+00  -3.15185085640865e-01
1.15000000000000e+00  -2.85753599249267e-01
1.17500000000000e+00  -2.54865272799155e-01
1.20000000000000e+00  -2.22651506396449e-01
1.22500000000000e+00  -1.89258922068836e-01
1.25000000000000e+00  -1.54846012603920e-01
1.27500000000000e+00  -1.19589970118271e-01
1.30000000000000e+00  -8.36807502308198e-02
1.32500000000000e+00  -4.73165952089498e-02
1.35000000000000e+00  -1.07080212076515e-02
1.37500000000000e+00  2.59239767425046e-02
1.40000000000000e+00  6.23497197473753e-02
1.42500000000000e+00  9.83326400612598e-02
1.45000000000000e+00  1.33631076098920e-01
1.47500000000000e+00  1.68000067447586e-01
1.50000000000000e+00  2.01193149878978e-01
1.52500000000000e+00  2.32964150361319e-01
1.55000000000000e+00  2.63068982071347e-01
1.57500000000000e+00  2.91270246041735e-01
1.60000000000000e+00  3.17336360152432e-01
1.62500000000000e+00  3.41046726038962e-01
1.65000000000000e+00  3.62191287724727e-01
1.67500000000000e+00  3.80575092169349e-01
1.70000000000000e+00  3.96020264608456e-01
1.72500000000000e+00  4.08367983893460e-01
1.75000000000000e+00  4.17480457831344e-01
1.77500000000000e+00  4.23242898524441e-01
1.80000000000000e+00  4.25565497710218e-01
1.82500000000000e+00  4.24385402101059e-01
1.85000000000000e+00  4.19668688724045e-01
1.87500000000000e+00  4.11416258183272e-01
1.90000000000000e+00  3.99642886808702e-01
1.92500000000000e+00  3.84419219128047e-01
1.95000000000000e+00  3.65831944043107e-01
1.97500000000000e+00  3.44002918367354e-01
2.00000000000000e+00  3.19087666962027e-01
2.02500000000000e+00  2.91273882872222e-01
2.05000000000000e+00  2.60779927462988e-01
2.07500000000000e+00  2.27853330555418e-01
2.10000000000000e+00  1.92769290562741e-01
2.12500000000000e+00  1.55829174626418e-01
2.15000000000000e+00  1.17359018752230e-01
2.17500000000000e+00  7.77080279463767e-02
2.20000000000000e+00  3.72378291870371e-02
2.22500000000000e+00  -3.66885141880279e-03
2.25000000000000e+00  -4.46213509369307e-02
2.27500000000000e+00  -8.52205788670396e-02
2.30000000000000e+00  -1.25063691083617e-01
2.32500000000000e+00  -1.63748413926087e-01
2.35000000000000e+00  -2.00877368288959e-01
2.37500000000000e+00  -2.36062393711965e-01
2.40000000000000e+00  -2.68928872470206e-01
2.42500000000000e+00  -2.99120053664294e-01
2.45000000000000e+00  -3.26301377310496e-01
2.47500000000000e+00  -3.50164798430877e-01
2.50000000000000e+00  -3.70437215564199e-01
2.52500000000000e+00  -3.86864338928091e-01
2.55000000000000e+00  -3.99255213588123e-01
2.57500000000000e+00  -4.07440002374750e-01
2.60000000000000e+00  -4.11296658506350e-01
2.62500000000000e+00  -4.10751184386071e-01
2.65000000000000e+00  -4.05777890398683e-01
2.67500000000000e+00  -3.96399653707429e-01
2.70000000000000e+00  -3.82688177050873e-01
2.72500000000000e+00  -3.64764247539753e-01
2.75000000000000e+00  -3.42797995453828e-01
2.77500000000000e+00  -3.17009153038731e-01
2.80000000000000e+00  -2.87667313302817e-01
2.82500000000000e+00  -2.55079095065575e-01
2.85000000000000e+00  -2.19597053933802e-01
2.87500000000000e+00  -1.81612328570484e-01
2.90000000000000e+00  -1.41547161270647e-01
2.92500000000000e+00  -9.98546225020614e-02
2.95000000000000e+00  -5.70126064664020e-02
2.97500000000000e+00  -1.35178266604081e-02
3.00000000000000e+00  3.01201885629576e-02
3.02500000000000e+00  7.33851004333496e-02
3.05000000000000e+00  1.15759764201880e-01
3.07500000000000e+00  1.56732233579959e-01
3.10000000000000e+00  1.95801765178135e-01
3.12500000000000e+00  2.32493190432876e-01
3.15000000000000e+00  2.66334799901330e-01
3.17500000000000e+00  2.96917683189314e-01
3.20000000000000e+00  3.23846241660877e-01
3.22500000000000e+00  3.46772084569126e-01
3.25000000000000e+00  3.65396611901275e-01
3.27500000000000e+00  3.79473597223690e-01
3.30000000000000e+00  3.88811770526933e-01
3.32500000000000e+00  3.93277401070813e-01
3.35000000000000e+00  3.92796880229429e-01
3.37500000000000e+00  3.87359304336218e-01
3.40000000000000e+00  3.77019057528998e-01
3.42500000000000e+00  3.61898394595017e-01
3.45000000000000e+00  3.42173519867341e-01
3.47500000000000e+00  3.18087116221943e-01
3.50000000000000e+00  2.89949530583073e-01
3.52500000000000e+00  2.58104020857197e-01
3.55000000000000e+00  2.22957954457331e-01
3.57500000000000e+00  1.84969464066210e-01
3.60000000000000e+00  1.44635105536903e-01
3.62500000000000e+00  1.02483794718087e-01
3.65000000000000e+00  5.90687864778643e-02
3.67500000000000e+00  1.49626650446011e-02
3.70000000000000e+00  -2.92472428598985e-02
3.72500000000000e+00  -7.29620966285754e-02
3.75000000000000e+00  -1.15610410701518e-01
3.77500000000000e+00  -1.56547794212974e-01
3.80000000000000e+00  -1.95300220035762e-01
3.82500000000000e+00  -2.31301058957632e-01
3.85000000000000e+00  -2.64044055881579e-01
3.87500000000000e+00  -2.93079317377406e-01
3.90000000000000e+00  -3.18009299233268e-01
3.92500000000000e+00  -3.38488453144655e-01
3.95000000000000e+00  -3.54224995479650e-01
3.97500000000000e+00  -3.64987478584366e-01
4.00000000000000e+00  -3.70610034109938e-01
4.02500000000000e+00  -3.71006815607695e-01
4.05000000000000e+00  -3.66187856445250e-01
4.07500000000000e+00  -3.56193945722473e-01
4.10000000000000e+00  -3.41157546106522e-01
4.12500000000000e+00  -3.21287035160992e-01
4.15000000000000e+00  -2.96851489893509e-01
4.17500000000000e+00  -2.68189263992651e-01
4.20000000000000e+00  -2.35701032343360e-01
4.22500000000000e+00  -1.99842835542374e-01
4.25000000000000e+00  -1.61119124413643e-01
4.27500000000000e+00  -1.20075804523748e-01
4.30000000000000e+00  -7.72932806973290e-02
4.32500000000000e+00  -3.33795015324999e-02
4.35000000000000e+00  1.10369960837211e-02
4.37500000000000e+00  5.53357641032710e-02
4.40000000000000e+00  9.88426132340483e-02
4.42500000000000e+00  1.40965504146512e-01
4.45000000000000e+00  1.81087803722592e-01
4.47500000000000e+00  2.18625858065324e-01
4.50000000000000e+00  2.53034899080808e-01
4.52500000000000e+00  2.83814951060155e-01
4.55000000000000e+00  3.10516737261427e-01
4.57500000000000e+00  3.32747586491595e-01
4.60000000000000e+00  3.50177339688481e-01
4.62500000000000e+00  3.62544256502706e-01
4.65000000000000e+00  3.69660921879642e-01
4.67500000000000e+00  3.71420152641353e-01
4.70000000000000e+00  3.67782457937166e-01
4.72500000000000e+00  3.58791604932472e-01
4.75000000000000e+00  3.44584976826469e-01
4.77500000000000e+00  3.25339755025817e-01
4.80000000000000e+00  3.01326678883316e-01
4.82500000000000e+00  2.72893240399393e-01
4.85000000000000e+00  2.40448473991638e-01
4.87500000000000e+00  2.04457327433986e-01
4.90000000000000e+00  1.65431749503170e-01
4.92500000000000e+00  1.23926195603467e-01
4.95000000000000e+00  8.05339612696981e-02
4.97500000000000e+00  3.58872798871619e-02
5.00000000000000e+00  -9.37227096535285e-03
5.02500000000000e+00  -5.45593931731922e-02
5.05000000000000e+00  -9.90796761589514e-02
5.07500000000000e+00  -1.42264604942088e-01
5.10000000000000e+00  -1.83483597242938e-01
5.12500000000000e+00  -2.22144705959967e-01
5.15000000000000e+00  -2.57695321647052e-01
5.17500000000000e+00  -2.89626154120415e-01
5.20000000000000e+00  -3.17476019131346e-01
5.22500000000000e+00  -3.40840295942167e-01
5.25000000000000e+00  -3.59376791928281e-01
5.27500000000000e+00  -3.72819552285252e-01
5.30000000000000e+00  -3.80993985571380e-01
5.32500000000000e+00  -3.83769862296409e-01
5.35000000000000e+00  -3.81109352196080e-01
5.37500000000000e+00  -3.73057088233725e-01
5.40000000000000e+00  -3.59726137928134e-01
5.42500000000000e+00  -3.41309822941794e-01
5.45000000000000e+00  -3.18075767885373e-01
5.47500000000000e+00  -2.90359949122203e-01
5.50000000000000e+00  -2.58560743572767e-01
5.52500000000000e+00  -2.23132977519177e-01
5.55000000000000e+00  -1.84581975409665e-01
5.57500000000000e+00  -1.43457608663060e-01
5.60000000000000e+00  -1.00348344473272e-01
5.62500000000000e+00  -5.58551518525397e-02
5.65000000000000e+00  -1.06356513019818e-02
5.67500000000000e+00  3.46946064521164e-02
5.70000000000000e+00  7.94901018453562e-02
5.72500000000000e+00  1.23119273885849e-01
5.75000000000000e+00  1.64971479342405e-01
5.77500000000000e+00  2.04463951932754e-01
5.80000000000000e+00  2.41048761511741e-01
5.82500000000000e+00  2.74219773259526e-01
5.85000000000000e+00  3.03519606869799e-01
5.87500000000000e+00  3.28546595737976e-01
5.90000000000000e+00  3.48961746149406e-01
5.92500000000000e+00  3.64495696467575e-01
5.95000000000000e+00  3.74939825206529e-01
5.97500000000000e+00  3.80161897258195e-01
6.00000000000000e+00  3.80120615158348e-01
6.02500000000000e+00  3.74807219416138e-01
6.05000000000000e+00  3.64308108547901e-01
6.07500000000000e+00  3.48789441000575e-01
6.10000000000000e+00  3.28483109082602e-01
6.12500000000000e+00  3.03681587132632e-01
6.15000000000000e+00  2.74731408160623e-01
6.17500000000000e+00  2.42031252381680e-01
6.20000000000000e+00  2.06032024618998e-01
6.22500000000000e+00  1.67240452346869e-01
6.25000000000000e+00  1.26186448949739e-01
6.27500000000000e+00  8.34567940428900e-02
6.30000000000000e+00  3.95842349433175e-02
6.32500000000000e+00  -4.82205432002029e-03
6.35000000000000e+00  -4.91622943467088e-02
6.37500000000000e+00  -9.28488654941132e-02
6.40000000000000e+00  -1.35309073006644e-01
6.42500000000000e+00  -1.75989484544544e-01
6.45000000000000e+00  -2.14360833659680e-01
6.47500000000000e+00  -2.49926090851669e-01
6.50000000000000e+00  -2.82226610858825e-01
6.52500000000000e+00  -3.10854825647327e-01
6.55000000000000e+00  -3.35467979090607e-01
6.57500000000000e+00  -3.55755320154516e-01
6.60000000000000e+00  -3.71472016744429e-01
6.62500000000000e+00  -3.82442792436181e-01
6.65000000000000e+00  -3.88544562042543e-01
6.67500000000000e+00  -3.89722031231068e-01
6.70000000000000e+00  -3.85985094694205e-01
6.72500000000000e+00  -3.77406234319395e-01
6.75000000000000e+00  -3.64117917359185e-01
6.77500000000000e+00  -3.46309994601325e-01
6.80000000000000e+00  -3.24227098538881e-01
6.82500000000000e+00  -2.98166041540336e-01
6.85000000000000e+00  -2.68473214019694e-01
6.87500000000000e+00  -2.35530651293717e-01
6.90000000000000e+00  -1.99776522680298e-01
6.92500000000000e+00  -1.61650127760253e-01
6.95000000000000e+00  -1.21632658128958e-01
6.97500000000000e+00  -8.02221400404145e-02
7.00000000000000e+00  -3.79274987522822e-02
7.02500000000000e+00  4.73737712912450e-03
7.05000000000000e+00  4.72595713038045e-02
7.07500000000000e+00  8.91330754330683e-02
7.10000000000000e+00  1.29864724794518e-01
7.12500000000000e+00  1.68980133937024e-01
7.15000000000000e+00  2.06029632335727e-01
7.17500000000000e+00  2.40594200047006e-01
7.20000000000000e+00  2.72287149244040e-01
7.22500000000000e+00  3.00758509312140e-01
7.25000000000000e+00  3.25705118225228e-01
7.27500000000000e+00  3.46860609843046e-01
7.30000000000000e+00  3.64008389546747e-01
7.32500000000000e+00  3.76981316774794e-01
7.35000000000000e+00  3.85661387558859e-01
7.37500000000000e+00  3.89979417059717e-01
7.40000000000000e+00  3.89914722103143e-01
7.42500000000000e+00  3.85494803715808e-01
7.45000000000000e+00  3.76795029661176e-01
7.47500000000000e+00  3.63938316975401e-01
7.50000000000000e+00  3.47095617503218e-01
7.52500000000000e+00  3.26462716790571e-01
7.55000000000000e+00  3.02288758528203e-01
7.57500000000000e+00  2.74850460440716e-01
7.60000000000000e+00  2.44455254748538e-01
7.62500000000000e+00  2.11436957202224e-01
7.65000000000000e+00  1.76151436116746e-01
7.67500000000000e+00  1.38972281405792e-01
7.70000000000000e+00  1.00286473616053e-01
7.72500000000000e+00  6.04900529615228e-02
7.75000000000000e+00  1.99837883577961e-02
7.77500000000000e+00  -2.08311535436481e-02
7.80000000000000e+00  -6.15575393211400e-02
7.82500000000000e+00  -1.01807945624456e-01
7.85000000000000e+00  -1.41201408633583e-01
7.87500000000000e+00  -1.79378606234779e-01
7.90000000000000e+00  -2.15993098738299e-01
7.92500000000000e+00  -2.50721748414188e-01
7.95000000000000e+00  -2.83266151874509e-01
7.97500000000000e+00  -3.13354072455587e-01
8.00000000000000e+00  -3.40740872600235e-01
8.02500000000000e+00  -3.65210946239997e-01
8.05000000000000e+00  -3.86579151177374e-01
8.07500000000000e+00  -4.04692241468065e-01
8.10000000000000e+00  -4.19430299803200e-01
8.12500000000000e+00  -4.30709683034596e-01
8.15000000000000e+00  -4.38465098184294e-01
8.17500000000000e+00  -4.42680198727457e-01
8.20000000000000e+00  -4.43359135280546e-01
8.22500000000000e+00  -4.40537176435264e-01
8.25000000000000e+00  -4.34278669345101e-01
8.27500000000000e+00  -4.24675000311885e-01
8.30000000000000e+00  -4.11842555372325e-01
8.32500000000000e+00  -3.95920680884561e-01
8.35000000000000e+00  -3.77069644114711e-01
8.37500000000000e+00  -3.55468593823416e-01
8.40000000000000e+00  -3.31313520852391e-01
8.42500000000000e+00  -3.04815218710970e-01
8.45000000000000e+00  -2.76195423366749e-01
8.47500000000000e+00  -2.45685194997193e-01
8.50000000000000e+00  -2.13523015074989e-01
8.52500000000000e+00  -1.79953107385462e-01
8.55000000000000e+00  -1.45221625947338e-01
8.57500000000000e+00  -1.09574899700006e-01
8.60000000000000e+00  -7.32576771907574e-02
8.62500000000000e+00  -3.65113712620224e-02
8.65000000000000e+00  4.27696261366735e-04
8.67500000000000e+00  3.73300498849416e-02
8.70000000000000e+00  7.39748157573474e-02
8.72500000000000e+00  1.10151476983102e-01
8.75000000000000e+00  1.45668559180351e-01
8.77500000000000e+00  1.80322313452308e-01
8.80000000000000e+00  2.13949525035510e-01
8.82500000000000e+00  2.46388538758926e-01
8.85000000000000e+00  2.77493153605968e-01
8.87500000000000e+00  3.07132504661349e-01
8.90000000000000e+00  3.35190945057908e-01
8.92500000000000e+00  3.61567927923471e-01
8.95000000000000e+00  3.86177888327693e-01
8.97500000000000e+00  4.08950125228893e-01
9.00000000000000e+00  4.29828683420916e-01
9.02500000000000e+00  4.48772235479963e-01
9.05000000000000e+00  4.65753963711441e-01
9.07500000000000e+00  4.80759221712267e-01
9.10000000000000e+00  4.93786580357483e-01
9.12500000000000e+00  5.04846653497741e-01
9.15000000000000e+00  5.13961191980485e-01
9.17500000000000e+00  5.21162392446195e-01
9.20000000000000e+00  5.26492015255680e-01
9.22500000000000e+00  5.30000502417357e-01
9.25000000000000e+00  5.31746095514554e-01
9.27500000000000e+00  5.31793953632786e-01
9.30000000000000e+00  5.30215271287055e-01
9.32500000000000e+00  5.27086396349133e-01
9.35000000000000e+00  5.22487947974854e-01
9.37500000000000e+00  5.16503594695134e-01
9.40000000000000e+00  5.09220832335259e-01
9.42500000000000e+00  5.00727035953582e-01
9.45000000000000e+00  4.91112189891050e-01
9.47500000000000e+00  4.80466291290041e-01
9.50000000000000e+00  4.68878863657421e-01
9.52500000000000e+00  4.56438470427615e-01
9.55000000000000e+00  4.43232228525661e-01
9.57500000000000e+00  4.29345321930275e-01
9.60000000000000e+00  4.14860515236913e-01
9.62500000000000e+00  3.99857667220835e-01
9.65000000000000e+00  3.84413244400161e-01
9.67500000000000e+00  3.68599834598941e-01
9.70000000000000e+00  3.52486620414851e-01
9.72500000000000e+00  3.36138406976752e-01
9.75000000000000e+00  3.19615531635765e-01
9.77500000000000e+00  3.02974065945373e-01
9.80000000000000e+00  2.86265314179183e-01
9.82500000000000e+00  2.69535801127818e-01
9.85000000000000e+00  2.52827259895806e-01
9.87500000000000e+00  2.36176619698471e-01
9.90000000000000e+00  2.19615993658820e-01
9.92500000000000e+00  2.03172666604434e-01
9.95000000000000e+00  1.86869082864363e-01
9.97500000000000e+00  1.70722834066006e-01
1.00000000000000e+01  1.54746646932019e-01
