0.00000000000000e+00  -1.54878371156593e-01
2.50000000000000e-02  -1.70875379700035e-01
5.00000000000000e-02  -1.87044375787758e-01
7.50000000000000e-02  -2.03372740256871e-01
1.00000000000000e-01  -2.19842971220570e-01
1.25000000000000e-01  -2.36432697841998e-01
1.50000000000000e-01  -2.53114694108101e-01
1.75000000000000e-01  -2.69856892603488e-01
2.00000000000000e-01  -2.86622398284292e-01
2.25000000000000e-01  -3.03369502252031e-01
2.50000000000000e-01  -3.20051695527466e-01
2.75000000000000e-01  -3.36617682824460e-01
3.00000000000000e-01  -3.53011396323840e-01
3.25000000000000e-01  -3.69172500998562e-01
3.50000000000000e-01  -3.85036190679828e-01
3.75000000000000e-01  -4.00533277537408e-01
4.00000000000000e-01  -4.15591167562106e-01
4.25000000000000e-01  -4.30133383857075e-01
4.50000000000000e-01  -4.44080050948450e-01
4.75000000000000e-01  -4.57348379095988e-01
5.00000000000000e-01  -4.69853148603704e-01
5.25000000000000e-01  -4.81507194130505e-01
5.50000000000000e-01  -4.92221889000828e-01
5.75000000000000e-01  -5.01907629515278e-01
6.00000000000000e-01  -5.10474319261264e-01
6.25000000000000e-01  -5.17832290601506e-01
6.50000000000000e-01  -5.23893040407772e-01
6.75000000000000e-01  -5.28570041623405e-01
7.00000000000000e-01  -5.31779176019024e-01
7.25000000000000e-01  -5.33439700092452e-01
7.50000000000000e-01  -5.33475130679213e-01
7.75000000000000e-01  -5.31814130563019e-01
8.00000000000000e-01  -5.28391394086261e-01
8.25000000000000e-01  -5.23148532760499e-01
8.50000000000000e-01  -5.16034960876957e-01
8.75000000000000e-01  -5.07008781117008e-01
9.00000000000000e-01  -4.96037670162669e-01
9.25000000000000e-01  -4.83099764307089e-01
9.50000000000000e-01  -4.68184294257628e-01
9.75000000000000e-01  -4.51292536205038e-01
1.00000000000000e+00  -4.32439068347115e-01
1.02500000000000e+00  -4.11650498294552e-01
1.05000000000000e+00  -3.88967998508012e-01
1.07500000000000e+00  -3.64447412015634e-01
1.10000000000000e+00  -3.38159358130549e-01
1.12500000000000e+00  -3.10189338168390e-01
1.15000000000000e+00  -2.80637841164803e-01
1.17500000000000e+00  -2.49620449592961e-01
1.20000000000000e+00  -2.17267945081069e-01
1.22500000000000e+00  -1.83726414129883e-01
1.25000000000000e+00  -1.49149698103216e-01
1.27500000000000e+00  -1.13725972911977e-01
1.30000000000000e+00  -7.76336850864453e-02
1.32500000000000e+00  -4.10718763735619e-02
1.35000000000000e+00  -4.25152888209626e-03
1.37500000000000e+00  3.26061682077270e-02
1.40000000000000e+00  6.92715519345859e-02
1.42500000000000e+00  1.05508218846426e-01
1.45000000000000e+00  1.41074758290828e-01
1.47500000000000e+00  1.75726485705368e-01
1.50000000000000e+00  2.09217175907982e-01
1.52500000000000e+00  2.41300796387333e-01
1.55000000000000e+00  2.71733240593171e-01
1.57500000000000e+00  3.00276548075017e-01
1.60000000000000e+00  3.26699314263271e-01
1.62500000000000e+00  3.50780137102211e-01
1.65000000000000e+00  3.72308367453849e-01
1.67500000000000e+00  3.91088146126917e-01
1.70000000000000e+00  4.06940485894790e-01
1.72500000000000e+00  4.19705353513411e-01
1.75000000000000e+00  4.29243751739212e-01
1.77500000000000e+00  4.35439801347036e-01
1.80000000000000e+00  4.38202823148065e-01
1.82500000000000e+00  4.37469420007737e-01
1.85000000000000e+00  4.33205558863673e-01
1.87500000000000e+00  4.25405656011311e-01
1.90000000000000e+00  4.14089171532871e-01
1.92500000000000e+00  3.99320161367915e-01
1.95000000000000e+00  3.81184137054675e-01
1.97500000000000e+00  3.59801621970466e-01
2.00000000000000e+00  3.35326656858103e-01
2.02500000000000e+00  3.07945305352328e-01
2.05000000000000e+00  2.77874159506229e-01
2.07500000000000e+00  2.45358845317667e-01
2.10000000000000e+00  2.10672528255695e-01
2.12500000000000e+00  1.74114418786984e-01
2.15000000000000e+00  1.36008277902243e-01
2.17500000000000e+00  9.67009226426447e-02
2.20000000000000e+00  5.65586590751322e-02
2.22500000000000e+00  1.59546163419105e-02
2.25000000000000e+00  -2.47186916141362e-02
2.27500000000000e+00  -6.50634620991561e-02
2.30000000000000e+00  -1.04677962242523e-01
2.32500000000000e+00  -1.43160868964527e-01
2.35000000000000e+00  -1.80115608944063e-01
2.37500000000000e+00  -2.15154698586326e-01
2.40000000000000e+00  -2.47904083990493e-01
2.42500000000000e+00  -2.78007480917419e-01
2.45000000000000e+00  -3.05130714757323e-01
2.47500000000000e+00  -3.28966060497484e-01
2.50000000000000e+00  -3.49235870957716e-01
2.52500000000000e+00  -3.65695996204007e-01
2.55000000000000e+00  -3.78145562576680e-01
2.57500000000000e+00  -3.86415017916079e-01
2.60000000000000e+00  -3.90382193645036e-01
2.62500000000000e+00  -3.89972594624443e-01
2.65000000000000e+00  -3.85159689008819e-01
2.67500000000000e+00  -3.75965198101884e-01
2.70000000000000e+00  -3.62459386212126e-01
2.72500000000000e+00  -3.44761350508372e-01
2.75000000000000e+00  -3.23039310875358e-01
2.77500000000000e+00  -2.97510899769298e-01
2.80000000000000e+00  -2.68443452073457e-01
2.82500000000000e+00  -2.36143215522823e-01
2.85000000000000e+00  -2.00960029783223e-01
2.87500000000000e+00  -1.63283289111420e-01
2.90000000000000e+00  -1.23533638015617e-01
2.92500000000000e+00  -8.21627681252271e-02
2.95000000000000e+00  -3.96473306695277e-02
2.97500000000000e+00  3.51715104367197e-03
3.00000000000000e+00  4.68223691493717e-02
3.02500000000000e+00  8.97533187467182e-02
3.05000000000000e+00  1.31794385420344e-01
3.07500000000000e+00  1.72435432761704e-01
3.10000000000000e+00  2.11177889890417e-01
3.12500000000000e+00  2.47535089942821e-01
3.15000000000000e+00  2.81061114738961e-01
3.17500000000000e+00  3.11326753430921e-01
3.20000000000000e+00  3.37939194694684e-01
3.22500000000000e+00  3.60551852456088e-01
3.25000000000000e+00  3.78867108508319e-01
3.27500000000000e+00  3.92639055129396e-01
3.30000000000000e+00  4.01676237699659e-01
3.32500000000000e+00  4.05844397319263e-01
3.35000000000000e+00  4.05069213425662e-01
3.37500000000000e+00  3.99339046411100e-01
3.40000000000000e+00  3.88707680240100e-01
3.42500000000000e+00  3.73297065066953e-01
3.45000000000000e+00  3.53283595300042e-01
3.47500000000000e+00  3.28909840234384e-01
3.50000000000000e+00  3.00478697289086e-01
3.52500000000000e+00  2.68343447807452e-01
3.55000000000000e+00  2.32911507871787e-01
3.57500000000000e+00  1.94637585656864e-01
3.60000000000000e+00  1.54016838783378e-01
3.62500000000000e+00  1.11578031671405e-01
3.65000000000000e+00  6.78766928938672e-02
3.67500000000000e+00  2.34882725299854e-02
3.70000000000000e+00  -2.09987004812572e-02
3.72500000000000e+00  -6.49894609876569e-02
3.75000000000000e+00  -1.07885656104162e-01
3.77500000000000e+00  -1.49121664220968e-01
3.80000000000000e+00  -1.88129890705534e-01
3.82500000000000e+00  -2.24373681202739e-01
3.85000000000000e+00  -2.57355748128219e-01
3.87500000000000e+00  -2.86622943619113e-01
3.90000000000000e+00  -3.11771032484807e-01
3.92500000000000e+00  -3.32449465157689e-01
3.95000000000000e+00  -3.48366150643891e-01
3.97500000000000e+00  -3.59292229474040e-01
4.00000000000000e+00  -3.65066846654002e-01
4.02500000000000e+00  -3.65601924615634e-01
4.05000000000000e+00  -3.60886936167528e-01
4.07500000000000e+00  -3.50975636504870e-01
4.10000000000000e+00  -3.36000176909485e-01
4.12500000000000e+00  -3.16166972504184e-01
4.15000000000000e+00  -2.91744327098277e-01
4.17500000000000e+00  -2.63070720981170e-01
4.20000000000000e+00  -2.30547555366538e-01
4.22500000000000e+00  -1.94631896836507e-01
4.25000000000000e+00  -1.55829221785835e-01
4.27500000000000e+00  -1.14686160866078e-01
4.30000000000000e+00  -7.17832434297836e-02
4.32500000000000e+00  -2.77276419746558e-02
4.35000000000000e+00  1.68540834122545e-02
4.37500000000000e+00  6.13075943967307e-02
4.40000000000000e+00  1.05021508020763e-01
4.42500000000000e+00  1.47350952090517e-01
4.45000000000000e+00  1.87682383619087e-01
4.47500000000000e+00  2.25433222407010e-01
4.50000000000000e+00  2.60058103653170e-01
4.52500000000000e+00  2.91055130565708e-01
4.55000000000000e+00  3.17972126972914e-01
4.57500000000000e+00  3.40412889934141e-01
4.60000000000000e+00  3.58043442350704e-01
4.62500000000000e+00  3.70598285576782e-01
4.65000000000000e+00  3.77886652030325e-01
4.67500000000000e+00  3.79798757803955e-01
4.70000000000000e+00  3.76292380907193e-01
4.72500000000000e+00  3.67410387236819e-01
4.75000000000000e+00  3.53274156747865e-01
4.77500000000000e+00  3.34074531102708e-01
4.80000000000000e+00  3.10080669899839e-01
4.82500000000000e+00  2.81633126078794e-01
4.85000000000000e+00  2.49136921325081e-01
4.87500000000000e+00  2.13054621475123e-01
4.90000000000000e+00  1.73899411921178e-01
4.92500000000000e+00  1.32228173016277e-01
4.95000000000000e+00  8.86345554791584e-02
4.97500000000000e+00  4.37420557991918e-02
5.00000000000000e+00  -1.78846144820087e-03
5.02500000000000e+00  -4.73264939787263e-02
5.05000000000000e+00  -9.22107134940997e-02
5.07500000000000e+00  -1.35793319766425e-01
5.10000000000000e+00  -1.77449788289557e-01
5.12500000000000e+00  -2.16585747138762e-01
5.15000000000000e+00  -2.52643853830416e-01
5.17500000000000e+00  -2.85110672181672e-01
5.20000000000000e+00  -3.13523549170136e-01
5.22500000000000e+00  -3.37477491793558e-01
5.25000000000000e+00  -3.56632043929494e-01
5.27500000000000e+00  -3.70718163195001e-01
5.30000000000000e+00  -3.79545097806302e-01
5.32500000000000e+00  -3.82990261262139e-01
5.35000000000000e+00  -3.81012410369074e-01
5.37500000000000e+00  -3.73646619464584e-01
5.40000000000000e+00  -3.61011621949489e-01
5.42500000000000e+00  -3.43298417599208e-01
5.45000000000000e+00  -3.20769441402337e-01
5.47500000000000e+00  -2.93756994521047e-01
5.50000000000000e+00  -2.62656971578207e-01
5.52500000000000e+00  -2.27923574175867e-01
5.55000000000000e+00  -1.90061655533427e-01
5.57500000000000e+00  -1.49618274346571e-01
5.60000000000000e+00  -1.07172566224767e-01
5.62500000000000e+00  -6.33500768577947e-02
5.65000000000000e+00  -1.87545483664187e-02
5.67500000000000e+00  2.59560414564564e-02
5.70000000000000e+00  7.01422389660575e-02
5.72500000000000e+00  1.13176723615544e-01
5.75000000000000e+00  1.54451566768815e-01
5.77500000000000e+00  1.93385490513345e-01
5.80000000000000e+00  2.29431126472995e-01
5.82500000000000e+00  2.62082274620833e-01
5.85000000000000e+00  2.90881162091964e-01
5.87500000000000e+00  3.15425701996339e-01
5.90000000000000e+00  3.35376752231588e-01
5.92500000000000e+00  3.50465374295831e-01
5.95000000000000e+00  3.60483637533910e-01
5.97500000000000e+00  3.65299869826156e-01
6.00000000000000e+00  3.64858829338172e-01
6.02500000000000e+00  3.59170496651067e-01
6.05000000000000e+00  3.48322434781972e-01
6.07500000000000e+00  3.32475022035846e-01
6.10000000000000e+00  3.11856684857284e-01
6.12500000000000e+00  2.86759130682339e-01
6.15000000000000e+00  2.57532580790317e-01
6.17500000000000e+00  2.24581003155601e-01
6.20000000000000e+00  1.88357345299457e-01
6.22500000000000e+00  1.49358767141842e-01
6.25000000000000e+00  1.08127096318572e-01
6.27500000000000e+00  6.52148585405284e-02
6.30000000000000e+00  2.12022635022067e-02
6.32500000000000e+00  -2.33164697015153e-02
6.35000000000000e+00  -6.77464057815748e-02
6.37500000000000e+00  -1.11498744855307e-01
6.40000000000000e+00  -1.53997674047057e-01
6.42500000000000e+00  -1.94687219088757e-01
6.45000000000000e+00  -2.33038095920540e-01
6.47500000000000e+00  -2.68554562291328e-01
6.50000000000000e+00  -3.00781269359420e-01
6.52500000000000e+00  -3.29310113293103e-01
6.55000000000000e+00  -3.53787086871235e-01
6.57500000000000e+00  -3.73908538002865e-01
6.60000000000000e+00  -3.89431154722308e-01
6.62500000000000e+00  -4.00177648807444e-01
6.65000000000000e+00  -4.06025437327026e-01
6.67500000000000e+00  -4.06920021671580e-01
6.70000000000000e+00  -4.02872279160015e-01
6.72500000000000e+00  -3.93955754646232e-01
6.75000000000000e+00  -3.80303952125730e-01
6.77500000000000e+00  -3.62107626342216e-01
6.80000000000000e+00  -3.39612074394213e-01
6.82500000000000e+00  -3.13114427341669e-01
6.85000000000000e+00  -2.82960941812563e-01
6.87500000000000e+00  -2.49548155476116e-01
6.90000000000000e+00  -2.13288931446653e-01
6.92500000000000e+00  -1.74645997801994e-01
6.95000000000000e+00  -1.34099807453960e-01
6.97500000000000e+00  -9.21485442681676e-02
7.00000000000000e+00  -4.93020342017167e-02
7.02500000000000e+00  -6.07565644084909e-03
7.05000000000000e+00  3.70157454613612e-02
7.07500000000000e+00  7.94639524473471e-02
7.10000000000000e+00  1.20773458817368e-01
7.12500000000000e+00  1.60467561091830e-01
7.15000000000000e+00  1.98094446873624e-01
7.17500000000000e+00  2.33233283710438e-01
7.20000000000000e+00  2.65494970011434e-01
7.22500000000000e+00  2.94528806120542e-01
7.25000000000000e+00  3.20028917173593e-01
7.27500000000000e+00  3.41727702472529e-01
7.30000000000000e+00  3.59407285416055e-01
7.32500000000000e+00  3.72899215590758e-01
7.35000000000000e+00  3.82084170862253e-01
7.37500000000000e+00  3.86891659466306e-01
7.40000000000000e+00  3.87299722099973e-01
7.42500000000000e+00  3.83334634012727e-01
7.45000000000000e+00  3.75070607097594e-01
7.47500000000000e+00  3.62629491982284e-01
7.50000000000000e+00  3.46182460982922e-01
7.52500000000000e+00  3.25924999435930e-01
7.55000000000000e+00  3.02105889389487e-01
7.57500000000000e+00  2.75001552752952e-01
7.60000000000000e+00  2.44919310396576e-01
7.62500000000000e+00  2.12193027971304e-01
7.65000000000000e+00  1.77178761728558e-01
7.67500000000000e+00  1.40250404340037e-01
7.70000000000000e+00  1.01795330717504e-01
7.72500000000000e+00  6.22100438325815e-02
7.75000000000000e+00  2.18958205365476e-02
7.77500000000000e+00  -1.87456426198806e-02
7.80000000000000e+00  -5.93165835667431e-02
7.82500000000000e+00  -9.94266006749585e-02
7.85000000000000e+00  -1.38697390680517e-01
7.87500000000000e+00  -1.76766863237897e-01
7.90000000000000e+00  -2.13287746378147e-01
7.92500000000000e+00  -2.47936047203605e-01
7.95000000000000e+00  -2.80412486701258e-01
7.97500000000000e+00  -3.10443934556118e-01
8.00000000000000e+00  -3.37784843964569e-01
8.02500000000000e+00  -3.62218686447745e-01
8.05000000000000e+00  -3.83559386664880e-01
8.07500000000000e+00  -4.01652757226679e-01
8.10000000000000e+00  -4.16377933508683e-01
8.12500000000000e+00  -4.27653916230323e-01
8.15000000000000e+00  -4.35404692865694e-01
8.17500000000000e+00  -4.39622520992027e-01
8.20000000000000e+00  -4.40309617128148e-01
8.22500000000000e+00  -4.37499771190589e-01
8.25000000000000e+00  -4.31256243446381e-01
8.27500000000000e+00  -4.21669661465850e-01
8.30000000000000e+00  -4.08855917075414e-01
8.32500000000000e+00  -3.92954063310372e-01
8.35000000000000e+00  -3.74124211367707e-01
8.37500000000000e+00  -3.52545427558870e-01
8.40000000000000e+00  -3.28413630262587e-01
8.42500000000000e+00  -3.01939486877643e-01
8.45000000000000e+00  -2.73344475095114e-01
8.47500000000000e+00  -2.42860041483190e-01
8.50000000000000e+00  -2.10724170693584e-01
8.52500000000000e+00  -1.77181018301464e-01
8.55000000000000e+00  -1.42476649519963e-01
8.57500000000000e+00  -1.06857318755171e-01
8.60000000000000e+00  -7.05677491611090e-02
8.62500000000000e+00  -3.38494121946959e-02
8.65000000000000e+00  3.06119282925268e-03
8.67500000000000e+00  3.99342591830602e-02
8.70000000000000e+00  7.65483931712054e-02
8.72500000000000e+00  1.12692334575350e-01
8.75000000000000e+00  1.48175357051771e-01
8.77500000000000e+00  1.82795111064631e-01
8.80000000000000e+00  2.16386938907213e-01
8.82500000000000e+00  2.48789139597082e-01
8.85000000000000e+00  2.79855461651474e-01
8.87500000000000e+00  3.09454991082519e-01
8.90000000000000e+00  3.37472039392432e-01
8.92500000000000e+00  3.63806031568736e-01
8.95000000000000e+00  3.88371394079468e-01
8.97500000000000e+00  4.11097442868385e-01
9.00000000000000e+00  4.31928271350183e-01
9.02500000000000e+00  4.50822638405696e-01
9.05000000000000e+00  4.67753856377110e-01
9.07500000000000e+00  4.82707305467112e-01
9.10000000000000e+00  4.95681652725932e-01
9.12500000000000e+00  5.06687609313460e-01
9.15000000000000e+00  5.15747002810411e-01
9.17500000000000e+00  5.22892119881977e-01
9.20000000000000e+00  5.28164824977299e-01
9.22500000000000e+00  5.31615679028941e-01
9.25000000000000e+00  5.33303058152363e-01
9.27500000000000e+00  5.33292272345390e-01
9.30000000000000e+00  5.31654684187690e-01
9.32500000000000e+00  5.28466827540241e-01
9.35000000000000e+00  5.23809526244805e-01
9.37500000000000e+00  5.17766262830273e-01
9.40000000000000e+00  5.10425192472250e-01
9.42500000000000e+00  5.01873349514728e-01
9.45000000000000e+00  4.92200919894697e-01
9.47500000000000e+00  4.81498076106048e-01
9.50000000000000e+00  4.69854494048482e-01
9.52500000000000e+00  4.57358869876413e-01
9.55000000000000e+00  4.44098436847873e-01
9.57500000000000e+00  4.30158482173419e-01
9.60000000000000e+00  4.15621863865035e-01
9.62500000000000e+00  4.00568527585040e-01
9.65000000000000e+00  3.85075023494987e-01
9.67500000000000e+00  3.69214023104580e-01
9.70000000000000e+00  3.53054785845365e-01
9.72500000000000e+00  3.36662193368898e-01
9.75000000000000e+00  3.20096656176157e-01
9.77500000000000e+00  3.03414315109148e-01
9.80000000000000e+00  2.86666536978008e-01
9.82500000000000e+00  2.69899899790671e-01
9.85000000000000e+00  2.53156177982535e-01
9.87500000000000e+00  2.36472327646127e-01
9.90000000000000e+00  2.19880471760766e-01
9.92500000000000e+00  2.03407885422240e-01
9.95000000000000e+00  1.87076981072462e-01
9.97500000000000e+00  1.70905293729140e-01
1.00000000000000e+01  1.54905466215453e-01
