0.00000000000000e+00  -1.54977843091382e-01
2.50000000000000e-02  -1.70986410932808e-01
5.00000000000000e-02  -1.87167356495899e-01
7.50000000000000e-02  -2.03508044884490e-01
1.00000000000000e-01  -2.19990977222106e-01
1.25000000000000e-01  -2.36593801640924e-01
1.50000000000000e-01  -2.53289324270740e-01
1.75000000000000e-01  -2.70045520227939e-01
2.00000000000000e-01  -2.86825544604465e-01
2.25000000000000e-01  -3.03587743456786e-01
2.50000000000000e-01  -3.20285664794869e-01
2.75000000000000e-01  -3.36868069571142e-01
3.00000000000000e-01  -3.53278942669465e-01
3.25000000000000e-01  -3.69457999718593e-01
3.50000000000000e-01  -3.85340478955745e-01
3.75000000000000e-01  -4.00857227743851e-01
4.00000000000000e-01  -4.15935689946026e-01
4.25000000000000e-01  -4.30499417920426e-01
4.50000000000000e-01  -4.44468561198148e-01
4.75000000000000e-01  -4.57760355161120e-01
5.00000000000000e-01  -4.70289609719998e-01
5.25000000000000e-01  -4.81969197992064e-01
5.50000000000000e-01  -4.92710544979116e-01
5.75000000000000e-01  -5.02424116245372e-01
6.00000000000000e-01  -5.11019906595357e-01
6.25000000000000e-01  -5.18407915776535e-01
6.50000000000000e-01  -5.24500428314908e-01
6.75000000000000e-01  -5.29210263310868e-01
7.00000000000000e-01  -5.32453416994011e-01
7.25000000000000e-01  -5.34149236768690e-01
7.50000000000000e-01  -5.34221309492124e-01
7.75000000000000e-01  -5.32598349752505e-01
8.00000000000000e-01  -5.29215088147099e-01
8.25000000000000e-01  -5.24013159560356e-01
8.50000000000000e-01  -5.16941991442009e-01
8.75000000000000e-01  -5.07959692085185e-01
9.00000000000000e-01  -4.97033938904507e-01
9.25000000000000e-01  -4.84142866714202e-01
9.50000000000000e-01  -4.69275719448431e-01
9.75000000000000e-01  -4.52433789927316e-01
1.00000000000000e+00  -4.33631674729840e-01
1.02500000000000e+00  -4.12896014139421e-01
1.05000000000000e+00  -3.90268016916499e-01
1.07500000000000e+00  -3.65803561184564e-01
1.10000000000000e+00  -3.39573295316201e-01
1.12500000000000e+00  -3.11662738819109e-01
1.15000000000000e+00  -2.82172383222146e-01
1.17500000000000e+00  -2.51217792961356e-01
1.20000000000000e+00  -2.18929706266001e-01
1.22500000000000e+00  -1.85454136044599e-01
1.25000000000000e+00  -1.50947393674358e-01
1.27500000000000e+00  -1.15590241864112e-01
1.30000000000000e+00  -7.95681395210653e-02
1.32500000000000e+00  -4.30792613811782e-02
1.35000000000000e+00  -6.33397006165338e-03
1.37500000000000e+00  3.04469522919987e-02
1.40000000000000e+00  6.70340723588779e-02
1.42500000000000e+00  1.03191073995619e-01
1.45000000000000e+00  1.38676526589323e-01
1.47500000000000e+00  1.73245653410470e-01
1.50000000000000e+00  2.06652099965854e-01
1.52500000000000e+00  2.38649702351501e-01
1.55000000000000e+00  2.68994255605596e-01
1.57500000000000e+00  2.97447727530804e-01
1.60000000000000e+00  3.23778700452044e-01
1.62500000000000e+00  3.47765883073220e-01
1.65000000000000e+00  3.69198667122535e-01
1.67500000000000e+00  3.87881352166994e-01
1.70000000000000e+00  4.03635165274215e-01
1.72500000000000e+00  4.16300280674242e-01
1.75000000000000e+00  4.25737839421364e-01
1.77500000000000e+00  4.31831969055919e-01
1.80000000000000e+00  4.34491803266114e-01
1.82500000000000e+00  4.33653501549838e-01
1.85000000000000e+00  4.29282268876470e-01
1.87500000000000e+00  4.21375437332680e-01
1.90000000000000e+00  4.09949683014185e-01
1.92500000000000e+00  3.95071347525842e-01
1.95000000000000e+00  3.76825910554663e-01
1.97500000000000e+00  3.55333909435462e-01
2.00000000000000e+00  3.30749460264864e-01
2.02500000000000e+00  3.03258779015315e-01
2.05000000000000e+00  2.73078702649087e-01
2.07500000000000e+00  2.40455210232291e-01
2.10000000000000e+00  2.05661944048881e-01
2.12500000000000e+00  1.68998730714665e-01
2.15000000000000e+00  1.30790102291315e-01
2.17500000000000e+00  9.13838174003733e-02
2.20000000000000e+00  5.11423767125305e-02
2.22500000000000e+00  1.04448514866610e-02
2.25000000000000e+00  -3.03179246632436e-02
2.27500000000000e+00  -7.07476179839654e-02
2.30000000000000e+00  -1.10441963961253e-01
2.32500000000000e+00  -1.48999105316054e-01
2.35000000000000e+00  -1.86021930000748e-01
2.37500000000000e+00  -2.21122409195374e-01
2.40000000000000e+00  -2.53925935303868e-01
2.42500000000000e+00  -2.84075659950288e-01
2.45000000000000e+00  -3.11236831975049e-01
2.47500000000000e+00  -3.35101135431154e-01
2.50000000000000e+00  -3.55393745960493e-01
2.52500000000000e+00  -3.71861264217998e-01
2.55000000000000e+00  -3.84310563228880e-01
2.57500000000000e+00  -3.92570931975886e-01
2.60000000000000e+00  -3.96519334875939e-01
2.62500000000000e+00  -3.96080681809155e-01
2.65000000000000e+00  -3.91228098147866e-01
2.67500000000000e+00  -3.81983194785639e-01
2.70000000000000e+00  -3.68416338166300e-01
2.72500000000000e+00  -3.50646920312947e-01
2.75000000000000e+00  -3.28843628856980e-01
2.77500000000000e+00  -3.03224717067111e-01
2.80000000000000e+00  -2.74058273878394e-01
2.82500000000000e+00  -2.41650733286968e-01
2.85000000000000e+00  -2.06352791388986e-01
2.87500000000000e+00  -1.68554378479077e-01
2.90000000000000e+00  -1.28676706245829e-01
2.92500000000000e+00  -8.71719776687975e-02
2.95000000000000e+00  -4.45173567890125e-02
2.97500000000000e+00  -1.20893847948117e-03
3.00000000000000e+00  4.22442817843065e-02
3.02500000000000e+00  8.53264381538734e-02
3.05000000000000e+00  1.27520824637250e-01
3.07500000000000e+00  1.68315925328471e-01
3.10000000000000e+00  2.07211444637070e-01
3.12500000000000e+00  2.43728131189256e-01
3.15000000000000e+00  2.77401261989877e-01
3.17500000000000e+00  3.07817001621900e-01
3.20000000000000e+00  3.34579811980103e-01
3.22500000000000e+00  3.57341149223454e-01
3.25000000000000e+00  3.75802085860619e-01
3.27500000000000e+00  3.89715932835463e-01
3.30000000000000e+00  3.98890861612561e-01
3.32500000000000e+00  4.03192526262697e-01
3.35000000000000e+00  4.02546685548376e-01
3.37500000000000e+00  3.96941825009324e-01
3.40000000000000e+00  3.86431779047996e-01
3.42500000000000e+00  3.71138353015079e-01
3.45000000000000e+00  3.51238458370281e-01
3.47500000000000e+00  3.26974049508580e-01
3.50000000000000e+00  2.98648173014472e-01
3.52500000000000e+00  2.66613941564324e-01
3.55000000000000e+00  2.31278620679817e-01
3.57500000000000e+00  1.93096809811611e-01
3.60000000000000e+00  1.52563623423009e-01
3.62500000000000e+00  1.10207872073628e-01
3.65000000000000e+00  6.65852435030559e-02
3.67500000000000e+00  2.22714837145267e-02
3.70000000000000e+00  -2.21444219414212e-02
3.72500000000000e+00  -6.60670676832760e-02
3.75000000000000e+00  -1.08907003726731e-01
3.77500000000000e+00  -1.50077355120140e-01
3.80000000000000e+00  -1.89029391379926e-01
3.82500000000000e+00  -2.25224289031166e-01
3.85000000000000e+00  -2.58163258471326e-01
3.87500000000000e+00  -2.87392223320595e-01
3.90000000000000e+00  -3.12506499772207e-01
3.92500000000000e+00  -3.33155475942769e-01
3.95000000000000e+00  -3.49047291222592e-01
3.97500000000000e+00  -3.59953515626020e-01
4.00000000000000e+00  -3.65713829141754e-01
4.02500000000000e+00  -3.66240701083182e-01
4.05000000000000e+00  -3.61524069438705e-01
4.07500000000000e+00  -3.51618297631825e-01
4.10000000000000e+00  -3.36655153819836e-01
4.12500000000000e+00  -3.16841404130979e-01
4.15000000000000e+00  -2.92445352810434e-01
4.17500000000000e+00  -2.63805179942304e-01
4.20000000000000e+00  -2.31321853399502e-01
4.22500000000000e+00  -1.95452040793635e-01
4.25000000000000e+00  -1.56701021424891e-01
4.27500000000000e+00  -1.15615598231918e-01
4.30000000000000e+00  -7.27770097417186e-02
4.32500000000000e+00  -2.87938420195248e-02
4.35000000000000e+00  1.57050593813048e-02
4.37500000000000e+00  6.00788278011923e-02
4.40000000000000e+00  1.03689950027679e-01
4.42500000000000e+00  1.45917229747679e-01
4.45000000000000e+00  1.86144160817923e-01
4.47500000000000e+00  2.23786272994869e-01
4.50000000000000e+00  2.58297221264929e-01
4.52500000000000e+00  2.89174875174679e-01
4.55000000000000e+00  3.15967408161075e-01
4.57500000000000e+00  3.38279386881674e-01
4.60000000000000e+00  3.55777860544847e-01
4.62500000000000e+00  3.68198450239994e-01
4.65000000000000e+00  3.75351438267768e-01
4.67500000000000e+00  3.77127857470280e-01
4.70000000000000e+00  3.73486942003661e-01
4.72500000000000e+00  3.64470632409483e-01
4.75000000000000e+00  3.50202679337604e-01
4.77500000000000e+00  3.30874295052150e-01
4.80000000000000e+00  3.06754938611221e-01
4.82500000000000e+00  2.78185507043364e-01
4.85000000000000e+00  2.45571526524039e-01
4.87500000000000e+00  2.09376343552093e-01
4.90000000000000e+00  1.70114316126227e-01
4.92500000000000e+00  1.28344004921470e-01
4.95000000000000e+00  8.46613644656536e-02
4.97500000000000e+00  3.96929343158702e-02
5.00000000000000e+00  -5.91472951415227e-03
5.02500000000000e+00  -5.15063654301088e-02
5.05000000000000e+00  -9.64378746904381e-02
5.07500000000000e+00  -1.40059134471463e-01
5.10000000000000e+00  -1.81743939063416e-01
5.12500000000000e+00  -2.20896802733580e-01
5.15000000000000e+00  -2.56959762589457e-01
5.17500000000000e+00  -2.89419181441913e-01
5.20000000000000e+00  -3.17812550668331e-01
5.22500000000000e+00  -3.41735293075775e-01
5.25000000000000e+00  -3.60847565764132e-01
5.27500000000000e+00  -3.74881062989274e-01
5.30000000000000e+00  -3.83645819026209e-01
5.32500000000000e+00  -3.87019417536777e-01
5.35000000000000e+00  -3.84961307952561e-01
5.37500000000000e+00  -3.77513744522349e-01
5.40000000000000e+00  -3.64787210180979e-01
5.42500000000000e+00  -3.46972987703320e-01
5.45000000000000e+00  -3.24337060262162e-01
5.47500000000000e+00  -2.97214011986100e-01
5.50000000000000e+00  -2.66000928517433e-01
5.52500000000000e+00  -2.31151297570040e-01
5.55000000000000e+00  -1.93168909487281e-01
5.57500000000000e+00  -1.52601757799876e-01
5.60000000000000e+00  -1.10035939783799e-01
5.62500000000000e+00  -6.60882320178504e-02
5.65000000000000e+00  -2.13852127949148e-02
5.67500000000000e+00  2.34379363233912e-02
5.70000000000000e+00  6.77377326605487e-02
5.72500000000000e+00  1.10883951147917e-01
5.75000000000000e+00  1.52266714121114e-01
5.77500000000000e+00  1.91303581116429e-01
5.80000000000000e+00  2.27446638667204e-01
5.82500000000000e+00  2.60189590100234e-01
5.85000000000000e+00  2.89074845332164e-01
5.87500000000000e+00  3.13700610665882e-01
5.90000000000000e+00  3.33727978586915e-01
5.92500000000000e+00  3.48888017559824e-01
5.95000000000000e+00  3.58973385966931e-01
5.97500000000000e+00  3.63851812204187e-01
6.00000000000000e+00  3.63468663759829e-01
6.02500000000000e+00  3.57833719584192e-01
6.05000000000000e+00  3.47034314205931e-01
6.07500000000000e+00  3.31230655493479e-01
6.10000000000000e+00  3.10651142416497e-01
6.12500000000000e+00  2.85587682807332e-01
6.15000000000000e+00  2.56391011122466e-01
6.17500000000000e+00  2.23466006203976e-01
6.20000000000000e+00  1.87267009040984e-01
6.22500000000000e+00  1.48293140531111e-01
6.25000000000000e+00  1.07078670890871e-01
6.27500000000000e+00  6.41871511401841e-02
6.30000000000000e+00  2.01912472974194e-02
6.32500000000000e+00  -2.43138372601963e-02
6.35000000000000e+00  -6.87323964386710e-02
6.37500000000000e+00  -1.12475054212458e-01
6.40000000000000e+00  -1.54965597409698e-01
6.42500000000000e+00  -1.95647808497425e-01
6.45000000000000e+00  -2.33992298366808e-01
6.47500000000000e+00  -2.69503339118365e-01
6.50000000000000e+00  -3.01725696847189e-01
6.52500000000000e+00  -3.30251464428179e-01
6.55000000000000e+00  -3.54726894301256e-01
6.57500000000000e+00  -3.74848261346710e-01
6.60000000000000e+00  -3.90372944917420e-01
6.62500000000000e+00  -4.01123397921305e-01
6.65000000000000e+00  -4.06977108928248e-01
6.67500000000000e+00  -4.07879559932083e-01
6.70000000000000e+00  -4.03841583513969e-01
6.72500000000000e+00  -3.94936720005748e-01
6.75000000000000e+00  -3.81298574653320e-01
6.77500000000000e+00  -3.63118174779999e-01
6.80000000000000e+00  -3.40641326949891e-01
6.82500000000000e+00  -3.14165974131249e-01
6.85000000000000e+00  -2.84039552859848e-01
6.87500000000000e+00  -2.50655167879494e-01
6.90000000000000e+00  -2.14431682618306e-01
6.92500000000000e+00  -1.75826462152018e-01
6.95000000000000e+00  -1.35320956215535e-01
6.97500000000000e+00  -9.34140531967287e-02
7.00000000000000e+00  -5.06160227466062e-02
7.02500000000000e+00  -7.44245838946665e-03
7.05000000000000e+00  3.55917798669210e-02
7.07500000000000e+00  7.79786229211663e-02
7.10000000000000e+00  1.19222849968086e-01
7.12500000000000e+00  1.58848145888535e-01
7.15000000000000e+00  1.96403158639251e-01
7.17500000000000e+00  2.31467556642681e-01
7.20000000000000e+00  2.63652201345654e-01
7.22500000000000e+00  2.92607227710631e-01
7.25000000000000e+00  3.18027063895846e-01
7.27500000000000e+00  3.39644399421520e-01
7.30000000000000e+00  3.57241749524176e-01
7.32500000000000e+00  3.70651151691850e-01
7.35000000000000e+00  3.79753862199303e-01
7.37500000000000e+00  3.84480052643228e-01
7.40000000000000e+00  3.84808506477457e-01
7.42500000000000e+00  3.80766315548175e-01
7.45000000000000e+00  3.72428576629125e-01
7.47500000000000e+00  3.59918087956816e-01
7.50000000000000e+00  3.43404907717982e-01
7.52500000000000e+00  3.23087472885326e-01
7.55000000000000e+00  2.99213259467120e-01
7.57500000000000e+00  2.72059396374975e-01
7.60000000000000e+00  2.41933788949570e-01
7.62500000000000e+00  2.09170772377600e-01
7.65000000000000e+00  1.74126765108688e-01
7.67500000000000e+00  1.37175922272331e-01
7.70000000000000e+00  9.87057890948201e-02
7.72500000000000e+00  5.91129543161744e-02
7.75000000000000e+00  1.87987036070774e-02
7.77500000000000e+00  -2.18353270142045e-02
7.80000000000000e+00  -6.23914977648791e-02
7.82500000000000e+00  -1.02479701682165e-01
7.85000000000000e+00  -1.41721657444499e-01
7.87500000000000e+00  -1.79755736579913e-01
7.90000000000000e+00  -2.16235037098904e-01
7.92500000000000e+00  -2.50835936471987e-01
7.95000000000000e+00  -2.83259543868528e-01
7.97500000000000e+00  -3.13233152395585e-01
8.00000000000000e+00  -3.40511691336732e-01
8.02500000000000e+00  -3.64879178390907e-01
8.05000000000000e+00  -3.86150171911234e-01
8.07500000000000e+00  -4.04171223143861e-01
8.10000000000000e+00  -4.18822328466798e-01
8.12500000000000e+00  -4.30019230785863e-01
8.15000000000000e+00  -4.37696660359649e-01
8.17500000000000e+00  -4.41837968838333e-01
8.20000000000000e+00  -4.42447213142404e-01
8.22500000000000e+00  -4.39559587485432e-01
8.25000000000000e+00  -4.33239383108717e-01
8.27500000000000e+00  -4.23577948015946e-01
8.30000000000000e+00  -4.10691646707845e-01
8.32500000000000e+00  -3.94719819916823e-01
8.35000000000000e+00  -3.75822744341637e-01
8.37500000000000e+00  -3.54179592382032e-01
8.40000000000000e+00  -3.29986391873401e-01
8.42500000000000e+00  -3.03453985821436e-01
8.45000000000000e+00  -2.74803923042572e-01
8.47500000000000e+00  -2.44267796609827e-01
8.50000000000000e+00  -2.12083752234812e-01
8.52500000000000e+00  -1.78496099225261e-01
8.55000000000000e+00  -1.43751047157147e-01
8.57500000000000e+00  -1.08094952759616e-01
8.60000000000000e+00  -7.17725667999158e-02
8.62500000000000e+00  -3.50252809683108e-02
8.65000000000000e+00  1.91062523697032e-03
8.67500000000000e+00  3.88057376248188e-02
8.70000000000000e+00  7.54392604263134e-02
8.72500000000000e+00  1.11600769409797e-01
8.75000000000000e+00  1.47097951576402e-01
8.77500000000000e+00  1.81729548425909e-01
8.80000000000000e+00  2.15330741475750e-01
8.82500000000000e+00  2.47740193551229e-01
8.85000000000000e+00  2.78811986264829e-01
8.87500000000000e+00  3.08415510725564e-01
8.90000000000000e+00  3.36435358248308e-01
8.92500000000000e+00  3.62771211063144e-01
8.95000000000000e+00  3.87337733024715e-01
8.97500000000000e+00  4.10064460321552e-01
9.00000000000000e+00  4.30895692185432e-01
9.02500000000000e+00  4.49790381600708e-01
9.05000000000000e+00  4.66722026013661e-01
9.07500000000000e+00  4.81676198386210e-01
9.10000000000000e+00  4.94651744697005e-01
9.12500000000000e+00  5.05659543049918e-01
9.15000000000000e+00  5.14721592082096e-01
9.17500000000000e+00  5.21870330246197e-01
9.20000000000000e+00  5.27147752107934e-01
9.22500000000000e+00  5.30604524643627e-01
9.25000000000000e+00  5.32299103537756e-01
9.27500000000000e+00  5.32296849480509e-01
9.30000000000000e+00  5.30669144465328e-01
9.32500000000000e+00  5.27492508086467e-01
9.35000000000000e+00  5.22847713836535e-01
9.37500000000000e+00  5.16818562206383e-01
9.40000000000000e+00  5.09492687015490e-01
9.42500000000000e+00  5.00957546820983e-01
9.45000000000000e+00  4.91303221680435e-01
9.47500000000000e+00  4.80619788919919e-01
9.50000000000000e+00  4.68996837694372e-01
9.52500000000000e+00  4.56522983547948e-01
9.55000000000000e+00  4.43285382974383e-01
9.57500000000000e+00  4.29369247977349e-01
9.60000000000000e+00  4.14857360630813e-01
9.62500000000000e+00  3.99829587639399e-01
9.65000000000000e+00  3.84362394898742e-01
9.67500000000000e+00  3.68528362055850e-01
9.70000000000000e+00  3.52396656404192e-01
9.72500000000000e+00  3.36032061553909e-01
9.75000000000000e+00  3.19494887048562e-01
9.77500000000000e+00  3.02841171540049e-01
9.80000000000000e+00  2.86122180887591e-01
9.82500000000000e+00  2.69384395997739e-01
9.85000000000000e+00  2.52669500664372e-01
9.87500000000000e+00  2.36014369408706e-01
9.90000000000000e+00  2.19451055319288e-01
9.92500000000000e+00  2.03006777892009e-01
9.95000000000000e+00  1.86703910870104e-01
9.97500000000000e+00  1.70559970084150e-01
1.00000000000000e+01  1.54587601292082e-01
