0.00000000000000e+00  -1.55758430005401e-01
2.50000000000000e-02  -1.71787338717628e-01
5.00000000000000e-02  -1.87985498890948e-01
7.50000000000000e-02  -2.04339190474442e-01
1.00000000000000e-01  -2.20830023116427e-01
1.25000000000000e-01  -2.37434924692080e-01
1.50000000000000e-01  -2.54126129831041e-01
1.75000000000000e-01  -2.70871168445037e-01
2.00000000000000e-01  -2.87632854255498e-01
2.25000000000000e-01  -3.04369273321171e-01
2.50000000000000e-01  -3.21033772565737e-01
2.75000000000000e-01  -3.37574948305428e-01
3.00000000000000e-01  -3.53936634776645e-01
3.25000000000000e-01  -3.70058456000114e-01
3.50000000000000e-01  -3.85875559234112e-01
3.75000000000000e-01  -4.01318633625348e-01
4.00000000000000e-01  -4.16315169595923e-01
4.25000000000000e-01  -4.30788722437967e-01
4.50000000000000e-01  -4.44659472688428e-01
4.75000000000000e-01  -4.57844786503868e-01
5.00000000000000e-01  -4.70259776035258e-01
5.25000000000000e-01  -4.81817859802772e-01
5.50000000000000e-01  -4.92431323070581e-01
5.75000000000000e-01  -5.02011878221648e-01
6.00000000000000e-01  -5.10471225132522e-01
6.25000000000000e-01  -5.17715583374720e-01
6.50000000000000e-01  -5.23666218592981e-01
6.75000000000000e-01  -5.28229906666339e-01
7.00000000000000e-01  -5.31324753901990e-01
7.25000000000000e-01  -5.32871872377373e-01
7.50000000000000e-01  -5.32796330412933e-01
7.75000000000000e-01  -5.31028103044886e-01
8.00000000000000e-01  -5.27503022497975e-01
8.25000000000000e-01  -5.22163728658241e-01
8.50000000000000e-01  -5.14960619545780e-01
8.75000000000000e-01  -5.05852801787507e-01
9.00000000000000e-01  -4.94809041089921e-01
9.25000000000000e-01  -4.81808712711867e-01
9.50000000000000e-01  -4.66841959058052e-01
9.75000000000000e-01  -4.49911073946500e-01
1.00000000000000e+00  -4.31031693449394e-01
1.02500000000000e+00  -4.10231248534784e-01
1.05000000000000e+00  -3.87551695842371e-01
1.07500000000000e+00  -3.63049592026239e-01
1.10000000000000e+00  -3.36796168097595e-01
1.12500000000000e+00  -3.08877403767500e-01
1.15000000000000e+00  -2.79394101789608e-01
1.17500000000000e+00  -2.48461962302902e-01
1.20000000000000e+00  -2.16211657174422e-01
1.22500000000000e+00  -1.82788904342012e-01
1.25000000000000e+00  -1.48323786499236e-01
1.27500000000000e+00  -1.13083473036159e-01
1.30000000000000e+00  -7.71703011734530e-02
1.32500000000000e+00  -4.07919938437588e-02
1.35000000000000e+00  -4.16540683013631e-03
1.37500000000000e+00  3.24848402137392e-02
1.40000000000000e+00  6.89277327433628e-02
1.42500000000000e+00  1.04927230303192e-01
1.45000000000000e+00  1.40243635506443e-01
1.47500000000000e+00  1.74634963014878e-01
1.50000000000000e+00  2.07858308518598e-01
1.52500000000000e+00  2.39671217715840e-01
1.55000000000000e+00  2.69833055292758e-01
1.57500000000000e+00  2.98109150015618e-01
1.60000000000000e+00  3.24270929459338e-01
1.62500000000000e+00  3.48098698235625e-01
1.65000000000000e+00  3.69384365488828e-01
1.67500000000000e+00  3.87933524284729e-01
1.70000000000000e+00  4.03568199252633e-01
1.72500000000000e+00  4.16129594227444e-01
1.75000000000000e+00  4.25480839891761e-01
1.77500000000000e+00  4.31509741417953e-01
1.80000000000000e+00  4.34131526110252e-01
1.82500000000000e+00  4.33291591046836e-01
1.85000000000000e+00  4.28968250721911e-01
1.87500000000000e+00  4.21124721796511e-01
1.90000000000000e+00  4.09826595394657e-01
1.92500000000000e+00  3.95104605079210e-01
1.95000000000000e+00  3.77051988841787e-01
1.97500000000000e+00  3.55794792783317e-01
2.00000000000000e+00  3.31490693153407e-01
2.02500000000000e+00  3.04327818389710e-01
2.05000000000000e+00  2.74523571157296e-01
2.07500000000000e+00  2.42323450388023e-01
2.10000000000000e+00  2.07999873319901e-01
2.12500000000000e+00  1.71850997536466e-01
2.15000000000000e+00  1.34199543006147e-01
2.17500000000000e+00  9.53916141216343e-02
2.20000000000000e+00  5.57896548326085e-02
2.22500000000000e+00  1.57671503249355e-02
2.25000000000000e+00  -2.42864059869680e-02
2.27500000000000e+00  -6.39760069500709e-02
2.30000000000000e+00  -1.02902813618227e-01
2.32500000000000e+00  -1.40668626560523e-01
2.35000000000000e+00  -1.76880357169624e-01
2.37500000000000e+00  -2.11154498970121e-01
2.40000000000000e+00  -2.43121598926877e-01
2.42500000000000e+00  -2.72430728753369e-01
2.45000000000000e+00  -2.98753956220042e-01
2.47500000000000e+00  -3.21790816462651e-01
2.50000000000000e+00  -3.41267830111150e-01
2.52500000000000e+00  -3.56927368224747e-01
2.55000000000000e+00  -3.68591969619476e-01
2.57500000000000e+00  -3.76093653422452e-01
2.60000000000000e+00  -3.79312805045256e-01
2.62500000000000e+00  -3.78178153045192e-01
2.65000000000000e+00  -3.72666745986535e-01
2.67500000000000e+00  -3.62803929301781e-01
2.70000000000000e+00  -3.48663322152907e-01
2.72500000000000e+00  -3.30366794292613e-01
2.75000000000000e+00  -3.08084442925583e-01
2.77500000000000e+00  -2.82034569569731e-01
2.80000000000000e+00  -2.52483656917456e-01
2.82500000000000e+00  -2.19739392610074e-01
2.85000000000000e+00  -1.84150499572917e-01
2.87500000000000e+00  -1.46104139589068e-01
2.90000000000000e+00  -1.06021501066351e-01
2.92500000000000e+00  -6.43532539365523e-02
2.95000000000000e+00  -2.15737757076008e-02
2.97500000000000e+00  2.18246224842504e-02
3.00000000000000e+00  6.53374698222478e-02
3.02500000000000e+00  1.08453909756957e-01
3.05000000000000e+00  1.50662473954086e-01
3.07500000000000e+00  1.91456856242304e-01
3.10000000000000e+00  2.30341686561062e-01
3.12500000000000e+00  2.66838255772328e-01
3.15000000000000e+00  3.00511399012042e-01
3.17500000000000e+00  3.30922697741410e-01
3.20000000000000e+00  3.57686624840001e-01
3.22500000000000e+00  3.80462883762250e-01
3.25000000000000e+00  3.98959148457841e-01
3.27500000000000e+00  4.12933803292081e-01
3.30000000000000e+00  4.22198682966282e-01
3.32500000000000e+00  4.26621812438139e-01
3.35000000000000e+00  4.26130146842109e-01
3.37500000000000e+00  4.20712311409790e-01
3.40000000000000e+00  4.10421341390297e-01
3.42500000000000e+00  3.95377421970647e-01
3.45000000000000e+00  3.75756118634901e-01
3.47500000000000e+00  3.51800526597003e-01
3.50000000000000e+00  3.23808530518702e-01
3.52500000000000e+00  2.92132444502203e-01
3.55000000000000e+00  2.57176643879413e-01
3.57500000000000e+00  2.19391120307198e-01
3.60000000000000e+00  1.79265036862643e-01
3.62500000000000e+00  1.37320283138314e-01
3.65000000000000e+00  9.41050303375137e-02
3.67500000000000e+00  5.01872863695447e-02
3.70000000000000e+00  6.14845094496635e-03
3.72500000000000e+00  -3.74231293291441e-02
3.75000000000000e+00  -7.98624132976721e-02
3.77500000000000e+00  -1.20844171226006e-01
3.80000000000000e+00  -1.59590911566266e-01
3.82500000000000e+00  -1.95600531825734e-01
3.85000000000000e+00  -2.28402099834527e-01
3.87500000000000e+00  -2.57561664736163e-01
3.90000000000000e+00  -2.82688067978123e-01
3.92500000000000e+00  -3.03438754302412e-01
3.95000000000000e+00  -3.19525582736127e-01
3.97500000000000e+00  -3.30720637582021e-01
4.00000000000000e+00  -3.36862039409062e-01
4.02500000000000e+00  -3.37859756043000e-01
4.05000000000000e+00  -3.33701413556930e-01
4.07500000000000e+00  -3.24437067786450e-01
4.10000000000000e+00  -3.10199504061063e-01
4.12500000000000e+00  -2.91195144175496e-01
4.15000000000000e+00  -2.67690910850097e-01
4.17500000000000e+00  -2.40025564653273e-01
4.20000000000000e+00  -2.08600849899940e-01
4.22500000000000e+00  -1.73872640549998e-01
4.25000000000000e+00  -1.36342086106786e-01
4.27500000000000e+00  -9.65467575155395e-02
4.30000000000000e+00  -5.50517930618608e-02
4.32500000000000e+00  -1.24410442701734e-02
4.35000000000000e+00  3.06917781978079e-02
4.37500000000000e+00  7.35493420108034e-02
4.40000000000000e+00  1.15845805505305e-01
4.42500000000000e+00  1.56659859922281e-01
4.45000000000000e+00  1.95428847737205e-01
4.47500000000000e+00  2.31607730029210e-01
4.50000000000000e+00  2.64677355516484e-01
4.52500000000000e+00  2.94152729591650e-01
4.55000000000000e+00  3.19591283357146e-01
4.57500000000000e+00  3.40601142660616e-01
4.60000000000000e+00  3.56849397130289e-01
4.62500000000000e+00  3.68070369210364e-01
4.65000000000000e+00  3.74073883196398e-01
4.67500000000000e+00  3.74753534270685e-01
4.70000000000000e+00  3.70067007136224e-01
4.72500000000000e+00  3.60059950884736e-01
4.75000000000000e+00  3.44857684793339e-01
4.77500000000000e+00  3.24654857677515e-01
4.80000000000000e+00  2.99723736686929e-01
4.82500000000000e+00  2.70406473187084e-01
4.85000000000000e+00  2.37107368640967e-01
4.87500000000000e+00  2.00285140490711e-01
4.90000000000000e+00  1.60445188039243e-01
4.92500000000000e+00  1.18131858331939e-01
4.95000000000000e+00  7.39207120382811e-02
4.97500000000000e+00  2.84107893335036e-02
5.00000000000000e+00  -1.76238144906371e-02
5.02500000000000e+00  -6.37983956057307e-02
5.05000000000000e+00  -1.09253655631028e-01
5.07500000000000e+00  -1.53374911690838e-01
5.10000000000000e+00  -1.95563610612489e-01
5.12500000000000e+00  -2.35245028453203e-01
5.15000000000000e+00  -2.71875970026998e-01
5.17500000000000e+00  -3.04952468431576e-01
5.20000000000000e+00  -3.34017484575205e-01
5.22500000000000e+00  -3.58668606703620e-01
5.25000000000000e+00  -3.78565749926902e-01
5.27500000000000e+00  -3.93438855746379e-01
5.30000000000000e+00  -4.03095591581506e-01
5.32500000000000e+00  -4.07412604051260e-01
5.35000000000000e+00  -4.06347238015131e-01
5.37500000000000e+00  -3.99944055813010e-01
5.40000000000000e+00  -3.88311967936526e-01
5.42500000000000e+00  -3.71643649752312e-01
5.45000000000000e+00  -3.50207267707821e-01
5.47500000000000e+00  -3.24338205537127e-01
5.50000000000000e+00  -2.94430790466747e-01
5.52500000000000e+00  -2.60930019421435e-01
5.55000000000000e+00  -2.24323285230007e-01
5.57500000000000e+00  -1.85132102831138e-01
5.60000000000000e+00  -1.43903835479177e-01
5.62500000000000e+00  -1.01403489072230e-01
5.65000000000000e+00  -5.79523200507376e-02
5.67500000000000e+00  -1.44414086917373e-02
5.70000000000000e+00  2.85320668105749e-02
5.72500000000000e+00  7.03721463329466e-02
5.75000000000000e+00  1.10492924600412e-01
5.77500000000000e+00  1.48327387963661e-01
5.80000000000000e+00  1.83336251176390e-01
5.82500000000000e+00  2.15016794172653e-01
5.85000000000000e+00  2.42911698844231e-01
5.87500000000000e+00  2.66617885817972e-01
5.90000000000000e+00  2.85795351233163e-01
5.92500000000000e+00  3.00176003518873e-01
5.95000000000000e+00  3.09552144602475e-01
5.97500000000000e+00  3.13790569280162e-01
6.00000000000000e+00  3.12840070407188e-01
6.02500000000000e+00  3.06712473649714e-01
6.05000000000000e+00  2.95497305414535e-01
6.07500000000000e+00  2.79356034958437e-01
6.10000000000000e+00  2.58516316497561e-01
6.12500000000000e+00  2.33266231316769e-01
6.15000000000000e+00  2.03948529879002e-01
6.17500000000000e+00  1.70954873934646e-01
6.20000000000000e+00  1.34720078630899e-01
6.22500000000000e+00  9.57163546211253e-02
6.25000000000000e+00  5.45608225780439e-02
6.27500000000000e+00  1.16844669869978e-02
6.30000000000000e+00  -3.22485797177580e-02
6.32500000000000e+00  -7.66614199758892e-02
6.35000000000000e+00  -1.20973588283215e-01
6.37500000000000e+00  -1.64608099888982e-01
6.40000000000000e+00  -2.06998499493163e-01
6.42500000000000e+00  -2.47595909943731e-01
6.45000000000000e+00  -2.85876080933958e-01
6.47500000000000e+00  -3.21346437699695e-01
6.50000000000000e+00  -3.53553129716653e-01
6.52500000000000e+00  -3.82088079397701e-01
6.55000000000000e+00  -4.06596030790143e-01
6.57500000000000e+00  -4.26775311315958e-01
6.60000000000000e+00  -4.42380290493939e-01
6.62500000000000e+00  -4.53235138108753e-01
6.65000000000000e+00  -4.59216778612321e-01
6.67500000000000e+00  -4.60271459595407e-01
6.70000000000000e+00  -4.56410953207964e-01
6.72500000000000e+00  -4.47708757579479e-01
6.75000000000000e+00  -4.34296298239331e-01
6.77500000000000e+00  -4.16359129537128e-01
6.80000000000000e+00  -3.94133136063062e-01
6.82500000000000e+00  -3.67900734068257e-01
6.85000000000000e+00  -3.37987072885113e-01
6.87500000000000e+00  -3.04866212273552e-01
6.90000000000000e+00  -2.68779436604794e-01
6.92500000000000e+00  -2.30335251569505e-01
6.95000000000000e+00  -1.89985751649055e-01
6.97500000000000e+00  -1.48207835754752e-01
7.00000000000000e+00  -1.05496099871632e-01
7.02500000000000e+00  -6.23557297022248e-02
7.05000000000000e+00  -1.92953933103425e-02
7.07500000000000e+00  2.31798662351520e-02
7.10000000000000e+00  6.45757382165628e-02
7.12500000000000e+00  1.04415751623577e-01
7.15000000000000e+00  1.42248382509500e-01
7.17500000000000e+00  1.77654161347462e-01
7.20000000000000e+00  2.10244480408738e-01
7.22500000000000e+00  2.39671742091773e-01
7.25000000000000e+00  2.65630900662119e-01
7.27500000000000e+00  2.87857251306628e-01
7.30000000000000e+00  3.06135063058292e-01
7.32500000000000e+00  3.20296875607396e-01
7.35000000000000e+00  3.30222796112672e-01
7.37500000000000e+00  3.35839796012454e-01
7.40000000000000e+00  3.37121007835828e-01
7.42500000000000e+00  3.34085022013786e-01
7.45000000000000e+00  3.26795183690382e-01
7.47500000000000e+00  3.15358889533881e-01
7.50000000000000e+00  2.99977524853500e-01
7.52500000000000e+00  2.80813166598117e-01
7.55000000000000e+00  2.58125687716347e-01
7.57500000000000e+00  2.32183638174940e-01
7.60000000000000e+00  2.03287076773303e-01
7.62500000000000e+00  1.71763161093790e-01
7.65000000000000e+00  1.37961737451967e-01
7.67500000000000e+00  1.02250930846908e-01
7.70000000000000e+00  6.50127349114541e-02
7.72500000000000e+00  2.66386018625042e-02
7.75000000000000e+00  -1.24749675487052e-02
7.77500000000000e+00  -5.19308340863322e-02
7.80000000000000e+00  -9.13356300796394e-02
7.82500000000000e+00  -1.30302374178959e-01
7.85000000000000e+00  -1.68458208492609e-01
7.87500000000000e+00  -2.05442949171890e-01
7.90000000000000e+00  -2.40912222573987e-01
7.92500000000000e+00  -2.74544917123067e-01
7.95000000000000e+00  -3.06044408499646e-01
7.97500000000000e+00  -3.35139784829978e-01
8.00000000000000e+00  -3.61587071875425e-01
8.02500000000000e+00  -3.85170458221841e-01
8.05000000000000e+00  -4.05703520468941e-01
8.07500000000000e+00  -4.23030448419686e-01
8.10000000000000e+00  -4.37027270269655e-01
8.12500000000000e+00  -4.47643682219681e-01
8.15000000000000e+00  -4.54721433479241e-01
8.17500000000000e+00  -4.58326348293320e-01
8.20000000000000e+00  -4.58448695904857e-01
8.22500000000000e+00  -4.55113343581958e-01
8.25000000000000e+00  -4.48377168472418e-01
8.27500000000000e+00  -4.38326469458245e-01
8.30000000000000e+00  -4.25074379010177e-01
8.32500000000000e+00  -4.08758275042208e-01
8.35000000000000e+00  -3.89537192766112e-01
8.37500000000000e+00  -3.67589236545955e-01
8.40000000000000e+00  -3.43108991752628e-01
8.42500000000000e+00  -3.16304936618364e-01
8.45000000000000e+00  -2.87397140149734e-01
8.47500000000000e+00  -2.56614179007129e-01
8.50000000000000e+00  -2.24191689043986e-01
8.52500000000000e+00  -1.90370925135446e-01
8.55000000000000e+00  -1.55394969493633e-01
8.57500000000000e+00  -1.19507287805094e-01
8.60000000000000e+00  -8.29502853682193e-02
8.62500000000000e+00  -4.59638632306564e-02
8.65000000000000e+00  -8.78397432675425e-03
8.67500000000000e+00  2.83588203850243e-02
8.70000000000000e+00  6.52407957846731e-02
8.72500000000000e+00  1.01646506453223e-01
8.75000000000000e+00  1.37398386752475e-01
8.77500000000000e+00  1.72291997642350e-01
8.80000000000000e+00  2.06163114814666e-01
8.82500000000000e+00  2.38849567001463e-01
8.85000000000000e+00  2.70204729052886e-01
8.87500000000000e+00  3.00097384568976e-01
8.90000000000000e+00  3.28411588531438e-01
8.92500000000000e+00  3.55046529935432e-01
8.95000000000000e+00  3.79916394421361e-01
8.97500000000000e+00  4.02950226906643e-01
9.00000000000000e+00  4.24091794217505e-01
9.02500000000000e+00  4.43299447720755e-01
9.05000000000000e+00  4.60545985955573e-01
9.07500000000000e+00  4.75816155709838e-01
9.10000000000000e+00  4.89107902291564e-01
9.12500000000000e+00  5.00431146717228e-01
9.15000000000000e+00  5.09806801905984e-01
9.17500000000000e+00  5.17266216774572e-01
9.20000000000000e+00  5.22850321853004e-01
9.22500000000000e+00  5.26608774900260e-01
9.25000000000000e+00  5.28599106519980e-01
9.27500000000000e+00  5.28885865776157e-01
9.30000000000000e+00  5.27539765808825e-01
9.32500000000000e+00  5.24636829449754e-01
9.35000000000000e+00  5.20257534838144e-01
9.37500000000000e+00  5.14482374234496e-01
9.40000000000000e+00  5.07403036239853e-01
9.42500000000000e+00  4.99102266017869e-01
9.45000000000000e+00  4.89670253937465e-01
9.47500000000000e+00  4.79197089992144e-01
9.50000000000000e+00  4.67772307663584e-01
9.52500000000000e+00  4.55484427785246e-01
9.55000000000000e+00  4.42420502405966e-01
9.57500000000000e+00  4.28665658653554e-01
9.60000000000000e+00  4.14302642598397e-01
9.62500000000000e+00  3.99411363117055e-01
9.65000000000000e+00  3.84068435755856e-01
9.67500000000000e+00  3.68346726594500e-01
9.70000000000000e+00  3.52315736897322e-01
9.72500000000000e+00  3.36040705564459e-01
9.75000000000000e+00  3.19582485820008e-01
9.77500000000000e+00  3.02997727040821e-01
9.80000000000000e+00  2.86338352474896e-01
9.82500000000000e+00  2.69651517993841e-01
9.85000000000000e+00  2.52979570845336e-01
9.87500000000000e+00  2.36360008405604e-01
9.90000000000000e+00  2.19825436931866e-01
9.92500000000000e+00  2.03403530314817e-01
9.95000000000000e+00  1.87116988831089e-01
9.97500000000000e+00  1.70983497895709e-01
1.00000000000000e+01  1.55015686814580e-01
