0.00000000000000e+00  -1.54866249356275e-01
2.50000000000000e-02  -1.70851570732300e-01
5.00000000000000e-02  -1.87008452397477e-01
7.50000000000000e-02  -2.03324406397242e-01
1.00000000000000e-01  -2.19782059424460e-01
1.25000000000000e-01  -2.36359166530968e-01
1.50000000000000e-01  -2.53028624839101e-01
1.75000000000000e-01  -2.69758487253242e-01
2.00000000000000e-01  -2.86511976171354e-01
2.25000000000000e-01  -3.03247497196517e-01
2.50000000000000e-01  -3.19918652848473e-01
2.75000000000000e-01  -3.36474256275158e-01
3.00000000000000e-01  -3.52858344964242e-01
3.25000000000000e-01  -3.69010707829070e-01
3.50000000000000e-01  -3.84866666830990e-01
3.75000000000000e-01  -4.00357165456720e-01
4.00000000000000e-01  -4.15409768428811e-01
4.25000000000000e-01  -4.29948170003860e-01
4.50000000000000e-01  -4.43892681358172e-01
4.75000000000000e-01  -4.57160717973402e-01
5.00000000000000e-01  -4.69667287022215e-01
5.25000000000000e-01  -4.81325474753931e-01
5.50000000000000e-01  -4.92046933880185e-01
5.75000000000000e-01  -5.01742370960575e-01
6.00000000000000e-01  -5.10322033788314e-01
6.25000000000000e-01  -5.17696505150844e-01
6.50000000000000e-01  -5.23778035678803e-01
6.75000000000000e-01  -5.28480301515304e-01
7.00000000000000e-01  -5.31719669943537e-01
7.25000000000000e-01  -5.33415886654359e-01
7.50000000000000e-01  -5.33492959599426e-01
7.75000000000000e-01  -5.31880042844327e-01
8.00000000000000e-01  -5.28512320421713e-01
8.25000000000000e-01  -5.23331890184434e-01
8.50000000000000e-01  -5.16288647658669e-01
8.75000000000000e-01  -5.07341169897057e-01
9.00000000000000e-01  -4.96457599331834e-01
9.25000000000000e-01  -4.83616527627962e-01
9.50000000000000e-01  -4.68807490928321e-01
9.75000000000000e-01  -4.52032026001155e-01
1.00000000000000e+00  -4.33304957477906e-01
1.02500000000000e+00  -4.12652921532854e-01
1.05000000000000e+00  -3.90117063679143e-01
1.07500000000000e+00  -3.65753129955616e-01
1.10000000000000e+00  -3.39631558113659e-01
1.12500000000000e+00  -3.11837568804030e-01
1.15000000000000e+00  -2.82471256763697e-01
1.17500000000000e+00  -2.51647682002680e-01
1.20000000000000e+00  -2.19496960990875e-01
1.22500000000000e+00  -1.86164357844902e-01
1.25000000000000e+00  -1.51802610308956e-01
1.27500000000000e+00  -1.16599993425845e-01
1.30000000000000e+00  -8.07323821666473e-02
1.32500000000000e+00  -4.43977823077373e-02
1.35000000000000e+00  -7.80598649169742e-03
1.37500000000000e+00  2.88231450591018e-02
1.40000000000000e+00  6.52614038289072e-02
1.42500000000000e+00  1.01273952294994e-01
1.45000000000000e+00  1.36621043214081e-01
1.47500000000000e+00  1.71059738908738e-01
1.50000000000000e+00  2.04345630553797e-01
1.52500000000000e+00  2.36234557462766e-01
1.55000000000000e+00  2.66484326374235e-01
1.57500000000000e+00  2.94858779011986e-01
1.60000000000000e+00  3.21128314656659e-01
1.62500000000000e+00  3.45073297785916e-01
1.65000000000000e+00  3.66484715414853e-01
1.67500000000000e+00  3.85168317146105e-01
1.70000000000000e+00  4.00946698431399e-01
1.72500000000000e+00  4.13661383833105e-01
1.75000000000000e+00  4.23174910285781e-01
1.77500000000000e+00  4.29372910357727e-01
1.80000000000000e+00  4.32166195512529e-01
1.82500000000000e+00  4.31492839370616e-01
1.85000000000000e+00  4.27320260970801e-01
1.87500000000000e+00  4.19646483309793e-01
1.90000000000000e+00  4.08482952622458e-01
1.92500000000000e+00  3.93903651313247e-01
1.95000000000000e+00  3.75993457843011e-01
1.97500000000000e+00  3.54872807175986e-01
2.00000000000000e+00  3.30696042895570e-01
2.02500000000000e+00  3.03649769320107e-01
2.05000000000000e+00  2.73951203618669e-01
2.07500000000000e+00  2.41846527926836e-01
2.10000000000000e+00  2.07609241462478e-01
2.12500000000000e+00  1.71538512641538e-01
2.15000000000000e+00  1.33957531193814e-01
2.17500000000000e+00  9.52118602787367e-02
2.20000000000000e+00  5.56790834338632e-02
2.22500000000000e+00  1.57189726226509e-02
2.25000000000000e+00  -2.42764028805930e-02
2.27500000000000e+00  -6.39028334597843e-02
2.30000000000000e+00  -1.02758639351757e-01
2.32500000000000e+00  -1.40445544008722e-01
2.35000000000000e+00  -1.76569855944588e-01
2.37500000000000e+00  -2.10745709262360e-01
2.40000000000000e+00  -2.42598780709413e-01
2.42500000000000e+00  -2.71771238796833e-01
2.45000000000000e+00  -2.97928143815005e-01
2.47500000000000e+00  -3.20765983005916e-01
2.50000000000000e+00  -3.39988218044365e-01
2.52500000000000e+00  -3.55435479476795e-01
2.55000000000000e+00  -3.66806758039084e-01
2.57500000000000e+00  -3.73970764718076e-01
2.60000000000000e+00  -3.76819018016200e-01
2.62500000000000e+00  -3.75276665946161e-01
2.65000000000000e+00  -3.69313308025642e-01
2.67500000000000e+00  -3.58949454337496e-01
2.70000000000000e+00  -3.44259574178493e-01
2.72500000000000e+00  -3.25370724786931e-01
2.75000000000000e+00  -3.02460509291794e-01
2.77500000000000e+00  -2.75747538508792e-01
2.80000000000000e+00  -2.45480809242152e-01
2.82500000000000e+00  -2.11984870716060e-01
2.85000000000000e+00  -1.75613163528961e-01
2.87500000000000e+00  -1.36755491112718e-01
2.90000000000000e+00  -9.58350514812104e-02
2.92500000000000e+00  -5.33067143936137e-02
2.95000000000000e+00  -9.65059892885942e-03
2.97500000000000e+00  3.46343489399087e-02
3.00000000000000e+00  7.90367787708775e-02
3.02500000000000e+00  1.23039358079107e-01
3.05000000000000e+00  1.66125194762073e-01
3.07500000000000e+00  2.07784259525210e-01
3.10000000000000e+00  2.47519808307452e-01
3.12500000000000e+00  2.84814052759971e-01
3.15000000000000e+00  3.19282312268067e-01
3.17500000000000e+00  3.50438332906795e-01
3.20000000000000e+00  3.77895282403760e-01
3.22500000000000e+00  4.01310224133355e-01
3.25000000000000e+00  4.20387253163013e-01
3.27500000000000e+00  4.34880632299465e-01
3.30000000000000e+00  4.44597928134992e-01
3.32500000000000e+00  4.49403147093681e-01
3.35000000000000e+00  4.49219871477681e-01
3.37500000000000e+00  4.44034395513458e-01
3.40000000000000e+00  4.33898861398047e-01
3.42500000000000e+00  4.18934395345310e-01
3.45000000000000e+00  3.99315400824490e-01
3.47500000000000e+00  3.75283302822702e-01
3.50000000000000e+00  3.47140005440343e-01
3.52500000000000e+00  3.15237515987934e-01
3.55000000000000e+00  2.79981971925855e-01
3.57500000000000e+00  2.41826621074297e-01
3.60000000000000e+00  2.01264801823218e-01
3.62500000000000e+00  1.58822923342304e-01
3.65000000000000e+00  1.15053445790921e-01
3.67500000000000e+00  7.05278605280730e-02
3.70000000000000e+00  2.58296703223591e-02
3.72500000000000e+00  -1.84526304380707e-02
3.75000000000000e+00  -6.17027550030430e-02
3.77500000000000e+00  -1.03395316999506e-01
3.80000000000000e+00  -1.42936908225167e-01
3.82500000000000e+00  -1.79797659224857e-01
3.85000000000000e+00  -2.13485910644782e-01
3.87500000000000e+00  -2.43553064559322e-01
3.90000000000000e+00  -2.69598435797832e-01
3.92500000000000e+00  -2.91274103271440e-01
3.95000000000000e+00  -3.08289761299849e-01
3.97500000000000e+00  -3.20417570938139e-01
4.00000000000000e+00  -3.27497011303563e-01
4.02500000000000e+00  -3.29439730902349e-01
4.05000000000000e+00  -3.26234398956500e-01
4.07500000000000e+00  -3.17932794734252e-01
4.10000000000000e+00  -3.04666495282860e-01
4.12500000000000e+00  -2.86637011621309e-01
4.15000000000000e+00  -2.64110119214330e-01
4.17500000000000e+00  -2.37420946265518e-01
4.20000000000000e+00  -2.06966329632375e-01
4.22500000000000e+00  -1.73197118998336e-01
4.25000000000000e+00  -1.36610200992052e-01
4.27500000000000e+00  -9.77431816764263e-02
4.30000000000000e+00  -5.71695969243521e-02
4.32500000000000e+00  -1.54974638937113e-02
4.35000000000000e+00  2.66269645529100e-02
4.37500000000000e+00  6.87339682967602e-02
4.40000000000000e+00  1.10028329480220e-01
4.42500000000000e+00  1.49932302503959e-01
4.45000000000000e+00  1.87847700636861e-01
4.47500000000000e+00  2.23206134900154e-01
4.50000000000000e+00  2.55475347502171e-01
4.52500000000000e+00  2.84165545273108e-01
4.55000000000000e+00  3.08835733099770e-01
4.57500000000000e+00  3.29100047360335e-01
4.60000000000000e+00  3.44634089359103e-01
4.62500000000000e+00  3.55181258761249e-01
4.65000000000000e+00  3.60559087027588e-01
4.67500000000000e+00  3.60665570849318e-01
4.70000000000000e+00  3.55415132924938e-01
4.72500000000000e+00  3.44875372139064e-01
4.75000000000000e+00  3.29500237756458e-01
4.77500000000000e+00  3.09031487538776e-01
4.80000000000000e+00  2.83726798343221e-01
4.82500000000000e+00  2.54091603819680e-01
4.85000000000000e+00  2.20640239696321e-01
4.87500000000000e+00  1.83861051216552e-01
4.90000000000000e+00  1.44170503218926e-01
4.92500000000000e+00  1.01982648339126e-01
4.95000000000000e+00  5.78283034331845e-02
4.97500000000000e+00  1.25228341705759e-02
5.00000000000000e+00  -3.29899327467402e-02
5.02500000000000e+00  -7.86281470168917e-02
5.05000000000000e+00  -1.23455680651582e-01
5.07500000000000e+00  -1.66875572848689e-01
5.10000000000000e+00  -2.08284611732680e-01
5.12500000000000e+00  -2.47092342969814e-01
5.15000000000000e+00  -2.82740078383361e-01
5.17500000000000e+00  -3.14715723275814e-01
5.20000000000000e+00  -3.42565654897484e-01
5.22500000000000e+00  -3.65898640844612e-01
5.25000000000000e+00  -3.84391945161174e-01
5.27500000000000e+00  -3.97782312591333e-01
5.30000000000000e+00  -4.05854681257579e-01
5.32500000000000e+00  -4.08514303219597e-01
5.35000000000000e+00  -4.05726388751351e-01
5.37500000000000e+00  -3.97535378712561e-01
5.40000000000000e+00  -3.84056155934090e-01
5.42500000000000e+00  -3.65484505866194e-01
5.45000000000000e+00  -3.42090675823788e-01
5.47500000000000e+00  -3.14212934231707e-01
5.50000000000000e+00  -2.82251129869982e-01
5.52500000000000e+00  -2.46660251119094e-01
5.55000000000000e+00  -2.07943985205254e-01
5.57500000000000e+00  -1.66648277445654e-01
5.60000000000000e+00  -1.23354890493743e-01
5.62500000000000e+00  -7.87219741678936e-02
5.65000000000000e+00  -3.32883133165261e-02
5.67500000000000e+00  1.22358907666986e-02
5.70000000000000e+00  5.72162971267164e-02
5.72500000000000e+00  1.01028742843765e-01
5.75000000000000e+00  1.43066800328085e-01
5.77500000000000e+00  1.82749334614650e-01
5.80000000000000e+00  2.19528060657877e-01
5.82500000000000e+00  2.52895100626333e-01
5.85000000000000e+00  2.82390541197468e-01
5.87500000000000e+00  3.07609990852315e-01
5.90000000000000e+00  3.28212137170216e-01
5.92500000000000e+00  3.43926304123532e-01
5.95000000000000e+00  3.54540998190261e-01
5.97500000000000e+00  3.59921438742545e-01
6.00000000000000e+00  3.60010517683291e-01
6.02500000000000e+00  3.54815183669300e-01
6.05000000000000e+00  3.44419901557428e-01
6.07500000000000e+00  3.28981821671527e-01
6.10000000000000e+00  3.08725949069382e-01
6.12500000000000e+00  2.83940312809659e-01
6.15000000000000e+00  2.54971135218835e-01
6.17500000000000e+00  2.22218001158150e-01
6.20000000000000e+00  1.86129027290541e-01
6.22500000000000e+00  1.47196031347582e-01
6.25000000000000e+00  1.05958837364654e-01
6.27500000000000e+00  6.29770138899154e-02
6.30000000000000e+00  1.88186070292544e-02
6.32500000000000e+00  -2.59230391900321e-02
6.35000000000000e+00  -7.06537928097405e-02
6.37500000000000e+00  -1.14785486003267e-01
6.40000000000000e+00  -1.57742667138147e-01
6.42500000000000e+00  -1.98969352838557e-01
6.45000000000000e+00  -2.37935780047851e-01
6.47500000000000e+00  -2.74145158091079e-01
6.50000000000000e+00  -3.07140420737497e-01
6.52500000000000e+00  -3.36510978263104e-01
6.55000000000000e+00  -3.61899469513154e-01
6.57500000000000e+00  -3.83000489078985e-01
6.60000000000000e+00  -3.99563496510064e-01
6.62500000000000e+00  -4.11409260605828e-01
6.65000000000000e+00  -4.18410571744542e-01
6.67500000000000e+00  -4.20507969406607e-01
6.70000000000000e+00  -4.17707079447465e-01
6.72500000000000e+00  -4.10075951370506e-01
6.75000000000000e+00  -3.97742395599980e-01
6.77500000000000e+00  -3.80891320753895e-01
6.80000000000000e+00  -3.59762070916936e-01
6.82500000000000e+00  -3.34645762913363e-01
6.85000000000000e+00  -3.05882623579921e-01
6.87500000000000e+00  -2.73859812868821e-01
6.90000000000000e+00  -2.38992852704651e-01
6.92500000000000e+00  -2.01731741919293e-01
6.95000000000000e+00  -1.62552161016884e-01
6.97500000000000e+00  -1.21947346686078e-01
7.00000000000000e+00  -8.04220965945634e-02
7.02500000000000e+00  -3.84867741835640e-02
7.05000000000000e+00  3.34868653763570e-03
7.07500000000000e+00  4.45807761971922e-02
7.10000000000000e+00  8.47184052661855e-02
7.12500000000000e+00  1.23288899264103e-01
7.15000000000000e+00  1.59843993964338e-01
7.17500000000000e+00  1.93965830599671e-01
7.20000000000000e+00  2.25268429312693e-01
7.22500000000000e+00  2.53404202991410e-01
7.25000000000000e+00  2.78069488969101e-01
7.27500000000000e+00  2.98999115615444e-01
7.30000000000000e+00  3.15977208064137e-01
7.32500000000000e+00  3.28836927976604e-01
7.35000000000000e+00  3.37460213305704e-01
7.37500000000000e+00  3.41777518059435e-01
7.40000000000000e+00  3.41767552064643e-01
7.42500000000000e+00  3.37457020730725e-01
7.45000000000000e+00  3.28920364813338e-01
7.47500000000000e+00  3.16279500178104e-01
7.50000000000000e+00  2.99709662236196e-01
7.52500000000000e+00  2.79390574907791e-01
7.55000000000000e+00  2.55584111294206e-01
7.57500000000000e+00  2.28563895493251e-01
7.60000000000000e+00  1.98634669046954e-01
7.62500000000000e+00  1.66127875972628e-01
7.65000000000000e+00  1.31397247793927e-01
7.67500000000000e+00  9.48143885719225e-02
7.70000000000000e+00  5.67643599361555e-02
7.72500000000000e+00  1.76412661157061e-02
7.75000000000000e+00  -2.21561610297367e-02
7.77500000000000e+00  -6.22289769788234e-02
7.80000000000000e+00  -1.02182439517467e-01
7.82500000000000e+00  -1.41629128683853e-01
7.85000000000000e+00  -1.80194547686819e-01
7.87500000000000e+00  -2.17520108144292e-01
7.90000000000000e+00  -2.53262226195810e-01
7.92500000000000e+00  -2.87100946576652e-01
7.95000000000000e+00  -3.18741216879051e-01
7.97500000000000e+00  -3.47914161813427e-01
8.00000000000000e+00  -3.74378357469591e-01
8.02500000000000e+00  -3.97921105577976e-01
8.05000000000000e+00  -4.18359707770847e-01
8.07500000000000e+00  -4.35542739843523e-01
8.10000000000000e+00  -4.49351326015599e-01
8.12500000000000e+00  -4.59722868716883e-01
8.15000000000000e+00  -4.66549477803570e-01
8.17500000000000e+00  -4.69858851784530e-01
8.20000000000000e+00  -4.69651804904462e-01
8.22500000000000e+00  -4.65961913433799e-01
8.25000000000000e+00  -4.58853171919792e-01
8.27500000000000e+00  -4.48417649437582e-01
8.30000000000000e+00  -4.34773145841283e-01
8.32500000000000e+00  -4.18060848015055e-01
8.35000000000000e+00  -3.98442986124186e-01
8.37500000000000e+00  -3.76100489866164e-01
8.40000000000000e+00  -3.51230644721760e-01
8.42500000000000e+00  -3.24044748206104e-01
8.45000000000000e+00  -2.94765090054171e-01
8.47500000000000e+00  -2.63623215782458e-01
8.50000000000000e+00  -2.30856741610771e-01
8.52500000000000e+00  -1.96709282146125e-01
8.55000000000000e+00  -1.61425990119587e-01
8.57500000000000e+00  -1.25251993682599e-01
8.60000000000000e+00  -8.84308337032723e-02
8.62500000000000e+00  -5.12029010626890e-02
8.65000000000000e+00  -1.38038739512221e-02
8.67500000000000e+00  2.35368448351696e-02
8.70000000000000e+00  6.05976905986317e-02
8.72500000000000e+00  9.71664994431139e-02
8.75000000000000e+00  1.33061241398822e-01
8.77500000000000e+00  1.68074607137440e-01
8.80000000000000e+00  2.02047637748873e-01
8.82500000000000e+00  2.34819116231787e-01
8.85000000000000e+00  2.66243479319776e-01
8.87500000000000e+00  2.96190656141270e-01
8.90000000000000e+00  3.24545906879413e-01
8.92500000000000e+00  3.51209661431965e-01
8.95000000000000e+00  3.76097358071201e-01
8.97500000000000e+00  3.99139282103795e-01
9.00000000000000e+00  4.20280404530727e-01
9.02500000000000e+00  4.39480220707168e-01
9.05000000000000e+00  4.56712589002376e-01
9.07500000000000e+00  4.71963456701933e-01
9.10000000000000e+00  4.85231864221927e-01
9.12500000000000e+00  4.96528765890360e-01
9.15000000000000e+00  5.05876175048648e-01
9.17500000000000e+00  5.13306466681676e-01
9.20000000000000e+00  5.18861530063897e-01
9.22500000000000e+00  5.22591921405429e-01
9.25000000000000e+00  5.24556016498146e-01
9.27500000000000e+00  5.24819163361782e-01
9.30000000000000e+00  5.23452834890017e-01
9.32500000000000e+00  5.20533781496584e-01
9.35000000000000e+00  5.16143183761358e-01
9.37500000000000e+00  5.10362532035261e-01
9.40000000000000e+00  5.03282631297913e-01
9.42500000000000e+00  4.94988273416833e-01
9.45000000000000e+00  4.85569890477290e-01
9.47500000000000e+00  4.75117810929379e-01
9.50000000000000e+00  4.63721792630975e-01
9.52500000000000e+00  4.51470555890698e-01
9.55000000000000e+00  4.38451316510869e-01
9.57500000000000e+00  4.24749318830468e-01
9.60000000000000e+00  4.10447368768092e-01
9.62500000000000e+00  3.95625366864918e-01
9.65000000000000e+00  3.80359841327652e-01
9.67500000000000e+00  3.64723481071500e-01
9.70000000000000e+00  3.48785529519461e-01
9.72500000000000e+00  3.32610891624836e-01
9.75000000000000e+00  3.16260017350147e-01
9.77500000000000e+00  2.99789087006913e-01
9.80000000000000e+00  2.83249513497935e-01
9.82500000000000e+00  2.66687919756699e-01
9.85000000000000e+00  2.50146116186783e-01
9.87500000000000e+00  2.33661078101264e-01
9.90000000000000e+00  2.17264923162113e-01
9.92500000000000e+00  2.00984888819616e-01
9.95000000000000e+00  1.84843309751771e-01
9.97500000000000e+00  1.68857595303689e-01
1.00000000000000e+01  1.53040206927017e-01
