0.00000000000000e+00  -1.27261388122677e-01
2.50000000000000e-02  -1.38488065484362e-01
5.00000000000000e-02  -1.49616700283036e-01
7.50000000000000e-02  -1.60596951263813e-01
1.00000000000000e-01  -1.71370839329171e-01
1.25000000000000e-01  -1.81874049483039e-01
1.50000000000000e-01  -1.92037232774891e-01
1.75000000000000e-01  -2.01787308243834e-01
2.00000000000000e-01  -2.11048764862700e-01
2.25000000000000e-01  -2.19744963482140e-01
2.50000000000000e-01  -2.27799438774713e-01
2.75000000000000e-01  -2.35137201178976e-01
3.00000000000000e-01  -2.41686038843579e-01
3.25000000000000e-01  -2.47378343095336e-01
3.50000000000000e-01  -2.52151498545387e-01
3.75000000000000e-01  -2.55949227448539e-01
4.00000000000000e-01  -2.58719411620417e-01
4.25000000000000e-01  -2.60417439324163e-01
4.50000000000000e-01  -2.61005015851543e-01
4.75000000000000e-01  -2.60448974104048e-01
5.00000000000000e-01  -2.58720085174003e-01
5.25000000000000e-01  -2.55791868925667e-01
5.50000000000000e-01  -2.51639404576339e-01
5.75000000000000e-01  -2.46238141277464e-01
6.00000000000000e-01  -2.39562708695736e-01
6.25000000000000e-01  -2.31906720913531e-01
6.50000000000000e-01  -2.22551866294077e-01
6.75000000000000e-01  -2.12198551868202e-01
7.00000000000000e-01  -2.00799218696877e-01
7.25000000000000e-01  -1.88339152409613e-01
7.50000000000000e-01  -1.74833406951759e-01
7.75000000000000e-01  -1.60323728331807e-01
8.00000000000000e-01  -1.44875478368695e-01
8.25000000000000e-01  -1.28574558439107e-01
8.50000000000000e-01  -1.11524333224785e-01
8.75000000000000e-01  -9.38425544598206e-02
9.00000000000000e-01  -7.56582846779673e-02
9.25000000000000e-01  -5.71088209599397e-02
9.50000000000000e-01  -3.83213619471680e-02
9.75000000000000e-01  -1.94377670911579e-02
1.00000000000000e+00  -5.93180419667734e-04
1.02500000000000e+00  1.80811473988305e-02
1.05000000000000e+00  3.64549370068860e-02
1.07500000000000e+00  5.43959122333307e-02
1.10000000000000e+00  7.17668319685351e-02
1.12500000000000e+00  8.84225220396717e-02
1.15000000000000e+00  1.04206907085974e-01
1.17500000000000e+00  1.18950042433993e-01
1.20000000000000e+00  1.32465145972865e-01
1.22500000000000e+00  1.44545630029561e-01
1.25000000000000e+00  1.55639107428415e-01
1.27500000000000e+00  1.64350165847124e-01
1.30000000000000e+00  1.71740837038898e-01
1.32500000000000e+00  1.77570222121743e-01
1.35000000000000e+00  1.81657425533299e-01
1.37500000000000e+00  1.83875842982269e-01
1.40000000000000e+00  1.84147449399849e-01
1.42500000000000e+00  1.82437086891160e-01
1.45000000000000e+00  1.78746752686676e-01
1.47500000000000e+00  1.73109887093661e-01
1.50000000000000e+00  1.65585661447593e-01
1.52500000000000e+00  1.56253266063600e-01
1.55000000000000e+00  1.45206198187887e-01
1.57500000000000e+00  1.32541590524549e-01
1.60000000000000e+00  1.18387625011464e-01
1.62500000000000e+00  1.02862782309483e-01
1.65000000000000e+00  8.61066015649915e-02
1.67500000000000e+00  6.82641061137868e-02
1.70000000000000e+00  4.94912769462077e-02
1.72500000000000e+00  2.99605261722645e-02
1.75000000000000e+00  9.86617048676192e-03
1.77500000000000e+00  -1.05700953655703e-02
1.80000000000000e+00  -3.10937251249499e-02
1.82500000000000e+00  -5.14118475514178e-02
1.85000000000000e+00  -7.11877929597062e-02
1.87500000000000e+00  -9.06887068545035e-02
1.90000000000000e+00  -1.09023656910169e-01
1.92500000000000e+00  -1.26573230110114e-01
1.95000000000000e+00  -1.43056265824810e-01
1.97500000000000e+00  -1.58239113981475e-01
2.00000000000000e+00  -1.71932172303264e-01
2.02500000000000e+00  -1.83986423548439e-01
2.05000000000000e+00  -1.94289972749555e-01
2.07500000000000e+00  -2.02764584452637e-01
2.10000000000000e+00  -2.09362219956362e-01
2.12500000000000e+00  -2.14061574551239e-01
2.15000000000000e+00  -2.16864614758785e-01
2.17500000000000e+00  -2.17793115570712e-01
2.20000000000000e+00  -2.16879457121264e-01
2.22500000000000e+00  -2.14216540125669e-01
2.25000000000000e+00  -2.09936225987000e-01
2.27500000000000e+00  -2.04104823263842e-01
2.30000000000000e+00  -1.96864787205693e-01
2.32500000000000e+00  -1.88404557344132e-01
2.35000000000000e+00  -1.78931108298237e-01
2.37500000000000e+00  -1.68661107505775e-01
2.40000000000000e+00  -1.57813319748238e-01
2.42500000000000e+00  -1.46611758582374e-01
2.45000000000000e+00  -1.35297038824243e-01
2.47500000000000e+00  -1.24148758335255e-01
2.50000000000000e+00  -1.13116562061992e-01
2.52500000000000e+00  -1.03151224873221e-01
2.55000000000000e+00  -9.38400104771634e-02
2.57500000000000e+00  -8.54607714580334e-02
2.60000000000000e+00  -7.82557260670006e-02
2.62500000000000e+00  -7.24318625803108e-02
2.65000000000000e+00  -6.81613436574011e-02
2.67500000000000e+00  -6.55819106990178e-02
2.70000000000000e+00  -6.47972882053324e-02
2.72500000000000e+00  -6.58775881340594e-02
2.75000000000000e+00  -6.88597142585731e-02
2.77500000000000e+00  -7.37477665260242e-02
2.80000000000000e+00  -8.05134454154572e-02
2.82500000000000e+00  -8.91032140103545e-02
2.85000000000000e+00  -9.94525072785534e-02
2.87500000000000e+00  -1.11467666525696e-01
2.90000000000000e+00  -1.25018137635289e-01
2.92500000000000e+00  -1.39973479671865e-01
2.95000000000000e+00  -1.56196329456362e-01
2.97500000000000e+00  -1.73535366141502e-01
3.00000000000000e+00  -1.91818275787168e-01
3.02500000000000e+00  -2.10844715935785e-01
3.05000000000000e+00  -2.30379280187699e-01
3.07500000000000e+00  -2.50144462776550e-01
3.10000000000000e+00  -2.69813623144660e-01
3.12500000000000e+00  -2.89966474457339e-01
3.15000000000000e+00  -3.08637718320713e-01
3.17500000000000e+00  -3.27281850396941e-01
3.20000000000000e+00  -3.45465822528816e-01
3.22500000000000e+00  -3.62862825209737e-01
3.25000000000000e+00  -3.79234129195296e-01
3.27500000000000e+00  -3.94410927114881e-01
3.30000000000000e+00  -4.08278842029821e-01
3.32500000000000e+00  -4.20764331621598e-01
3.35000000000000e+00  -4.31823625674237e-01
3.37500000000000e+00  -4.41431933465238e-01
3.40000000000000e+00  -4.49577001191376e-01
3.42500000000000e+00  -4.56253309308005e-01
3.45000000000000e+00  -4.61469230829628e-01
3.47500000000000e+00  -4.65234731272458e-01
3.50000000000000e+00  -4.67581161955541e-01
3.52500000000000e+00  -4.68530852905404e-01
3.55000000000000e+00  -4.68123098234219e-01
3.57500000000000e+00  -4.66413704270872e-01
3.60000000000000e+00  -4.63474798419278e-01
3.62500000000000e+00  -4.59396266721207e-01
3.65000000000000e+00  -4.54287688986120e-01
3.67500000000000e+00  -4.48281256988249e-01
3.70000000000000e+00  -4.41536126419418e-01
3.72500000000000e+00  -4.34245347679583e-01
3.75000000000000e+00  -4.26374032997706e-01
3.77500000000000e+00  -4.17779286785803e-01
3.80000000000000e+00  -4.08891038659314e-01
3.82500000000000e+00  -3.99736274135617e-01
3.85000000000000e+00  -3.90389887616462e-01
3.87500000000000e+00  -3.80952992449470e-01
3.90000000000000e+00  -3.71531230989649e-01
3.92500000000000e+00  -3.62219481427768e-01
3.95000000000000e+00  -3.53093024408968e-01
3.97500000000000e+00  -3.44211132657699e-01
4.00000000000000e+00  -3.35620346689114e-01
4.02500000000000e+00  -3.27379548091143e-01
4.05000000000000e+00  -3.19588150746141e-01
4.07500000000000e+00  -3.12235467441185e-01
4.10000000000000e+00  -3.05356947731136e-01
4.12500000000000e+00  -2.99031737433680e-01
4.15000000000000e+00  -2.93187967118601e-01
4.17500000000000e+00  -2.87807201357055e-01
4.20000000000000e+00  -2.82884026509637e-01
4.22500000000000e+00  -2.78390096863636e-01
4.25000000000000e+00  -2.74266776757298e-01
4.27500000000000e+00  -2.70422534138870e-01
4.30000000000000e+00  -2.66747214414447e-01
4.32500000000000e+00  -2.63144781390332e-01
4.35000000000000e+00  -2.59599065698197e-01
4.37500000000000e+00  -2.55515390517005e-01
4.40000000000000e+00  -2.52051733826984e-01
4.42500000000000e+00  -2.47835280116709e-01
4.45000000000000e+00  -2.42888244822529e-01
4.47500000000000e+00  -2.37182643432386e-01
4.50000000000000e+00  -2.30647317174409e-01
4.52500000000000e+00  -2.23174958705501e-01
4.55000000000000e+00  -2.14633414603705e-01
4.57500000000000e+00  -2.04879369405164e-01
4.60000000000000e+00  -1.93772445021708e-01
4.62500000000000e+00  -1.81190959693607e-01
4.65000000000000e+00  -1.67047887394298e-01
4.67500000000000e+00  -1.51306858417426e-01
4.70000000000000e+00  -1.33901210179288e-01
4.72500000000000e+00  -1.14835666347242e-01
4.75000000000000e+00  -9.41100818636842e-02
4.77500000000000e+00  -7.18041620076197e-02
4.80000000000000e+00  -4.80024536544705e-02
4.82500000000000e+00  -2.28041334774975e-02
4.85000000000000e+00  3.66805156714822e-03
4.87500000000000e+00  3.12670567861869e-02
4.90000000000000e+00  5.98274546313206e-02
4.92500000000000e+00  8.91782170857934e-02
4.95000000000000e+00  1.19163725113765e-01
4.97500000000000e+00  1.49670584869475e-01
5.00000000000000e+00  1.79905604900912e-01
5.02500000000000e+00  2.10833341580327e-01
5.05000000000000e+00  2.41146730685818e-01
5.07500000000000e+00  2.70815008152638e-01
5.10000000000000e+00  2.99728526256836e-01
5.12500000000000e+00  3.27729958129837e-01
5.15000000000000e+00  3.54645502273052e-01
5.17500000000000e+00  3.80308291088793e-01
5.20000000000000e+00  4.04572432829515e-01
5.22500000000000e+00  4.27318048832870e-01
5.25000000000000e+00  4.48450039485309e-01
5.27500000000000e+00  4.67884625847069e-01
5.30000000000000e+00  4.85534431501436e-01
5.32500000000000e+00  5.01401393935882e-01
5.35000000000000e+00  5.15491034120081e-01
5.37500000000000e+00  5.27876658254663e-01
5.40000000000000e+00  5.38581646355132e-01
5.42500000000000e+00  5.47694180536433e-01
5.45000000000000e+00  5.55343103802837e-01
5.47500000000000e+00  5.61674719010589e-01
5.50000000000000e+00  5.66835725044589e-01
5.52500000000000e+00  5.70957818616215e-01
5.55000000000000e+00  5.74146007978143e-01
5.57500000000000e+00  5.76471661250354e-01
5.60000000000000e+00  5.77973642205996e-01
5.62500000000000e+00  5.79357334682111e-01
5.65000000000000e+00  5.79833485200122e-01
5.67500000000000e+00  5.80399927080859e-01
5.70000000000000e+00  5.80939296857170e-01
5.72500000000000e+00  5.81473539967145e-01
5.75000000000000e+00  5.82101099004020e-01
5.77500000000000e+00  5.82934101966089e-01
5.80000000000000e+00  5.84066778494299e-01
5.82500000000000e+00  5.85561374374103e-01
5.85000000000000e+00  5.87450546537992e-01
5.87500000000000e+00  5.89743998997736e-01
5.90000000000000e+00  5.92463124018598e-01
5.92500000000000e+00  5.95680004591750e-01
5.95000000000000e+00  5.99313878800631e-01
5.97500000000000e+00  6.03341904969467e-01
6.00000000000000e+00  6.07776135124477e-01
6.02500000000000e+00  6.12516609665992e-01
6.05000000000000e+00  6.17506967622398e-01
6.07500000000000e+00  6.22704737057898e-01
6.10000000000000e+00  6.28054829244329e-01
6.12500000000000e+00  6.33485339055763e-01
6.15000000000000e+00  6.38903554037647e-01
6.17500000000000e+00  6.44204762442274e-01
6.20000000000000e+00  6.49288478238178e-01
6.22500000000000e+00  6.54082835656744e-01
6.25000000000000e+00  6.58693115339109e-01
6.27500000000000e+00  6.62349831925005e-01
6.30000000000000e+00  6.65514702983661e-01
6.32500000000000e+00  6.68085716101369e-01
6.35000000000000e+00  6.69923414727458e-01
6.37500000000000e+00  6.70874922539677e-01
6.40000000000000e+00  6.70797967809583e-01
6.42500000000000e+00  6.69575070307580e-01
6.45000000000000e+00  6.67122031911654e-01
6.47500000000000e+00  6.63381125224112e-01
6.50000000000000e+00  6.58318826389829e-01
6.52500000000000e+00  6.51894046064120e-01
6.55000000000000e+00  6.44021878021164e-01
6.57500000000000e+00  6.34717016181038e-01
6.60000000000000e+00  6.23970485822100e-01
6.62500000000000e+00  6.11788726583032e-01
6.65000000000000e+00  5.98162380285927e-01
6.67500000000000e+00  5.83108011348204e-01
6.70000000000000e+00  5.66663176723852e-01
6.72500000000000e+00  5.48883128929691e-01
6.75000000000000e+00  5.29848450448158e-01
6.77500000000000e+00  5.09672168649253e-01
6.80000000000000e+00  4.88512909472172e-01
6.82500000000000e+00  4.66591476400048e-01
6.85000000000000e+00  4.44212459717108e-01
6.87500000000000e+00  4.21061389822588e-01
6.90000000000000e+00  3.98120413278784e-01
6.92500000000000e+00  3.74861659435497e-01
6.95000000000000e+00  3.51613783471854e-01
6.97500000000000e+00  3.28667496776704e-01
7.00000000000000e+00  3.06279436646237e-01
7.02500000000000e+00  2.84676035981574e-01
7.05000000000000e+00  2.64057392986384e-01
7.07500000000000e+00  2.44601140864479e-01
7.10000000000000e+00  2.26466317517424e-01
7.12500000000000e+00  2.09797235242139e-01
7.15000000000000e+00  1.94727350428505e-01
7.17500000000000e+00  1.81383133256966e-01
7.20000000000000e+00  1.69863392447042e-01
7.22500000000000e+00  1.60237395446027e-01
7.25000000000000e+00  1.52548945376224e-01
7.27500000000000e+00  1.46826173515930e-01
7.30000000000000e+00  1.43061816343058e-01
7.32500000000000e+00  1.41214556851893e-01
7.35000000000000e+00  1.41210365869851e-01
7.37500000000000e+00  1.42943843374234e-01
7.40000000000000e+00  1.46279559808988e-01
7.42500000000000e+00  1.51053397401456e-01
7.45000000000000e+00  1.57073891479141e-01
7.47500000000000e+00  1.64123571786455e-01
7.50000000000000e+00  1.72261266668044e-01
7.52500000000000e+00  1.80710205725243e-01
7.55000000000000e+00  1.89721001248165e-01
7.57500000000000e+00  1.98958479763328e-01
7.60000000000000e+00  2.08142420560225e-01
7.62500000000000e+00  2.17028282697140e-01
7.65000000000000e+00  2.25387932006980e-01
7.67500000000000e+00  2.33000287861151e-01
7.70000000000000e+00  2.39649036669593e-01
7.72500000000000e+00  2.45129335627873e-01
7.75000000000000e+00  2.49255590359203e-01
7.77500000000000e+00  2.51884832603903e-01
7.80000000000000e+00  2.52942391001199e-01
7.82500000000000e+00  2.52302474470374e-01
7.85000000000000e+00  2.49871013436073e-01
7.87500000000000e+00  2.45614202342312e-01
7.90000000000000e+00  2.39509364890572e-01
7.92500000000000e+00  2.31553332814425e-01
7.95000000000000e+00  2.21766101632099e-01
7.97500000000000e+00  2.10194486399040e-01
8.00000000000000e+00  1.96915777460488e-01
8.02500000000000e+00  1.82041396204036e-01
8.05000000000000e+00  1.65720550812203e-01
8.07500000000000e+00  1.48143892014998e-01
8.10000000000000e+00  1.29547168842486e-01
8.12500000000000e+00  1.09532306162970e-01
8.15000000000000e+00  8.97334093440307e-02
8.17500000000000e+00  6.90308657951711e-02
8.20000000000000e+00  4.78167174413373e-02
8.22500000000000e+00  2.64314896122404e-02
8.25000000000000e+00  5.17002789495170e-03
8.27500000000000e+00  -1.57126650134815e-02
8.30000000000000e+00  -3.59955924534393e-02
8.32500000000000e+00  -5.54859269501271e-02
8.35000000000000e+00  -7.40131733609651e-02
8.37500000000000e+00  -9.14233320229941e-02
8.40000000000000e+00  -1.07573061900262e-01
8.42500000000000e+00  -1.22323843731225e-01
8.45000000000000e+00  -1.35558831621740e-01
8.47500000000000e+00  -1.47150706982620e-01
8.50000000000000e+00  -1.57002763096087e-01
8.52500000000000e+00  -1.65021943400797e-01
8.55000000000000e+00  -1.71129304662514e-01
8.57500000000000e+00  -1.75265917734665e-01
8.60000000000000e+00  -1.77398768318906e-01
8.62500000000000e+00  -1.77526657725673e-01
8.65000000000000e+00  -1.75686103634749e-01
8.67500000000000e+00  -1.71957240855814e-01
8.70000000000000e+00  -1.66469722089013e-01
8.72500000000000e+00  -1.59408618685507e-01
8.75000000000000e+00  -1.50328890366763e-01
8.77500000000000e+00  -1.40202375572637e-01
8.80000000000000e+00  -1.28397263365394e-01
8.82500000000000e+00  -1.15142988337432e-01
8.85000000000000e+00  -1.00646408110614e-01
8.87500000000000e+00  -8.50947315080060e-02
8.90000000000000e+00  -6.86584467256321e-02
8.92500000000000e+00  -5.14942495042154e-02
8.95000000000000e+00  -3.37479713009209e-02
8.97500000000000e+00  -1.55575074611075e-02
9.00000000000000e+00  2.94425460993588e-03
9.02500000000000e+00  2.16265072752348e-02
9.05000000000000e+00  4.03575944943902e-02
9.07500000000000e+00  5.90017881791706e-02
9.10000000000000e+00  7.74167138755863e-02
9.12500000000000e+00  9.54748534824363e-02
9.15000000000000e+00  1.13038431492867e-01
9.17500000000000e+00  1.29977987414186e-01
9.20000000000000e+00  1.46175424236618e-01
9.22500000000000e+00  1.61527056902060e-01
9.25000000000000e+00  1.75946660772853e-01
9.27500000000000e+00  1.89368520100526e-01
9.30000000000000e+00  2.01750476494565e-01
9.32500000000000e+00  2.13076977391171e-01
9.35000000000000e+00  2.23362124522015e-01
9.37500000000000e+00  2.32334944292431e-01
9.40000000000000e+00  2.40251745582472e-01
9.42500000000000e+00  2.46872752910461e-01
9.45000000000000e+00  2.52224423247495e-01
9.47500000000000e+00  2.56331437762972e-01
9.50000000000000e+00  2.59217854421587e-01
9.52500000000000e+00  2.60908260580322e-01
9.55000000000000e+00  2.61428925585437e-01
9.57500000000000e+00  2.60808953369465e-01
9.60000000000000e+00  2.59081435048204e-01
9.62500000000000e+00  2.56284601517709e-01
9.65000000000000e+00  2.52462976051283e-01
9.67500000000000e+00  2.47668526896471e-01
9.70000000000000e+00  2.41957494248399e-01
9.72500000000000e+00  2.35392381726376e-01
9.75000000000000e+00  2.28040662665589e-01
9.77500000000000e+00  2.19974452530162e-01
9.80000000000000e+00  2.11268633176125e-01
9.82500000000000e+00  2.01999571220466e-01
9.85000000000000e+00  1.92243836410159e-01
9.87500000000000e+00  1.82076919991217e-01
9.90000000000000e+00  1.71571953077720e-01
9.92500000000000e+00  1.60798425020864e-01
9.95000000000000e+00  1.49820901777999e-01
9.97500000000000e+00  1.38697744281668e-01
1.00000000000000e+01  1.27479826808654e-01
