0.00000000000000e+00  -1.55213677873881e-01
2.50000000000000e-02  -1.71240279720153e-01
5.00000000000000e-02  -1.87439237512304e-01
7.50000000000000e-02  -2.03797843642046e-01
1.00000000000000e-01  -2.20298527320945e-01
1.25000000000000e-01  -2.36918865488816e-01
1.50000000000000e-01  -2.53631593722128e-01
1.75000000000000e-01  -2.70404617142411e-01
2.00000000000000e-01  -2.87201021324656e-01
2.25000000000000e-01  -3.03979083205722e-01
2.50000000000000e-01  -3.20692281992741e-01
2.75000000000000e-01  -3.37289310071518e-01
3.00000000000000e-01  -3.53714083914940e-01
3.25000000000000e-01  -3.69906249067102e-01
3.50000000000000e-01  -3.85800974030165e-01
3.75000000000000e-01  -4.01329037065040e-01
4.00000000000000e-01  -4.16417814708475e-01
4.25000000000000e-01  -4.30990793847048e-01
4.50000000000000e-01  -4.44968062650073e-01
4.75000000000000e-01  -4.58266801502500e-01
5.00000000000000e-01  -4.70801773937828e-01
5.25000000000000e-01  -4.82485817571000e-01
5.50000000000000e-01  -4.93230335031320e-01
5.75000000000000e-01  -5.02945784895348e-01
6.00000000000000e-01  -5.11542172619811e-01
6.25000000000000e-01  -5.18929312577517e-01
6.50000000000000e-01  -5.25019940824518e-01
6.75000000000000e-01  -5.29726484269858e-01
7.00000000000000e-01  -5.32965022122014e-01
7.25000000000000e-01  -5.34654985781069e-01
7.50000000000000e-01  -5.34720048228259e-01
7.75000000000000e-01  -5.33089013415529e-01
8.00000000000000e-01  -5.29696705655071e-01
8.25000000000000e-01  -5.24484859008879e-01
8.50000000000000e-01  -5.17403006678294e-01
8.75000000000000e-01  -5.08409370393553e-01
9.00000000000000e-01  -4.97471749803337e-01
9.25000000000000e-01  -4.84568411864320e-01
9.50000000000000e-01  -4.69688761435831e-01
9.75000000000000e-01  -4.52834265643687e-01
1.00000000000000e+00  -4.34019702199899e-01
1.02500000000000e+00  -4.13271924519834e-01
1.05000000000000e+00  -3.90632363235157e-01
1.07500000000000e+00  -3.66157123663971e-01
1.10000000000000e+00  -3.39917083280962e-01
1.12500000000000e+00  -3.11997989187540e-01
1.15000000000000e+00  -2.82500555581976e-01
1.17500000000000e+00  -2.51540561229551e-01
1.20000000000000e+00  -2.19248946932690e-01
1.22500000000000e+00  -1.85771913001111e-01
1.25000000000000e+00  -1.51267371758126e-01
1.27500000000000e+00  -1.15912185287466e-01
1.30000000000000e+00  -7.98959871092367e-02
1.32500000000000e+00  -4.34166765505532e-02
1.35000000000000e+00  -6.68447467392840e-03
1.37500000000000e+00  3.00798648606935e-02
1.40000000000000e+00  6.66468449338851e-02
1.42500000000000e+00  1.02780014104691e-01
1.45000000000000e+00  1.38237755748587e-01
1.47500000000000e+00  1.72775077195429e-01
1.50000000000000e+00  2.06145398867411e-01
1.52500000000000e+00  2.38102343417020e-01
1.55000000000000e+00  2.68401524864988e-01
1.57500000000000e+00  2.96804766638962e-01
1.60000000000000e+00  3.23080555693712e-01
1.62500000000000e+00  3.47007591930299e-01
1.65000000000000e+00  3.68375240566108e-01
1.67500000000000e+00  3.86987855121845e-01
1.70000000000000e+00  4.02666760635150e-01
1.72500000000000e+00  4.15252236874201e-01
1.75000000000000e+00  4.24605501551331e-01
1.77500000000000e+00  4.30610693536632e-01
1.80000000000000e+00  4.33176856071565e-01
1.82500000000000e+00  4.32239919982576e-01
1.85000000000000e+00  4.27764686894697e-01
1.87500000000000e+00  4.19750082159546e-01
1.90000000000000e+00  4.08211533503107e-01
1.92500000000000e+00  3.93216503675443e-01
1.95000000000000e+00  3.74850433496391e-01
1.97500000000000e+00  3.53233887725213e-01
2.00000000000000e+00  3.28521063403201e-01
2.02500000000000e+00  3.00898298196297e-01
2.05000000000000e+00  2.70582578737701e-01
2.07500000000000e+00  2.37820048970488e-01
2.10000000000000e+00  2.02884518490217e-01
2.12500000000000e+00  1.66075970887547e-01
2.15000000000000e+00  1.27719072090850e-01
2.17500000000000e+00  8.81616787088208e-02
2.20000000000000e+00  4.77662830249413e-02
2.22500000000000e+00  6.91218179623966e-03
2.25000000000000e+00  -3.40097821995811e-02
2.27500000000000e+00  -7.46012049945845e-02
2.30000000000000e+00  -1.14459775580832e-01
2.32500000000000e+00  -1.53183608461456e-01
2.35000000000000e+00  -1.90375576201741e-01
2.37500000000000e+00  -2.25647641980199e-01
2.40000000000000e+00  -2.58625192139641e-01
2.42500000000000e+00  -2.88951368738254e-01
2.45000000000000e+00  -3.16291402100680e-01
2.47500000000000e+00  -3.40336943369092e-01
2.50000000000000e+00  -3.60813484965352e-01
2.52500000000000e+00  -3.77467066889865e-01
2.55000000000000e+00  -3.90105072885225e-01
2.57500000000000e+00  -3.98556784917648e-01
2.60000000000000e+00  -4.02699119162868e-01
2.62500000000000e+00  -4.02456902779570e-01
2.65000000000000e+00  -3.97803150682808e-01
2.67500000000000e+00  -3.88759342317433e-01
2.70000000000000e+00  -3.75395698431516e-01
2.72500000000000e+00  -3.57831457849772e-01
2.75000000000000e+00  -3.36235154246983e-01
2.77500000000000e+00  -3.10824892921425e-01
2.80000000000000e+00  -2.81868627568291e-01
2.82500000000000e+00  -2.49672484990501e-01
2.85000000000000e+00  -2.14586841192422e-01
2.87500000000000e+00  -1.77001338238993e-01
2.90000000000000e+00  -1.37336715248505e-01
2.92500000000000e+00  -9.60446631422339e-02
2.95000000000000e+00  -5.36018071147901e-02
2.97500000000000e+00  -1.05036891044784e-02
3.00000000000000e+00  3.27412497363485e-02
3.02500000000000e+00  7.56176865709338e-02
3.05000000000000e+00  1.17609434407761e-01
3.07500000000000e+00  1.58205459630198e-01
3.10000000000000e+00  1.96905899526143e-01
3.12500000000000e+00  2.33233780549054e-01
3.15000000000000e+00  2.66720744094510e-01
3.17500000000000e+00  2.96957914506179e-01
3.20000000000000e+00  3.23549755445005e-01
3.22500000000000e+00  3.46147920369030e-01
3.25000000000000e+00  3.64453840082958e-01
3.27500000000000e+00  3.78221310287717e-01
3.30000000000000e+00  3.87259079130015e-01
3.32500000000000e+00  3.91433434751910e-01
3.35000000000000e+00  3.90670792840362e-01
3.37500000000000e+00  3.84960284176805e-01
3.40000000000000e+00  3.74356342186695e-01
3.42500000000000e+00  3.58981290489086e-01
3.45000000000000e+00  3.39012505565305e-01
3.47500000000000e+00  3.14692180288281e-01
3.50000000000000e+00  2.86323815187351e-01
3.52500000000000e+00  2.54260679179421e-01
3.55000000000000e+00  2.18910208535955e-01
3.57500000000000e+00  1.80727182739535e-01
3.60000000000000e+00  1.40206900340415e-01
3.62500000000000e+00  9.78783548130876e-02
3.65000000000000e+00  5.42974104128380e-02
3.67500000000000e+00  1.00399780323064e-02
3.70000000000000e+00  -3.43048089419540e-02
3.72500000000000e+00  -7.81414187729166e-02
3.75000000000000e+00  -1.20885158799939e-01
3.77500000000000e+00  -1.61936336131896e-01
3.80000000000000e+00  -2.00758021308824e-01
3.82500000000000e+00  -2.36810087649232e-01
3.85000000000000e+00  -2.69592886250465e-01
3.87500000000000e+00  -2.98651863131857e-01
3.90000000000000e+00  -3.23582176377875e-01
3.92500000000000e+00  -3.44033313281277e-01
3.95000000000000e+00  -3.59713707486255e-01
3.97500000000000e+00  -3.70395356131589e-01
4.00000000000000e+00  -3.75918436993796e-01
4.02500000000000e+00  -3.76195925630278e-01
4.05000000000000e+00  -3.71218212522474e-01
4.07500000000000e+00  -3.61040226787554e-01
4.10000000000000e+00  -3.45793942797712e-01
4.12500000000000e+00  -3.25686415238989e-01
4.15000000000000e+00  -3.00986272986670e-01
4.17500000000000e+00  -2.72031874634590e-01
4.20000000000000e+00  -2.39224315129104e-01
4.22500000000000e+00  -2.03020432403078e-01
4.25000000000000e+00  -1.63925814009865e-01
4.27500000000000e+00  -1.22487803757283e-01
4.30000000000000e+00  -7.92885083416023e-02
4.32500000000000e+00  -3.49378039815185e-02
4.35000000000000e+00  9.93365694785641e-03
4.37500000000000e+00  5.46928623219985e-02
4.40000000000000e+00  9.86843156348847e-02
4.42500000000000e+00  1.41301983908635e-01
4.45000000000000e+00  1.81926521753209e-01
4.47500000000000e+00  2.19971324221813e-01
4.50000000000000e+00  2.54888499924506e-01
4.52500000000000e+00  2.86174844141810e-01
4.55000000000000e+00  3.13377811938306e-01
4.57500000000000e+00  3.36101491276244e-01
4.60000000000000e+00  3.54012576129146e-01
4.62500000000000e+00  3.66846339595408e-01
4.65000000000000e+00  3.74412607011907e-01
4.67500000000000e+00  3.76601729067607e-01
4.70000000000000e+00  3.73372493047151e-01
4.72500000000000e+00  3.64766075641211e-01
4.75000000000000e+00  3.50905421119481e-01
4.77500000000000e+00  3.31981009261450e-01
4.80000000000000e+00  3.08261492511536e-01
4.82500000000000e+00  2.80086964256394e-01
4.85000000000000e+00  2.47862227102222e-01
4.87500000000000e+00  2.12050061152079e-01
4.90000000000000e+00  1.73164492283189e-01
4.92500000000000e+00  1.31764060424255e-01
4.95000000000000e+00  8.84450878327682e-02
4.97500000000000e+00  4.38349473723164e-02
5.00000000000000e+00  -1.42842221212579e-03
5.02500000000000e+00  -4.66745937702729e-02
5.05000000000000e+00  -9.12720279460733e-02
5.07500000000000e+00  -1.34569355915783e-01
5.10000000000000e+00  -1.75939470015880e-01
5.12500000000000e+00  -2.14786273547171e-01
5.15000000000000e+00  -2.50551430578919e-01
5.17500000000000e+00  -2.82721115752955e-01
5.20000000000000e+00  -3.10832764087786e-01
5.22500000000000e+00  -3.34481820782731e-01
5.25000000000000e+00  -3.53328491022018e-01
5.27500000000000e+00  -3.67104489778915e-01
5.30000000000000e+00  -3.75619791619836e-01
5.32500000000000e+00  -3.78751824972631e-01
5.35000000000000e+00  -3.76459716798389e-01
5.37500000000000e+00  -3.68785354033240e-01
5.40000000000000e+00  -3.55838851229335e-01
5.42500000000000e+00  -3.37810885014969e-01
5.45000000000000e+00  -3.14966717126146e-01
5.47500000000000e+00  -2.87640217438140e-01
5.50000000000000e+00  -2.56227886997072e-01
5.52500000000000e+00  -2.21182881051462e-01
5.55000000000000e+00  -1.83009032083809e-01
5.57500000000000e+00  -1.42254872842147e-01
5.60000000000000e+00  -9.95076593716142e-02
5.62500000000000e+00  -5.53758800948780e-02
5.65000000000000e+00  -1.05003344761360e-02
5.67500000000000e+00  3.44970437389091e-02
5.70000000000000e+00  7.89712719279541e-02
5.72500000000000e+00  1.22291169341504e-01
5.75000000000000e+00  1.63846353079583e-01
5.77500000000000e+00  2.03054234068473e-01
5.80000000000000e+00  2.39367013037435e-01
5.82500000000000e+00  2.72278676495428e-01
5.85000000000000e+00  3.01331992707845e-01
5.87500000000000e+00  3.26125507673230e-01
5.90000000000000e+00  3.46320541100009e-01
5.92500000000000e+00  3.61648182383210e-01
5.95000000000000e+00  3.71901167454620e-01
5.97500000000000e+00  3.76947187905765e-01
6.00000000000000e+00  3.76731251377547e-01
6.02500000000000e+00  3.71262812776234e-01
6.05000000000000e+00  3.60628783424187e-01
6.07500000000000e+00  3.44988909603694e-01
6.10000000000000e+00  3.24571151100795e-01
6.12500000000000e+00  2.99667059749117e-01
6.15000000000000e+00  2.70627157973696e-01
6.17500000000000e+00  2.37856317334819e-01
6.20000000000000e+00  2.01809137071841e-01
6.22500000000000e+00  1.62985322647022e-01
6.25000000000000e+00  1.21914376121240e-01
6.27500000000000e+00  7.91655376976886e-02
6.30000000000000e+00  3.53063950024825e-02
6.32500000000000e+00  -9.06766367628340e-03
6.35000000000000e+00  -5.33608609874673e-02
6.37500000000000e+00  -9.69838476463707e-02
6.40000000000000e+00  -1.39360519564257e-01
6.42500000000000e+00  -1.79934834977838e-01
6.45000000000000e+00  -2.18177631578793e-01
6.47500000000000e+00  -2.53593443643263e-01
6.50000000000000e+00  -2.85727319161350e-01
6.52500000000000e+00  -3.14171636966632e-01
6.55000000000000e+00  -3.38572923865654e-01
6.57500000000000e+00  -3.58627485308586e-01
6.60000000000000e+00  -3.74092898996462e-01
6.62500000000000e+00  -3.84791527375655e-01
6.65000000000000e+00  -3.90600805882338e-01
6.67500000000000e+00  -3.91466023150908e-01
6.70000000000000e+00  -3.87397745047548e-01
6.72500000000000e+00  -3.78469238703792e-01
6.75000000000000e+00  -3.64813896550092e-01
6.77500000000000e+00  -3.46622660349373e-01
6.80000000000000e+00  -3.24141445230609e-01
6.82500000000000e+00  -2.97668563722376e-01
6.85000000000000e+00  -2.67552149786422e-01
6.87500000000000e+00  -2.34180867957012e-01
6.90000000000000e+00  -1.97981855102098e-01
6.92500000000000e+00  -1.59404629396734e-01
6.95000000000000e+00  -1.18931671980138e-01
6.97500000000000e+00  -7.70625769943301e-02
7.00000000000000e+00  -3.43080482822654e-02
7.02500000000000e+00  8.81610391406290e-03
7.05000000000000e+00  5.17949662554871e-02
7.07500000000000e+00  9.41205256075587e-02
7.10000000000000e+00  1.35297672342423e-01
7.12500000000000e+00  1.74850203640694e-01
7.15000000000000e+00  2.12326826793347e-01
7.17500000000000e+00  2.47307162503586e-01
7.20000000000000e+00  2.79401949255958e-01
7.22500000000000e+00  3.08261147667525e-01
7.25000000000000e+00  3.33578944660915e-01
7.27500000000000e+00  3.55087681859521e-01
7.30000000000000e+00  3.72569521621090e-01
7.32500000000000e+00  3.85856172405655e-01
7.35000000000000e+00  3.94828614143463e-01
7.37500000000000e+00  3.99416823602904e-01
7.40000000000000e+00  3.99599499758434e-01
7.42500000000000e+00  3.95403789158507e-01
7.45000000000000e+00  3.86905011293503e-01
7.47500000000000e+00  3.74226383963653e-01
7.50000000000000e+00  3.57535630840678e-01
7.52500000000000e+00  3.37033926770893e-01
7.55000000000000e+00  3.12966651750445e-01
7.57500000000000e+00  2.85611258015775e-01
7.60000000000000e+00  2.55275943421472e-01
7.62500000000000e+00  2.22295317011832e-01
7.65000000000000e+00  1.87026064592389e-01
7.67500000000000e+00  1.49842614301473e-01
7.70000000000000e+00  1.11132802181748e-01
7.72500000000000e+00  7.12935377517570e-02
7.75000000000000e+00  3.07264695774792e-02
7.77500000000000e+00  -1.01663491561416e-02
7.80000000000000e+00  -5.09867950736362e-02
7.82500000000000e+00  -9.13443177684257e-02
7.85000000000000e+00  -1.30859930853044e-01
7.87500000000000e+00  -1.69171475469474e-01
7.90000000000000e+00  -2.05931424551788e-01
7.92500000000000e+00  -2.40815456009064e-01
7.95000000000000e+00  -2.73523936239407e-01
7.97500000000000e+00  -3.03783403643992e-01
8.00000000000000e+00  -3.31348052141076e-01
8.02500000000000e+00  -3.56001214680044e-01
8.05000000000000e+00  -3.77556846755426e-01
8.07500000000000e+00  -3.95861009920929e-01
8.10000000000000e+00  -4.10793355303472e-01
8.12500000000000e+00  -4.22265917349991e-01
8.15000000000000e+00  -4.30220346668833e-01
8.17500000000000e+00  -4.34632505064137e-01
8.20000000000000e+00  -4.35506844604414e-01
8.22500000000000e+00  -4.32878691492520e-01
8.25000000000000e+00  -4.26812256172770e-01
8.27500000000000e+00  -4.17398643438044e-01
8.30000000000000e+00  -4.04753862536896e-01
8.32500000000000e+00  -3.89016837280663e-01
8.35000000000000e+00  -3.70347416150575e-01
8.37500000000000e+00  -3.48924382404856e-01
8.40000000000000e+00  -3.24943464185845e-01
8.42500000000000e+00  -2.98615344627096e-01
8.45000000000000e+00  -2.70161375578004e-01
8.47500000000000e+00  -2.39813091081051e-01
8.50000000000000e+00  -2.07808666502815e-01
8.52500000000000e+00  -1.74392479612301e-01
8.55000000000000e+00  -1.39810880752600e-01
8.57500000000000e+00  -1.04310409031783e-01
8.60000000000000e+00  -6.81360085137844e-02
8.62500000000000e+00  -3.15292444092748e-02
8.65000000000000e+00  5.27348073343149e-03
8.67500000000000e+00  4.20427108375051e-02
8.70000000000000e+00  7.85577201067115e-02
8.72500000000000e+00  1.14608296834530e-01
8.75000000000000e+00  1.50000484089158e-01
8.77500000000000e+00  1.84533566503647e-01
8.80000000000000e+00  2.18041849549471e-01
8.82500000000000e+00  2.50363821925094e-01
8.85000000000000e+00  2.81353337428845e-01
8.87500000000000e+00  3.10879515309433e-01
8.90000000000000e+00  3.38826640616436e-01
8.92500000000000e+00  3.65094064550813e-01
8.95000000000000e+00  3.89596104815417e-01
8.97500000000000e+00  4.12261945965489e-01
9.00000000000000e+00  4.33035539759177e-01
9.02500000000000e+00  4.51875505508024e-01
9.05000000000000e+00  4.68755030427490e-01
9.07500000000000e+00  4.83659381637830e-01
9.10000000000000e+00  4.96587126246066e-01
9.12500000000000e+00  5.07548886649003e-01
9.15000000000000e+00  5.16566422561647e-01
9.17500000000000e+00  5.23671954429300e-01
9.20000000000000e+00  5.28907275390455e-01
9.22500000000000e+00  5.32322863239684e-01
9.25000000000000e+00  5.33976992390535e-01
9.27500000000000e+00  5.33934845838423e-01
9.30000000000000e+00  5.32267627123521e-01
9.32500000000000e+00  5.29051672293655e-01
9.35000000000000e+00  5.24367561867195e-01
9.37500000000000e+00  5.18299376294621e-01
9.40000000000000e+00  5.10934085227545e-01
9.42500000000000e+00  5.02359563613557e-01
9.45000000000000e+00  4.92665768278734e-01
9.47500000000000e+00  4.81942689711680e-01
9.50000000000000e+00  4.70279861904744e-01
9.52500000000000e+00  4.57765872195241e-01
9.55000000000000e+00  4.44487871106663e-01
9.57500000000000e+00  4.30531082189897e-01
9.60000000000000e+00  4.15978311864439e-01
9.62500000000000e+00  4.00909459259612e-01
9.65000000000000e+00  3.85401026055778e-01
9.67500000000000e+00  3.69525626325562e-01
9.70000000000000e+00  3.53352471411396e-01
9.72500000000000e+00  3.36946384991725e-01
9.75000000000000e+00  3.20367715459987e-01
9.77500000000000e+00  3.03672541020688e-01
9.80000000000000e+00  2.86912165796377e-01
9.82500000000000e+00  2.70133108698954e-01
9.85000000000000e+00  2.53377092300978e-01
9.87500000000000e+00  2.36681031706967e-01
9.90000000000000e+00  2.20077023424701e-01
9.92500000000000e+00  2.03592334236534e-01
9.95000000000000e+00  1.87249390070697e-01
9.97500000000000e+00  1.71065764872597e-01
1.00000000000000e+01  1.55054169476134e-01
