0.00000000000000e+00  -1.54960230392230e-01
2.50000000000000e-02  -1.70965348046872e-01
5.00000000000000e-02  -1.87143203959421e-01
7.50000000000000e-02  -2.03481137607802e-01
1.00000000000000e-01  -2.19961627375314e-01
1.25000000000000e-01  -2.36562301273469e-01
1.50000000000000e-01  -2.53255947664827e-01
1.75000000000000e-01  -2.70010525985834e-01
2.00000000000000e-01  -2.86789177469668e-01
2.25000000000000e-01  -3.03550235869066e-01
2.50000000000000e-01  -3.20247238179177e-01
2.75000000000000e-01  -3.36828935360389e-01
3.00000000000000e-01  -3.53239303061173e-01
3.25000000000000e-01  -3.69418044653298e-01
3.50000000000000e-01  -3.85300385805516e-01
3.75000000000000e-01  -4.00817160808270e-01
4.00000000000000e-01  -4.15895798498662e-01
4.25000000000000e-01  -4.30459835206199e-01
4.50000000000000e-01  -4.44429404446262e-01
4.75000000000000e-01  -4.57721726613576e-01
5.00000000000000e-01  -4.70251598675680e-01
5.25000000000000e-01  -4.81931883866397e-01
5.50000000000000e-01  -4.92674001379306e-01
5.75000000000000e-01  -5.02388416061211e-01
6.00000000000000e-01  -5.10985128105609e-01
6.25000000000000e-01  -5.18373999316225e-01
6.50000000000000e-01  -5.24467605027387e-01
6.75000000000000e-01  -5.29178465738950e-01
7.00000000000000e-01  -5.32422603209281e-01
7.25000000000000e-01  -5.34119383607199e-01
7.50000000000000e-01  -5.34192406348232e-01
7.75000000000000e-01  -5.32570392930881e-01
8.00000000000000e-01  -5.29188075772883e-01
8.25000000000000e-01  -5.23987087047471e-01
8.50000000000000e-01  -5.16916847519639e-01
8.75000000000000e-01  -5.07935455382398e-01
9.00000000000000e-01  -4.97010575093046e-01
9.25000000000000e-01  -4.84120326209427e-01
9.50000000000000e-01  -4.69253959946361e-01
9.75000000000000e-01  -4.52412779142293e-01
1.00000000000000e+00  -4.33611386100326e-01
1.02500000000000e+00  -4.12876457687950e-01
1.05000000000000e+00  -3.90249239928665e-01
1.07500000000000e+00  -3.65785648411870e-01
1.10000000000000e+00  -3.39556368702746e-01
1.12500000000000e+00  -3.11646956752141e-01
1.15000000000000e+00  -2.82157939306451e-01
1.17500000000000e+00  -2.51204914317513e-01
1.20000000000000e+00  -2.18918651352475e-01
1.22500000000000e+00  -1.85445192003697e-01
1.25000000000000e+00  -1.50942328222316e-01
1.27500000000000e+00  -1.15586509089210e-01
1.30000000000000e+00  -7.95674892097164e-02
1.32500000000000e+00  -4.30830085459675e-02
1.35000000000000e+00  -6.34315314052394e-03
1.37500000000000e+00  3.04314334820990e-02
1.40000000000000e+00  6.70113389138885e-02
1.42500000000000e+00  1.03160170461797e-01
1.45000000000000e+00  1.38636343746210e-01
1.47500000000000e+00  1.73194871299405e-01
1.50000000000000e+00  2.06589151164014e-01
1.52500000000000e+00  2.38572755491489e-01
1.55000000000000e+00  2.68901219140566e-01
1.57500000000000e+00  2.97336268381062e-01
1.60000000000000e+00  3.23646266800054e-01
1.62500000000000e+00  3.47609766502504e-01
1.65000000000000e+00  3.69015964533949e-01
1.67500000000000e+00  3.87669021817720e-01
1.70000000000000e+00  4.03390045701910e-01
1.72500000000000e+00  4.16019072506344e-01
1.75000000000000e+00  4.25417050069548e-01
1.77500000000000e+00  4.31467820295717e-01
1.80000000000000e+00  4.34080101701682e-01
1.82500000000000e+00  4.33189471963883e-01
1.85000000000000e+00  4.28760350465334e-01
1.87500000000000e+00  4.20791393719589e-01
1.90000000000000e+00  4.09297628732841e-01
1.92500000000000e+00  3.94346168730935e-01
1.95000000000000e+00  3.76022080096639e-01
1.97500000000000e+00  3.54445555350049e-01
2.00000000000000e+00  3.29770425070569e-01
2.02500000000000e+00  3.02182669818908e-01
2.05000000000000e+00  2.71898932059063e-01
2.07500000000000e+00  2.39165028080312e-01
2.10000000000000e+00  2.04254459919193e-01
2.12500000000000e+00  1.67466927281502e-01
2.15000000000000e+00  1.29126839464277e-01
2.17500000000000e+00  8.95818272777824e-02
2.20000000000000e+00  4.91941750427217e-02
2.22500000000000e+00  8.34303728518656e-03
2.25000000000000e+00  -3.25808735532965e-02
2.27500000000000e+00  -7.31792341935326e-02
2.30000000000000e+00  -1.13049772090855e-01
2.32500000000000e+00  -1.51790597789713e-01
2.35000000000000e+00  -1.89004537278261e-01
2.37500000000000e+00  -2.24303464342946e-01
2.40000000000000e+00  -2.57312632923095e-01
2.42500000000000e+00  -2.87675009465501e-01
2.45000000000000e+00  -3.15055605279013e-01
2.47500000000000e+00  -3.39145808889123e-01
2.50000000000000e+00  -3.59670544633762e-01
2.52500000000000e+00  -3.76376386837644e-01
2.55000000000000e+00  -3.89069593056084e-01
2.57500000000000e+00  -3.97579163181449e-01
2.60000000000000e+00  -4.01781676855903e-01
2.62500000000000e+00  -4.01601581227902e-01
2.65000000000000e+00  -3.97011478708706e-01
2.67500000000000e+00  -3.88032414728877e-01
2.70000000000000e+00  -3.74734165494784e-01
2.72500000000000e+00  -3.57235525745109e-01
2.75000000000000e+00  -3.35704596507349e-01
2.77500000000000e+00  -3.10359072854320e-01
2.80000000000000e+00  -2.81466531660659e-01
2.82500000000000e+00  -2.49332725607774e-01
2.85000000000000e+00  -2.14307701174258e-01
2.87500000000000e+00  -1.76780838720097e-01
2.90000000000000e+00  -1.37172603079773e-01
2.92500000000000e+00  -9.59344776671459e-02
2.95000000000000e+00  -5.35429395396590e-02
2.97500000000000e+00  -1.04934344625329e-02
3.00000000000000e+00  3.27056480270328e-02
3.02500000000000e+00  7.55389995556611e-02
3.05000000000000e+00  1.17490417849599e-01
3.07500000000000e+00  1.58048831670517e-01
3.10000000000000e+00  1.96714325751313e-01
3.12500000000000e+00  2.33009359033600e-01
3.15000000000000e+00  2.66465984221316e-01
3.17500000000000e+00  2.96674593004567e-01
3.20000000000000e+00  3.23239434747419e-01
3.22500000000000e+00  3.45811901286367e-01
3.25000000000000e+00  3.64093125939461e-01
3.27500000000000e+00  3.77836582515428e-01
3.30000000000000e+00  3.86850684322789e-01
3.32500000000000e+00  3.91001383178990e-01
3.35000000000000e+00  3.90214768419517e-01
3.37500000000000e+00  3.84479665907020e-01
3.40000000000000e+00  3.73850237040437e-01
3.42500000000000e+00  3.58448577764113e-01
3.45000000000000e+00  3.38451854841840e-01
3.47500000000000e+00  3.14102095347450e-01
3.50000000000000e+00  2.85702724589845e-01
3.52500000000000e+00  2.53606947026279e-01
3.55000000000000e+00  2.18222212823031e-01
3.57500000000000e+00  1.80003387579661e-01
3.60000000000000e+00  1.39445922053280e-01
3.62500000000000e+00  9.70790218828023e-02
3.65000000000000e+00  5.34588173132171e-02
3.67500000000000e+00  9.16153291984410e-03
3.70000000000000e+00  -3.52233426674018e-02
3.72500000000000e+00  -7.90998870397489e-02
3.75000000000000e+00  -1.21883725677218e-01
3.77500000000000e+00  -1.62971838424529e-01
3.80000000000000e+00  -2.01829412077179e-01
3.82500000000000e+00  -2.37915413340734e-01
3.85000000000000e+00  -2.70729367527885e-01
3.87500000000000e+00  -2.99815972472898e-01
3.90000000000000e+00  -3.24769712446064e-01
3.92500000000000e+00  -3.45239472068156e-01
3.95000000000000e+00  -3.60933150224878e-01
3.97500000000000e+00  -3.71622273981318e-01
4.00000000000000e+00  -3.77146612496403e-01
4.02500000000000e+00  -3.77418790937345e-01
4.05000000000000e+00  -3.72428904394101e-01
4.07500000000000e+00  -3.62231659297643e-01
4.10000000000000e+00  -3.46958817297183e-01
4.12500000000000e+00  -3.26817309299198e-01
4.15000000000000e+00  -3.02075713308474e-01
4.17500000000000e+00  -2.73072395641163e-01
4.20000000000000e+00  -2.40208536553957e-01
4.22500000000000e+00  -2.03941155873279e-01
4.25000000000000e+00  -1.64776138624459e-01
4.27500000000000e+00  -1.23261260660916e-01
4.30000000000000e+00  -7.99792142933434e-02
4.32500000000000e+00  -3.55406339188869e-02
4.35000000000000e+00  9.42287834966503e-03
4.37500000000000e+00  5.42796166523781e-02
4.40000000000000e+00  9.83691446801805e-02
4.42500000000000e+00  1.41088486054416e-01
4.45000000000000e+00  1.81816931440540e-01
4.47500000000000e+00  2.19966672464952e-01
4.50000000000000e+00  2.54988757492302e-01
4.52500000000000e+00  2.86379047402802e-01
4.55000000000000e+00  3.13684171369512e-01
4.57500000000000e+00  3.36507482635662e-01
4.60000000000000e+00  3.54515014291945e-01
4.62500000000000e+00  3.67441435053821e-01
4.65000000000000e+00  3.75096005038825e-01
4.67500000000000e+00  3.77368531543866e-01
4.70000000000000e+00  3.74217349703322e-01
4.72500000000000e+00  3.65683188789823e-01
4.75000000000000e+00  3.51888678598787e-01
4.77500000000000e+00  3.33023956697949e-01
4.80000000000000e+00  3.09357442270952e-01
4.82500000000000e+00  2.81229104777810e-01
4.85000000000000e+00  2.49043732615372e-01
4.87500000000000e+00  2.13264201777797e-01
4.90000000000000e+00  1.74404744517010e-01
4.92500000000000e+00  1.33024218003181e-01
4.95000000000000e+00  8.97193729851838e-02
4.97500000000000e+00  4.51181224510629e-02
5.00000000000000e+00  -1.42371957532732e-04
5.02500000000000e+00  -4.53885785873429e-02
5.05000000000000e+00  -8.99909805023108e-02
5.07500000000000e+00  -1.33297348289587e-01
5.10000000000000e+00  -1.74679790346538e-01
5.12500000000000e+00  -2.13541498860706e-01
5.15000000000000e+00  -2.49323495789806e-01
5.17500000000000e+00  -2.81511378841696e-01
5.20000000000000e+00  -3.09642067454348e-01
5.22500000000000e+00  -3.33310548775840e-01
5.25000000000000e+00  -3.52176623644321e-01
5.27500000000000e+00  -3.65971652568001e-01
5.30000000000000e+00  -3.74505301705118e-01
5.32500000000000e+00  -3.77654703355953e-01
5.35000000000000e+00  -3.75378751969865e-01
5.37500000000000e+00  -3.67719072081769e-01
5.40000000000000e+00  -3.54785610364335e-01
5.42500000000000e+00  -3.36768890316944e-01
5.45000000000000e+00  -3.13934059357556e-01
5.47500000000000e+00  -2.86614935914582e-01
5.50000000000000e+00  -2.55208056518759e-01
5.52500000000000e+00  -2.20166722895015e-01
5.55000000000000e+00  -1.81995049054350e-01
5.57500000000000e+00  -1.41242008385701e-01
5.60000000000000e+00  -9.84954807478116e-02
5.62500000000000e+00  -5.43624701020046e-02
5.65000000000000e+00  -9.48722338381028e-03
5.67500000000000e+00  3.55108850982700e-02
5.70000000000000e+00  7.99861285833188e-02
5.72500000000000e+00  1.23306722552769e-01
5.75000000000000e+00  1.64861804697747e-01
5.77500000000000e+00  2.04068414886440e-01
5.80000000000000e+00  2.40378475131443e-01
5.82500000000000e+00  2.73285769557116e-01
5.85000000000000e+00  3.02332924366945e-01
5.87500000000000e+00  3.27118387810886e-01
5.90000000000000e+00  3.47303410152736e-01
5.92500000000000e+00  3.62619023637471e-01
5.95000000000000e+00  3.72858047840356e-01
5.97500000000000e+00  3.77888099377924e-01
6.00000000000000e+00  3.77654281680893e-01
6.02500000000000e+00  3.72166126359773e-01
6.05000000000000e+00  3.61510663699028e-01
6.07500000000000e+00  3.45847808530750e-01
6.10000000000000e+00  3.25405746108327e-01
6.12500000000000e+00  3.00476317980123e-01
6.15000000000000e+00  2.71410407863144e-01
6.17500000000000e+00  2.38613327516721e-01
6.20000000000000e+00  2.02540202616175e-01
6.22500000000000e+00  1.63691358626490e-01
6.25000000000000e+00  1.22596911506747e-01
6.27500000000000e+00  7.98247291503316e-02
6.30000000000000e+00  3.59442088831167e-02
6.32500000000000e+00  -8.44898905820401e-03
6.35000000000000e+00  -5.27587856626936e-02
6.37500000000000e+00  -9.63955157162581e-02
6.40000000000000e+00  -1.38782760372762e-01
6.42500000000000e+00  -1.79364179725114e-01
6.45000000000000e+00  -2.17610345376377e-01
6.47500000000000e+00  -2.53025573010869e-01
6.50000000000000e+00  -2.85154754965249e-01
6.52500000000000e+00  -3.13590192799638e-01
6.55000000000000e+00  -3.37978429868702e-01
6.57500000000000e+00  -3.58015693373563e-01
6.60000000000000e+00  -3.73459631443471e-01
6.62500000000000e+00  -3.84132685759801e-01
6.65000000000000e+00  -3.89912417024353e-01
6.67500000000000e+00  -3.90744275193936e-01
6.70000000000000e+00  -3.86639027878886e-01
6.72500000000000e+00  -3.77670188741573e-01
6.75000000000000e+00  -3.63971445894917e-01
6.77500000000000e+00  -3.45734090300900e-01
6.80000000000000e+00  -3.23204444169076e-01
6.82500000000000e+00  -2.96681289355089e-01
6.85000000000000e+00  -2.66513295759177e-01
6.87500000000000e+00  -2.33088866344796e-01
6.90000000000000e+00  -1.96837045703513e-01
6.92500000000000e+00  -1.58206433436140e-01
6.95000000000000e+00  -1.17680150943809e-01
6.97500000000000e+00  -7.57583658796847e-02
7.00000000000000e+00  -3.29522936890264e-02
7.02500000000000e+00  1.02218008507782e-02
7.05000000000000e+00  5.32486020901445e-02
7.07500000000000e+00  9.56197419672543e-02
7.10000000000000e+00  1.36839798467999e-01
7.12500000000000e+00  1.76432294085923e-01
7.15000000000000e+00  2.13945694282185e-01
7.17500000000000e+00  2.48959405945495e-01
7.20000000000000e+00  2.81083973377390e-01
7.22500000000000e+00  3.09969195534302e-01
7.25000000000000e+00  3.35309127985361e-01
7.27500000000000e+00  3.56836001905484e-01
7.30000000000000e+00  3.74331909218119e-01
7.32500000000000e+00  3.87628531174392e-01
7.35000000000000e+00  3.96606866932257e-01
7.37500000000000e+00  4.01196962135647e-01
7.40000000000000e+00  4.01377637493615e-01
7.42500000000000e+00  3.97176217359488e-01
7.45000000000000e+00  3.88668258310014e-01
7.47500000000000e+00  3.75977277724506e-01
7.50000000000000e+00  3.59270791520272e-01
7.52500000000000e+00  3.38750727261701e-01
7.55000000000000e+00  3.14662320613760e-01
7.57500000000000e+00  2.87283345849716e-01
7.60000000000000e+00  2.56922314338054e-01
7.62500000000000e+00  2.23914139854566e-01
7.65000000000000e+00  1.88615803894427e-01
7.67500000000000e+00  1.51402020984289e-01
7.70000000000000e+00  1.12660903994350e-01
7.72500000000000e+00  7.27896294504481e-02
7.75000000000000e+00  3.21901028461433e-02
7.77500000000000e+00  -8.73537604520682e-03
7.80000000000000e+00  -4.95884478583537e-02
7.82500000000000e+00  -8.99783564687693e-02
7.85000000000000e+00  -1.29525895677015e-01
7.87500000000000e+00  -1.67868731769181e-01
7.90000000000000e+00  -2.04659175822832e-01
7.92500000000000e+00  -2.39572760682008e-01
7.95000000000000e+00  -2.72309727808343e-01
7.97500000000000e+00  -3.02596514132218e-01
8.00000000000000e+00  -3.30187238903878e-01
8.02500000000000e+00  -3.54865190544577e-01
8.05000000000000e+00  -3.76444313497703e-01
8.07500000000000e+00  -3.94770695079912e-01
8.10000000000000e+00  -4.09724052332270e-01
8.12500000000000e+00  -4.21216100841689e-01
8.15000000000000e+00  -4.29189348998831e-01
8.17500000000000e+00  -4.33619014722703e-01
8.20000000000000e+00  -4.34509736972205e-01
8.22500000000000e+00  -4.31897010115743e-01
8.25000000000000e+00  -4.25845197271339e-01
8.27500000000000e+00  -4.16445543646741e-01
8.30000000000000e+00  -4.03814189879532e-01
8.32500000000000e+00  -3.88090185377241e-01
8.35000000000000e+00  -3.69433501657452e-01
8.37500000000000e+00  -3.48023045687911e-01
8.40000000000000e+00  -3.24054673226645e-01
8.42500000000000e+00  -2.97739202162061e-01
8.45000000000000e+00  -2.69298103669760e-01
8.47500000000000e+00  -2.38963034360920e-01
8.50000000000000e+00  -2.06972288267739e-01
8.52500000000000e+00  -1.73570352373316e-01
8.55000000000000e+00  -1.39003678120794e-01
8.57500000000000e+00  -1.03518894403677e-01
8.60000000000000e+00  -6.73610205561331e-02
8.62500000000000e+00  -3.07716793432819e-02
8.65000000000000e+00  6.01269004848021e-03
8.67500000000000e+00  4.27626190211903e-02
8.70000000000000e+00  7.92573965750110e-02
8.72500000000000e+00  1.15286856317932e-01
8.75000000000000e+00  1.50656974254742e-01
8.77500000000000e+00  1.85166991330944e-01
8.80000000000000e+00  2.18651324896271e-01
8.82500000000000e+00  2.50948515269891e-01
8.85000000000000e+00  2.81912478180269e-01
8.87500000000000e+00  3.11412404242084e-01
8.90000000000000e+00  3.39332658433123e-01
8.92500000000000e+00  3.65572679571193e-01
8.95000000000000e+00  3.90046879791038e-01
8.97500000000000e+00  4.12684544021231e-01
9.00000000000000e+00  4.33429729461098e-01
9.02500000000000e+00  4.52241165057611e-01
9.05000000000000e+00  4.69092150982306e-01
9.07500000000000e+00  4.83968064030278e-01
9.10000000000000e+00  4.96867582604592e-01
9.12500000000000e+00  5.07801439004867e-01
9.15000000000000e+00  5.16791499001592e-01
9.17500000000000e+00  5.23870085899898e-01
9.20000000000000e+00  5.29079091701199e-01
9.22500000000000e+00  5.32469088264837e-01
9.25000000000000e+00  5.34098438469725e-01
9.27500000000000e+00  5.34032407375987e-01
9.30000000000000e+00  5.32342273386602e-01
9.32500000000000e+00  5.29104439409048e-01
9.35000000000000e+00  5.24399544016944e-01
9.37500000000000e+00  5.18311730711577e-01
9.40000000000000e+00  5.10927983179673e-01
9.42500000000000e+00  5.02336235482555e-01
9.45000000000000e+00  4.92626468613685e-01
9.47500000000000e+00  4.81888690075294e-01
9.50000000000000e+00  4.70212443981281e-01
9.52500000000000e+00  4.57686321160125e-01
9.55000000000000e+00  4.44397469257785e-01
9.57500000000000e+00  4.30431102840606e-01
9.60000000000000e+00  4.15870013498222e-01
9.62500000000000e+00  4.00794079946465e-01
9.65000000000000e+00  3.85279778130260e-01
9.67500000000000e+00  3.69399691326543e-01
9.70000000000000e+00  3.53222997464227e-01
9.72500000000000e+00  3.36814482783826e-01
9.75000000000000e+00  3.20234455522667e-01
9.77500000000000e+00  3.03538951409115e-01
9.80000000000000e+00  2.86779230502787e-01
9.82500000000000e+00  2.70001766495470e-01
9.85000000000000e+00  2.53248236012032e-01
9.87500000000000e+00  2.36555507911336e-01
9.90000000000000e+00  2.19955632587155e-01
9.92500000000000e+00  2.03475831269089e-01
9.95000000000000e+00  1.87138485323480e-01
9.97500000000000e+00  1.70961125554317e-01
1.00000000000000e+01  1.54956421504171e-01
