0.00000000000000e+00  -1.55991554667102e-01
2.50000000000000e-02  -1.72112876296473e-01
5.00000000000000e-02  -1.88411713276738e-01
7.50000000000000e-02  -2.04875225190014e-01
1.00000000000000e-01  -2.21485795514780e-01
1.25000000000000e-01  -2.38221032700731e-01
1.50000000000000e-01  -2.55053771243625e-01
1.75000000000000e-01  -2.71952072760140e-01
2.00000000000000e-01  -2.88879227062725e-01
2.25000000000000e-01  -3.05793753234450e-01
2.50000000000000e-01  -3.22649400703866e-01
2.75000000000000e-01  -3.39395150319849e-01
3.00000000000000e-01  -3.55975215426459e-01
3.25000000000000e-01  -3.72329544539469e-01
3.50000000000000e-01  -3.88393605352079e-01
3.75000000000000e-01  -4.04098462992220e-01
4.00000000000000e-01  -4.19371797106769e-01
4.25000000000000e-01  -4.34137383042955e-01
4.50000000000000e-01  -4.48315595862323e-01
4.75000000000000e-01  -4.61823914354703e-01
5.00000000000000e-01  -4.74577425052173e-01
5.25000000000000e-01  -4.86489326243024e-01
5.50000000000000e-01  -4.97471431985730e-01
5.75000000000000e-01  -5.07434676122909e-01
6.00000000000000e-01  -5.16289616295292e-01
6.25000000000000e-01  -5.23945693967897e-01
6.50000000000000e-01  -5.30316868465578e-01
6.75000000000000e-01  -5.35315160803501e-01
7.00000000000000e-01  -5.38857072144086e-01
7.25000000000000e-01  -5.40862409533533e-01
7.50000000000000e-01  -5.41255182651721e-01
7.75000000000000e-01  -5.39964500562109e-01
8.00000000000000e-01  -5.36925468461633e-01
8.25000000000000e-01  -5.32080084430602e-01
8.50000000000000e-01  -5.25378136182604e-01
8.75000000000000e-01  -5.16778097814395e-01
9.00000000000000e-01  -5.06248026555808e-01
9.25000000000000e-01  -4.93766459519643e-01
9.50000000000000e-01  -4.79323033700619e-01
9.75000000000000e-01  -4.62919460640950e-01
1.00000000000000e+00  -4.44570809037009e-01
1.02500000000000e+00  -4.24304138382998e-01
1.05000000000000e+00  -4.02161122221101e-01
1.07500000000000e+00  -3.78198130403471e-01
1.10000000000000e+00  -3.52486311354233e-01
1.12500000000000e+00  -3.25111674331471e-01
1.15000000000000e+00  -2.96175171689227e-01
1.17500000000000e+00  -2.65792781139493e-01
1.20000000000000e+00  -2.34095588014201e-01
1.22500000000000e+00  -2.01229867527227e-01
1.25000000000000e+00  -1.67355519251311e-01
1.27500000000000e+00  -1.32643771735473e-01
1.30000000000000e+00  -9.72897363548385e-02
1.32500000000000e+00  -6.14905256718347e-02
1.35000000000000e+00  -2.54557432829768e-02
1.37500000000000e+00  1.05943649565317e-02
1.40000000000000e+00  4.64307597081806e-02
1.42500000000000e+00  8.18174569255417e-02
1.45000000000000e+00  1.16513376629662e-01
1.47500000000000e+00  1.50274191684443e-01
1.50000000000000e+00  1.82854176572037e-01
1.52500000000000e+00  2.14008056168230e-01
1.55000000000000e+00  2.43492854517831e-01
1.57500000000000e+00  2.71069970750637e-01
1.60000000000000e+00  2.96511650921103e-01
1.62500000000000e+00  3.19597756453633e-01
1.65000000000000e+00  3.40119508460366e-01
1.67500000000000e+00  3.57883461784508e-01
1.70000000000000e+00  3.72713424911067e-01
1.72500000000000e+00  3.84452379877572e-01
1.75000000000000e+00  3.92964402184803e-01
1.77500000000000e+00  3.98136580707516e-01
1.80000000000000e+00  3.99880937605171e-01
1.82500000000000e+00  3.98136348232654e-01
1.85000000000000e+00  3.92870461051008e-01
1.87500000000000e+00  3.84090021578902e-01
1.90000000000000e+00  3.71805219013198e-01
1.92500000000000e+00  3.56095262139844e-01
1.95000000000000e+00  3.37048322988356e-01
1.97500000000000e+00  3.14788118647608e-01
2.00000000000000e+00  2.89472333364303e-01
2.02500000000000e+00  2.61291040641433e-01
2.05000000000000e+00  2.30465125336754e-01
2.07500000000000e+00  1.97244705761250e-01
2.10000000000000e+00  1.61907555777598e-01
2.12500000000000e+00  1.24757526898638e-01
2.15000000000000e+00  8.61229703858397e-02
2.17500000000000e+00  4.63551593477676e-02
2.20000000000000e+00  5.82045034107670e-03
2.22500000000000e+00  -3.50998216131077e-02
2.25000000000000e+00  -7.60115732218017e-02
2.27500000000000e+00  -1.16513988140300e-01
2.30000000000000e+00  -1.56202660993162e-01
2.32500000000000e+00  -1.94673910123981e-01
2.35000000000000e+00  -2.31529090345149e-01
2.37500000000000e+00  -2.66378905687633e-01
2.40000000000000e+00  -2.98847722150732e-01
2.42500000000000e+00  -3.28577880451851e-01
2.45000000000000e+00  -3.55234008776266e-01
2.47500000000000e+00  -3.78507335526897e-01
2.50000000000000e+00  -3.98125438756429e-01
2.52500000000000e+00  -4.13835568115699e-01
2.55000000000000e+00  -4.25445378213389e-01
2.57500000000000e+00  -4.32785769231903e-01
2.60000000000000e+00  -4.35735766758411e-01
2.62500000000000e+00  -4.34222743901954e-01
2.65000000000000e+00  -4.28222643410548e-01
2.67500000000000e+00  -4.17760199788296e-01
2.70000000000000e+00  -4.02909161412487e-01
2.72500000000000e+00  -3.83792512650712e-01
2.75000000000000e+00  -3.60582695977964e-01
2.77500000000000e+00  -3.33501834093746e-01
2.80000000000000e+00  -3.02821952039179e-01
2.82500000000000e+00  -2.68850683784694e-01
2.85000000000000e+00  -2.31956785582494e-01
2.87500000000000e+00  -1.92522677618324e-01
2.90000000000000e+00  -1.50975522205369e-01
2.92500000000000e+00  -1.07773213587823e-01
2.95000000000000e+00  -6.33983478011322e-02
2.97500000000000e+00  -1.83521925322359e-02
3.00000000000000e+00  2.68513430201941e-02
3.02500000000000e+00  7.16917382855118e-02
3.05000000000000e+00  1.15647891460856e-01
3.07500000000000e+00  1.58204149650912e-01
3.10000000000000e+00  1.98856339007665e-01
3.12500000000000e+00  2.37114328732562e-01
3.15000000000000e+00  2.72519484025585e-01
3.17500000000000e+00  3.04647409006284e-01
3.20000000000000e+00  3.33099135957254e-01
3.22500000000000e+00  3.57522660381626e-01
3.25000000000000e+00  3.77615587750017e-01
3.27500000000000e+00  3.93127780247479e-01
3.30000000000000e+00  4.03864003520446e-01
3.32500000000000e+00  4.09686573423684e-01
3.35000000000000e+00  4.10518002767242e-01
3.37500000000000e+00  4.06343648063399e-01
3.40000000000000e+00  3.97214356273609e-01
3.42500000000000e+00  3.83249111555460e-01
3.45000000000000e+00  3.64622786801832e-01
3.47500000000000e+00  3.41574165823704e-01
3.50000000000000e+00  3.14397992868599e-01
3.52500000000000e+00  2.83453063240441e-01
3.55000000000000e+00  2.49143985495394e-01
3.57500000000000e+00  2.11919713910108e-01
3.60000000000000e+00  1.72271296582500e-01
3.62500000000000e+00  1.30724595588546e-01
3.65000000000000e+00  8.78343535826569e-02
3.67500000000000e+00  4.41757394784025e-02
3.70000000000000e+00  3.35486053899755e-04
3.72500000000000e+00  -4.30978636261980e-02
3.75000000000000e+00  -8.55361006887651e-02
3.77500000000000e+00  -1.26393257422269e-01
3.80000000000000e+00  -1.65125162484030e-01
3.82500000000000e+00  -2.01194727223539e-01
3.85000000000000e+00  -2.34105040771031e-01
3.87500000000000e+00  -2.63403959733460e-01
3.90000000000000e+00  -2.88688697890476e-01
3.92500000000000e+00  -3.09610415890390e-01
3.95000000000000e+00  -3.25878810946159e-01
3.97500000000000e+00  -3.37266706531350e-01
4.00000000000000e+00  -3.43614642076119e-01
4.02500000000000e+00  -3.44835462663183e-01
4.05000000000000e+00  -3.40918908723792e-01
4.07500000000000e+00  -3.31921477464624e-01
4.10000000000000e+00  -3.17972692400852e-01
4.12500000000000e+00  -2.99265055399494e-01
4.15000000000000e+00  -2.76082201106193e-01
4.17500000000000e+00  -2.48759767833180e-01
4.20000000000000e+00  -2.17688830357199e-01
4.22500000000000e+00  -1.83317967897657e-01
4.25000000000000e+00  -1.46146403737510e-01
4.27500000000000e+00  -1.06718686582178e-01
4.30000000000000e+00  -6.56149048894250e-02
4.32500000000000e+00  -2.34392196941126e-02
4.35000000000000e+00  1.91947537080433e-02
4.37500000000000e+00  6.16442575182900e-02
4.40000000000000e+00  1.03335936177284e-01
4.42500000000000e+00  1.43575854020835e-01
4.45000000000000e+00  1.81793993922678e-01
4.47500000000000e+00  2.17428012475064e-01
4.50000000000000e+00  2.49939318183103e-01
4.52500000000000e+00  2.78829149659082e-01
4.55000000000000e+00  3.03652134250379e-01
4.57500000000000e+00  3.24026387094490e-01
4.60000000000000e+00  3.39637661669618e-01
4.62500000000000e+00  3.50242436528921e-01
4.65000000000000e+00  3.55661393808663e-01
4.67500000000000e+00  3.55771616619797e-01
4.70000000000000e+00  3.50562700662175e-01
4.72500000000000e+00  3.40088767130336e-01
4.75000000000000e+00  3.24474208078007e-01
4.77500000000000e+00  3.03928119223163e-01
4.80000000000000e+00  2.78728508572625e-01
4.82500000000000e+00  2.49221281248508e-01
4.85000000000000e+00  2.15818025986254e-01
4.87500000000000e+00  1.78987293981859e-01
4.90000000000000e+00  1.39249278921277e-01
4.92500000000000e+00  9.71679030663484e-02
4.95000000000000e+00  5.33427793241886e-02
4.97500000000000e+00  8.39732901720697e-03
5.00000000000000e+00  -3.70076963380881e-02
5.02500000000000e+00  -8.22480236858972e-02
5.05000000000000e+00  -1.26659494164192e-01
5.07500000000000e+00  -1.69596964297407e-01
5.10000000000000e+00  -2.10439779719797e-01
5.12500000000000e+00  -2.48598578523039e-01
5.15000000000000e+00  -2.83522094603859e-01
5.17500000000000e+00  -3.14703961011638e-01
5.20000000000000e+00  -3.41689513296025e-01
5.22500000000000e+00  -3.64082592854559e-01
5.25000000000000e+00  -3.81552350280273e-01
5.27500000000000e+00  -3.93840048709314e-01
5.30000000000000e+00  -4.00765867168556e-01
5.32500000000000e+00  -4.02221225288076e-01
5.35000000000000e+00  -3.98174232967365e-01
5.37500000000000e+00  -3.88663299079219e-01
5.40000000000000e+00  -3.73830883120508e-01
5.42500000000000e+00  -3.53880515115064e-01
5.45000000000000e+00  -3.29081641560977e-01
5.47500000000000e+00  -2.99773551556974e-01
5.50000000000000e+00  -2.66362186886052e-01
5.52500000000000e+00  -2.29315389885369e-01
5.55000000000000e+00  -1.89153395723739e-01
5.57500000000000e+00  -1.46435994486308e-01
5.60000000000000e+00  -1.01747601732215e-01
5.62500000000000e+00  -5.57245664043805e-02
5.65000000000000e+00  -8.94833732859899e-03
5.67500000000000e+00  3.78640483163336e-02
5.70000000000000e+00  8.40930192667464e-02
5.72500000000000e+00  1.29112871276318e-01
5.75000000000000e+00  1.72306552781242e-01
5.77500000000000e+00  2.13080450565418e-01
5.80000000000000e+00  2.50878006406108e-01
5.82500000000000e+00  2.85190732196120e-01
5.85000000000000e+00  3.15563747319994e-01
5.87500000000000e+00  3.41600777275074e-01
5.90000000000000e+00  3.62960151012367e-01
5.92500000000000e+00  3.79349602401895e-01
5.95000000000000e+00  3.90575524268536e-01
5.97500000000000e+00  3.96506993593764e-01
6.00000000000000e+00  3.97085147222231e-01
6.02500000000000e+00  3.92319568282831e-01
6.05000000000000e+00  3.82297417826341e-01
6.07500000000000e+00  3.67178741866266e-01
6.10000000000000e+00  3.47191778419672e-01
6.12500000000000e+00  3.22628264548036e-01
6.15000000000000e+00  2.93838743398078e-01
6.17500000000000e+00  2.61227871242605e-01
6.20000000000000e+00  2.25249724521356e-01
6.22500000000000e+00  1.86403106881832e-01
6.25000000000000e+00  1.45241862062371e-01
6.27500000000000e+00  1.02272216924581e-01
6.30000000000000e+00  5.81216766227732e-02
6.32500000000000e+00  1.33691435932111e-02
6.35000000000000e+00  -3.13954201331189e-02
6.37500000000000e+00  -7.55820633294166e-02
6.40000000000000e+00  -1.18611915972007e-01
6.42500000000000e+00  -1.59926814594379e-01
6.45000000000000e+00  -1.98998014366592e-01
6.47500000000000e+00  -2.35331949653716e-01
6.50000000000000e+00  -2.68477067755089e-01
6.52500000000000e+00  -2.98025028768511e-01
6.55000000000000e+00  -3.23611040874132e-01
6.57500000000000e+00  -3.44937007811851e-01
6.60000000000000e+00  -3.61761295922862e-01
6.62500000000000e+00  -3.73901838934560e-01
6.65000000000000e+00  -3.81234297320091e-01
6.67500000000000e+00  -3.83701623783816e-01
6.70000000000000e+00  -3.81311509569313e-01
6.72500000000000e+00  -3.74133830767366e-01
6.75000000000000e+00  -3.62298094623968e-01
6.77500000000000e+00  -3.45990885848312e-01
6.80000000000000e+00  -3.25453312920787e-01
6.82500000000000e+00  -3.00978454400979e-01
6.85000000000000e+00  -2.72908805235659e-01
6.87500000000000e+00  -2.41634869530989e-01
6.90000000000000e+00  -2.07557853184406e-01
6.92500000000000e+00  -1.71134136060571e-01
6.95000000000000e+00  -1.32838078625946e-01
6.97500000000000e+00  -9.31611133086895e-02
7.00000000000000e+00  -5.26057551963761e-02
7.02500000000000e+00  -1.16796127336916e-02
7.05000000000000e+00  2.91106015798427e-02
7.07500000000000e+00  6.92650604921742e-02
7.10000000000000e+00  1.08296811301004e-01
7.12500000000000e+00  1.45737765156072e-01
7.15000000000000e+00  1.81144686361461e-01
7.17500000000000e+00  2.14105181677875e-01
7.20000000000000e+00  2.44236587330767e-01
7.22500000000000e+00  2.71198702660485e-01
7.25000000000000e+00  2.94690797301920e-01
7.27500000000000e+00  3.14452687238566e-01
7.30000000000000e+00  3.30273209375047e-01
7.32500000000000e+00  3.41990016475379e-01
7.35000000000000e+00  3.49489372101216e-01
7.37500000000000e+00  3.52705945550110e-01
7.40000000000000e+00  3.51622606793760e-01
7.42500000000000e+00  3.46270221416267e-01
7.45000000000000e+00  3.36727445552390e-01
7.47500000000000e+00  3.23120520825794e-01
7.50000000000000e+00  3.05616232802208e-01
7.52500000000000e+00  2.84414132989469e-01
7.55000000000000e+00  2.59765868960182e-01
7.57500000000000e+00  2.31947558598564e-01
7.60000000000000e+00  2.01265698472136e-01
7.62500000000000e+00  1.68052816600627e-01
7.65000000000000e+00  1.32663125224871e-01
7.67500000000000e+00  9.54681735757103e-02
7.70000000000000e+00  5.68525006428954e-02
7.72500000000000e+00  1.72092879439823e-02
7.75000000000000e+00  -2.30639877067582e-02
7.77500000000000e+00  -6.35699014294532e-02
7.80000000000000e+00  -1.03915427509714e-01
7.82500000000000e+00  -1.43712032349238e-01
7.85000000000000e+00  -1.82590930880836e-01
7.87500000000000e+00  -2.20199642741208e-01
7.90000000000000e+00  -2.56188175103714e-01
7.92500000000000e+00  -2.90238060715228e-01
7.95000000000000e+00  -3.22058977597941e-01
7.97500000000000e+00  -3.51385928690073e-01
8.00000000000000e+00  -3.77979999031354e-01
8.02500000000000e+00  -4.01628889267175e-01
8.05000000000000e+00  -4.22149341122258e-01
8.07500000000000e+00  -4.39390874809900e-01
8.10000000000000e+00  -4.53241944712752e-01
8.12500000000000e+00  -4.63631963508443e-01
8.15000000000000e+00  -4.70485234366041e-01
8.17500000000000e+00  -4.73797256908653e-01
8.20000000000000e+00  -4.73575525237551e-01
8.22500000000000e+00  -4.69858588195414e-01
8.25000000000000e+00  -4.62713976752838e-01
8.27500000000000e+00  -4.52236131394838e-01
8.30000000000000e+00  -4.38544329507356e-01
8.32500000000000e+00  -4.21780612763764e-01
8.35000000000000e+00  -4.02107714511375e-01
8.37500000000000e+00  -3.79706987157941e-01
8.40000000000000e+00  -3.54776329558165e-01
8.42500000000000e+00  -3.27528114400206e-01
8.45000000000000e+00  -2.98180016771443e-01
8.47500000000000e+00  -2.66978421278352e-01
8.50000000000000e+00  -2.34151254360911e-01
8.52500000000000e+00  -1.99944475721465e-01
8.55000000000000e+00  -1.64605251314499e-01
8.57500000000000e+00  -1.28380323537333e-01
8.60000000000000e+00  -9.15143814208056e-02
8.62500000000000e+00  -5.42484308199499e-02
8.65000000000000e+00  -1.68181646046943e-02
8.67500000000000e+00  2.05476671494625e-02
8.70000000000000e+00  5.76288869707624e-02
8.72500000000000e+00  9.42155198005072e-02
8.75000000000000e+00  1.30117182527741e-01
8.77500000000000e+00  1.65132671907415e-01
8.80000000000000e+00  1.99099835616436e-01
8.82500000000000e+00  2.31858326376778e-01
8.85000000000000e+00  2.63263358457688e-01
8.87500000000000e+00  2.93185570476841e-01
8.90000000000000e+00  3.21510888201472e-01
8.92500000000000e+00  3.48140387349521e-01
8.95000000000000e+00  3.72990156390790e-01
8.97500000000000e+00  3.95991159348070e-01
9.00000000000000e+00  4.17089098598300e-01
9.02500000000000e+00  4.36244277673702e-01
9.05000000000000e+00  4.53431464062927e-01
9.07500000000000e+00  4.68637453806088e-01
9.10000000000000e+00  4.81862210138130e-01
9.12500000000000e+00  4.93117570893999e-01
9.15000000000000e+00  5.02426496531764e-01
9.17500000000000e+00  5.09822224287978e-01
9.20000000000000e+00  5.15347415113919e-01
9.22500000000000e+00  5.19053300611846e-01
9.25000000000000e+00  5.20998829971253e-01
9.27500000000000e+00  5.21249816905113e-01
9.30000000000000e+00  5.19878086586135e-01
9.32500000000000e+00  5.16960622583012e-01
9.35000000000000e+00  5.12578713796677e-01
9.37500000000000e+00  5.06814201964281e-01
9.40000000000000e+00  4.99758533142247e-01
9.42500000000000e+00  4.91495753021941e-01
9.45000000000000e+00  4.82116267437680e-01
9.47500000000000e+00  4.71710269704881e-01
9.50000000000000e+00  4.60367288996955e-01
9.52500000000000e+00  4.48175738722204e-01
9.55000000000000e+00  4.35222464900715e-01
9.57500000000000e+00  4.21592294541251e-01
9.60000000000000e+00  4.07367584018150e-01
9.62500000000000e+00  3.92627767448217e-01
9.65000000000000e+00  3.77448905067614e-01
9.67500000000000e+00  3.61903231608762e-01
9.70000000000000e+00  3.46059519806483e-01
9.72500000000000e+00  3.29982236869388e-01
9.75000000000000e+00  3.13731427166784e-01
9.77500000000000e+00  2.97362877615510e-01
9.80000000000000e+00  2.80927651228435e-01
9.82500000000000e+00  2.64472063291732e-01
9.85000000000000e+00  2.48037657542142e-01
9.87500000000000e+00  2.31661182344250e-01
9.90000000000000e+00  2.15374566867747e-01
9.92500000000000e+00  1.99204897264706e-01
9.95000000000000e+00  1.83174392846847e-01
9.97500000000000e+00  1.67300382262808e-01
1.00000000000000e+01  1.51595279675423e-01
