0.00000000000000e+00  2.01574783493006e-01
2.50000000000000e-02  2.20877073418484e-01
5.00000000000000e-02  2.40063892774147e-01
7.50000000000000e-02  2.59096251210336e-01
1.00000000000000e-01  2.77926832175084e-01
1.25000000000000e-01  2.96500803112836e-01
1.50000000000000e-01  3.14756625663168e-01
1.75000000000000e-01  3.32626865859505e-01
2.00000000000000e-01  3.50039004327853e-01
2.25000000000000e-01  3.66916246485507e-01
2.50000000000000e-01  3.83178332739785e-01
2.75000000000000e-01  3.98742348686744e-01
3.00000000000000e-01  4.13523535309899e-01
3.25000000000000e-01  4.27436113877829e-01
3.50000000000000e-01  4.40394116554077e-01
3.75000000000000e-01  4.52313081471524e-01
4.00000000000000e-01  4.63107521471271e-01
4.25000000000000e-01  4.72694737272025e-01
4.50000000000000e-01  4.80994658983921e-01
4.75000000000000e-01  4.87929687622334e-01
5.00000000000000e-01  4.93424536621705e-01
5.25000000000000e-01  4.97406073349358e-01
5.50000000000000e-01  4.99803160619316e-01
5.75000000000000e-01  5.00546498206125e-01
6.00000000000000e-01  4.99568464358672e-01
6.25000000000000e-01  4.96950857378318e-01
6.50000000000000e-01  4.92346181184235e-01
6.75000000000000e-01  4.86011698212968e-01
7.00000000000000e-01  4.77890254560426e-01
7.25000000000000e-01  4.67948943728229e-01
7.50000000000000e-01  4.56177516094916e-01
7.75000000000000e-01  4.42586788387158e-01
8.00000000000000e-01  4.27207053150969e-01
8.25000000000000e-01  4.10086488222915e-01
8.50000000000000e-01  3.91289566201332e-01
8.75000000000000e-01  3.70895463917529e-01
9.00000000000000e-01  3.48996471907008e-01
9.25000000000000e-01  3.25696403880668e-01
9.50000000000000e-01  3.01114293181762e-01
9.75000000000000e-01  2.75379910582636e-01
1.00000000000000e+00  2.48634799100604e-01
1.02500000000000e+00  2.21031300916438e-01
1.05000000000000e+00  1.92733273812389e-01
1.07500000000000e+00  1.63915832077329e-01
1.10000000000000e+00  1.34765087411903e-01
1.12500000000000e+00  1.05477889833665e-01
1.15000000000000e+00  7.62615685822300e-02
1.17500000000000e+00  4.73336730244155e-02
1.20000000000000e+00  1.89217135593840e-02
1.22500000000000e+00  -8.73709747620606e-03
1.25000000000000e+00  -3.53764242879575e-02
1.27500000000000e+00  -6.10949469957049e-02
1.30000000000000e+00  -8.53646989496377e-02
1.32500000000000e+00  -1.08021855207707e-01
1.35000000000000e+00  -1.28897655674343e-01
1.37500000000000e+00  -1.47822450293863e-01
1.40000000000000e+00  -1.64629744243874e-01
1.42500000000000e+00  -1.79160243128672e-01
1.45000000000000e+00  -1.91265898172650e-01
1.47500000000000e+00  -2.00813951413696e-01
1.50000000000000e+00  -2.07690980896599e-01
1.52500000000000e+00  -2.11806945866451e-01
1.55000000000000e+00  -2.13099231962051e-01
1.57500000000000e+00  -2.11521921629384e-01
1.60000000000000e+00  -2.07063847890143e-01
1.62500000000000e+00  -1.99741234776159e-01
1.65000000000000e+00  -1.89591772098691e-01
1.67500000000000e+00  -1.76684280473866e-01
1.70000000000000e+00  -1.61115918212395e-01
1.72500000000000e+00  -1.43009388209298e-01
1.75000000000000e+00  -1.22510144833615e-01
1.77500000000000e+00  -9.97836008181341e-02
1.80000000000000e+00  -7.50123341491048e-02
1.82500000000000e+00  -4.83932949559578e-02
1.85000000000000e+00  -2.01350124010279e-02
1.87500000000000e+00  9.46596434262689e-03
1.90000000000000e+00  4.00985296324356e-02
1.92500000000000e+00  7.15429327232003e-02
1.95000000000000e+00  1.03503316406226e-01
1.97500000000000e+00  1.35677994990515e-01
2.00000000000000e+00  1.67762598021819e-01
2.02500000000000e+00  1.99453214001674e-01
2.05000000000000e+00  2.30449534106448e-01
2.07500000000000e+00  2.60457995906376e-01
2.10000000000000e+00  2.89194927084614e-01
2.12500000000000e+00  3.16389689156270e-01
2.15000000000000e+00  3.41787821187454e-01
2.17500000000000e+00  3.65154183514318e-01
2.20000000000000e+00  3.86279030718626e-01
2.22500000000000e+00  4.04969228738618e-01
2.25000000000000e+00  4.21064875491555e-01
2.27500000000000e+00  4.34431148353500e-01
2.30000000000000e+00  4.44965203514189e-01
2.32500000000000e+00  4.52596925235361e-01
2.35000000000000e+00  4.57289675109091e-01
2.37500000000000e+00  4.59041041316123e-01
2.40000000000000e+00  4.57883587884206e-01
2.42500000000000e+00  4.53885603946420e-01
2.45000000000000e+00  4.47151852999516e-01
2.47500000000000e+00  4.37824322162244e-01
2.50000000000000e+00  4.26034881450048e-01
2.52500000000000e+00  4.12015751287184e-01
2.55000000000000e+00  3.95949859146217e-01
2.57500000000000e+00  3.78085163746811e-01
2.60000000000000e+00  3.58686824492952e-01
2.62500000000000e+00  3.38033951564647e-01
2.65000000000000e+00  3.16416356009631e-01
2.67500000000000e+00  2.94131299835062e-01
2.70000000000000e+00  2.71480246099225e-01
2.72500000000000e+00  2.48765609003236e-01
2.75000000000000e+00  2.26287503982739e-01
2.77500000000000e+00  2.04340497799611e-01
2.80000000000000e+00  1.83210358633661e-01
2.82500000000000e+00  1.63161284493636e-01
2.85000000000000e+00  1.44438540361114e-01
2.87500000000000e+00  1.27265099845586e-01
2.90000000000000e+00  1.11838892866678e-01
2.92500000000000e+00  9.83251659254115e-02
2.95000000000000e+00  8.68562438833829e-02
2.97500000000000e+00  7.75312917419315e-02
3.00000000000000e+00  7.04160764213151e-02
3.02500000000000e+00  6.55427285398821e-02
3.05000000000000e+00  6.29095041932451e-02
3.07500000000000e+00  6.24805467334533e-02
3.10000000000000e+00  6.41856485481665e-02
3.12500000000000e+00  6.78464570979626e-02
3.15000000000000e+00  7.35151996064396e-02
3.17500000000000e+00  8.08194646552595e-02
3.20000000000000e+00  8.96053619127458e-02
3.22500000000000e+00  9.96731818559247e-02
3.25000000000000e+00  1.10788456225430e-01
3.27500000000000e+00  1.22693018480408e-01
3.30000000000000e+00  1.35114939632715e-01
3.32500000000000e+00  1.47776989190513e-01
3.35000000000000e+00  1.60400485705137e-01
3.37500000000000e+00  1.72709937060041e-01
3.40000000000000e+00  1.84429347321381e-01
3.42500000000000e+00  1.95277333506518e-01
3.45000000000000e+00  2.05019539576673e-01
3.47500000000000e+00  2.13430175061649e-01
3.50000000000000e+00  2.20302931202151e-01
3.52500000000000e+00  2.25457468342095e-01
3.55000000000000e+00  2.28744383180261e-01
3.57500000000000e+00  2.30045343521267e-01
3.60000000000000e+00  2.29273223026531e-01
3.62500000000000e+00  2.26372235965241e-01
3.65000000000000e+00  2.21318071965323e-01
3.67500000000000e+00  2.14118030764405e-01
3.70000000000000e+00  2.04811156960791e-01
3.72500000000000e+00  1.93468374764419e-01
3.75000000000000e+00  1.80353733303376e-01
3.77500000000000e+00  1.65224356804430e-01
3.80000000000000e+00  1.48574388744548e-01
3.82500000000000e+00  1.30547652992328e-01
3.85000000000000e+00  1.11320024733052e-01
3.87500000000000e+00  9.10932439313743e-02
3.90000000000000e+00  7.00887287940112e-02
3.92500000000000e+00  4.85413892324299e-02
3.95000000000000e+00  2.66934403255358e-02
3.97500000000000e+00  4.78821578236013e-03
4.00000000000000e+00  -1.69360185952484e-02
4.02500000000000e+00  -3.82522514499377e-02
4.05000000000000e+00  -5.89509124061612e-02
4.07500000000000e+00  -7.88368477365258e-02
4.10000000000000e+00  -9.77407875478421e-02
4.12500000000000e+00  -1.15499269239013e-01
4.15000000000000e+00  -1.32013442705440e-01
4.17500000000000e+00  -1.47193173572511e-01
4.20000000000000e+00  -1.60967472323983e-01
4.22500000000000e+00  -1.73293929703764e-01
4.25000000000000e+00  -1.84160610730746e-01
4.27500000000000e+00  -1.93585181207779e-01
4.30000000000000e+00  -2.01608664290773e-01
4.32500000000000e+00  -2.08283790058238e-01
4.35000000000000e+00  -2.13658357459840e-01
4.37500000000000e+00  -2.17989872407908e-01
4.40000000000000e+00  -2.21134976820088e-01
4.42500000000000e+00  -2.23481012335165e-01
4.45000000000000e+00  -2.25145157834679e-01
4.47500000000000e+00  -2.26263133871543e-01
4.50000000000000e+00  -2.26983918065516e-01
4.52500000000000e+00  -2.27464460498687e-01
4.55000000000000e+00  -2.27864399110954e-01
4.57500000000000e+00  -2.28340775095502e-01
4.60000000000000e+00  -2.29042748294286e-01
4.62500000000000e+00  -2.30106312593505e-01
4.65000000000000e+00  -2.31649011319090e-01
4.67500000000000e+00  -2.33764652632175e-01
4.70000000000000e+00  -2.36532869087695e-01
4.72500000000000e+00  -2.40004156539116e-01
4.75000000000000e+00  -2.44229412904960e-01
4.77500000000000e+00  -2.49195815890635e-01
4.80000000000000e+00  -2.54887217988048e-01
4.82500000000000e+00  -2.61273672253097e-01
4.85000000000000e+00  -2.68302514973736e-01
4.87500000000000e+00  -2.75900065057041e-01
4.90000000000000e+00  -2.83972506271830e-01
4.92500000000000e+00  -2.92412578375511e-01
4.95000000000000e+00  -3.01108926606574e-01
4.97500000000000e+00  -3.09958622933618e-01
5.00000000000000e+00  -3.18688648410941e-01
5.02500000000000e+00  -3.27471766609055e-01
5.05000000000000e+00  -3.35865459152549e-01
5.07500000000000e+00  -3.43807072964491e-01
5.10000000000000e+00  -3.51199909821056e-01
5.12500000000000e+00  -3.57931280232691e-01
5.15000000000000e+00  -3.63890557325285e-01
5.17500000000000e+00  -3.68982525290892e-01
5.20000000000000e+00  -3.73136243805264e-01
5.22500000000000e+00  -3.76304850788852e-01
5.25000000000000e+00  -3.78465901164762e-01
5.27500000000000e+00  -3.79605702344874e-01
5.30000000000000e+00  -3.79701344923101e-01
5.32500000000000e+00  -3.78815938723638e-01
5.35000000000000e+00  -3.77003312345128e-01
5.37500000000000e+00  -3.74348463405350e-01
5.40000000000000e+00  -3.70949431094463e-01
5.42500000000000e+00  -3.66928484992732e-01
5.45000000000000e+00  -3.62426831549134e-01
5.47500000000000e+00  -3.57599320559965e-01
5.50000000000000e+00  -3.52609151647447e-01
5.52500000000000e+00  -3.47622580738335e-01
5.55000000000000e+00  -3.42803626542524e-01
5.57500000000000e+00  -3.38308777031656e-01
5.60000000000000e+00  -3.34281695917725e-01
5.62500000000000e+00  -3.31095824614267e-01
5.65000000000000e+00  -3.28398974069087e-01
5.67500000000000e+00  -3.26796147844123e-01
5.70000000000000e+00  -3.26321014298528e-01
5.72500000000000e+00  -3.27026957311850e-01
5.75000000000000e+00  -3.28972210432422e-01
5.77500000000000e+00  -3.32204991025756e-01
5.80000000000000e+00  -3.36752189324648e-01
5.82500000000000e+00  -3.42612450773846e-01
5.85000000000000e+00  -3.49754912366643e-01
5.87500000000000e+00  -3.58119770835568e-01
5.90000000000000e+00  -3.67627391893438e-01
5.92500000000000e+00  -3.78188556492459e-01
5.95000000000000e+00  -3.89650724626647e-01
5.97500000000000e+00  -4.01857429834616e-01
6.00000000000000e+00  -4.14621410589344e-01
6.02500000000000e+00  -4.27743440938303e-01
6.05000000000000e+00  -4.41005815697991e-01
6.07500000000000e+00  -4.54178967387261e-01
6.10000000000000e+00  -4.67028083160671e-01
6.12500000000000e+00  -4.79319721741809e-01
6.15000000000000e+00  -4.90828430356646e-01
6.17500000000000e+00  -5.01343361666860e-01
6.20000000000000e+00  -5.10674890703187e-01
6.22500000000000e+00  -5.18661231798752e-01
6.25000000000000e+00  -5.24951278883370e-01
6.27500000000000e+00  -5.29677836252430e-01
6.30000000000000e+00  -5.32479574802077e-01
6.32500000000000e+00  -5.33278977373161e-01
6.35000000000000e+00  -5.32024492037414e-01
6.37500000000000e+00  -5.28691310189577e-01
6.40000000000000e+00  -5.23282144639529e-01
6.42500000000000e+00  -5.15828007704422e-01
6.45000000000000e+00  -5.06388989300802e-01
6.47500000000000e+00  -4.95055035036743e-01
6.50000000000000e+00  -4.81946724303978e-01
6.52500000000000e+00  -4.67216048370023e-01
6.55000000000000e+00  -4.51047188470311e-01
6.57500000000000e+00  -4.33648978070835e-01
6.60000000000000e+00  -4.15247637576467e-01
6.62500000000000e+00  -3.96097348120608e-01
6.65000000000000e+00  -3.76465544685844e-01
6.67500000000000e+00  -3.56632421525268e-01
6.70000000000000e+00  -3.36884728868833e-01
6.72500000000000e+00  -3.17509569629699e-01
6.75000000000000e+00  -2.98788196110588e-01
6.77500000000000e+00  -2.80989806710135e-01
6.80000000000000e+00  -2.64365342629238e-01
6.82500000000000e+00  -2.49141284577413e-01
6.85000000000000e+00  -2.35513449479142e-01
6.87500000000000e+00  -2.23774020045288e-01
6.90000000000000e+00  -2.13980507657996e-01
6.92500000000000e+00  -2.06371166463180e-01
6.95000000000000e+00  -2.01042256954845e-01
6.97500000000000e+00  -1.98058416195763e-01
7.00000000000000e+00  -1.97452353077267e-01
7.02500000000000e+00  -1.99224543579033e-01
7.05000000000000e+00  -2.03342926028866e-01
7.07500000000000e+00  -2.09742596362488e-01
7.10000000000000e+00  -2.18325503383321e-01
7.12500000000000e+00  -2.28960144022279e-01
7.15000000000000e+00  -2.41481258597548e-01
7.17500000000000e+00  -2.55689526074376e-01
7.20000000000000e+00  -2.71363073366566e-01
7.22500000000000e+00  -2.88255904241712e-01
7.25000000000000e+00  -3.06101373595251e-01
7.27500000000000e+00  -3.24612496214206e-01
7.30000000000000e+00  -3.43493154134289e-01
7.32500000000000e+00  -3.62441526938804e-01
7.35000000000000e+00  -3.81153522057561e-01
7.37500000000000e+00  -3.99326205065780e-01
7.40000000000000e+00  -4.16661229982999e-01
7.42500000000000e+00  -4.32868269571981e-01
7.45000000000000e+00  -4.47668445637620e-01
7.47500000000000e+00  -4.60797759325855e-01
7.50000000000000e+00  -4.72051367670709e-01
7.52500000000000e+00  -4.81085677829837e-01
7.55000000000000e+00  -4.87826658040453e-01
7.57500000000000e+00  -4.92089976431880e-01
7.60000000000000e+00  -4.93729905555846e-01
7.62500000000000e+00  -4.92638449280505e-01
7.65000000000000e+00  -4.88744469684463e-01
7.67500000000000e+00  -4.82012813950792e-01
7.70000000000000e+00  -4.72443441261057e-01
7.72500000000000e+00  -4.60070549689332e-01
7.75000000000000e+00  -4.44961703096229e-01
7.77500000000000e+00  -4.27216958022908e-01
7.80000000000000e+00  -4.06967990585109e-01
7.82500000000000e+00  -3.84371911562221e-01
7.85000000000000e+00  -3.59618738250802e-01
7.87500000000000e+00  -3.32915038241807e-01
7.90000000000000e+00  -3.04492665662516e-01
7.92500000000000e+00  -2.74602840912453e-01
7.95000000000000e+00  -2.43513012047123e-01
7.97500000000000e+00  -2.11503716161729e-01
8.00000000000000e+00  -1.78865440774917e-01
8.02500000000000e+00  -1.45895485212497e-01
8.05000000000000e+00  -1.12894821991185e-01
8.07500000000000e+00  -8.01649582023267e-02
8.10000000000000e+00  -4.80047968956292e-02
8.12500000000000e+00  -1.67946863333727e-02
8.15000000000000e+00  1.35155864041394e-02
8.17500000000000e+00  4.23520954062409e-02
8.20000000000000e+00  6.95040213865196e-02
8.22500000000000e+00  9.47681170177479e-02
8.25000000000000e+00  1.17951673357898e-01
8.27500000000000e+00  1.38875486276135e-01
8.30000000000000e+00  1.57376822878828e-01
8.32500000000000e+00  1.73312387935563e-01
8.35000000000000e+00  1.86561290305136e-01
8.37500000000000e+00  1.97028009361572e-01
8.40000000000000e+00  2.04645361420120e-01
8.42500000000000e+00  2.09377466163267e-01
8.45000000000000e+00  2.11209478635287e-01
8.47500000000000e+00  2.10154459127969e-01
8.50000000000000e+00  2.06260001547451e-01
8.52500000000000e+00  1.99590344705324e-01
8.55000000000000e+00  1.90237224789659e-01
8.57500000000000e+00  1.78315692184361e-01
8.60000000000000e+00  1.63959928288529e-01
8.62500000000000e+00  1.47319062335807e-01
8.65000000000000e+00  1.28552988213744e-01
8.67500000000000e+00  1.07828181283151e-01
8.70000000000000e+00  8.53135151974563e-02
8.72500000000000e+00  6.11760787220587e-02
8.75000000000000e+00  3.56110106158115e-02
8.77500000000000e+00  9.06793095099601e-03
8.80000000000000e+00  -1.84749681323367e-02
8.82500000000000e+00  -4.67735012273311e-02
8.85000000000000e+00  -7.55921295545472e-02
8.87500000000000e+00  -1.04704350949572e-01
8.90000000000000e+00  -1.33893089850605e-01
8.92500000000000e+00  -1.62951087286065e-01
8.95000000000000e+00  -1.91681290862197e-01
8.97500000000000e+00  -2.19897244750660e-01
9.00000000000000e+00  -2.47423479676142e-01
9.02500000000000e+00  -2.74095902903948e-01
9.05000000000000e+00  -2.99762188227606e-01
9.07500000000000e+00  -3.24280638342290e-01
9.10000000000000e+00  -3.47521592895249e-01
9.12500000000000e+00  -3.69366290256321e-01
9.15000000000000e+00  -3.89711174938134e-01
9.17500000000000e+00  -4.08464300041152e-01
9.20000000000000e+00  -4.25546829337277e-01
9.22500000000000e+00  -4.40894539353459e-01
9.25000000000000e+00  -4.54459321455314e-01
9.27500000000000e+00  -4.66210683930720e-01
9.30000000000000e+00  -4.76137254073434e-01
9.32500000000000e+00  -4.84248280266702e-01
9.35000000000000e+00  -4.90575134066865e-01
9.37500000000000e+00  -4.95031738033031e-01
9.40000000000000e+00  -4.97800506657962e-01
9.42500000000000e+00  -4.98787506313551e-01
9.45000000000000e+00  -4.98058279910128e-01
9.47500000000000e+00  -4.95679997465106e-01
9.50000000000000e+00  -4.91721596333033e-01
9.52500000000000e+00  -4.86253921435643e-01
9.55000000000000e+00  -4.79349865491912e-01
9.57500000000000e+00  -4.71084509248105e-01
9.60000000000000e+00  -4.61535261707835e-01
9.62500000000000e+00  -4.50782000362108e-01
9.65000000000000e+00  -4.38907211419378e-01
9.67500000000000e+00  -4.25996130035604e-01
9.70000000000000e+00  -4.12132986358576e-01
9.72500000000000e+00  -3.97403478007352e-01
9.75000000000000e+00  -3.81893091149260e-01
9.77500000000000e+00  -3.65686293975415e-01
9.80000000000000e+00  -3.48865701693948e-01
9.82500000000000e+00  -3.31511280772728e-01
9.85000000000000e+00  -3.13699553182090e-01
9.87500000000000e+00  -2.95502800637564e-01
9.90000000000000e+00  -2.76988268842587e-01
9.92500000000000e+00  -2.58217371731246e-01
9.95000000000000e+00  -2.39244895710994e-01
9.97500000000000e+00  -2.20118203905375e-01
1.00000000000000e+01  -2.00876440396762e-01
