0.00000000000000e+00  -1.55503712514427e-01
2.50000000000000e-02  -1.71548521485002e-01
5.00000000000000e-02  -1.87764227212834e-01
7.50000000000000e-02  -2.04138070598566e-01
1.00000000000000e-01  -2.20652415381920e-01
1.25000000000000e-01  -2.37284761467353e-01
1.50000000000000e-01  -2.54007758249701e-01
1.75000000000000e-01  -2.70789217939838e-01
2.00000000000000e-01  -2.87592128890332e-01
2.25000000000000e-01  -3.04374668921092e-01
2.50000000000000e-01  -3.21090218645030e-01
2.75000000000000e-01  -3.37687374793706e-01
3.00000000000000e-01  -3.54109963542989e-01
3.25000000000000e-01  -3.70297545508942e-01
3.50000000000000e-01  -3.86185212468747e-01
3.75000000000000e-01  -4.01703675991124e-01
4.00000000000000e-01  -4.16780251042363e-01
4.25000000000000e-01  -4.31338373760195e-01
4.50000000000000e-01  -4.45298090401861e-01
4.75000000000000e-01  -4.58576546292190e-01
5.00000000000000e-01  -4.71088474771670e-01
5.25000000000000e-01  -4.82746686144526e-01
5.50000000000000e-01  -4.93462556626792e-01
5.75000000000000e-01  -5.03146517294390e-01
6.00000000000000e-01  -5.11708543031197e-01
6.25000000000000e-01  -5.19058693601260e-01
6.50000000000000e-01  -5.25109166658753e-01
6.75000000000000e-01  -5.29772917918888e-01
7.00000000000000e-01  -5.32965998390311e-01
7.25000000000000e-01  -5.34607837532183e-01
7.50000000000000e-01  -5.34622131413523e-01
7.75000000000000e-01  -5.32937730872545e-01
8.00000000000000e-01  -5.29489529675998e-01
8.25000000000000e-01  -5.24219352678507e-01
8.50000000000000e-01  -5.17076843981912e-01
8.75000000000000e-01  -5.08020355094605e-01
9.00000000000000e-01  -4.97017833090873e-01
9.25000000000000e-01  -4.84047708770236e-01
9.50000000000000e-01  -4.69099556476690e-01
9.75000000000000e-01  -4.52175026081487e-01
1.00000000000000e+00  -4.33289092891105e-01
1.02500000000000e+00  -4.12468810871215e-01
1.05000000000000e+00  -3.89755824391627e-01
1.07500000000000e+00  -3.65206466789184e-01
1.10000000000000e+00  -3.38891858930661e-01
1.12500000000000e+00  -3.10898007775657e-01
1.15000000000000e+00  -2.81325904939488e-01
1.17500000000000e+00  -2.50291625256087e-01
1.20000000000000e+00  -2.17926425340895e-01
1.22500000000000e+00  -1.84376842153758e-01
1.25000000000000e+00  -1.49798948811519e-01
1.27500000000000e+00  -1.14376253506335e-01
1.30000000000000e+00  -7.82925872594761e-02
1.32500000000000e+00  -4.17468300979436e-02
1.35000000000000e+00  -4.94993275614637e-03
1.37500000000000e+00  3.18768425206924e-02
1.40000000000000e+00  6.85036811731125e-02
1.42500000000000e+00  1.04693975524001e-01
1.45000000000000e+00  1.40206083975181e-01
1.47500000000000e+00  1.74795090203987e-01
1.50000000000000e+00  2.08214562359855e-01
1.52500000000000e+00  2.40218312260906e-01
1.55000000000000e+00  2.70562154590523e-01
1.57500000000000e+00  2.99008651999717e-01
1.60000000000000e+00  3.25325963575277e-01
1.62500000000000e+00  3.49293226547806e-01
1.65000000000000e+00  3.70700116186170e-01
1.67500000000000e+00  3.89351240065783e-01
1.70000000000000e+00  4.05068167837698e-01
1.72500000000000e+00  4.17691460997697e-01
1.75000000000000e+00  4.27082702655381e-01
1.77500000000000e+00  4.33126527303262e-01
1.80000000000000e+00  4.35732650585849e-01
1.82500000000000e+00  4.34837899068743e-01
1.85000000000000e+00  4.30408240007723e-01
1.87500000000000e+00  4.22440648614213e-01
1.90000000000000e+00  4.10953232153008e-01
1.92500000000000e+00  3.96012247249973e-01
1.95000000000000e+00  3.77703407430532e-01
1.97500000000000e+00  3.56147590516497e-01
2.00000000000000e+00  3.31499290753936e-01
2.02500000000000e+00  3.03945070941059e-01
2.05000000000000e+00  2.73702014556090e-01
2.07500000000000e+00  2.41016177885149e-01
2.10000000000000e+00  2.06161042150124e-01
2.12500000000000e+00  1.69435965636555e-01
2.15000000000000e+00  1.31164635821508e-01
2.17500000000000e+00  9.16935215014510e-02
2.20000000000000e+00  5.13922535607867e-02
2.22500000000000e+00  1.06299025090079e-02
2.25000000000000e+00  -3.01992602010372e-02
2.27500000000000e+00  -7.06974661667107e-02
2.30000000000000e+00  -1.10463074877143e-01
2.32500000000000e+00  -1.49094908109531e-01
2.35000000000000e+00  -1.86196584325445e-01
2.37500000000000e+00  -2.21380853067123e-01
2.40000000000000e+00  -2.54273929353771e-01
2.42500000000000e+00  -2.84519828077864e-01
2.45000000000000e+00  -3.11784698401448e-01
2.47500000000000e+00  -3.35761158152436e-01
2.50000000000000e+00  -3.56165304180835e-01
2.52500000000000e+00  -3.72776563520509e-01
2.55000000000000e+00  -3.85364005115527e-01
2.57500000000000e+00  -3.93773211594566e-01
2.60000000000000e+00  -3.97885778447556e-01
2.62500000000000e+00  -3.97625067880280e-01
2.65000000000000e+00  -3.92961962668964e-01
2.67500000000000e+00  -3.83916887930562e-01
2.70000000000000e+00  -3.70561059875746e-01
2.72500000000000e+00  -3.53015474824939e-01
2.75000000000000e+00  -3.31451775421625e-01
2.77500000000000e+00  -3.06087711602814e-01
2.80000000000000e+00  -2.77181664588079e-01
2.82500000000000e+00  -2.45044723537418e-01
2.85000000000000e+00  -2.10032455475047e-01
2.87500000000000e+00  -1.72528605671131e-01
2.90000000000000e+00  -1.32953955250446e-01
2.92500000000000e+00  -9.17599335247538e-02
2.95000000000000e+00  -4.94226476713057e-02
2.97500000000000e+00  -6.43691241135040e-03
3.00000000000000e+00  3.66897203113611e-02
3.02500000000000e+00  7.94429316520703e-02
3.05000000000000e+00  1.21307606186505e-01
3.07500000000000e+00  1.61773802232375e-01
3.10000000000000e+00  2.00342722170864e-01
3.12500000000000e+00  2.36532403398308e-01
3.15000000000000e+00  2.69890840169845e-01
3.17500000000000e+00  2.99997533111266e-01
3.20000000000000e+00  3.26459514212504e-01
3.22500000000000e+00  3.48930457407859e-01
3.25000000000000e+00  3.67113345560546e-01
3.27500000000000e+00  3.80763137447233e-01
3.30000000000000e+00  3.89689434742588e-01
3.32500000000000e+00  3.93759149003814e-01
3.35000000000000e+00  3.92899168655199e-01
3.37500000000000e+00  3.87099025972653e-01
3.40000000000000e+00  3.76413564068250e-01
3.42500000000000e+00  3.60965603874773e-01
3.45000000000000e+00  3.40932492453820e-01
3.47500000000000e+00  3.16556622706829e-01
3.50000000000000e+00  2.88141646488105e-01
3.52500000000000e+00  2.56040902907217e-01
3.55000000000000e+00  2.20661725985105e-01
3.57500000000000e+00  1.82458642733250e-01
3.60000000000000e+00  1.41926571232838e-01
3.62500000000000e+00  9.95940187139323e-02
3.65000000000000e+00  5.60162796346354e-02
3.67500000000000e+00  1.17686337602619e-02
3.70000000000000e+00  -3.25604557574967e-02
3.72500000000000e+00  -7.63761443014032e-02
3.75000000000000e+00  -1.19089019500511e-01
3.77500000000000e+00  -1.60116421128151e-01
3.80000000000000e+00  -1.98906595198726e-01
3.82500000000000e+00  -2.34922119377280e-01
3.85000000000000e+00  -2.67665441461221e-01
3.87500000000000e+00  -2.96683572259558e-01
3.90000000000000e+00  -3.21572778472122e-01
3.92500000000000e+00  -3.41983275568808e-01
3.95000000000000e+00  -3.57623920668796e-01
3.97500000000000e+00  -3.68266905419792e-01
4.00000000000000e+00  -3.73752448877253e-01
4.02500000000000e+00  -3.73993490383616e-01
4.05000000000000e+00  -3.68980382447538e-01
4.07500000000000e+00  -3.58767964325722e-01
4.10000000000000e+00  -3.43488379904381e-01
4.12500000000000e+00  -3.23348833108517e-01
4.15000000000000e+00  -2.98618031412739e-01
4.17500000000000e+00  -2.69634522349878e-01
4.20000000000000e+00  -2.36799588685222e-01
4.22500000000000e+00  -2.00570143590756e-01
4.25000000000000e+00  -1.61451625819398e-01
4.27500000000000e+00  -1.19990894879235e-01
4.30000000000000e+00  -7.67691262077639e-02
4.32500000000000e+00  -3.23947063461254e-02
4.35000000000000e+00  1.25038718866519e-02
4.37500000000000e+00  5.72832523509506e-02
4.40000000000000e+00  1.01308221162691e-01
4.42500000000000e+00  1.43956013579935e-01
4.45000000000000e+00  1.84610027324227e-01
4.47500000000000e+00  2.22685586022955e-01
4.50000000000000e+00  2.57636026746495e-01
4.52500000000000e+00  2.88958787545338e-01
4.55000000000000e+00  3.16201494987217e-01
4.57500000000000e+00  3.38968051694251e-01
4.60000000000000e+00  3.56924723880069e-01
4.62500000000000e+00  3.69806228886942e-01
4.65000000000000e+00  3.77421822722922e-01
4.67500000000000e+00  3.79661387598966e-01
4.70000000000000e+00  3.76483176144513e-01
4.72500000000000e+00  3.67927547328405e-01
4.75000000000000e+00  3.54117301284779e-01
4.77500000000000e+00  3.35242418968201e-01
4.80000000000000e+00  3.11570965703680e-01
4.82500000000000e+00  2.83442333508074e-01
4.85000000000000e+00  2.51260483411491e-01
4.87500000000000e+00  2.15487187778704e-01
4.90000000000000e+00  1.76635272630546e-01
4.92500000000000e+00  1.35261859965328e-01
4.95000000000000e+00  9.19616100802381e-02
4.97500000000000e+00  4.73599638927481e-02
5.00000000000000e+00  2.09984467377488e-03
5.02500000000000e+00  -4.31624224748017e-02
5.05000000000000e+00  -8.77841776195333e-02
5.07500000000000e+00  -1.31116425686265e-01
5.10000000000000e+00  -1.72533926787982e-01
5.12500000000000e+00  -2.11441989487686e-01
5.15000000000000e+00  -2.47283264061289e-01
5.17500000000000e+00  -2.79544535760494e-01
5.20000000000000e+00  -3.07763518075680e-01
5.22500000000000e+00  -3.31535645998790e-01
5.25000000000000e+00  -3.50520869286213e-01
5.27500000000000e+00  -3.64450445721674e-01
5.30000000000000e+00  -3.73133734379112e-01
5.32500000000000e+00  -3.76447577835810e-01
5.35000000000000e+00  -3.74350512982431e-01
5.37500000000000e+00  -3.66883987781939e-01
5.40000000000000e+00  -3.54157021865067e-01
5.42500000000000e+00  -3.36359542416561e-01
5.45000000000000e+00  -3.13756197379622e-01
5.47500000000000e+00  -2.86680168660346e-01
5.50000000000000e+00  -2.55526985332177e-01
5.52500000000000e+00  -2.20748336840331e-01
5.55000000000000e+00  -1.82845886206261e-01
5.57500000000000e+00  -1.42365083232080e-01
5.60000000000000e+00  -9.98889777050125e-02
5.62500000000000e+00  -5.60289133037353e-02
5.65000000000000e+00  -1.14360691378301e-02
5.67500000000000e+00  3.32953710679461e-02
5.70000000000000e+00  7.75048795301742e-02
5.72500000000000e+00  1.20558325648156e-01
5.75000000000000e+00  1.61849448468395e-01
5.77500000000000e+00  2.00801329149103e-01
5.80000000000000e+00  2.36870033636082e-01
5.82500000000000e+00  2.69549480131666e-01
5.85000000000000e+00  2.98379918909164e-01
5.87500000000000e+00  3.22955210883247e-01
5.90000000000000e+00  3.42937157664131e-01
5.92500000000000e+00  3.58070903198708e-01
5.95000000000000e+00  3.68140302408077e-01
5.97500000000000e+00  3.73013452944964e-01
6.00000000000000e+00  3.72626472943648e-01
6.02500000000000e+00  3.67002277755299e-01
6.05000000000000e+00  3.56227924765231e-01
6.07500000000000e+00  3.40458706621768e-01
6.10000000000000e+00  3.19920682048143e-01
6.12500000000000e+00  2.94904184209182e-01
6.15000000000000e+00  2.65761123394563e-01
6.17500000000000e+00  2.32898628162723e-01
6.20000000000000e+00  1.96772113423910e-01
6.22500000000000e+00  1.57873821334465e-01
6.25000000000000e+00  1.16724669637756e-01
6.27500000000000e+00  7.39152225959156e-02
6.30000000000000e+00  3.00013935718635e-02
6.32500000000000e+00  -1.44217823999486e-02
6.35000000000000e+00  -5.87590210776340e-02
6.37500000000000e+00  -1.02421549041363e-01
6.40000000000000e+00  -1.44833863722883e-01
6.42500000000000e+00  -1.85440493435010e-01
6.45000000000000e+00  -2.23712757401148e-01
6.47500000000000e+00  -2.59155525784786e-01
6.50000000000000e+00  -2.91313979719002e-01
6.52500000000000e+00  -3.19780371335978e-01
6.55000000000000e+00  -3.44200783796495e-01
6.57500000000000e+00  -3.64273451519546e-01
6.60000000000000e+00  -3.79752009763212e-01
6.62500000000000e+00  -3.90461639927526e-01
6.65000000000000e+00  -3.96279385096109e-01
6.67500000000000e+00  -3.97150336379857e-01
6.70000000000000e+00  -3.93084959411471e-01
6.72500000000000e+00  -3.84156420839981e-01
6.75000000000000e+00  -3.70497914825276e-01
6.77500000000000e+00  -3.52299989532633e-01
6.80000000000000e+00  -3.29807873627245e-01
6.82500000000000e+00  -3.03318802768751e-01
6.85000000000000e+00  -2.73179346105760e-01
6.87500000000000e+00  -2.39783898440474e-01
6.90000000000000e+00  -2.03547398365044e-01
6.92500000000000e+00  -1.64929846660899e-01
6.95000000000000e+00  -1.24411735055562e-01
6.97500000000000e+00  -8.24912307324391e-02
7.00000000000000e+00  -3.96780939915224e-02
7.02500000000000e+00  3.51240408993239e-03
7.05000000000000e+00  4.65655639967005e-02
7.07500000000000e+00  8.89733401149101e-02
7.10000000000000e+00  1.30240423071345e-01
7.12500000000000e+00  1.69890322072749e-01
7.15000000000000e+00  2.07471447245147e-01
7.17500000000000e+00  2.42563191973141e-01
7.20000000000000e+00  2.74775978380153e-01
7.22500000000000e+00  3.03759503539314e-01
7.25000000000000e+00  3.29207651789032e-01
7.27500000000000e+00  3.50852546985381e-01
7.30000000000000e+00  3.68476055810044e-01
7.32500000000000e+00  3.81909494722107e-01
7.35000000000000e+00  3.91033336909864e-01
7.37500000000000e+00  3.95776919242603e-01
7.40000000000000e+00  3.96118149222406e-01
7.42500000000000e+00  3.92083211935942e-01
7.45000000000000e+00  3.83746277006261e-01
7.47500000000000e+00  3.71229205544593e-01
7.50000000000000e+00  3.54700913834394e-01
7.52500000000000e+00  3.34360753161578e-01
7.55000000000000e+00  3.10453722584444e-01
7.57500000000000e+00  2.83256448026398e-01
7.60000000000000e+00  2.53076337233118e-01
7.62500000000000e+00  2.20247248998715e-01
7.65000000000000e+00  1.85125162391883e-01
7.67500000000000e+00  1.48083845982071e-01
7.70000000000000e+00  1.09510527065629e-01
7.72500000000000e+00  6.98015608919689e-02
7.75000000000000e+00  2.93580998897345e-02
7.77500000000000e+00  -1.14182371070580e-02
7.80000000000000e+00  -5.21296956328464e-02
7.82500000000000e+00  -9.23859455725451e-02
7.85000000000000e+00  -1.31808378416663e-01
7.87500000000000e+00  -1.70034840741672e-01
7.90000000000000e+00  -2.06717857941216e-01
7.92500000000000e+00  -2.41533097039377e-01
7.95000000000000e+00  -2.74180843210373e-01
7.97500000000000e+00  -3.04387476298282e-01
8.00000000000000e+00  -3.31906947336739e-01
8.02500000000000e+00  -3.56522255068652e-01
8.05000000000000e+00  -3.78046922465905e-01
8.07500000000000e+00  -3.96326473249067e-01
8.10000000000000e+00  -4.11239908407107e-01
8.12500000000000e+00  -4.22700758094749e-01
8.15000000000000e+00  -4.30644341255433e-01
8.17500000000000e+00  -4.35051233954778e-01
8.20000000000000e+00  -4.35924489532517e-01
8.22500000000000e+00  -4.33298256472660e-01
8.25000000000000e+00  -4.27235760811735e-01
8.27500000000000e+00  -4.17827288547026e-01
8.30000000000000e+00  -4.05188168044818e-01
8.32500000000000e+00  -3.89456752448628e-01
8.35000000000000e+00  -3.70792402087457e-01
8.37500000000000e+00  -3.49373466884020e-01
8.40000000000000e+00  -3.25395268762992e-01
8.42500000000000e+00  -2.99068084059248e-01
8.45000000000000e+00  -2.70612930783556e-01
8.47500000000000e+00  -2.40261012536417e-01
8.50000000000000e+00  -2.08250212528429e-01
8.52500000000000e+00  -1.74824642766800e-01
8.55000000000000e+00  -1.40230442658670e-01
8.57500000000000e+00  -1.04714009745783e-01
8.60000000000000e+00  -6.85202304391455e-02
8.62500000000000e+00  -3.18907107536759e-02
8.65000000000000e+00  4.93799295711127e-03
8.67500000000000e+00  4.17361432664577e-02
8.70000000000000e+00  7.82825909396945e-02
8.72500000000000e+00  1.14366544199585e-01
8.75000000000000e+00  1.49794671895044e-01
8.77500000000000e+00  1.84365830265709e-01
8.80000000000000e+00  2.17914021607496e-01
8.82500000000000e+00  2.50277383281769e-01
8.85000000000000e+00  2.81309428169533e-01
8.87500000000000e+00  3.10878946648468e-01
8.90000000000000e+00  3.38869908569939e-01
8.92500000000000e+00  3.65181365236035e-01
8.95000000000000e+00  3.89727351376591e-01
8.97500000000000e+00  4.12436787126212e-01
9.00000000000000e+00  4.33253380001305e-01
9.02500000000000e+00  4.52135526877099e-01
9.05000000000000e+00  4.69056215964673e-01
9.07500000000000e+00  4.84000511212734e-01
9.10000000000000e+00  4.96966802501452e-01
9.12500000000000e+00  5.07965554192974e-01
9.15000000000000e+00  5.17018372633245e-01
9.17500000000000e+00  5.24157345982664e-01
9.20000000000000e+00  5.29424155619206e-01
9.22500000000000e+00  5.32869187541541e-01
9.25000000000000e+00  5.34550643772162e-01
9.27500000000000e+00  5.34533653760495e-01
9.30000000000000e+00  5.32889385786030e-01
9.32500000000000e+00  5.29694158361437e-01
9.35000000000000e+00  5.25028551635688e-01
9.37500000000000e+00  5.18976482533727e-01
9.40000000000000e+00  5.11625175429226e-01
9.42500000000000e+00  5.03062261942508e-01
9.45000000000000e+00  4.93377739530177e-01
9.47500000000000e+00  4.82661634686675e-01
9.50000000000000e+00  4.71003514328485e-01
9.52500000000000e+00  4.58491997178344e-01
9.55000000000000e+00  4.45214265149452e-01
9.57500000000000e+00  4.31255574729671e-01
9.60000000000000e+00  4.16698768365746e-01
9.62500000000000e+00  4.01623785847503e-01
9.65000000000000e+00  3.86107175692060e-01
9.67500000000000e+00  3.70221606528038e-01
9.70000000000000e+00  3.54036349630789e-01
9.72500000000000e+00  3.37616295485833e-01
9.75000000000000e+00  3.21021865521275e-01
9.77500000000000e+00  3.04309215342386e-01
9.80000000000000e+00  2.87529730160125e-01
9.82500000000000e+00  2.70730011548954e-01
9.85000000000000e+00  2.53951864204632e-01
9.87500000000000e+00  2.37232282702028e-01
9.90000000000000e+00  2.20603438252917e-01
9.92500000000000e+00  2.04092665463795e-01
9.95000000000000e+00  1.87722449093677e-01
9.97500000000000e+00  1.71510410811903e-01
1.00000000000000e+01  1.55469295955955e-01
