0.00000000000000e+00  -1.55662623048170e-01
2.50000000000000e-02  -1.71721496072242e-01
5.00000000000000e-02  -1.87951119261375e-01
7.50000000000000e-02  -2.04338760841699e-01
1.00000000000000e-01  -2.20866810663381e-01
1.25000000000000e-01  -2.37512793040498e-01
1.50000000000000e-01  -2.54249379590910e-01
1.75000000000000e-01  -2.71044402076136e-01
2.00000000000000e-01  -2.87860865241236e-01
2.25000000000000e-01  -3.04656959654682e-01
2.50000000000000e-01  -3.21386074548234e-01
2.75000000000000e-01  -3.37996810656819e-01
3.00000000000000e-01  -3.54432993058406e-01
3.25000000000000e-01  -3.70634177433639e-01
3.50000000000000e-01  -3.86535446327354e-01
3.75000000000000e-01  -4.02067498228871e-01
4.00000000000000e-01  -4.17157634395297e-01
4.25000000000000e-01  -4.31729275695909e-01
4.50000000000000e-01  -4.45702454012775e-01
4.75000000000000e-01  -4.58994303641365e-01
5.00000000000000e-01  -4.71519552691174e-01
5.25000000000000e-01  -4.83191014486330e-01
5.50000000000000e-01  -4.93920078966213e-01
5.75000000000000e-01  -5.03617204086077e-01
6.00000000000000e-01  -5.12192407217656e-01
6.25000000000000e-01  -5.19555707869792e-01
6.50000000000000e-01  -5.25619531029295e-01
6.75000000000000e-01  -5.30296744305239e-01
7.00000000000000e-01  -5.33503495967156e-01
7.25000000000000e-01  -5.35159323055329e-01
7.50000000000000e-01  -5.35188038343338e-01
7.75000000000000e-01  -5.33518617300600e-01
8.00000000000000e-01  -5.30086085054910e-01
8.25000000000000e-01  -5.24832403354988e-01
8.50000000000000e-01  -5.17707357533018e-01
8.75000000000000e-01  -5.08669443467188e-01
9.00000000000000e-01  -4.97686754544242e-01
9.25000000000000e-01  -4.84737868622011e-01
9.50000000000000e-01  -4.69812505852160e-01
9.75000000000000e-01  -4.52912458669225e-01
1.00000000000000e+00  -4.34052836398743e-01
1.02500000000000e+00  -4.13260825047090e-01
1.05000000000000e+00  -3.90578187721911e-01
1.07500000000000e+00  -3.66061361743792e-01
1.10000000000000e+00  -3.39781555757942e-01
1.12500000000000e+00  -3.11824846845857e-01
1.15000000000000e+00  -2.82292277637002e-01
1.17500000000000e+00  -2.51299953420480e-01
1.20000000000000e+00  -2.18979139256711e-01
1.22500000000000e+00  -1.85476357089102e-01
1.25000000000000e+00  -1.50948718229779e-01
1.27500000000000e+00  -1.15576477144782e-01
1.30000000000000e+00  -7.95464619488815e-02
1.32500000000000e+00  -4.30571999920821e-02
1.35000000000000e+00  -6.31935141802173e-03
1.37500000000000e+00  3.04460485544454e-02
1.40000000000000e+00  6.70093473496484e-02
1.42500000000000e+00  1.03134032753505e-01
1.45000000000000e+00  1.38578490631932e-01
1.47500000000000e+00  1.73097762649246e-01
1.50000000000000e+00  2.06445303986569e-01
1.52500000000000e+00  2.38374741060240e-01
1.55000000000000e+00  2.68641629240210e-01
1.57500000000000e+00  2.97010192854888e-01
1.60000000000000e+00  3.23246397292646e-01
1.62500000000000e+00  3.47130215041307e-01
1.65000000000000e+00  3.68451311492421e-01
1.67500000000000e+00  3.87014335143501e-01
1.70000000000000e+00  4.02640921314579e-01
1.72500000000000e+00  4.15171695864741e-01
1.75000000000000e+00  4.24468278908688e-01
1.77500000000000e+00  4.30415288533279e-01
1.80000000000000e+00  4.32922344514076e-01
1.82500000000000e+00  4.31926072031901e-01
1.85000000000000e+00  4.27392105389374e-01
1.87500000000000e+00  4.19318030009806e-01
1.90000000000000e+00  4.07723457187949e-01
1.92500000000000e+00  3.92672585485000e-01
1.95000000000000e+00  3.74252347785606e-01
1.97500000000000e+00  3.52584224878319e-01
2.00000000000000e+00  3.27822906830957e-01
2.02500000000000e+00  3.00154954365971e-01
2.05000000000000e+00  2.69797460235810e-01
2.07500000000000e+00  2.36996710598285e-01
2.10000000000000e+00  2.02026846391933e-01
2.12500000000000e+00  1.65188524711385e-01
2.15000000000000e+00  1.26807580182727e-01
2.17500000000000e+00  8.72336863388664e-02
2.20000000000000e+00  4.68159588581865e-02
2.22500000000000e+00  5.95057649148482e-03
2.25000000000000e+00  -3.49789508654749e-02
2.27500000000000e+00  -7.55744051573278e-02
2.30000000000000e+00  -1.15433738772269e-01
2.32500000000000e+00  -1.54155405296769e-01
2.35000000000000e+00  -1.91342690270290e-01
2.37500000000000e+00  -2.26608041940007e-01
2.40000000000000e+00  -2.59577402015512e-01
2.42500000000000e+00  -2.89894536423541e-01
2.45000000000000e+00  -3.17225366062681e-01
2.47500000000000e+00  -3.41262297558094e-01
2.50000000000000e+00  -3.61748193822190e-01
2.52500000000000e+00  -3.78372949774406e-01
2.55000000000000e+00  -3.91011984332192e-01
2.57500000000000e+00  -3.99468407175164e-01
2.60000000000000e+00  -4.03613255871419e-01
2.62500000000000e+00  -4.03375550264516e-01
2.65000000000000e+00  -3.98732346860470e-01
2.67500000000000e+00  -3.89707424115175e-01
2.70000000000000e+00  -3.76370157993339e-01
2.72500000000000e+00  -3.58838624860302e-01
2.75000000000000e+00  -3.37276598867347e-01
2.77500000000000e+00  -3.11902300179935e-01
2.80000000000000e+00  -2.82999319075237e-01
2.82500000000000e+00  -2.50853296299503e-01
2.85000000000000e+00  -2.15832949579110e-01
2.87500000000000e+00  -1.78316158023019e-01
2.90000000000000e+00  -1.38724773834788e-01
2.92500000000000e+00  -9.75109262425320e-02
2.95000000000000e+00  -5.51511392843147e-02
2.97500000000000e+00  -1.21404495935467e-02
3.00000000000000e+00  3.10134758156190e-02
3.02500000000000e+00  7.37962217628916e-02
3.05000000000000e+00  1.15692507116446e-01
3.07500000000000e+00  1.56192067007527e-01
3.10000000000000e+00  1.94795535045056e-01
3.12500000000000e+00  2.31036104743192e-01
3.15000000000000e+00  2.64424008468970e-01
3.17500000000000e+00  2.94568869879362e-01
3.20000000000000e+00  3.21074205189420e-01
3.22500000000000e+00  3.43591373289309e-01
3.25000000000000e+00  3.61822020687090e-01
3.27500000000000e+00  3.75520526451498e-01
3.30000000000000e+00  3.84496447154716e-01
3.32500000000000e+00  3.88616961815163e-01
3.35000000000000e+00  3.87809316840267e-01
3.37500000000000e+00  3.82063270969246e-01
3.40000000000000e+00  3.71433540215886e-01
3.42500000000000e+00  3.56042242811324e-01
3.45000000000000e+00  3.36067540590646e-01
3.47500000000000e+00  3.11751628492745e-01
3.50000000000000e+00  2.83397840180584e-01
3.52500000000000e+00  2.51359347525151e-01
3.55000000000000e+00  2.16043306693003e-01
3.57500000000000e+00  1.77904060359956e-01
3.60000000000000e+00  1.37436339924767e-01
3.62500000000000e+00  9.51684677228219e-02
3.65000000000000e+00  5.16555592398210e-02
3.67500000000000e+00  7.47272532546501e-03
3.70000000000000e+00  -3.67917255928595e-02
3.72500000000000e+00  -8.05430852963940e-02
3.75000000000000e+00  -1.23196418834841e-01
3.77500000000000e+00  -1.64158376044087e-01
3.80000000000000e+00  -2.02887207234473e-01
3.82500000000000e+00  -2.38844772786765e-01
3.85000000000000e+00  -2.71533136919604e-01
3.87500000000000e+00  -3.00499206749795e-01
3.90000000000000e+00  -3.25339371352603e-01
3.92500000000000e+00  -3.45704140822039e-01
3.95000000000000e+00  -3.61302785331163e-01
3.97500000000000e+00  -3.71907974192365e-01
4.00000000000000e+00  -3.77360414917665e-01
4.02500000000000e+00  -3.77573492279002e-01
4.05000000000000e+00  -3.72537907368526e-01
4.07500000000000e+00  -3.62308841577209e-01
4.10000000000000e+00  -3.47018238514150e-01
4.12500000000000e+00  -3.26874325013726e-01
4.15000000000000e+00  -3.02144947904720e-01
4.17500000000000e+00  -2.73168266988719e-01
4.20000000000000e+00  -2.40345486522927e-01
4.22500000000000e+00  -2.04133586702983e-01
4.25000000000000e+00  -1.65038055145774e-01
4.27500000000000e+00  -1.23605618372247e-01
4.30000000000000e+00  -8.04169732902284e-02
4.32500000000000e+00  -3.60795186772314e-02
4.35000000000000e+00  8.77991333671847e-03
4.37500000000000e+00  5.35098403877956e-02
4.40000000000000e+00  9.74855510284099e-02
4.42500000000000e+00  1.40082341408387e-01
4.45000000000000e+00  1.80683485024432e-01
4.47500000000000e+00  2.18704399787603e-01
4.50000000000000e+00  2.53598702689940e-01
4.52500000000000e+00  2.84864264471088e-01
4.55000000000000e+00  3.12049264284900e-01
4.57500000000000e+00  3.34758244366073e-01
4.60000000000000e+00  3.52658164696759e-01
4.62500000000000e+00  3.65484457673179e-01
4.65000000000000e+00  3.73047082772254e-01
4.67500000000000e+00  3.75236581218213e-01
4.70000000000000e+00  3.72014274421909e-01
4.72500000000000e+00  3.63422015649666e-01
4.75000000000000e+00  3.49560617399590e-01
4.77500000000000e+00  3.30649168067071e-01
4.80000000000000e+00  3.06955851465287e-01
4.82500000000000e+00  2.78810316926491e-01
4.85000000000000e+00  2.46612730392013e-01
4.87500000000000e+00  2.10823397728799e-01
4.90000000000000e+00  1.71960244325166e-01
4.92500000000000e+00  1.30587763668007e-01
4.95000000000000e+00  8.73049042786000e-02
4.97500000000000e+00  4.27251123546761e-02
5.00000000000000e+00  -2.54107879763935e-03
5.02500000000000e+00  -4.77384606726584e-02
5.05000000000000e+00  -9.23272447254562e-02
5.07500000000000e+00  -1.35621381539519e-01
5.10000000000000e+00  -1.76983888996273e-01
5.12500000000000e+00  -2.15823231624570e-01
5.15000000000000e+00  -2.51589699950197e-01
5.17500000000000e+00  -2.83775347435578e-01
5.20000000000000e+00  -3.11916554095134e-01
5.22500000000000e+00  -3.35603243737425e-01
5.25000000000000e+00  -3.54486543409625e-01
5.27500000000000e+00  -3.68298903007305e-01
5.30000000000000e+00  -3.76876074233365e-01
5.32500000000000e+00  -3.80078349924131e-01
5.35000000000000e+00  -3.77862007658978e-01
5.37500000000000e+00  -3.70262612506957e-01
5.40000000000000e+00  -3.57403069378400e-01
5.42500000000000e+00  -3.39474794492945e-01
5.45000000000000e+00  -3.16737649814323e-01
5.47500000000000e+00  -2.89519992258407e-01
5.50000000000000e+00  -2.58216976690982e-01
5.52500000000000e+00  -2.23284178742023e-01
5.55000000000000e+00  -1.85228835513227e-01
5.57500000000000e+00  -1.44597574407276e-01
5.60000000000000e+00  -1.01965518008894e-01
5.62500000000000e+00  -5.79263894430090e-02
5.65000000000000e+00  -1.31998700362803e-02
5.67500000000000e+00  3.16900940363518e-02
5.70000000000000e+00  7.60641070725525e-02
5.72500000000000e+00  1.19281349993918e-01
5.75000000000000e+00  1.60736001420069e-01
5.77500000000000e+00  1.99853658742774e-01
5.80000000000000e+00  2.36092160094143e-01
5.82500000000000e+00  2.68944925120862e-01
5.85000000000000e+00  2.97950265860846e-01
5.87500000000000e+00  3.22698670327451e-01
5.90000000000000e+00  3.42852215894822e-01
5.92500000000000e+00  3.58165830978102e-01
5.95000000000000e+00  3.68420679049426e-01
5.97500000000000e+00  3.73481712423481e-01
6.00000000000000e+00  3.73258369772220e-01
6.02500000000000e+00  3.67812308931980e-01
6.05000000000000e+00  3.57232890861484e-01
6.07500000000000e+00  3.41661033251397e-01
6.10000000000000e+00  3.21310384226318e-01
6.12500000000000e+00  2.96468526523498e-01
6.15000000000000e+00  2.67496106539801e-01
6.17500000000000e+00  2.34813856601168e-01
6.20000000000000e+00  1.98882151561289e-01
6.22500000000000e+00  1.60175183838804e-01
6.25000000000000e+00  1.19186113097515e-01
6.27500000000000e+00  7.65503403605453e-02
6.30000000000000e+00  3.28047229648266e-02
6.32500000000000e+00  -1.14555615750608e-02
6.35000000000000e+00  -5.56352601043703e-02
6.37500000000000e+00  -9.91457754923100e-02
6.40000000000000e+00  -1.41411898296193e-01
6.42500000000000e+00  -1.81878538425556e-01
6.45000000000000e+00  -2.20017456806308e-01
6.47500000000000e+00  -2.55333997044858e-01
6.50000000000000e+00  -2.87373817092244e-01
6.52500000000000e+00  -3.15729620908283e-01
6.55000000000000e+00  -3.40047890125688e-01
6.57500000000000e+00  -3.60026464436913e-01
6.60000000000000e+00  -3.75420989622039e-01
6.62500000000000e+00  -3.86055399926995e-01
6.65000000000000e+00  -3.91806858871817e-01
6.67500000000000e+00  -3.92620416991515e-01
6.70000000000000e+00  -3.88506389913097e-01
6.72500000000000e+00  -3.79537736432585e-01
6.75000000000000e+00  -3.65847436592036e-01
6.77500000000000e+00  -3.47625869756560e-01
6.80000000000000e+00  -3.25118192691336e-01
6.82500000000000e+00  -2.98621717638638e-01
6.85000000000000e+00  -2.68483290394846e-01
6.87500000000000e+00  -2.35094020655208e-01
6.90000000000000e+00  -1.98873453994951e-01
6.92500000000000e+00  -1.60276367324418e-01
6.95000000000000e+00  -1.19783702421598e-01
6.97500000000000e+00  -7.78937728154511e-02
7.00000000000000e+00  -3.51162364442756e-02
7.02500000000000e+00  8.03393168595135e-03
7.05000000000000e+00  5.10424668432030e-02
7.07500000000000e+00  9.34018419110612e-02
7.10000000000000e+00  1.34617294730355e-01
7.12500000000000e+00  1.74212855440799e-01
7.15000000000000e+00  2.11737373822653e-01
7.17500000000000e+00  2.46770546638351e-01
7.20000000000000e+00  2.78923217205309e-01
7.22500000000000e+00  3.07845260296564e-01
7.25000000000000e+00  3.33230759415950e-01
7.27500000000000e+00  3.54811896925695e-01
7.30000000000000e+00  3.72370581440529e-01
7.32500000000000e+00  3.85738165492447e-01
7.35000000000000e+00  3.94795163195474e-01
7.37500000000000e+00  3.99470967910421e-01
7.40000000000000e+00  3.99743569909656e-01
7.42500000000000e+00  3.95639274041858e-01
7.45000000000000e+00  3.87232417396785e-01
7.47500000000000e+00  3.74645086970036e-01
7.50000000000000e+00  3.58045393154436e-01
7.52500000000000e+00  3.37632901416323e-01
7.55000000000000e+00  3.13652620871055e-01
7.57500000000000e+00  2.86381151327486e-01
7.60000000000000e+00  2.56125894923680e-01
7.62500000000000e+00  2.23220725307435e-01
7.65000000000000e+00  1.88021656816794e-01
7.67500000000000e+00  1.50902513660569e-01
7.70000000000000e+00  1.12250599098852e-01
7.72500000000000e+00  7.24623646235365e-02
7.75000000000000e+00  3.19390791388406e-02
7.77500000000000e+00  -8.91750185818686e-03
7.80000000000000e+00  -4.97094670971364e-02
7.82500000000000e+00  -9.00463610706619e-02
7.85000000000000e+00  -1.29549300995576e-01
7.87500000000000e+00  -1.67856033160181e-01
7.90000000000000e+00  -2.04618895230647e-01
7.92500000000000e+00  -2.39513360162276e-01
7.95000000000000e+00  -2.72239519632276e-01
7.97500000000000e+00  -3.02523567472551e-01
8.00000000000000e+00  -3.30119283102473e-01
8.02500000000000e+00  -3.54809514961669e-01
8.05000000000000e+00  -3.76407663942796e-01
8.07500000000000e+00  -3.94759166824324e-01
8.10000000000000e+00  -4.09742979703316e-01
8.12500000000000e+00  -4.21271449788425e-01
8.15000000000000e+00  -4.29283103738388e-01
8.17500000000000e+00  -4.33755405411564e-01
8.20000000000000e+00  -4.34691825430218e-01
8.22500000000000e+00  -4.32126814428804e-01
8.25000000000000e+00  -4.26123802748298e-01
8.27500000000000e+00  -4.16773200130538e-01
8.30000000000000e+00  -4.04190395412559e-01
8.32500000000000e+00  -3.88513756220926e-01
8.35000000000000e+00  -3.69902628666073e-01
8.37500000000000e+00  -3.48535337036635e-01
8.40000000000000e+00  -3.24607183493787e-01
8.42500000000000e+00  -2.98328447765579e-01
8.45000000000000e+00  -2.69920137508239e-01
8.47500000000000e+00  -2.39613468018244e-01
8.50000000000000e+00  -2.07646334755930e-01
8.52500000000000e+00  -1.74262878252474e-01
8.55000000000000e+00  -1.39709254385628e-01
8.57500000000000e+00  -1.04231857621049e-01
8.60000000000000e+00  -6.80755442536165e-02
8.62500000000000e+00  -3.14818556487372e-02
8.65000000000000e+00  5.31275851631401e-03
8.67500000000000e+00  4.20787170110898e-02
8.70000000000000e+00  7.85950838106465e-02
8.72500000000000e+00  1.14651344854231e-01
8.75000000000000e+00  1.50053776739401e-01
8.77500000000000e+00  1.84601226045628e-01
8.80000000000000e+00  2.18127910331274e-01
8.82500000000000e+00  2.50471998301560e-01
8.85000000000000e+00  2.81487014974835e-01
8.87500000000000e+00  3.11041743224410e-01
8.90000000000000e+00  3.39020125320369e-01
8.92500000000000e+00  3.65321164471402e-01
8.95000000000000e+00  3.89858826366631e-01
8.97500000000000e+00  4.12561940717426e-01
9.00000000000000e+00  4.33374102799243e-01
9.02500000000000e+00  4.52253574993432e-01
9.05000000000000e+00  4.69173188329075e-01
9.07500000000000e+00  4.84117855632729e-01
9.10000000000000e+00  4.97085797295371e-01
9.12500000000000e+00  5.08087300367819e-01
9.15000000000000e+00  5.17143795743184e-01
9.17500000000000e+00  5.24287193532167e-01
9.20000000000000e+00  5.29558997400234e-01
9.22500000000000e+00  5.33009418904803e-01
9.25000000000000e+00  5.34696491832422e-01
9.27500000000000e+00  5.34685186535946e-01
9.30000000000000e+00  5.33046524271726e-01
9.32500000000000e+00  5.29856691536780e-01
9.35000000000000e+00  5.25196154405984e-01
9.37500000000000e+00  5.19148739836343e-01
9.40000000000000e+00  5.11801550321556e-01
9.42500000000000e+00  5.03242196449714e-01
9.45000000000000e+00  4.93560617049415e-01
9.47500000000000e+00  4.82846797714236e-01
9.50000000000000e+00  4.71190280254925e-01
9.52500000000000e+00  4.58679672151593e-01
9.55000000000000e+00  4.45402156005901e-01
9.57500000000000e+00  4.31442998993246e-01
9.60000000000000e+00  4.16885062314957e-01
9.62500000000000e+00  4.01808310650483e-01
9.65000000000000e+00  3.86289321609576e-01
9.67500000000000e+00  3.70400795184489e-01
9.70000000000000e+00  3.54212032563352e-01
9.72500000000000e+00  3.37787953907541e-01
9.75000000000000e+00  3.21189007962704e-01
9.77500000000000e+00  3.04471374366536e-01
9.80000000000000e+00  2.87686458510053e-01
9.82500000000000e+00  2.70880878256820e-01
9.85000000000000e+00  2.54096450662182e-01
9.87500000000000e+00  2.37370178692488e-01
9.90000000000000e+00  2.20734237944321e-01
9.92500000000000e+00  2.04215963363730e-01
9.95000000000000e+00  1.87837835965457e-01
9.97500000000000e+00  1.71617469552164e-01
1.00000000000000e+01  1.55567597433673e-01
