0.00000000000000e+00  -1.54514936434152e-01
2.50000000000000e-02  -1.70493761000100e-01
5.00000000000000e-02  -1.86647071343554e-01
7.50000000000000e-02  -2.02962281553077e-01
1.00000000000000e-01  -2.19421941160992e-01
1.25000000000000e-01  -2.36003745851798e-01
1.50000000000000e-01  -2.52680548170567e-01
1.75000000000000e-01  -2.69420368231365e-01
2.00000000000000e-01  -2.86186404425654e-01
2.25000000000000e-01  -3.02937044130702e-01
2.50000000000000e-01  -3.19625874417999e-01
2.75000000000000e-01  -3.36201692761656e-01
3.00000000000000e-01  -3.52608517746825e-01
3.25000000000000e-01  -3.68786094007295e-01
3.50000000000000e-01  -3.84669685213712e-01
3.75000000000000e-01  -4.00190164679637e-01
4.00000000000000e-01  -4.15274986418572e-01
4.25000000000000e-01  -4.29847710970807e-01
4.50000000000000e-01  -4.43828490104673e-01
4.75000000000000e-01  -4.57134551517799e-01
5.00000000000000e-01  -4.69680683538366e-01
5.25000000000000e-01  -4.81379719826361e-01
5.50000000000000e-01  -4.92143024074835e-01
5.75000000000000e-01  -5.01880974711162e-01
6.00000000000000e-01  -5.10503449598284e-01
6.25000000000000e-01  -5.17920724711125e-01
6.50000000000000e-01  -5.24044168820985e-01
6.75000000000000e-01  -5.28787220966281e-01
7.00000000000000e-01  -5.32065665576638e-01
7.25000000000000e-01  -5.33798651221157e-01
7.50000000000000e-01  -5.33909575163343e-01
7.75000000000000e-01  -5.32326967916021e-01
8.00000000000000e-01  -5.28985377796266e-01
8.25000000000000e-01  -5.23826255480323e-01
8.50000000000000e-01  -5.16798838558533e-01
8.75000000000000e-01  -5.07861036090256e-01
9.00000000000000e-01  -4.96980313158793e-01
9.25000000000000e-01  -4.84134575426315e-01
9.50000000000000e-01  -4.69312838035365e-01
9.75000000000000e-01  -4.52516150146402e-01
1.00000000000000e+00  -4.33758845601844e-01
1.02500000000000e+00  -4.13067319355610e-01
1.05000000000000e+00  -3.90482523639271e-01
1.07500000000000e+00  -3.66060079498208e-01
1.10000000000000e+00  -3.39870388327775e-01
1.12500000000000e+00  -3.11998743409449e-01
1.15000000000000e+00  -2.82545441446995e-01
1.17500000000000e+00  -2.51625894102621e-01
1.20000000000000e+00  -2.19370739533133e-01
1.22500000000000e+00  -1.85925953926101e-01
1.25000000000000e+00  -1.51445522283507e-01
1.27500000000000e+00  -1.16116783727692e-01
1.30000000000000e+00  -8.01190341324955e-02
1.32500000000000e+00  -4.36512466580355e-02
1.35000000000000e+00  -6.92440540938956e-03
1.37500000000000e+00  2.98402293233297e-02
1.40000000000000e+00  6.64128558248824e-02
1.42500000000000e+00  1.02556865714816e-01
1.45000000000000e+00  1.38030578707385e-01
1.47500000000000e+00  1.72588977371456e-01
1.50000000000000e+00  2.05985441890428e-01
1.52500000000000e+00  2.37973484822147e-01
1.55000000000000e+00  2.68308485858815e-01
1.57500000000000e+00  2.96752003826304e-01
1.60000000000000e+00  3.23072107394856e-01
1.62500000000000e+00  3.47046837084509e-01
1.65000000000000e+00  3.68465030951017e-01
1.67500000000000e+00  3.87130295240991e-01
1.70000000000000e+00  4.02863088860734e-01
1.72500000000000e+00  4.15502807845080e-01
1.75000000000000e+00  4.24909869826231e-01
1.77500000000000e+00  4.30967798502591e-01
1.80000000000000e+00  4.33585308107608e-01
1.82500000000000e+00  4.32698387878610e-01
1.85000000000000e+00  4.28272386525638e-01
1.87500000000000e+00  4.20300622728538e-01
1.90000000000000e+00  4.08804956753020e-01
1.92500000000000e+00  3.93846181989412e-01
1.95000000000000e+00  3.75510218500583e-01
1.97500000000000e+00  3.53917708881352e-01
2.00000000000000e+00  3.29222632552014e-01
2.02500000000000e+00  3.01610920051872e-01
2.05000000000000e+00  2.71299067332770e-01
2.07500000000000e+00  2.38532750052619e-01
2.10000000000000e+00  2.03585437868928e-01
2.12500000000000e+00  1.66757008732338e-01
2.15000000000000e+00  1.28372363180148e-01
2.17500000000000e+00  8.87800386298457e-02
2.20000000000000e+00  4.83360429581113e-02
2.22500000000000e+00  7.42789466527156e-03
2.25000000000000e+00  -3.35562680072065e-02
2.27500000000000e+00  -7.42177646170420e-02
2.30000000000000e+00  -1.14153877319574e-01
2.32500000000000e+00  -1.52962212662688e-01
2.35000000000000e+00  -1.90245063381737e-01
2.37500000000000e+00  -2.25613770194472e-01
2.40000000000000e+00  -2.58693083595961e-01
2.42500000000000e+00  -2.89125525653513e-01
2.45000000000000e+00  -3.16575751801606e-01
2.47500000000000e+00  -3.40734912636810e-01
2.50000000000000e+00  -3.61332228132857e-01
2.52500000000000e+00  -3.78093573199016e-01
2.55000000000000e+00  -3.90850790023282e-01
2.57500000000000e+00  -3.99420457859488e-01
2.60000000000000e+00  -4.03675487490679e-01
2.62500000000000e+00  -4.03541533946515e-01
2.65000000000000e+00  -3.98993409220669e-01
2.67500000000000e+00  -3.90053328105561e-01
2.70000000000000e+00  -3.76790228522049e-01
2.72500000000000e+00  -3.59320779188921e-01
2.75000000000000e+00  -3.37810288843676e-01
2.77500000000000e+00  -3.12476622507791e-01
2.80000000000000e+00  -2.83594578828973e-01
2.82500000000000e+00  -2.51464158955199e-01
2.85000000000000e+00  -2.16435773493958e-01
2.87500000000000e+00  -1.78899522980031e-01
2.90000000000000e+00  -1.39276510006105e-01
2.92500000000000e+00  -9.80188727415623e-02
2.95000000000000e+00  -5.56037486542986e-02
2.97500000000000e+00  -1.25272382325442e-02
3.00000000000000e+00  3.07016312933134e-02
3.02500000000000e+00  7.35669422289085e-02
3.05000000000000e+00  1.15551922694076e-01
3.07500000000000e+00  1.56144982901028e-01
3.10000000000000e+00  1.94845751432536e-01
3.12500000000000e+00  2.31177394207438e-01
3.15000000000000e+00  2.64667524488102e-01
3.17500000000000e+00  2.94906171668703e-01
3.20000000000000e+00  3.21497433945463e-01
3.22500000000000e+00  3.44092437145345e-01
3.25000000000000e+00  3.62391958257591e-01
3.27500000000000e+00  3.76149048965252e-01
3.30000000000000e+00  3.85171659176720e-01
3.32500000000000e+00  3.89325260557270e-01
3.35000000000000e+00  3.88535470060582e-01
3.37500000000000e+00  3.82790673460284e-01
3.40000000000000e+00  3.72144648881479e-01
3.42500000000000e+00  3.56719190332283e-01
3.45000000000000e+00  3.36691619228062e-01
3.47500000000000e+00  3.12304264131417e-01
3.50000000000000e+00  2.83860908975867e-01
3.52500000000000e+00  2.51715304437990e-01
3.55000000000000e+00  2.16275489944558e-01
3.57500000000000e+00  1.77996942322203e-01
3.60000000000000e+00  1.37375724447078e-01
3.62500000000000e+00  9.49416338945147e-02
3.65000000000000e+00  5.12513515886861e-02
3.67500000000000e+00  6.88159045226897e-03
3.70000000000000e+00  -3.75777559438961e-02
3.72500000000000e+00  -8.15304647311438e-02
3.75000000000000e+00  -1.24375933666501e-01
3.77500000000000e+00  -1.65552501795153e-01
3.80000000000000e+00  -2.04487189136312e-01
3.82500000000000e+00  -2.40642831036345e-01
3.85000000000000e+00  -2.73521564342865e-01
3.87500000000000e+00  -3.02669639908083e-01
3.90000000000000e+00  -3.27682235092154e-01
3.92500000000000e+00  -3.48208266266526e-01
3.95000000000000e+00  -3.63955201317289e-01
3.97500000000000e+00  -3.74693872148526e-01
4.00000000000000e+00  -3.80263287185660e-01
4.02500000000000e+00  -3.80575443878801e-01
4.05000000000000e+00  -3.75620141206100e-01
4.07500000000000e+00  -3.65451622504819e-01
4.10000000000000e+00  -3.50202016703803e-01
4.12500000000000e+00  -3.30079315724348e-01
4.15000000000000e+00  -3.05352288245526e-01
4.17500000000000e+00  -2.76360316777106e-01
4.20000000000000e+00  -2.43506031080448e-01
4.22500000000000e+00  -2.07247941589420e-01
4.25000000000000e+00  -1.68093072831292e-01
4.27500000000000e+00  -1.26589596847641e-01
4.30000000000000e+00  -8.33194666152602e-02
4.32500000000000e+00  -3.88910494670545e-02
4.35000000000000e+00  6.06823948704481e-03
4.37500000000000e+00  5.08907008504840e-02
4.40000000000000e+00  9.49864769034879e-02
4.42500000000000e+00  1.37692130455107e-01
4.45000000000000e+00  1.78394394565330e-01
4.47500000000000e+00  2.16510391417123e-01
4.50000000000000e+00  2.51494020236173e-01
4.52500000000000e+00  2.82842345210626e-01
4.55000000000000e+00  3.10101983410818e-01
4.57500000000000e+00  3.32875492709021e-01
4.60000000000000e+00  3.50827759699171e-01
4.62500000000000e+00  3.63692387616611e-01
4.65000000000000e+00  3.71278084257826e-01
4.67500000000000e+00  3.73475049900180e-01
4.70000000000000e+00  3.70242393551604e-01
4.72500000000000e+00  3.61621117269580e-01
4.75000000000000e+00  3.47726841070419e-01
4.77500000000000e+00  3.28761875405760e-01
4.80000000000000e+00  3.04996347110922e-01
4.82500000000000e+00  2.76767709528211e-01
4.85000000000000e+00  2.44479500484983e-01
4.87500000000000e+00  2.08594946917540e-01
4.90000000000000e+00  1.69631020430726e-01
4.92500000000000e+00  1.28149631318583e-01
4.95000000000000e+00  8.47476626473174e-02
4.97500000000000e+00  4.00458089077898e-02
5.00000000000000e+00  -5.29725149282924e-03
5.02500000000000e+00  -5.06498598732766e-02
5.05000000000000e+00  -9.53411286975116e-02
5.07500000000000e+00  -1.38723137492156e-01
5.10000000000000e+00  -1.80170864803073e-01
5.12500000000000e+00  -2.19089159159389e-01
5.15000000000000e+00  -2.54919710037552e-01
5.17500000000000e+00  -2.87148018825358e-01
5.20000000000000e+00  -3.15310369785993e-01
5.22500000000000e+00  -3.39000801022078e-01
5.25000000000000e+00  -3.57878075439699e-01
5.27500000000000e+00  -3.71672651712454e-01
5.30000000000000e+00  -3.80193655245488e-01
5.32500000000000e+00  -3.83317547020820e-01
5.35000000000000e+00  -3.81003325146886e-01
5.37500000000000e+00  -3.73293129247274e-01
5.40000000000000e+00  -3.60297293539304e-01
5.42500000000000e+00  -3.42207459931070e-01
5.45000000000000e+00  -3.19290258591329e-01
5.47500000000000e+00  -2.91880988519401e-01
5.50000000000000e+00  -2.60377298115068e-01
5.52500000000000e+00  -2.25232865748466e-01
5.55000000000000e+00  -1.86951080329991e-01
5.57500000000000e+00  -1.46078721880188e-01
5.60000000000000e+00  -1.03199642099647e-01
5.62500000000000e+00  -5.89443069191348e-02
5.65000000000000e+00  -1.39134168350681e-02
5.67500000000000e+00  3.12317681058156e-02
5.70000000000000e+00  7.58508811346471e-02
5.72500000000000e+00  1.19315599540745e-01
5.75000000000000e+00  1.61016941363633e-01
5.77500000000000e+00  2.00372562085084e-01
5.80000000000000e+00  2.36834051321145e-01
5.82500000000000e+00  2.69894229514164e-01
5.85000000000000e+00  2.99094444624831e-01
5.87500000000000e+00  3.24031868824198e-01
5.90000000000000e+00  3.44366795185718e-01
5.92500000000000e+00  3.59829934377270e-01
5.95000000000000e+00  3.70212420836614e-01
5.97500000000000e+00  3.75382030958141e-01
6.00000000000000e+00  3.75290063764697e-01
6.02500000000000e+00  3.69938524829377e-01
6.05000000000000e+00  3.59414721781002e-01
6.07500000000000e+00  3.43882126204638e-01
6.10000000000000e+00  3.23571657831022e-01
6.12500000000000e+00  2.98776022538749e-01
6.15000000000000e+00  2.69844279390842e-01
6.17500000000000e+00  2.37178317370483e-01
6.20000000000000e+00  2.01230392586651e-01
6.22500000000000e+00  1.62501566967263e-01
6.25000000000000e+00  1.21532195387034e-01
6.27500000000000e+00  7.88935633207069e-02
6.30000000000000e+00  3.51379944910331e-02
6.32500000000000e+00  -9.12799818500763e-03
6.35000000000000e+00  -5.33050405361610e-02
6.37500000000000e+00  -9.68046033330695e-02
6.40000000000000e+00  -1.39052708484474e-01
6.42500000000000e+00  -1.79494738537969e-01
6.45000000000000e+00  -2.17600654343323e-01
6.47500000000000e+00  -2.52872922212720e-01
6.50000000000000e+00  -2.84852842084835e-01
6.52500000000000e+00  -3.13132402829621e-01
6.55000000000000e+00  -3.37367009029447e-01
6.57500000000000e+00  -3.57246803743067e-01
6.60000000000000e+00  -3.72528761310238e-01
6.62500000000000e+00  -3.83037013888138e-01
6.65000000000000e+00  -3.88649611383065e-01
6.67500000000000e+00  -3.89312768425215e-01
6.70000000000000e+00  -3.85038177095891e-01
6.72500000000000e+00  -3.75900319654705e-01
6.75000000000000e+00  -3.62033781266784e-01
6.77500000000000e+00  -3.43630562729967e-01
6.80000000000000e+00  -3.20937393202017e-01
6.82500000000000e+00  -2.94253042927822e-01
6.85000000000000e+00  -2.63925635966595e-01
6.87500000000000e+00  -2.30344680564891e-01
6.90000000000000e+00  -1.93944592968698e-01
6.92500000000000e+00  -1.55173417297140e-01
6.95000000000000e+00  -1.14514550716958e-01
6.97500000000000e+00  -7.24685056382543e-02
7.00000000000000e+00  -2.95469013965158e-02
7.02500000000000e+00  1.37335440654009e-02
7.05000000000000e+00  5.68570225152483e-02
7.07500000000000e+00  9.93146437493979e-02
7.10000000000000e+00  1.40610443910830e-01
7.12500000000000e+00  1.80267393807122e-01
7.15000000000000e+00  2.17833407228462e-01
7.17500000000000e+00  2.52887349265626e-01
7.20000000000000e+00  2.85040228700918e-01
7.22500000000000e+00  3.13941832885267e-01
7.25000000000000e+00  3.39286474432936e-01
7.27500000000000e+00  3.60807023157523e-01
7.30000000000000e+00  3.78286251118621e-01
7.32500000000000e+00  3.91556531579191e-01
7.35000000000000e+00  4.00499537962931e-01
7.37500000000000e+00  4.05045942811647e-01
7.40000000000000e+00  4.05175116742620e-01
7.42500000000000e+00  4.00914827405974e-01
7.45000000000000e+00  3.92340938442052e-01
7.47500000000000e+00  3.79577108438777e-01
7.50000000000000e+00  3.62795087753763e-01
7.52500000000000e+00  3.42193094490083e-01
7.55000000000000e+00  3.18020716862523e-01
7.57500000000000e+00  2.90556127457296e-01
7.60000000000000e+00  2.60108348165996e-01
7.62500000000000e+00  2.27012886472036e-01
7.65000000000000e+00  1.91627371737075e-01
7.67500000000000e+00  1.54327191487461e-01
7.70000000000000e+00  1.15501127700661e-01
7.72500000000000e+00  7.55469930916931e-02
7.75000000000000e+00  3.48672673995702e-02
7.77500000000000e+00  -6.13526632627832e-03
7.80000000000000e+00  -4.70618854395598e-02
7.82500000000000e+00  -8.75213902396606e-02
7.85000000000000e+00  -1.27134432252521e-01
7.87500000000000e+00  -1.65538475114018e-01
7.90000000000000e+00  -2.02385666519189e-01
7.92500000000000e+00  -2.37351539916959e-01
7.95000000000000e+00  -2.70136455433359e-01
7.97500000000000e+00  -3.00467040794764e-01
8.00000000000000e+00  -3.28097632251102e-01
8.02500000000000e+00  -3.52811715499094e-01
8.05000000000000e+00  -3.74423366605467e-01
8.07500000000000e+00  -3.92778692930180e-01
8.10000000000000e+00  -4.07757274049658e-01
8.12500000000000e+00  -4.19276574344641e-01
8.15000000000000e+00  -4.27265823499037e-01
8.17500000000000e+00  -4.31713187937566e-01
8.20000000000000e+00  -4.32622016499174e-01
8.22500000000000e+00  -4.30027071017192e-01
8.25000000000000e+00  -4.23992445109995e-01
8.27500000000000e+00  -4.14609482971662e-01
8.30000000000000e+00  -4.01994698162638e-01
8.32500000000000e+00  -3.86287692400389e-01
8.35000000000000e+00  -3.67649074350071e-01
8.37500000000000e+00  -3.46258378415176e-01
8.40000000000000e+00  -3.22311983528208e-01
8.42500000000000e+00  -2.96021031941331e-01
8.45000000000000e+00  -2.67607444854145e-01
8.47500000000000e+00  -2.37303108402679e-01
8.50000000000000e+00  -2.05346418141016e-01
8.52500000000000e+00  -1.71981935230381e-01
8.55000000000000e+00  -1.37456079665260e-01
8.57500000000000e+00  -1.02015394482097e-01
8.60000000000000e+00  -6.59048099679649e-02
8.62500000000000e+00  -2.93659078692295e-02
8.65000000000000e+00  7.36481439975079e-03
8.67500000000000e+00  4.40576795479620e-02
8.70000000000000e+00  8.04915661990524e-02
8.72500000000000e+00  1.16455644682661e-01
8.75000000000000e+00  1.51758358908727e-01
8.77500000000000e+00  1.86198349398378e-01
8.80000000000000e+00  2.19610633941840e-01
8.82500000000000e+00  2.51833906138561e-01
8.85000000000000e+00  2.82722302892636e-01
8.87500000000000e+00  3.12145292405921e-01
8.90000000000000e+00  3.39987562171128e-01
8.92500000000000e+00  3.66148906964938e-01
8.95000000000000e+00  3.90544116841114e-01
8.97500000000000e+00  4.13102865123593e-01
9.00000000000000e+00  4.33769596399611e-01
9.02500000000000e+00  4.52503414512795e-01
9.05000000000000e+00  4.69277970556274e-01
9.07500000000000e+00  4.84078967850182e-01
9.10000000000000e+00  4.96905384483363e-01
9.12500000000000e+00  5.07768222952397e-01
9.15000000000000e+00  5.16689586347104e-01
9.17500000000000e+00  5.23702009302180e-01
9.20000000000000e+00  5.28847573997700e-01
9.22500000000000e+00  5.32177026159634e-01
9.25000000000000e+00  5.33748891060355e-01
9.27500000000000e+00  5.33628589519149e-01
9.30000000000000e+00  5.31887553902724e-01
9.32500000000000e+00  5.28602344125723e-01
9.35000000000000e+00  5.23853763651230e-01
9.37500000000000e+00  5.17725572633942e-01
9.40000000000000e+00  5.10305501839884e-01
9.42500000000000e+00  5.01680901077463e-01
9.45000000000000e+00  4.91941847728729e-01
9.47500000000000e+00  4.81178403040208e-01
9.50000000000000e+00  4.69480127706563e-01
9.52500000000000e+00  4.56935597454250e-01
9.55000000000000e+00  4.43631918625176e-01
9.57500000000000e+00  4.29654243760353e-01
9.60000000000000e+00  4.15085287183559e-01
9.62500000000000e+00  4.00004840584993e-01
9.65000000000000e+00  3.84489288604929e-01
9.67500000000000e+00  3.68611124417378e-01
9.70000000000000e+00  3.52439423191431e-01
9.72500000000000e+00  3.36038872054179e-01
9.75000000000000e+00  3.19469679404299e-01
9.77500000000000e+00  3.02787781704481e-01
9.80000000000000e+00  2.86044339017868e-01
9.82500000000000e+00  2.69285724341605e-01
9.85000000000000e+00  2.52553512940378e-01
9.87500000000000e+00  2.35884471679965e-01
9.90000000000000e+00  2.19310548360776e-01
9.92500000000000e+00  2.02858861051406e-01
9.95000000000000e+00  1.86551687422177e-01
9.97500000000000e+00  1.70406454078682e-01
1.00000000000000e+01  1.54435725895341e-01
