0.00000000000000e+00  -3.67410490065291e-01
2.50000000000000e-02  -4.01056890997154e-01
5.00000000000000e-02  -4.34173855267980e-01
7.50000000000000e-02  -4.66608554763005e-01
1.00000000000000e-01  -4.98205533666037e-01
1.25000000000000e-01  -5.28807110244183e-01
1.50000000000000e-01  -5.58253778632584e-01
1.75000000000000e-01  -5.86384610619157e-01
2.00000000000000e-01  -6.13037657429336e-01
2.25000000000000e-01  -6.38050351510802e-01
2.50000000000000e-01  -6.61259908318237e-01
2.75000000000000e-01  -6.82503728098046e-01
3.00000000000000e-01  -7.01619797673108e-01
3.25000000000000e-01  -7.18451462296902e-01
3.50000000000000e-01  -7.32845354223225e-01
3.75000000000000e-01  -7.44652531394908e-01
4.00000000000000e-01  -7.53734468606907e-01
4.25000000000000e-01  -7.59960785485804e-01
4.50000000000000e-01  -7.63211954502086e-01
4.75000000000000e-01  -7.63382008982425e-01
5.00000000000000e-01  -7.60381251121953e-01
5.25000000000000e-01  -7.54138959996544e-01
5.50000000000000e-01  -7.44606099575086e-01
5.75000000000000e-01  -7.31758026731765e-01
6.00000000000000e-01  -7.15597199258341e-01
6.25000000000000e-01  -6.95982772340743e-01
6.50000000000000e-01  -6.73327909567923e-01
6.75000000000000e-01  -6.47350381733784e-01
7.00000000000000e-01  -6.18175097921788e-01
7.25000000000000e-01  -5.85942045859497e-01
7.50000000000000e-01  -5.50807501620345e-01
7.75000000000000e-01  -5.12945239325418e-01
8.00000000000000e-01  -4.72547740845233e-01
8.25000000000000e-01  -4.29827405501509e-01
8.50000000000000e-01  -3.85017759768956e-01
8.75000000000000e-01  -3.38374666977040e-01
9.00000000000000e-01  -2.90177537011770e-01
9.25000000000000e-01  -2.40730536017475e-01
9.50000000000000e-01  -1.90354872899062e-01
9.75000000000000e-01  -1.39389196984893e-01
1.00000000000000e+00  -8.81962948055672e-02
1.02500000000000e+00  -3.71432606182502e-02
1.05000000000000e+00  1.33881188291847e-02
1.07500000000000e+00  6.30081427097446e-02
1.10000000000000e+00  1.11325974528887e-01
1.12500000000000e+00  1.57956420536114e-01
1.15000000000000e+00  2.02526708136548e-01
1.17500000000000e+00  2.44683264302510e-01
1.20000000000000e+00  2.84098493985113e-01
1.22500000000000e+00  3.20477558525835e-01
1.25000000000000e+00  3.53230669591085e-01
1.27500000000000e+00  3.82631314701843e-01
1.30000000000000e+00  4.07945637785656e-01
1.32500000000000e+00  4.29005643927887e-01
1.35000000000000e+00  4.45663560251829e-01
1.37500000000000e+00  4.57796360842901e-01
1.40000000000000e+00  4.65310291672830e-01
1.42500000000000e+00  4.68145395523836e-01
1.45000000000000e+00  4.66280036912820e-01
1.47500000000000e+00  4.59735427015546e-01
1.50000000000000e+00  4.48580148590833e-01
1.52500000000000e+00  4.32934680904734e-01
1.55000000000000e+00  4.12975924654727e-01
1.57500000000000e+00  3.88921042093625e-01
1.60000000000000e+00  3.61033743161716e-01
1.62500000000000e+00  3.29637689097437e-01
1.65000000000000e+00  2.95082726741281e-01
1.67500000000000e+00  2.57765918794138e-01
1.70000000000000e+00  2.18122346981946e-01
1.72500000000000e+00  1.76615915220359e-01
1.75000000000000e+00  1.33730152779392e-01
1.77500000000000e+00  8.99590174480860e-02
1.80000000000000e+00  4.57976986991662e-02
1.82500000000000e+00  1.73342085368995e-03
1.85000000000000e+00  -4.17637537542846e-02
1.87500000000000e+00  -8.40212073086677e-02
1.90000000000000e+00  -1.24711587567566e-01
1.92500000000000e+00  -1.63238981461530e-01
1.95000000000000e+00  -1.99170452024318e-01
1.97500000000000e+00  -2.32101789458432e-01
2.00000000000000e+00  -2.61662900509085e-01
2.02500000000000e+00  -2.87523197838153e-01
2.05000000000000e+00  -3.09396989398141e-01
2.07500000000000e+00  -3.27048867806139e-01
2.10000000000000e+00  -3.40299099717785e-01
2.12500000000000e+00  -3.49029015201223e-01
2.15000000000000e+00  -3.53186397111060e-01
2.17500000000000e+00  -3.52790870462333e-01
2.20000000000000e+00  -3.47915717553923e-01
2.22500000000000e+00  -3.38697106125088e-01
2.25000000000000e+00  -3.25316502063263e-01
2.27500000000000e+00  -3.08050127210324e-01
2.30000000000000e+00  -2.87209005486917e-01
2.32500000000000e+00  -2.63144106715999e-01
2.35000000000000e+00  -2.36250431149066e-01
2.37500000000000e+00  -2.06963921651253e-01
2.40000000000000e+00  -1.75756982958763e-01
2.42500000000000e+00  -1.43129697112295e-01
2.45000000000000e+00  -1.09596523129465e-01
2.47500000000000e+00  -7.56662746342896e-02
2.50000000000000e+00  -4.19901591424975e-02
2.52500000000000e+00  -8.63069501758360e-03
2.55000000000000e+00  2.35209474378486e-02
2.57500000000000e+00  5.40412629244388e-02
2.60000000000000e+00  8.25341076203280e-02
2.62500000000000e+00  1.08636035174284e-01
2.65000000000000e+00  1.32021632698833e-01
2.67500000000000e+00  1.52408856763385e-01
2.70000000000000e+00  1.69564369387370e-01
2.72500000000000e+00  1.83308874033358e-01
2.75000000000000e+00  1.93522451600192e-01
2.77500000000000e+00  2.00149896416118e-01
2.80000000000000e+00  2.03206052231911e-01
2.82500000000000e+00  2.02756385745378e-01
2.85000000000000e+00  1.98933526002948e-01
2.87500000000000e+00  1.91922745420561e-01
2.90000000000000e+00  1.81973629932598e-01
2.92500000000000e+00  1.69382128609417e-01
2.95000000000000e+00  1.54484221163122e-01
2.97500000000000e+00  1.37649202344757e-01
3.00000000000000e+00  1.19270532408582e-01
3.02500000000000e+00  9.97530495696974e-02
3.05000000000000e+00  7.94979894959628e-02
3.07500000000000e+00  5.88818940701928e-02
3.10000000000000e+00  3.82256762020065e-02
3.12500000000000e+00  1.83738376817778e-02
3.15000000000000e+00  -1.28662672831073e-03
3.17500000000000e+00  -1.95272372931144e-02
3.20000000000000e+00  -3.61636140029363e-02
3.22500000000000e+00  -5.10164062235634e-02
3.25000000000000e+00  -6.39187149306717e-02
3.27500000000000e+00  -7.47235149442276e-02
3.30000000000000e+00  -8.33110771628914e-02
3.32500000000000e+00  -8.95963907984220e-02
3.35000000000000e+00  -9.35365856100791e-02
3.37500000000000e+00  -9.51383541390264e-02
3.40000000000000e+00  -9.44653739427351e-02
3.42500000000000e+00  -9.16457298293872e-02
3.45000000000000e+00  -8.68224757265255e-02
3.47500000000000e+00  -8.01821283456840e-02
3.50000000000000e+00  -7.19702039963444e-02
3.52500000000000e+00  -6.24163927927911e-02
3.55000000000000e+00  -5.17885476563695e-02
3.57500000000000e+00  -4.03734701011863e-02
3.60000000000000e+00  -2.84585881022307e-02
3.62500000000000e+00  -1.63194749294595e-02
3.65000000000000e+00  -4.20900733180543e-03
3.67500000000000e+00  7.64983605546938e-03
3.70000000000000e+00  1.90665910785419e-02
3.72500000000000e+00  2.98785477681916e-02
3.75000000000000e+00  4.00864462705789e-02
3.77500000000000e+00  4.84871062846869e-02
3.80000000000000e+00  5.60455142721542e-02
3.82500000000000e+00  6.25142843212904e-02
3.85000000000000e+00  6.77471301339734e-02
3.87500000000000e+00  7.16774553694605e-02
3.90000000000000e+00  7.42969439881975e-02
3.92500000000000e+00  7.56407039310682e-02
3.95000000000000e+00  7.57768760636141e-02
3.97500000000000e+00  7.48024162487941e-02
4.00000000000000e+00  7.28391033258556e-02
4.02500000000000e+00  7.00405164195560e-02
4.05000000000000e+00  6.66006498168753e-02
4.07500000000000e+00  6.26666472907729e-02
4.10000000000000e+00  5.83828111156465e-02
4.12500000000000e+00  5.38568713047205e-02
4.15000000000000e+00  4.92996946458770e-02
4.17500000000000e+00  4.48356233824855e-02
4.20000000000000e+00  4.05425235075785e-02
4.22500000000000e+00  3.64888673972646e-02
4.25000000000000e+00  3.27505194957538e-02
4.27500000000000e+00  2.94247248844242e-02
4.30000000000000e+00  2.66319997894449e-02
4.32500000000000e+00  2.45073467564715e-02
4.35000000000000e+00  2.31755955693479e-02
4.37500000000000e+00  2.15788271472343e-02
4.40000000000000e+00  2.20742560382020e-02
4.42500000000000e+00  2.24874329625210e-02
4.45000000000000e+00  2.30699880551238e-02
4.47500000000000e+00  2.39649751671619e-02
4.50000000000000e+00  2.52250076944602e-02
4.52500000000000e+00  2.68303944059707e-02
4.55000000000000e+00  2.87072752722258e-02
4.57500000000000e+00  3.07457572937925e-02
4.60000000000000e+00  3.28180503297257e-02
4.62500000000000e+00  3.47966029260220e-02
4.65000000000000e+00  3.65722381440740e-02
4.67500000000000e+00  3.80722893891230e-02
4.70000000000000e+00  3.92162002371320e-02
4.72500000000000e+00  3.99522475838186e-02
4.75000000000000e+00  4.02724411067751e-02
4.77500000000000e+00  4.01769702388517e-02
4.80000000000000e+00  3.96863620979670e-02
4.82500000000000e+00  3.88330887430317e-02
4.85000000000000e+00  3.76531744298714e-02
4.87500000000000e+00  3.61778028671505e-02
4.90000000000000e+00  3.44249244722952e-02
4.92500000000000e+00  3.23908636274170e-02
4.95000000000000e+00  3.00419259352362e-02
4.97500000000000e+00  2.73060054750050e-02
5.00000000000000e+00  2.51983405307507e-02
5.02500000000000e+00  2.19522319995761e-02
5.05000000000000e+00  1.91832659209410e-02
5.07500000000000e+00  1.67738434752434e-02
5.10000000000000e+00  1.46521842567853e-02
5.12500000000000e+00  1.27840784941609e-02
5.15000000000000e+00  1.11646392706434e-02
5.17500000000000e+00  9.81005474457287e-03
5.20000000000000e+00  8.74934036974364e-03
5.22500000000000e+00  8.01609111579147e-03
5.25000000000000e+00  7.64023368858137e-03
5.27500000000000e+00  7.63977875059475e-03
5.30000000000000e+00  8.01257314131709e-03
5.32500000000000e+00  8.75148668307646e-03
5.35000000000000e+00  9.79832789195141e-03
5.37500000000000e+00  1.10738490572780e-02
5.40000000000000e+00  1.25041040122981e-02
5.42500000000000e+00  1.39793197799664e-02
5.45000000000000e+00  1.53719411995076e-02
5.47500000000000e+00  1.65546755529741e-02
5.50000000000000e+00  1.74185371918025e-02
5.52500000000000e+00  1.78908921633717e-02
5.55000000000000e+00  1.79535028375597e-02
5.57500000000000e+00  1.76605725333010e-02
5.60000000000000e+00  1.71567901451438e-02
5.62500000000000e+00  1.55606833916425e-02
5.65000000000000e+00  1.41214346448449e-02
5.67500000000000e+00  1.17727717001628e-02
5.70000000000000e+00  8.60781097081889e-03
5.72500000000000e+00  4.75428911094405e-03
5.75000000000000e+00  3.50199764714302e-04
5.77500000000000e+00  -4.48056968451371e-03
5.80000000000000e+00  -9.63710080114901e-03
5.82500000000000e+00  -1.50397891833411e-02
5.85000000000000e+00  -2.06164240104241e-02
5.87500000000000e+00  -2.62856844188307e-02
5.90000000000000e+00  -3.19199654228407e-02
5.92500000000000e+00  -3.73051852864704e-02
5.95000000000000e+00  -4.23427308287010e-02
5.97500000000000e+00  -4.68728676586296e-02
6.00000000000000e+00  -5.07326679602107e-02
6.02500000000000e+00  -5.37552048035762e-02
6.05000000000000e+00  -5.57879725973314e-02
6.07500000000000e+00  -5.66994677760914e-02
6.10000000000000e+00  -5.63857694880196e-02
6.12500000000000e+00  -5.47771202823643e-02
6.15000000000000e+00  -5.18445067969968e-02
6.17500000000000e+00  -4.76062404459483e-02
6.20000000000000e+00  -4.21345381069485e-02
6.22500000000000e+00  -3.55621028089614e-02
6.25000000000000e+00  -2.78924592881414e-02
6.27500000000000e+00  -1.88710185838540e-02
6.30000000000000e+00  -9.05784320150778e-03
6.32500000000000e+00  1.40983721753224e-03
6.35000000000000e+00  1.23532115334366e-02
6.37500000000000e+00  2.35592370217321e-02
6.40000000000000e+00  3.47879892871293e-02
6.42500000000000e+00  4.57800121773427e-02
6.45000000000000e+00  5.62636676969176e-02
6.47500000000000e+00  6.59624859210529e-02
6.50000000000000e+00  7.46025149094230e-02
6.52500000000000e+00  8.19196706200051e-02
6.55000000000000e+00  8.76670868229001e-02
6.57500000000000e+00  9.16223863245870e-02
6.60000000000000e+00  9.36043611129558e-02
6.62500000000000e+00  9.34615237135552e-02
6.65000000000000e+00  9.10697872815586e-02
6.67500000000000e+00  8.63635013952566e-02
6.70000000000000e+00  7.93309535373117e-02
6.72500000000000e+00  7.00098705760095e-02
6.75000000000000e+00  5.84829202465145e-02
6.77500000000000e+00  4.48732126321199e-02
6.80000000000000e+00  2.93398016455038e-02
6.82500000000000e+00  1.20731865099818e-02
6.85000000000000e+00  -6.70918675924212e-03
6.87500000000000e+00  -2.64596838886338e-02
6.90000000000000e+00  -4.72504203145529e-02
6.92500000000000e+00  -6.83332054135749e-02
6.95000000000000e+00  -8.94123406704238e-02
6.97500000000000e+00  -1.10122264088668e-01
7.00000000000000e+00  -1.30057543291067e-01
7.02500000000000e+00  -1.48802868619936e-01
7.05000000000000e+00  -1.65951618664690e-01
7.07500000000000e+00  -1.81117362841553e-01
7.10000000000000e+00  -1.93942551188128e-01
7.12500000000000e+00  -2.04103103574115e-01
7.15000000000000e+00  -2.11309640802733e-01
7.17500000000000e+00  -2.15308193770929e-01
7.20000000000000e+00  -2.15926102210711e-01
7.22500000000000e+00  -2.13029709723663e-01
7.25000000000000e+00  -2.06550492282876e-01
7.27500000000000e+00  -1.96471725316695e-01
7.30000000000000e+00  -1.82844253126775e-01
7.32500000000000e+00  -1.65783092497549e-01
7.35000000000000e+00  -1.45464036305685e-01
7.37500000000000e+00  -1.22120257129561e-01
7.40000000000000e+00  -9.60389108587177e-02
7.42500000000000e+00  -6.75577403033338e-02
7.45000000000000e+00  -3.70616788036859e-02
7.47500000000000e+00  -4.97945383961055e-03
7.50000000000000e+00  2.81628412473098e-02
7.52500000000000e+00  6.20194115186669e-02
7.55000000000000e+00  9.59512379433682e-02
7.57500000000000e+00  1.29490622631630e-01
7.60000000000000e+00  1.62135147104661e-01
7.62500000000000e+00  1.93371065181019e-01
7.65000000000000e+00  2.22696695862980e-01
7.67500000000000e+00  2.49638588092260e-01
7.70000000000000e+00  2.73761818603027e-01
7.72500000000000e+00  2.94674025129338e-01
7.75000000000000e+00  3.12027434581749e-01
7.77500000000000e+00  3.25510720115249e-01
7.80000000000000e+00  3.34839420901492e-01
7.82500000000000e+00  3.39838581384760e-01
7.85000000000000e+00  3.40372609403888e-01
7.87500000000000e+00  3.36367454873596e-01
7.90000000000000e+00  3.27803636632803e-01
7.92500000000000e+00  3.14733627470457e-01
7.95000000000000e+00  2.97276315461537e-01
7.97500000000000e+00  2.75611465303039e-01
8.00000000000000e+00  2.49974179649987e-01
8.02500000000000e+00  2.20649360451413e-01
8.05000000000000e+00  1.87966170286366e-01
8.07500000000000e+00  1.52292493699906e-01
8.10000000000000e+00  1.14029398539094e-01
8.12500000000000e+00  7.38644568088302e-02
8.15000000000000e+00  3.16362065139569e-02
8.17500000000000e+00  -1.15773844388311e-02
8.20000000000000e+00  -5.53431279284171e-02
8.22500000000000e+00  -9.91986562438043e-02
8.25000000000000e+00  -1.42662048735338e-01
8.27500000000000e+00  -1.85241458465891e-01
8.30000000000000e+00  -2.26444738862080e-01
8.32500000000000e+00  -2.65789070365479e-01
8.35000000000000e+00  -3.02810587083812e-01
8.37500000000000e+00  -3.37074003442176e-01
8.40000000000000e+00  -3.68182240834232e-01
8.42500000000000e+00  -3.95786054273421e-01
8.45000000000000e+00  -4.19562185430777e-01
8.47500000000000e+00  -4.39248021727568e-01
8.50000000000000e+00  -4.54627818652656e-01
8.52500000000000e+00  -4.65526487422932e-01
8.55000000000000e+00  -4.71825317240943e-01
8.57500000000000e+00  -4.73457234713023e-01
8.60000000000000e+00  -4.70402063267435e-01
8.62500000000000e+00  -4.62681782572508e-01
8.65000000000000e+00  -4.50355787954778e-01
8.67500000000000e+00  -4.33516149817123e-01
8.70000000000000e+00  -4.12282873056910e-01
8.72500000000000e+00  -3.86799156484123e-01
8.75000000000000e+00  -3.57579767864856e-01
8.77500000000000e+00  -3.24349990625004e-01
8.80000000000000e+00  -2.87840265328511e-01
8.82500000000000e+00  -2.48305229493904e-01
8.85000000000000e+00  -2.06039056361701e-01
8.87500000000000e+00  -1.61368680638794e-01
8.90000000000000e+00  -1.14647024242865e-01
8.92500000000000e+00  -6.62462220467813e-02
8.95000000000000e+00  -1.65508476229785e-02
8.97500000000000e+00  3.40488610121179e-02
9.00000000000000e+00  8.51637756537227e-02
9.02500000000000e+00  1.36412652164264e-01
9.05000000000000e+00  1.87428904729003e-01
9.07500000000000e+00  2.37850449634898e-01
9.10000000000000e+00  2.87339287802023e-01
9.12500000000000e+00  3.35574779403952e-01
9.15000000000000e+00  3.82253492937096e-01
9.17500000000000e+00  4.27096669355463e-01
9.20000000000000e+00  4.69849017128275e-01
9.22500000000000e+00  5.10277507297616e-01
9.25000000000000e+00  5.48170168536079e-01
9.27500000000000e+00  5.83334882204384e-01
9.30000000000000e+00  6.15598177409035e-01
9.32500000000000e+00  6.44804026059943e-01
9.35000000000000e+00  6.70812637928081e-01
9.37500000000000e+00  6.93673947064865e-01
9.40000000000000e+00  7.13147625016190e-01
9.42500000000000e+00  7.29343109537806e-01
9.45000000000000e+00  7.42227943858122e-01
9.47500000000000e+00  7.51799550713871e-01
9.50000000000000e+00  7.58082510584854e-01
9.52500000000000e+00  7.61125839928676e-01
9.55000000000000e+00  7.61000269415483e-01
9.57500000000000e+00  7.57795522162711e-01
9.60000000000000e+00  7.51617591969814e-01
9.62500000000000e+00  7.42586021553017e-01
9.65000000000000e+00  7.30831180780041e-01
9.67500000000000e+00  7.16491544904856e-01
9.70000000000000e+00  6.99715994333537e-01
9.72500000000000e+00  6.80657802355680e-01
9.75000000000000e+00  6.59473502143965e-01
9.77500000000000e+00  6.36324971845941e-01
9.80000000000000e+00  6.11374665904062e-01
9.82500000000000e+00  5.84785226828428e-01
9.85000000000000e+00  5.56719096969514e-01
9.87500000000000e+00  5.27338130290903e-01
9.90000000000000e+00  4.96803204142013e-01
9.92500000000000e+00  4.65273831030846e-01
9.95000000000000e+00  4.32907770396707e-01
9.97500000000000e+00  3.99860640382942e-01
1.00000000000000e+01  3.66285529609690e-01
