0.00000000000000e+00  -1.56205791955512e-01
2.50000000000000e-02  -1.72318944338975e-01
5.00000000000000e-02  -1.88605701318547e-01
7.50000000000000e-02  -2.05053381586462e-01
1.00000000000000e-01  -2.21644443698290e-01
1.25000000000000e-01  -2.38356497339146e-01
1.50000000000000e-01  -2.55162314589881e-01
1.75000000000000e-01  -2.72029841193293e-01
2.00000000000000e-01  -2.88922207820328e-01
2.25000000000000e-01  -3.05797741336279e-01
2.50000000000000e-01  -3.22609976066992e-01
2.75000000000000e-01  -3.39307665065069e-01
3.00000000000000e-01  -3.55834791376067e-01
3.25000000000000e-01  -3.72131099322851e-01
3.50000000000000e-01  -3.88131867840956e-01
3.75000000000000e-01  -4.03767984344247e-01
4.00000000000000e-01  -4.18966984382915e-01
4.25000000000000e-01  -4.33652519638791e-01
4.50000000000000e-01  -4.47744850677000e-01
4.75000000000000e-01  -4.61161339697600e-01
5.00000000000000e-01  -4.73816943287232e-01
5.25000000000000e-01  -4.85624705170769e-01
5.50000000000000e-01  -4.96496248962956e-01
5.75000000000000e-01  -5.06342270920064e-01
6.00000000000000e-01  -5.15073032691532e-01
6.25000000000000e-01  -5.22598108806623e-01
6.50000000000000e-01  -5.28832144900486e-01
6.75000000000000e-01  -5.33686516180605e-01
7.00000000000000e-01  -5.37077813918265e-01
7.25000000000000e-01  -5.38925943627294e-01
7.50000000000000e-01  -5.39155025164191e-01
7.75000000000000e-01  -5.37694292828255e-01
8.00000000000000e-01  -5.34478995461717e-01
8.25000000000000e-01  -5.29451296549870e-01
8.50000000000000e-01  -5.22561174321198e-01
8.75000000000000e-01  -5.13767321847504e-01
9.00000000000000e-01  -5.03038047144047e-01
9.25000000000000e-01  -4.90352173269664e-01
9.50000000000000e-01  -4.75699592624066e-01
9.75000000000000e-01  -4.59082295445552e-01
1.00000000000000e+00  -4.40515666312011e-01
1.02500000000000e+00  -4.20027022354696e-01
1.05000000000000e+00  -3.97658312625342e-01
1.07500000000000e+00  -3.73466190556801e-01
1.10000000000000e+00  -3.47522086423702e-01
1.12500000000000e+00  -3.19912279803092e-01
1.15000000000000e+00  -2.90737972035087e-01
1.17500000000000e+00  -2.60115358683518e-01
1.20000000000000e+00  -2.28175701996580e-01
1.22500000000000e+00  -1.95065403367480e-01
1.25000000000000e+00  -1.60945368246707e-01
1.27500000000000e+00  -1.25985031536932e-01
1.30000000000000e+00  -9.03811781558004e-02
1.32500000000000e+00  -5.43309155649153e-02
1.35000000000000e+00  -1.80438469060506e-02
1.37500000000000e+00  1.82597684862428e-02
1.40000000000000e+00  5.43508545720170e-02
1.42500000000000e+00  8.99933580933126e-02
1.45000000000000e+00  1.24946088061550e-01
1.47500000000000e+00  1.58964555244907e-01
1.50000000000000e+00  1.91802811655710e-01
1.52500000000000e+00  2.23215290037817e-01
1.55000000000000e+00  2.52958643354005e-01
1.57500000000000e+00  2.80795611698051e-01
1.60000000000000e+00  3.06496094135384e-01
1.62500000000000e+00  3.29840296141832e-01
1.65000000000000e+00  3.50619005489193e-01
1.67500000000000e+00  3.68638309669678e-01
1.70000000000000e+00  3.83721495828958e-01
1.72500000000000e+00  3.95710950699202e-01
1.75000000000000e+00  4.04470060532114e-01
1.77500000000000e+00  4.09885111031980e-01
1.80000000000000e+00  4.11867187288704e-01
1.82500000000000e+00  4.10354073710849e-01
1.85000000000000e+00  4.05312153958680e-01
1.87500000000000e+00  3.96748263735705e-01
1.90000000000000e+00  3.84669148862177e-01
1.92500000000000e+00  3.69154502222820e-01
1.95000000000000e+00  3.50291113445811e-01
1.97500000000000e+00  3.28201184373540e-01
2.00000000000000e+00  3.03040798348753e-01
2.02500000000000e+00  2.74998389500686e-01
2.05000000000000e+00  2.44293212031210e-01
2.07500000000000e+00  2.11173809500971e-01
2.10000000000000e+00  1.75916484115524e-01
2.12500000000000e+00  1.38823766011481e-01
2.15000000000000e+00  1.00222882542644e-01
2.17500000000000e+00  6.04642275661490e-02
2.20000000000000e+00  1.99064498123597e-02
2.22500000000000e+00  -2.10624070119026e-02
2.25000000000000e+00  -6.20529755217900e-02
2.27500000000000e+00  -1.02665746338225e-01
2.30000000000000e+00  -1.42497566371777e-01
2.32500000000000e+00  -1.81145919475982e-01
2.35000000000000e+00  -2.18213207100657e-01
2.37500000000000e+00  -2.53311028945218e-01
2.40000000000000e+00  -2.86064463611997e-01
2.42500000000000e+00  -3.16116349259553e-01
2.45000000000000e+00  -3.43131564255996e-01
2.47500000000000e+00  -3.66801307832301e-01
2.50000000000000e+00  -3.86854226826420e-01
2.52500000000000e+00  -4.03035605282746e-01
2.55000000000000e+00  -4.15154408309487e-01
2.57500000000000e+00  -4.23040737322865e-01
2.60000000000000e+00  -4.26572615150118e-01
2.62500000000000e+00  -4.25676223904603e-01
2.65000000000000e+00  -4.20326142860901e-01
2.67500000000000e+00  -4.10545586329923e-01
2.70000000000000e+00  -3.96406641534010e-01
2.72500000000000e+00  -3.78030506482039e-01
2.75000000000000e+00  -3.55587727844528e-01
2.77500000000000e+00  -3.29298438828739e-01
2.80000000000000e+00  -2.99432597053780e-01
2.82500000000000e+00  -2.66299018810070e-01
2.85000000000000e+00  -2.30249421339107e-01
2.87500000000000e+00  -1.91676157867700e-01
2.90000000000000e+00  -1.51002132033327e-01
2.92500000000000e+00  -1.08681361261394e-01
2.95000000000000e+00  -6.51929062224807e-02
2.97500000000000e+00  -2.10348002895769e-02
3.00000000000000e+00  2.32820210046745e-02
3.02500000000000e+00  6.72397905107374e-02
3.05000000000000e+00  1.10319980004942e-01
3.07500000000000e+00  1.52009370732245e-01
3.10000000000000e+00  1.91806123948986e-01
3.12500000000000e+00  2.29231049936188e-01
3.15000000000000e+00  2.63813796202942e-01
3.17500000000000e+00  2.95140257400100e-01
3.20000000000000e+00  3.22813311125339e-01
3.22500000000000e+00  3.46482746930382e-01
3.25000000000000e+00  3.65847892648417e-01
3.27500000000000e+00  3.80660240721501e-01
3.30000000000000e+00  3.90726074527975e-01
3.32500000000000e+00  3.95909094709877e-01
3.35000000000000e+00  3.96133045500352e-01
3.37500000000000e+00  3.91384341051061e-01
3.40000000000000e+00  3.81714691759595e-01
3.42500000000000e+00  3.67243730596887e-01
3.45000000000000e+00  3.48145489110881e-01
3.47500000000000e+00  3.24660538634962e-01
3.50000000000000e+00  2.97089406535261e-01
3.52500000000000e+00  2.65782753116164e-01
3.55000000000000e+00  2.31145470878011e-01
3.57500000000000e+00  1.93629817299533e-01
3.60000000000000e+00  1.53728547620285e-01
3.62500000000000e+00  1.11968047623076e-01
3.65000000000000e+00  6.89014664164069e-02
3.67500000000000e+00  2.51018492168985e-02
3.70000000000000e+00  -1.88447298682729e-02
3.72500000000000e+00  -6.23460350589428e-02
3.75000000000000e+00  -1.04819717943880e-01
3.77500000000000e+00  -1.45656383966129e-01
3.80000000000000e+00  -1.84341257660151e-01
3.82500000000000e+00  -2.20325289654390e-01
3.85000000000000e+00  -2.53107453797075e-01
3.87500000000000e+00  -2.82236161719180e-01
3.90000000000000e+00  -3.07310677397377e-01
3.92500000000000e+00  -3.27983258711297e-01
3.95000000000000e+00  -3.43962454977232e-01
3.97500000000000e+00  -3.55018299279220e-01
4.00000000000000e+00  -3.60987928298301e-01
4.02500000000000e+00  -3.61784175387209e-01
4.05000000000000e+00  -3.57404555455550e-01
4.07500000000000e+00  -3.47896778468862e-01
4.10000000000000e+00  -3.33391365878284e-01
4.12500000000000e+00  -3.14093728248268e-01
4.15000000000000e+00  -2.90270417731170e-01
4.17500000000000e+00  -2.62257163969149e-01
4.20000000000000e+00  -2.30451894093636e-01
4.22500000000000e+00  -1.95307752724815e-01
4.25000000000000e+00  -1.57326121971095e-01
4.27500000000000e+00  -1.17049641428582e-01
4.30000000000000e+00  -7.50552281805570e-02
4.32500000000000e+00  -3.19470967969446e-02
4.35000000000000e+00  1.16502206662017e-02
4.37500000000000e+00  5.51128707101700e-02
4.40000000000000e+00  9.77863202298495e-02
4.42500000000000e+00  1.39071793105159e-01
4.45000000000000e+00  1.78357584009478e-01
4.47500000000000e+00  2.15064713678389e-01
4.50000000000000e+00  2.48652868672333e-01
4.52500000000000e+00  2.78626341139247e-01
4.55000000000000e+00  3.04539968577209e-01
4.57500000000000e+00  3.26005073597083e-01
4.60000000000000e+00  3.42695403685158e-01
4.62500000000000e+00  3.54353070965796e-01
4.65000000000000e+00  3.60794491964075e-01
4.67500000000000e+00  3.61916327368427e-01
4.70000000000000e+00  3.57683830882345e-01
4.72500000000000e+00  3.48144001634359e-01
4.75000000000000e+00  3.33425521706283e-01
4.77500000000000e+00  3.13723980071554e-01
4.80000000000000e+00  2.89312729770636e-01
4.82500000000000e+00  2.60536064258811e-01
4.85000000000000e+00  2.27802393753959e-01
4.87500000000000e+00  1.91577421584360e-01
4.90000000000000e+00  1.52377320536464e-01
4.92500000000000e+00  1.10761909202693e-01
4.95000000000000e+00  6.73278283292257e-02
4.97500000000000e+00  2.27017171637770e-02
5.00000000000000e+00  -2.24608044460253e-02
5.02500000000000e+00  -6.75376151310887e-02
5.05000000000000e+00  -1.11845386572046e-01
5.07500000000000e+00  -1.54754760898214e-01
5.10000000000000e+00  -1.95647516757455e-01
5.12500000000000e+00  -2.33929026011476e-01
5.15000000000000e+00  -2.69040710431162e-01
5.17500000000000e+00  -3.00470160045604e-01
5.20000000000000e+00  -3.27760072895291e-01
5.22500000000000e+00  -3.50513469006618e-01
5.25000000000000e+00  -3.68400510161657e-01
5.27500000000000e+00  -3.81157848893980e-01
5.30000000000000e+00  -3.88586813912596e-01
5.32500000000000e+00  -3.90581603431553e-01
5.35000000000000e+00  -3.87107368319505e-01
5.37500000000000e+00  -3.78205418712599e-01
5.40000000000000e+00  -3.63999025512821e-01
5.42500000000000e+00  -3.44685367679789e-01
5.45000000000000e+00  -3.20533437385545e-01
5.47500000000000e+00  -2.91881509362569e-01
5.50000000000000e+00  -2.59131591911680e-01
5.52500000000000e+00  -2.22743887726355e-01
5.55000000000000e+00  -1.83229484194444e-01
5.57500000000000e+00  -1.41142092198294e-01
5.60000000000000e+00  -9.70687193373041e-02
5.62500000000000e+00  -5.16386334376639e-02
5.65000000000000e+00  -5.46381833074697e-03
5.67500000000000e+00  4.08024771714320e-02
5.70000000000000e+00  8.65140249601222e-02
5.72500000000000e+00  1.31037767477249e-01
5.75000000000000e+00  1.73760959511667e-01
5.77500000000000e+00  2.14098309995435e-01
5.80000000000000e+00  2.51499123800080e-01
5.82500000000000e+00  2.85454443532854e-01
5.85000000000000e+00  3.15504191333013e-01
5.87500000000000e+00  3.41244310668068e-01
5.90000000000000e+00  3.62333908130064e-01
5.92500000000000e+00  3.78502395231832e-01
5.95000000000000e+00  3.89541213774598e-01
5.97500000000000e+00  3.95317135888355e-01
6.00000000000000e+00  3.95762411595670e-01
6.02500000000000e+00  3.90899809842114e-01
6.05000000000000e+00  3.80815410820229e-01
6.07500000000000e+00  3.65662887238035e-01
6.10000000000000e+00  3.45666461989534e-01
6.12500000000000e+00  3.21115735240967e-01
6.15000000000000e+00  2.92362764327065e-01
6.17500000000000e+00  2.59815365994737e-01
6.20000000000000e+00  2.23929211631838e-01
6.22500000000000e+00  1.85196353420121e-01
6.25000000000000e+00  1.44136808574915e-01
6.27500000000000e+00  1.01340259894424e-01
6.30000000000000e+00  5.73628202920267e-02
6.32500000000000e+00  1.28000870952049e-02
6.35000000000000e+00  -3.17520120713601e-02
6.37500000000000e+00  -7.57039808325966e-02
6.40000000000000e+00  -1.18479515609881e-01
6.42500000000000e+00  -1.59522267167847e-01
6.45000000000000e+00  -1.98302602161217e-01
6.47500000000000e+00  -2.34324364681626e-01
6.50000000000000e+00  -2.67131637804433e-01
6.52500000000000e+00  -2.96315505135561e-01
6.55000000000000e+00  -3.21520812358303e-01
6.57500000000000e+00  -3.42442406088643e-01
6.60000000000000e+00  -3.58835783277325e-01
6.62500000000000e+00  -3.70520852854638e-01
6.65000000000000e+00  -3.77372636604966e-01
6.67500000000000e+00  -3.79333640834509e-01
6.70000000000000e+00  -3.76411317135420e-01
6.72500000000000e+00  -3.68675523149925e-01
6.75000000000000e+00  -3.56255983334454e-01
6.77500000000000e+00  -3.39339749723764e-01
6.80000000000000e+00  -3.18168662695067e-01
6.82500000000000e+00  -2.93036811732159e-01
6.85000000000000e+00  -2.64287996189541e-01
6.87500000000000e+00  -2.32304445804000e-01
6.90000000000000e+00  -1.97511839801989e-01
6.92500000000000e+00  -1.60352553264318e-01
6.95000000000000e+00  -1.21304337314791e-01
6.97500000000000e+00  -8.08618745610171e-02
7.00000000000000e+00  -3.95308425560863e-02
7.02500000000000e+00  2.17802273977557e-03
7.05000000000000e+00  4.37548634975283e-02
7.07500000000000e+00  8.46966365576643e-02
7.10000000000000e+00  1.24513049968537e-01
7.12500000000000e+00  1.62732499524688e-01
7.15000000000000e+00  1.98908005305197e-01
7.17500000000000e+00  2.32623148212001e-01
7.20000000000000e+00  2.63492287971486e-01
7.22500000000000e+00  2.91170392210140e-01
7.25000000000000e+00  3.15354168297504e-01
7.27500000000000e+00  3.35779423724687e-01
7.30000000000000e+00  3.52231421751052e-01
7.32500000000000e+00  3.64544598107316e-01
7.35000000000000e+00  3.72602277698660e-01
7.37500000000000e+00  3.76336391307828e-01
7.40000000000000e+00  3.75727192298239e-01
7.42500000000000e+00  3.70802973317088e-01
7.45000000000000e+00  3.61639782998452e-01
7.47500000000000e+00  3.48361142666397e-01
7.50000000000000e+00  3.31139246351584e-01
7.52500000000000e+00  3.10163395933848e-01
7.55000000000000e+00  2.85689316187756e-01
7.57500000000000e+00  2.57992426743903e-01
7.60000000000000e+00  2.27379004261532e-01
7.62500000000000e+00  1.94181802131792e-01
7.65000000000000e+00  1.58755670180989e-01
7.67500000000000e+00  1.21473174373851e-01
7.70000000000000e+00  8.27202165167739e-02
7.72500000000000e+00  4.28916539610843e-02
7.75000000000000e+00  2.38691930629878e-03
7.77500000000000e+00  -3.83943598966312e-02
7.80000000000000e+00  -7.90567414420505e-02
7.82500000000000e+00  -1.19210885759668e-01
7.85000000000000e+00  -1.58482215369705e-01
7.87500000000000e+00  -1.96511092220913e-01
7.90000000000000e+00  -2.32952876661878e-01
7.92500000000000e+00  -2.67486327427946e-01
7.95000000000000e+00  -2.99814974328781e-01
7.97500000000000e+00  -3.29668490935933e-01
8.00000000000000e+00  -3.56804067270391e-01
8.02500000000000e+00  -3.81007782490156e-01
8.05000000000000e+00  -4.02095977577789e-01
8.07500000000000e+00  -4.19916628027983e-01
8.10000000000000e+00  -4.34350716535119e-01
8.12500000000000e+00  -4.45321070102387e-01
8.15000000000000e+00  -4.52753409515855e-01
8.17500000000000e+00  -4.56642136679005e-01
8.20000000000000e+00  -4.56991487731881e-01
8.22500000000000e+00  -4.53837159376755e-01
8.25000000000000e+00  -4.47244198616039e-01
8.27500000000000e+00  -4.37304892490185e-01
8.30000000000000e+00  -4.24136657815601e-01
8.32500000000000e+00  -4.07879930922552e-01
8.35000000000000e+00  -3.88696057393073e-01
8.37500000000000e+00  -3.66765181798869e-01
8.40000000000000e+00  -3.42284137439232e-01
8.42500000000000e+00  -3.15464336078942e-01
8.45000000000000e+00  -2.86526021678216e-01
8.47500000000000e+00  -2.55706555082506e-01
8.50000000000000e+00  -2.23240199773505e-01
8.52500000000000e+00  -1.89372039372716e-01
8.55000000000000e+00  -1.54348762137955e-01
8.57500000000000e+00  -1.18416992279257e-01
8.60000000000000e+00  -8.18216212747617e-02
8.62500000000000e+00  -4.48041391865955e-02
8.65000000000000e+00  -7.60096597678460e-03
8.67500000000000e+00  2.95582171768663e-02
8.70000000000000e+00  6.64521365648766e-02
8.72500000000000e+00  1.02869594630203e-01
8.75000000000000e+00  1.38620437965287e-01
8.77500000000000e+00  1.73501290808354e-01
8.80000000000000e+00  2.07349124188523e-01
8.82500000000000e+00  2.40002244022753e-01
8.85000000000000e+00  2.71314498717760e-01
8.87500000000000e+00  3.01155148550385e-01
8.90000000000000e+00  3.29408735047921e-01
8.92500000000000e+00  3.55974950368483e-01
8.95000000000000e+00  3.80768506681356e-01
8.97500000000000e+00  4.03719005547343e-01
9.00000000000000e+00  4.24770807299124e-01
9.02500000000000e+00  4.43882900421601e-01
9.05000000000000e+00  4.61028770932254e-01
9.07500000000000e+00  4.76194008353444e-01
9.10000000000000e+00  4.89377428625574e-01
9.12500000000000e+00  5.00589821341536e-01
9.15000000000000e+00  5.09853138746948e-01
9.17500000000000e+00  5.17199724612751e-01
9.20000000000000e+00  5.22671452274772e-01
9.22500000000000e+00  5.26318862673298e-01
9.25000000000000e+00  5.28200302392647e-01
9.27500000000000e+00  5.28381061700739e-01
9.30000000000000e+00  5.26932512588668e-01
9.32500000000000e+00  5.23931246810272e-01
9.35000000000000e+00  5.19458213921705e-01
9.37500000000000e+00  5.13595572457562e-01
9.40000000000000e+00  5.06433554930866e-01
9.42500000000000e+00  4.98057210237774e-01
9.45000000000000e+00  4.88556851231193e-01
9.47500000000000e+00  4.78022687048419e-01
9.50000000000000e+00  4.66544357255306e-01
9.52500000000000e+00  4.54210465990453e-01
9.55000000000000e+00  4.41108116109383e-01
9.57500000000000e+00  4.27322443328716e-01
9.60000000000000e+00  4.12936150370357e-01
9.62500000000000e+00  3.98029041105670e-01
9.65000000000000e+00  3.82677554699653e-01
9.67500000000000e+00  3.66954299755130e-01
9.70000000000000e+00  3.50928456459639e-01
9.72500000000000e+00  3.34664882698952e-01
9.75000000000000e+00  3.18224005290263e-01
9.77500000000000e+00  3.01661993660503e-01
9.80000000000000e+00  2.85030279635818e-01
9.82500000000000e+00  2.68375533880305e-01
9.85000000000000e+00  2.51739642334748e-01
9.87500000000000e+00  2.35159682655355e-01
9.90000000000000e+00  2.18667900652485e-01
9.92500000000000e+00  2.02291686729393e-01
9.95000000000000e+00  1.86053552320962e-01
9.97500000000000e+00  1.69971106332435e-01
1.00000000000000e+01  1.54057031578162e-01
