0.00000000000000e+00  -1.53550077797097e-01
2.50000000000000e-02  -1.69308242706795e-01
5.00000000000000e-02  -1.85252503177900e-01
7.50000000000000e-02  -2.01367822679171e-01
1.00000000000000e-01  -2.17635236211008e-01
1.25000000000000e-01  -2.34031747988420e-01
1.50000000000000e-01  -2.50530229124000e-01
1.75000000000000e-01  -2.67099315310898e-01
2.00000000000000e-01  -2.83703304505801e-01
2.25000000000000e-01  -3.00302054611904e-01
2.50000000000000e-01  -3.16850881161890e-01
2.75000000000000e-01  -3.33300455000897e-01
3.00000000000000e-01  -3.49596699969504e-01
3.25000000000000e-01  -3.65680980175717e-01
3.50000000000000e-01  -3.81489873136958e-01
3.75000000000000e-01  -3.96954430050600e-01
4.00000000000000e-01  -4.12003508505382e-01
4.25000000000000e-01  -4.26560810792321e-01
4.50000000000000e-01  -4.40545960907138e-01
4.75000000000000e-01  -4.53875581552675e-01
5.00000000000000e-01  -4.66464371141319e-01
5.25000000000000e-01  -4.78226180797422e-01
5.50000000000000e-01  -4.89075091359727e-01
5.75000000000000e-01  -4.98926490383784e-01
6.00000000000000e-01  -5.07698149144377e-01
6.25000000000000e-01  -5.15277322335250e-01
6.50000000000000e-01  -5.21613561103761e-01
6.75000000000000e-01  -5.26590536631791e-01
7.00000000000000e-01  -5.30129886189659e-01
7.25000000000000e-01  -5.32155405646462e-01
7.50000000000000e-01  -5.32594094243075e-01
7.75000000000000e-01  -5.31377199365148e-01
8.00000000000000e-01  -5.28441261316107e-01
8.25000000000000e-01  -5.23729158090156e-01
8.50000000000000e-01  -5.17191150145274e-01
8.75000000000000e-01  -5.08785925176213e-01
9.00000000000000e-01  -4.98481642887502e-01
9.25000000000000e-01  -4.86256979766446e-01
9.50000000000000e-01  -4.72101301785742e-01
9.75000000000000e-01  -4.56016154413034e-01
1.00000000000000e+00  -4.38016201057264e-01
1.02500000000000e+00  -4.18128057413637e-01
1.05000000000000e+00  -3.96392690396910e-01
1.07500000000000e+00  -3.72865368939890e-01
1.10000000000000e+00  -3.47615614791936e-01
1.12500000000000e+00  -3.20727153317456e-01
1.15000000000000e+00  -2.92297864294408e-01
1.17500000000000e+00  -2.62439732712804e-01
1.20000000000000e+00  -2.31278799573203e-01
1.22500000000000e+00  -1.98955112685216e-01
1.25000000000000e+00  -1.65651278750844e-01
1.27500000000000e+00  -1.31466890321091e-01
1.30000000000000e+00  -9.66544428016654e-02
1.32500000000000e+00  -6.13994560566735e-02
1.35000000000000e+00  -2.59017705370549e-02
1.37500000000000e+00  9.62643704201888e-03
1.40000000000000e+00  4.49626380237277e-02
1.42500000000000e+00  7.98759361321936e-02
1.45000000000000e+00  1.14129051795076e-01
1.47500000000000e+00  1.47480306466156e-01
1.50000000000000e+00  1.79685606947930e-01
1.52500000000000e+00  2.10500429714197e-01
1.55000000000000e+00  2.39681805232655e-01
1.57500000000000e+00  2.66992709640330e-01
1.60000000000000e+00  2.92203979521464e-01
1.62500000000000e+00  3.15096054740362e-01
1.65000000000000e+00  3.35459605932724e-01
1.67500000000000e+00  3.53100868744170e-01
1.70000000000000e+00  3.67842950604093e-01
1.72500000000000e+00  3.79527137499513e-01
1.75000000000000e+00  3.88014200748937e-01
1.77500000000000e+00  3.93185703776212e-01
1.80000000000000e+00  3.94945308884382e-01
1.82500000000000e+00  3.93220084029543e-01
1.85000000000000e+00  3.87961809594699e-01
1.87500000000000e+00  3.79254525427874e-01
1.90000000000000e+00  3.66893236464600e-01
1.92500000000000e+00  3.51140558145825e-01
1.95000000000000e+00  3.32051275860312e-01
1.97500000000000e+00  3.09723491010568e-01
2.00000000000000e+00  2.84295897359457e-01
2.02500000000000e+00  2.55945057376823e-01
2.05000000000000e+00  2.24882678586106e-01
2.07500000000000e+00  1.91352889910970e-01
2.10000000000000e+00  1.55629518021913e-01
2.12500000000000e+00  1.18013363682892e-01
2.15000000000000e+00  7.88294780979465e-02
2.17500000000000e+00  3.84244392578088e-02
2.20000000000000e+00  -2.81672362062239e-03
2.22500000000000e+00  -4.45413223886286e-02
2.25000000000000e+00  -8.63492358091211e-02
2.27500000000000e+00  -1.27841987078067e-01
2.30000000000000e+00  -1.68618480155759e-01
2.32500000000000e+00  -2.08278073290351e-01
2.35000000000000e+00  -2.46423652541388e-01
2.37500000000000e+00  -2.82664705303343e-01
2.40000000000000e+00  -3.16620393829144e-01
2.42500000000000e+00  -3.47922628753708e-01
2.45000000000000e+00  -3.76219142617479e-01
2.47500000000000e+00  -4.01176563389952e-01
2.50000000000000e+00  -4.22638728674723e-01
2.52500000000000e+00  -4.40088016216884e-01
2.55000000000000e+00  -4.53560711068453e-01
2.57500000000000e+00  -4.62846757246012e-01
2.60000000000000e+00  -4.67793803993072e-01
2.62500000000000e+00  -4.68306017124125e-01
2.65000000000000e+00  -4.64342890368703e-01
2.67500000000000e+00  -4.55918056715430e-01
2.70000000000000e+00  -4.43098099756078e-01
2.72500000000000e+00  -4.26001365029619e-01
2.75000000000000e+00  -4.04796771366286e-01
2.77500000000000e+00  -3.79702622231619e-01
2.80000000000000e+00  -3.50985417070527e-01
2.82500000000000e+00  -3.18952171100690e-01
2.85000000000000e+00  -2.83935601005064e-01
2.87500000000000e+00  -2.46333866735356e-01
2.90000000000000e+00  -2.06559102965794e-01
2.92500000000000e+00  -1.65055525838881e-01
2.95000000000000e+00  -1.22294048391978e-01
2.97500000000000e+00  -7.87668959838912e-02
3.00000000000000e+00  -3.49822217214504e-02
3.02500000000000e+00  8.54127811390106e-03
3.05000000000000e+00  5.12797486395242e-02
3.07500000000000e+00  9.27095609449999e-02
3.10000000000000e+00  1.32312696665545e-01
3.12500000000000e+00  1.69669182618414e-01
3.15000000000000e+00  2.04238477961704e-01
3.17500000000000e+00  2.35670233700811e-01
3.20000000000000e+00  2.63551299675358e-01
3.22500000000000e+00  2.87519362781702e-01
3.25000000000000e+00  3.07264907048191e-01
3.27500000000000e+00  3.22533173710400e-01
3.30000000000000e+00  3.33126121286385e-01
3.32500000000000e+00  3.38904385651925e-01
3.35000000000000e+00  3.39789240115773e-01
3.37500000000000e+00  3.35764555494897e-01
3.40000000000000e+00  3.26878760189733e-01
3.42500000000000e+00  3.13246800259427e-01
3.45000000000000e+00  2.95038221941714e-01
3.47500000000000e+00  2.72485370805707e-01
3.50000000000000e+00  2.45887753285972e-01
3.52500000000000e+00  2.15588835840786e-01
3.55000000000000e+00  1.81988873204165e-01
3.57500000000000e+00  1.45537672612479e-01
3.60000000000000e+00  1.06727358031067e-01
3.62500000000000e+00  6.60851343808481e-02
3.65000000000000e+00  2.41660517649440e-02
3.67500000000000e+00  -1.84542303047127e-02
3.70000000000000e+00  -6.11866786807602e-02
3.72500000000000e+00  -1.03436122353794e-01
3.75000000000000e+00  -1.44664680515160e-01
3.77500000000000e+00  -1.84136939144023e-01
3.80000000000000e+00  -2.21432261504439e-01
3.82500000000000e+00  -2.55993998910782e-01
3.85000000000000e+00  -2.87309453475879e-01
3.87500000000000e+00  -3.14914100557386e-01
3.90000000000000e+00  -3.38395811204172e-01
3.92500000000000e+00  -3.57399074602701e-01
3.95000000000000e+00  -3.71629220523411e-01
3.97500000000000e+00  -3.80856641767100e-01
4.00000000000000e+00  -3.84921016611304e-01
4.02500000000000e+00  -3.83735531256679e-01
4.05000000000000e+00  -3.77291102273386e-01
4.07500000000000e+00  -3.65650508017456e-01
4.10000000000000e+00  -3.48941952846038e-01
4.12500000000000e+00  -3.27373161113057e-01
4.15000000000000e+00  -3.01216382732235e-01
4.17500000000000e+00  -2.70811897873220e-01
4.20000000000000e+00  -2.36562224477115e-01
4.22500000000000e+00  -1.98926325772021e-01
4.25000000000000e+00  -1.58413817788570e-01
4.27500000000000e+00  -1.15579176875454e-01
4.30000000000000e+00  -7.10159472149722e-02
4.32500000000000e+00  -2.53509483385553e-02
4.35000000000000e+00  2.07615173576876e-02
4.37500000000000e+00  6.67879448924129e-02
4.40000000000000e+00  1.11840918681107e-01
4.42500000000000e+00  1.55497044803663e-01
4.45000000000000e+00  1.97126639491955e-01
4.47500000000000e+00  2.36120813538282e-01
4.50000000000000e+00  2.71907117290857e-01
4.52500000000000e+00  3.03965185649282e-01
4.55000000000000e+00  3.31835677497039e-01
4.57500000000000e+00  3.55125841141630e-01
4.60000000000000e+00  3.73511984074863e-01
4.62500000000000e+00  3.86741150344677e-01
4.65000000000000e+00  3.94626870101781e-01
4.67500000000000e+00  3.97044003077884e-01
4.70000000000000e+00  3.93969682218281e-01
4.72500000000000e+00  3.85450323203489e-01
4.75000000000000e+00  3.71608838735933e-01
4.77500000000000e+00  3.52637897848111e-01
4.80000000000000e+00  3.28808116897191e-01
4.82500000000000e+00  3.00462156020671e-01
4.85000000000000e+00  2.68008815592023e-01
4.87500000000000e+00  2.31917132676357e-01
4.90000000000000e+00  1.92710477486065e-01
4.92500000000000e+00  1.50960649836480e-01
4.95000000000000e+00  1.07281975601534e-01
4.97500000000000e+00  6.23254031693976e-02
5.00000000000000e+00  1.66255875891255e-02
5.02500000000000e+00  -2.89293630103146e-02
5.05000000000000e+00  -7.38841707645397e-02
5.07500000000000e+00  -1.17558262133443e-01
5.10000000000000e+00  -1.59301806568449e-01
5.12500000000000e+00  -1.98501649928792e-01
5.15000000000000e+00  -2.34587247897814e-01
5.17500000000000e+00  -2.67036599399251e-01
5.20000000000000e+00  -2.95382180013514e-01
5.22500000000000e+00  -3.19216875393987e-01
5.25000000000000e+00  -3.38199914683310e-01
5.27500000000000e+00  -3.52062803929670e-01
5.30000000000000e+00  -3.60615259503088e-01
5.32500000000000e+00  -3.63731672682731e-01
5.35000000000000e+00  -3.61374435469796e-01
5.37500000000000e+00  -3.53577438429156e-01
5.40000000000000e+00  -3.40450625429673e-01
5.42500000000000e+00  -3.22181330783469e-01
5.45000000000000e+00  -2.99030347006940e-01
5.47500000000000e+00  -2.71327992581778e-01
5.50000000000000e+00  -2.39470179715991e-01
5.52500000000000e+00  -2.03914482104916e-01
5.55000000000000e+00  -1.65176202692248e-01
5.57500000000000e+00  -1.23824441431049e-01
5.60000000000000e+00  -8.04781630447698e-02
5.62500000000000e+00  -3.56681850927585e-02
5.65000000000000e+00  9.87175769396602e-03
5.67500000000000e+00  5.55850061402168e-02
5.70000000000000e+00  1.00806781143484e-01
5.72500000000000e+00  1.44891242979493e-01
5.75000000000000e+00  1.87217722251042e-01
5.77500000000000e+00  2.27196950836868e-01
5.80000000000000e+00  2.64277292840499e-01
5.82500000000000e+00  2.97950975539097e-01
5.85000000000000e+00  3.27760320332326e-01
5.87500000000000e+00  3.53303973691190e-01
5.90000000000000e+00  3.74243138106902e-01
5.92500000000000e+00  3.90307803039724e-01
5.95000000000000e+00  4.01289667258334e-01
5.97500000000000e+00  4.07060432627951e-01
6.00000000000000e+00  4.07567619462555e-01
6.02500000000000e+00  4.02822599797671e-01
6.05000000000000e+00  3.92916281025101e-01
6.07500000000000e+00  3.78013964183400e-01
6.10000000000000e+00  3.58350202248346e-01
6.12500000000000e+00  3.34223658423428e-01
6.15000000000000e+00  3.05991964430309e-01
6.17500000000000e+00  2.74066578799311e-01
6.20000000000000e+00  2.38907645159892e-01
6.22500000000000e+00  2.01018850531114e-01
6.25000000000000e+00  1.60956812133849e-01
6.27500000000000e+00  1.19212551984843e-01
6.30000000000000e+00  7.64433553189753e-02
6.32500000000000e+00  3.32309499673926e-02
6.35000000000000e+00  -9.83815774723994e-03
6.37500000000000e+00  -5.21805328302007e-02
6.40000000000000e+00  -9.32236614342026e-02
6.42500000000000e+00  -1.32413800678854e-01
6.45000000000000e+00  -1.69223828470145e-01
6.47500000000000e+00  -2.03161093319923e-01
6.50000000000000e+00  -2.33775264165358e-01
6.52500000000000e+00  -2.60666180188430e-01
6.55000000000000e+00  -2.83491700635397e-01
6.57500000000000e+00  -3.01959027460176e-01
6.60000000000000e+00  -3.15832548903644e-01
6.62500000000000e+00  -3.24947595516672e-01
6.65000000000000e+00  -3.29194727022602e-01
6.67500000000000e+00  -3.28529995600383e-01
6.70000000000000e+00  -3.22973065871853e-01
6.72500000000000e+00  -3.12605334889039e-01
6.75000000000000e+00  -2.97568052121436e-01
6.77500000000000e+00  -2.78060439443302e-01
6.80000000000000e+00  -2.54337811120948e-01
6.82500000000000e+00  -2.26709693800024e-01
6.85000000000000e+00  -1.95537946492809e-01
6.87500000000000e+00  -1.61123689965026e-01
6.90000000000000e+00  -1.24177078628722e-01
6.92500000000000e+00  -8.48900909878449e-02
6.95000000000000e+00  -4.37813589498992e-02
6.97500000000000e+00  -1.37641682794703e-03
7.00000000000000e+00  4.17970138028225e-02
7.02500000000000e+00  8.52137392485516e-02
7.05000000000000e+00  1.28355808840141e-01
7.07500000000000e+00  1.70717230076706e-01
7.10000000000000e+00  2.11808683769014e-01
7.12500000000000e+00  2.51162239182921e-01
7.15000000000000e+00  2.88336069182827e-01
7.17500000000000e+00  3.22919165375110e-01
7.20000000000000e+00  3.54524864634658e-01
7.22500000000000e+00  3.82814381947583e-01
7.25000000000000e+00  4.07485054223852e-01
7.27500000000000e+00  4.28273548700958e-01
7.30000000000000e+00  4.44963859948202e-01
7.32500000000000e+00  4.57388915778569e-01
7.35000000000000e+00  4.65432183160590e-01
7.37500000000000e+00  4.69029274130217e-01
7.40000000000000e+00  4.68169551702688e-01
7.42500000000000e+00  4.62897735784398e-01
7.45000000000000e+00  4.53315509084767e-01
7.47500000000000e+00  4.39583123028110e-01
7.50000000000000e+00  4.21731654250393e-01
7.52500000000000e+00  4.00228367620122e-01
7.55000000000000e+00  3.75096194195508e-01
7.57500000000000e+00  3.46651535238211e-01
7.60000000000000e+00  3.15231031389965e-01
7.62500000000000e+00  2.81188722884442e-01
7.65000000000000e+00  2.44893209759077e-01
7.67500000000000e+00  2.06724812066934e-01
7.70000000000000e+00  1.67072730088537e-01
7.72500000000000e+00  1.26332204543723e-01
7.75000000000000e+00  8.49016768034947e-02
7.77500000000000e+00  4.31799491018512e-02
7.80000000000000e+00  1.56334474765047e-03
7.82500000000000e+00  -3.95661356583381e-02
7.85000000000000e+00  -7.98159425046007e-02
7.87500000000000e+00  -1.18836685657285e-01
7.90000000000000e+00  -1.56280175486215e-01
7.92500000000000e+00  -1.91821191770409e-01
7.95000000000000e+00  -2.25159970480932e-01
7.97500000000000e+00  -2.56024690563762e-01
8.00000000000000e+00  -2.84173960722636e-01
8.02500000000000e+00  -3.09399306201914e-01
8.05000000000000e+00  -3.31527655569430e-01
8.07500000000000e+00  -3.50423827499349e-01
8.10000000000000e+00  -3.65993017555027e-01
8.12500000000000e+00  -3.78073892818617e-01
8.15000000000000e+00  -3.86715602655915e-01
8.17500000000000e+00  -3.91817137567388e-01
8.20000000000000e+00  -3.93400602548645e-01
8.22500000000000e+00  -3.91514361828977e-01
8.25000000000000e+00  -3.86231670281802e-01
8.27500000000000e+00  -3.77649304835106e-01
8.30000000000000e+00  -3.65886195881887e-01
8.32500000000000e+00  -3.51082058690596e-01
8.35000000000000e+00  -3.33396024815583e-01
8.37500000000000e+00  -3.13005273507532e-01
8.40000000000000e+00  -2.90103663123915e-01
8.42500000000000e+00  -2.64900362539426e-01
8.45000000000000e+00  -2.37614199818405e-01
8.47500000000000e+00  -2.08474562505384e-01
8.50000000000000e+00  -1.77717023129249e-01
8.52500000000000e+00  -1.45583590927719e-01
8.55000000000000e+00  -1.12317699525195e-01
8.57500000000000e+00  -7.81622835846675e-02
8.60000000000000e+00  -4.33578554596052e-02
8.62500000000000e+00  -8.14058184583439e-03
8.65000000000000e+00  2.72596395665498e-02
8.67500000000000e+00  6.26211034413039e-02
8.70000000000000e+00  9.77322201441400e-02
8.72500000000000e+00  1.32393439090838e-01
8.75000000000000e+00  1.66395688290989e-01
8.77500000000000e+00  1.99568102401768e-01
8.80000000000000e+00  2.31730515263745e-01
8.82500000000000e+00  2.62729452993375e-01
8.85000000000000e+00  2.92425508457001e-01
8.87500000000000e+00  3.20693364639438e-01
8.90000000000000e+00  3.47421818012516e-01
8.92500000000000e+00  3.72513801903658e-01
8.95000000000000e+00  3.95886409864448e-01
8.97500000000000e+00  4.17470919039185e-01
9.00000000000000e+00  4.37212813533463e-01
9.02500000000000e+00  4.55071807782723e-01
9.05000000000000e+00  4.71021869920826e-01
9.07500000000000e+00  4.85048847035538e-01
9.10000000000000e+00  4.97151611356908e-01
9.12500000000000e+00  5.07341128280190e-01
9.15000000000000e+00  5.15638967088748e-01
9.17500000000000e+00  5.22077151058983e-01
9.20000000000000e+00  5.26697131349242e-01
9.22500000000000e+00  5.29548760888751e-01
9.25000000000000e+00  5.30689268266520e-01
9.27500000000000e+00  5.30182231620276e-01
9.30000000000000e+00  5.28096552525372e-01
9.32500000000000e+00  5.24505429883714e-01
9.35000000000000e+00  5.19485333812678e-01
9.37500000000000e+00  5.13147305920217e-01
9.40000000000000e+00  5.05507230258782e-01
9.42500000000000e+00  4.96716163647242e-01
9.45000000000000e+00  4.86852909384782e-01
9.47500000000000e+00  4.75999660042642e-01
9.50000000000000e+00  4.64240929449395e-01
9.52500000000000e+00  4.51662484676229e-01
9.55000000000000e+00  4.38350278022219e-01
9.57500000000000e+00  4.24389378999604e-01
9.60000000000000e+00  4.09862906319068e-01
9.62500000000000e+00  3.94850959875015e-01
9.65000000000000e+00  3.79429552730839e-01
9.67500000000000e+00  3.63669543104214e-01
9.70000000000000e+00  3.47639575639412e-01
9.72500000000000e+00  3.31402770474657e-01
9.75000000000000e+00  3.15017458150498e-01
9.77500000000000e+00  2.98537400938407e-01
9.80000000000000e+00  2.82011607536094e-01
9.82500000000000e+00  2.65484430876427e-01
9.85000000000000e+00  2.48995665936355e-01
9.87500000000000e+00  2.32580647545832e-01
9.90000000000000e+00  2.16270348196736e-01
9.92500000000000e+00  2.00091475851799e-01
9.95000000000000e+00  1.84066571753523e-01
9.97500000000000e+00  1.68214108233107e-01
1.00000000000000e+01  1.52548586519376e-01
