0.00000000000000e+00  1.55458544007107e-01
2.50000000000000e-02  1.67110123540995e-01
5.00000000000000e-02  1.78137798334198e-01
7.50000000000000e-02  1.88492744716867e-01
1.00000000000000e-01  1.98121412923213e-01
1.25000000000000e-01  2.06966525381370e-01
1.50000000000000e-01  2.14968075003259e-01
1.75000000000000e-01  2.22064323474447e-01
2.00000000000000e-01  2.28192799544015e-01
2.25000000000000e-01  2.33291297314421e-01
2.50000000000000e-01  2.37298874531357e-01
2.75000000000000e-01  2.40156850873623e-01
3.00000000000000e-01  2.41809806242979e-01
3.25000000000000e-01  2.42206579054017e-01
3.50000000000000e-01  2.41301264524022e-01
3.75000000000000e-01  2.39054212962832e-01
4.00000000000000e-01  2.35433028062706e-01
4.25000000000000e-01  2.30413565188183e-01
4.50000000000000e-01  2.23980929665950e-01
4.75000000000000e-01  2.16130475074702e-01
5.00000000000000e-01  2.06868801535006e-01
5.25000000000000e-01  1.96214753999164e-01
5.50000000000000e-01  1.84200420541080e-01
5.75000000000000e-01  1.70872130646116e-01
6.00000000000000e-01  1.56291453500963e-01
6.25000000000000e-01  1.40568499639715e-01
6.50000000000000e-01  1.23633748956676e-01
6.75000000000000e-01  1.05702253443575e-01
7.00000000000000e-01  8.68653044412249e-02
7.25000000000000e-01  6.72297733566166e-02
7.50000000000000e-01  4.69164099063745e-02
7.75000000000000e-01  2.60581403602195e-02
8.00000000000000e-01  4.79836578442457e-03
8.25000000000000e-01  -1.67107397147287e-02
8.50000000000000e-01  -3.83099307474870e-02
8.75000000000000e-01  -5.98345923971725e-02
9.00000000000000e-01  -8.11164419767195e-02
9.25000000000000e-01  -1.01985230785219e-01
9.50000000000000e-01  -1.22270445864461e-01
9.75000000000000e-01  -1.41803011755473e-01
1.00000000000000e+00  -1.60416992255066e-01
1.02500000000000e+00  -1.77951292172373e-01
1.05000000000000e+00  -1.94251359085390e-01
1.07500000000000e+00  -2.09170885097523e-01
1.10000000000000e+00  -2.22573508594122e-01
1.12500000000000e+00  -2.34334515999030e-01
1.15000000000000e+00  -2.44342543531119e-01
1.17500000000000e+00  -2.52501278960835e-01
1.20000000000000e+00  -2.58731163366740e-01
1.22500000000000e+00  -2.62971092892051e-01
1.25000000000000e+00  -2.65365046368301e-01
1.27500000000000e+00  -2.65476728414702e-01
1.30000000000000e+00  -2.63634479224613e-01
1.32500000000000e+00  -2.59830151439351e-01
1.35000000000000e+00  -2.54090492640059e-01
1.37500000000000e+00  -2.46474373600149e-01
1.40000000000000e+00  -2.37070016537742e-01
1.42500000000000e+00  -2.25992223368107e-01
1.45000000000000e+00  -2.13379603956107e-01
1.47500000000000e+00  -1.99391804368631e-01
1.50000000000000e+00  -1.84206735127044e-01
1.52500000000000e+00  -1.68017799459621e-01
1.55000000000000e+00  -1.51031121553991e-01
1.57500000000000e+00  -1.33462774809574e-01
1.60000000000000e+00  -1.15536010090028e-01
1.62500000000000e+00  -9.74784839756815e-02
1.65000000000000e+00  -7.95194870159817e-02
1.67500000000000e+00  -6.18871719819313e-02
1.70000000000000e+00  -4.48057821185280e-02
1.72500000000000e+00  -2.84928793972094e-02
1.75000000000000e+00  -1.31565727682890e-02
1.77500000000000e+00  1.00725358660020e-03
1.80000000000000e+00  1.38177120020653e-02
1.82500000000000e+00  2.51116830765150e-02
1.85000000000000e+00  3.47465874197158e-02
1.87500000000000e+00  4.28287556413652e-02
1.90000000000000e+00  4.87777953323804e-02
1.92500000000000e+00  5.29978675283097e-02
1.95000000000000e+00  5.54167268388831e-02
1.97500000000000e+00  5.60182242786371e-02
2.00000000000000e+00  5.48377742625880e-02
2.02500000000000e+00  5.19578216019040e-02
2.05000000000000e+00  4.75033084995775e-02
2.07500000000000e+00  4.16371415460978e-02
2.10000000000000e+00  3.45556587151230e-02
2.12500000000000e+00  2.64840963591525e-02
2.15000000000000e+00  1.76720562051999e-02
2.17500000000000e+00  8.38897235046426e-03
2.20000000000000e+00  -1.08042174199597e-03
2.22500000000000e+00  -1.04406262475920e-02
2.25000000000000e+00  -1.93899079845317e-02
2.27500000000000e+00  -2.76248334181472e-02
2.30000000000000e+00  -3.48448016652228e-02
2.32500000000000e+00  -4.07565774983219e-02
2.35000000000000e+00  -4.50788243501158e-02
2.37500000000000e+00  -4.75466373177103e-02
2.40000000000000e+00  -4.79160761669737e-02
2.42500000000000e+00  -4.59686983368644e-02
2.45000000000000e+00  -4.15160919437587e-02
2.47500000000000e+00  -3.44044087857781e-02
2.50000000000000e+00  -2.48099742701158e-02
2.52500000000000e+00  -1.21142029835965e-02
2.55000000000000e+00  3.19253534241477e-03
2.57500000000000e+00  2.11127591379019e-02
2.60000000000000e+00  4.15716249913366e-02
2.62500000000000e+00  6.44233801629405e-02
2.65000000000000e+00  8.94578150979518e-02
2.67500000000000e+00  1.16406715939886e-01
2.70000000000000e+00  1.44950317043805e-01
2.72500000000000e+00  1.74723753489577e-01
2.75000000000000e+00  2.05323513595144e-01
2.77500000000000e+00  2.36313891429783e-01
2.80000000000000e+00  2.67233439327372e-01
2.82500000000000e+00  2.97612455517424e-01
2.85000000000000e+00  3.26985039751681e-01
2.87500000000000e+00  3.54797536847453e-01
2.90000000000000e+00  3.80653106897514e-01
2.92500000000000e+00  4.04113545819664e-01
2.95000000000000e+00  4.24736891898999e-01
2.97500000000000e+00  4.42113741298269e-01
3.00000000000000e+00  4.55894585925654e-01
3.02500000000000e+00  4.65799661637728e-01
3.05000000000000e+00  4.71619487951589e-01
3.07500000000000e+00  4.73188833938662e-01
3.10000000000000e+00  4.70319689005014e-01
3.12500000000000e+00  4.63212335460822e-01
3.15000000000000e+00  4.51508352937168e-01
3.17500000000000e+00  4.35796819402640e-01
3.20000000000000e+00  4.16234353013965e-01
3.22500000000000e+00  3.93092702798346e-01
3.25000000000000e+00  3.66745313340209e-01
3.27500000000000e+00  3.37653889467944e-01
3.30000000000000e+00  3.06354960940650e-01
3.32500000000000e+00  2.73446447134879e-01
3.35000000000000e+00  2.39574221731376e-01
3.37500000000000e+00  2.05418677401826e-01
3.40000000000000e+00  1.71681290495598e-01
3.42500000000000e+00  1.39071185726488e-01
3.45000000000000e+00  1.08343394782582e-01
3.47500000000000e+00  8.00971265341829e-02
3.50000000000000e+00  5.50488866798071e-02
3.52500000000000e+00  3.38246154305096e-02
3.55000000000000e+00  1.69769861476404e-02
3.57500000000000e+00  4.97950206546453e-03
3.60000000000000e+00  -1.77940698621622e-03
3.62500000000000e+00  -3.00228785944335e-03
3.65000000000000e+00  1.51143263451922e-03
3.67500000000000e+00  1.18595444478059e-02
3.70000000000000e+00  2.80311510185698e-02
3.72500000000000e+00  4.99007659936038e-02
3.75000000000000e+00  7.74459341652887e-02
3.77500000000000e+00  1.09208178112822e-01
3.80000000000000e+00  1.45698209325681e-01
3.82500000000000e+00  1.86183722140105e-01
3.85000000000000e+00  2.29862506250214e-01
3.87500000000000e+00  2.75874949961808e-01
3.90000000000000e+00  3.23316543446153e-01
3.92500000000000e+00  3.71250381993770e-01
3.95000000000000e+00  4.18719669268232e-01
3.97500000000000e+00  4.64760220559951e-01
4.00000000000000e+00  5.08412966039968e-01
4.02500000000000e+00  5.48736454013750e-01
4.05000000000000e+00  5.84819354174967e-01
4.07500000000000e+00  6.15842697580569e-01
4.10000000000000e+00  6.41056101475132e-01
4.12500000000000e+00  6.59607653162148e-01
4.15000000000000e+00  6.71175096704936e-01
4.17500000000000e+00  6.75341117236596e-01
4.20000000000000e+00  6.71732767450274e-01
4.22500000000000e+00  6.60146305978750e-01
4.25000000000000e+00  6.40577704027254e-01
4.27500000000000e+00  6.13257169011723e-01
4.30000000000000e+00  5.78632586564927e-01
4.32500000000000e+00  5.37318603266040e-01
4.35000000000000e+00  4.89983538800890e-01
4.37500000000000e+00  4.36279696394964e-01
4.40000000000000e+00  3.79522501685586e-01
4.42500000000000e+00  3.18604983902123e-01
4.45000000000000e+00  2.54875898123927e-01
4.47500000000000e+00  1.89640607561782e-01
4.50000000000000e+00  1.24153786420857e-01
4.52500000000000e+00  5.96121227636808e-02
4.55000000000000e+00  -2.85297862687354e-03
4.57500000000000e+00  -6.21826933846373e-02
4.60000000000000e+00  -1.17398074697160e-01
4.62500000000000e+00  -1.67607350442740e-01
4.65000000000000e+00  -2.12013220327462e-01
4.67500000000000e+00  -2.49920153022214e-01
4.70000000000000e+00  -2.80852677760811e-01
4.72500000000000e+00  -3.04462150244140e-01
4.75000000000000e+00  -3.20220117538776e-01
4.77500000000000e+00  -3.28461377814517e-01
4.80000000000000e+00  -3.29332441603723e-01
4.82500000000000e+00  -3.23001239749225e-01
4.85000000000000e+00  -3.09843367302594e-01
4.87500000000000e+00  -2.90465573298128e-01
4.90000000000000e+00  -2.65732877076232e-01
4.92500000000000e+00  -2.36702227692750e-01
4.95000000000000e+00  -2.04508311758292e-01
4.97500000000000e+00  -1.70198354613986e-01
5.00000000000000e+00  -1.34012806105817e-01
5.02500000000000e+00  -9.83557122911261e-02
5.05000000000000e+00  -6.39705805724801e-02
5.07500000000000e+00  -3.16542609025935e-02
5.10000000000000e+00  -2.45387779929470e-03
5.12500000000000e+00  2.24973022788549e-02
5.15000000000000e+00  4.21440035569617e-02
5.17500000000000e+00  5.56224749582916e-02
5.20000000000000e+00  6.23266422443530e-02
5.22500000000000e+00  6.18811419330346e-02
5.25000000000000e+00  5.41182785580635e-02
5.27500000000000e+00  3.88926742623495e-02
5.30000000000000e+00  1.58725091764106e-02
5.32500000000000e+00  -1.44106161774639e-02
5.35000000000000e+00  -5.16133418716485e-02
5.37500000000000e+00  -9.52561884546921e-02
5.40000000000000e+00  -1.44643237515566e-01
5.42500000000000e+00  -1.98976967501485e-01
5.45000000000000e+00  -2.57365540430055e-01
5.47500000000000e+00  -3.18830088601415e-01
5.50000000000000e+00  -3.82312001310364e-01
5.52500000000000e+00  -4.46680211558523e-01
5.55000000000000e+00  -5.10738482766450e-01
5.57500000000000e+00  -5.73232695485799e-01
5.60000000000000e+00  -6.32858134111456e-01
5.62500000000000e+00  -6.89225854840570e-01
5.65000000000000e+00  -7.40572977497046e-01
5.67500000000000e+00  -7.86453812875724e-01
5.70000000000000e+00  -8.26262432774529e-01
5.72500000000000e+00  -8.59332477061531e-01
5.75000000000000e+00  -8.85050648356861e-01
5.77500000000000e+00  -9.02970206714646e-01
5.80000000000000e+00  -9.12862205209562e-01
5.82500000000000e+00  -9.14732216973173e-01
5.85000000000000e+00  -9.08785707826145e-01
5.87500000000000e+00  -8.95397417455465e-01
5.90000000000000e+00  -8.74985960150637e-01
5.92500000000000e+00  -8.47873774772902e-01
5.95000000000000e+00  -8.14915356665528e-01
5.97500000000000e+00  -7.76855810611033e-01
6.00000000000000e+00  -7.34521044704301e-01
6.02500000000000e+00  -6.88821996016279e-01
6.05000000000000e+00  -6.40700050340409e-01
6.07500000000000e+00  -5.91114452629912e-01
6.10000000000000e+00  -5.41029717435026e-01
6.12500000000000e+00  -4.91403039340288e-01
6.15000000000000e+00  -4.43171703401776e-01
6.17500000000000e+00  -3.97240495584387e-01
6.20000000000000e+00  -3.54469113199087e-01
6.22500000000000e+00  -3.15659575340174e-01
6.25000000000000e+00  -2.81257033972716e-01
6.27500000000000e+00  -2.51616537060059e-01
6.30000000000000e+00  -2.27349262219930e-01
6.32500000000000e+00  -2.08724143353064e-01
6.35000000000000e+00  -1.95882768009671e-01
6.37500000000000e+00  -1.88846435243565e-01
6.40000000000000e+00  -1.87523213466268e-01
6.42500000000000e+00  -1.91714998301131e-01
6.45000000000000e+00  -2.01124570437445e-01
6.47500000000000e+00  -2.15362653484565e-01
6.50000000000000e+00  -2.33954971826011e-01
6.52500000000000e+00  -2.56349308473600e-01
6.55000000000000e+00  -2.81922562921545e-01
6.57500000000000e+00  -3.09955384251041e-01
6.60000000000000e+00  -3.39851273379626e-01
6.62500000000000e+00  -3.70862157223345e-01
6.65000000000000e+00  -4.02277822634056e-01
6.67500000000000e+00  -4.33400157025943e-01
6.70000000000000e+00  -4.63554644008219e-01
6.72500000000000e+00  -4.92101859017846e-01
6.75000000000000e+00  -5.18448964952230e-01
6.77500000000000e+00  -5.42061207801941e-01
6.80000000000000e+00  -5.62473412283414e-01
6.82500000000000e+00  -5.79301477471659e-01
6.85000000000000e+00  -5.92253872432972e-01
6.87500000000000e+00  -6.00847859333289e-01
6.90000000000000e+00  -6.05603150237133e-01
6.92500000000000e+00  -6.05739015988284e-01
6.95000000000000e+00  -6.01489528260667e-01
6.97500000000000e+00  -5.93015593839793e-01
7.00000000000000e+00  -5.80468073412989e-01
7.02500000000000e+00  -5.64050900359635e-01
7.05000000000000e+00  -5.44044355293987e-01
7.07500000000000e+00  -5.20802252987160e-01
7.10000000000000e+00  -4.94739747359576e-01
7.12500000000000e+00  -4.66304014378222e-01
7.15000000000000e+00  -4.35935753569919e-01
7.17500000000000e+00  -4.04029378086463e-01
7.20000000000000e+00  -3.71146234679254e-01
7.22500000000000e+00  -3.37746419368168e-01
7.25000000000000e+00  -3.04300421484295e-01
7.27500000000000e+00  -2.71270194737252e-01
7.30000000000000e+00  -2.39089581163176e-01
7.32500000000000e+00  -2.08159240246865e-01
7.35000000000000e+00  -1.78841578043897e-01
7.37500000000000e+00  -1.51455676302771e-01
7.40000000000000e+00  -1.26272221587031e-01
7.42500000000000e+00  -1.03508434397400e-01
7.45000000000000e+00  -8.33229982939109e-02
7.47500000000000e+00  -6.58109890180357e-02
7.50000000000000e+00  -5.12204075625898e-02
7.52500000000000e+00  -3.91584667215457e-02
7.55000000000000e+00  -2.99023805058085e-02
7.57500000000000e+00  -2.33380832438441e-02
7.60000000000000e+00  -1.93124283863002e-02
7.62500000000000e+00  -1.76377137967992e-02
7.65000000000000e+00  -1.80962070427274e-02
7.67500000000000e+00  -2.04446706860266e-02
7.70000000000000e+00  -2.44188875739851e-02
7.72500000000000e+00  -2.97381861300287e-02
7.75000000000000e+00  -3.61099656445104e-02
7.77500000000000e+00  -4.32342215655036e-02
7.80000000000000e+00  -5.08080707895905e-02
7.82500000000000e+00  -5.85302769526544e-02
7.85000000000000e+00  -6.61057757206711e-02
7.87500000000000e+00  -7.32502000804981e-02
7.90000000000000e+00  -7.96944056306671e-02
7.92500000000000e+00  -8.51889958721746e-02
7.95000000000000e+00  -8.95088474992714e-02
7.97500000000000e+00  -9.24576356902557e-02
8.00000000000000e+00  -9.38723593982623e-02
8.02500000000000e+00  -9.36278666420544e-02
8.05000000000000e+00  -9.16413797968141e-02
8.07500000000000e+00  -8.78770208849337e-02
8.10000000000000e+00  -8.23503368668060e-02
8.12500000000000e+00  -7.49079618679073e-02
8.15000000000000e+00  -6.58210694123204e-02
8.17500000000000e+00  -5.49934138050331e-02
8.20000000000000e+00  -4.25434846747325e-02
8.22500000000000e+00  -2.86130620504002e-02
8.25000000000000e+00  -1.33644477275915e-02
8.27500000000000e+00  3.02230336527291e-03
8.30000000000000e+00  2.03521518006268e-02
8.32500000000000e+00  3.84178422854762e-02
8.35000000000000e+00  5.70026722951091e-02
8.37500000000000e+00  7.58832607068204e-02
8.40000000000000e+00  9.48323164336177e-02
8.42500000000000e+00  1.13621407057943e-01
8.45000000000000e+00  1.32023727465388e-01
8.47500000000000e+00  1.49816868478406e-01
8.50000000000000e+00  1.66785585490038e-01
8.52500000000000e+00  1.82724567097613e-01
8.55000000000000e+00  1.97441203736478e-01
8.57500000000000e+00  2.10758356313706e-01
8.60000000000000e+00  2.22517124841811e-01
8.62500000000000e+00  2.32579617072472e-01
8.65000000000000e+00  2.40831717130239e-01
8.67500000000000e+00  2.47185854146255e-01
8.70000000000000e+00  2.51583770891970e-01
8.72500000000000e+00  2.53999292412855e-01
8.75000000000000e+00  2.54254181929302e-01
8.77500000000000e+00  2.52579800471280e-01
8.80000000000000e+00  2.48855461214374e-01
8.82500000000000e+00  2.43122636169107e-01
8.85000000000000e+00  2.35442924872476e-01
8.87500000000000e+00  2.25896354761183e-01
8.90000000000000e+00  2.14579681544882e-01
8.92500000000000e+00  2.01604689579407e-01
8.95000000000000e+00  1.87096492240016e-01
8.97500000000000e+00  1.71191832294625e-01
9.00000000000000e+00  1.54037382277041e-01
9.02500000000000e+00  1.35788044860212e-01
9.05000000000000e+00  1.16605253229451e-01
9.07500000000000e+00  9.66552714556802e-02
9.10000000000000e+00  7.61074948686686e-02
9.12500000000000e+00  5.51327504302617e-02
9.15000000000000e+00  3.39015971076308e-02
9.17500000000000e+00  1.25826262464993e-02
9.20000000000000e+00  -8.65923805561260e-03
9.22500000000000e+00  -2.96644385761524e-02
9.25000000000000e+00  -5.02804845943048e-02
9.27500000000000e+00  -7.03636515177429e-02
9.30000000000000e+00  -8.97806805093988e-02
9.32500000000000e+00  -1.08410478114223e-01
9.35000000000000e+00  -1.26145815885951e-01
9.37500000000000e+00  -1.42863020531671e-01
9.40000000000000e+00  -1.58443451322010e-01
9.42500000000000e+00  -1.72859395013421e-01
9.45000000000000e+00  -1.86032744273724e-01
9.47500000000000e+00  -1.97901626219841e-01
9.50000000000000e+00  -2.08419405883096e-01
9.52500000000000e+00  -2.17553689674511e-01
9.55000000000000e+00  -2.25285328850109e-01
9.57500000000000e+00  -2.31607422976215e-01
9.60000000000000e+00  -2.36524323394751e-01
9.62500000000000e+00  -2.40050636688536e-01
9.65000000000000e+00  -2.42210228146593e-01
9.67500000000000e+00  -2.43035225229436e-01
9.70000000000000e+00  -2.42565021034381e-01
9.72500000000000e+00  -2.40845277760839e-01
9.75000000000000e+00  -2.37926930175617e-01
9.77500000000000e+00  -2.33865189078218e-01
9.80000000000000e+00  -2.28718544766141e-01
9.82500000000000e+00  -2.22547770500178e-01
9.85000000000000e+00  -2.15414925969717e-01
9.87500000000000e+00  -2.07382360758041e-01
9.90000000000000e+00  -1.98511717807622e-01
9.92500000000000e+00  -1.88862936885428e-01
9.95000000000000e+00  -1.78493258048219e-01
9.97500000000000e+00  -1.67456225107847e-01
1.00000000000000e+01  -1.55800689096559e-01
