0.00000000000000e+00  -1.56290831467054e-01
2.50000000000000e-02  -1.72390533656459e-01
5.00000000000000e-02  -1.88660115636866e-01
7.50000000000000e-02  -2.05086599475645e-01
1.00000000000000e-01  -2.21652131466214e-01
1.25000000000000e-01  -2.38333996345343e-01
1.50000000000000e-01  -2.55104631510451e-01
1.75000000000000e-01  -2.71931641236909e-01
2.00000000000000e-01  -2.88777810895351e-01
2.25000000000000e-01  -3.05601121168967e-01
2.50000000000000e-01  -3.22354762270815e-01
2.75000000000000e-01  -3.38987148161119e-01
3.00000000000000e-01  -3.55441930764572e-01
3.25000000000000e-01  -3.71658508811346e-01
3.50000000000000e-01  -3.87571824165665e-01
3.75000000000000e-01  -4.03112452451664e-01
4.00000000000000e-01  -4.18207591315472e-01
4.25000000000000e-01  -4.32780578228681e-01
4.50000000000000e-01  -4.46751382739779e-01
4.75000000000000e-01  -4.60037098725573e-01
5.00000000000000e-01  -4.72552436642621e-01
5.25000000000000e-01  -4.84210215778660e-01
5.50000000000000e-01  -4.94921856504032e-01
5.75000000000000e-01  -5.04597872523116e-01
6.00000000000000e-01  -5.13148363125752e-01
6.25000000000000e-01  -5.20483441173295e-01
6.50000000000000e-01  -5.26515636636217e-01
6.75000000000000e-01  -5.31157986024419e-01
7.00000000000000e-01  -5.34326804637318e-01
7.25000000000000e-01  -5.35941820072743e-01
7.50000000000000e-01  -5.35927058989912e-01
7.75000000000000e-01  -5.34211733872416e-01
8.00000000000000e-01  -5.30731129791195e-01
8.25000000000000e-01  -5.25427491167523e-01
8.50000000000000e-01  -5.18250908535986e-01
8.75000000000000e-01  -5.09160205307465e-01
9.00000000000000e-01  -4.98123824532110e-01
9.25000000000000e-01  -4.85120715662330e-01
9.50000000000000e-01  -4.70140984772281e-01
9.75000000000000e-01  -4.53186829279912e-01
1.00000000000000e+00  -4.34273784204044e-01
1.02500000000000e+00  -4.13429466007644e-01
1.05000000000000e+00  -3.90696084192814e-01
1.07500000000000e+00  -3.66130534336877e-01
1.10000000000000e+00  -3.39804491128471e-01
1.12500000000000e+00  -3.11804501403642e-01
1.15000000000000e+00  -2.82232077181934e-01
1.17500000000000e+00  -2.51203788702486e-01
1.20000000000000e+00  -2.18851357460115e-01
1.22500000000000e+00  -1.85321749241418e-01
1.25000000000000e+00  -1.50772783263458e-01
1.27500000000000e+00  -1.15384080146425e-01
1.30000000000000e+00  -7.93438578858900e-02
1.32500000000000e+00  -4.28508172432500e-02
1.35000000000000e+00  -6.11580269895205e-03
1.37500000000000e+00  3.06399714386766e-02
1.40000000000000e+00  6.71866949245843e-02
1.42500000000000e+00  1.03287735468157e-01
1.45000000000000e+00  1.38701412624386e-01
1.47500000000000e+00  1.73182771685018e-01
1.50000000000000e+00  2.06485357569730e-01
1.52500000000000e+00  2.38362988717282e-01
1.55000000000000e+00  2.68571530976680e-01
1.57500000000000e+00  2.96874655993954e-01
1.60000000000000e+00  3.23039743096590e-01
1.62500000000000e+00  3.46846770494593e-01
1.65000000000000e+00  3.68085898016851e-01
1.67500000000000e+00  3.86562347456631e-01
1.70000000000000e+00  4.02098389876562e-01
1.72500000000000e+00  4.14535332913616e-01
1.75000000000000e+00  4.23735508084093e-01
1.77500000000000e+00  4.29584258088606e-01
1.80000000000000e+00  4.31991924117058e-01
1.82500000000000e+00  4.30895833153633e-01
1.85000000000000e+00  4.26262285281772e-01
1.87500000000000e+00  4.18091088538348e-01
1.90000000000000e+00  4.06398648994076e-01
1.92500000000000e+00  3.91254331773861e-01
1.95000000000000e+00  3.72744402339149e-01
1.97500000000000e+00  3.50990410332157e-01
2.00000000000000e+00  3.26147609235285e-01
2.02500000000000e+00  2.98403376030536e-01
2.05000000000000e+00  2.67975630858931e-01
2.07500000000000e+00  2.35111256679923e-01
2.10000000000000e+00  2.00084518930815e-01
2.12500000000000e+00  1.63195485186176e-01
2.15000000000000e+00  1.24768444817254e-01
2.17500000000000e+00  8.51503286513954e-02
2.20000000000000e+00  4.47135014581352e-02
2.22500000000000e+00  3.82461005125218e-03
2.25000000000000e+00  -3.71212864751484e-02
2.27500000000000e+00  -7.77263130194221e-02
2.30000000000000e+00  -1.17588837072549e-01
2.32500000000000e+00  -1.56307792846612e-01
2.35000000000000e+00  -1.93487005403278e-01
2.37500000000000e+00  -2.28739514782279e-01
2.40000000000000e+00  -2.61691900129885e-01
2.42500000000000e+00  -2.91988603827386e-01
2.45000000000000e+00  -3.19296255619574e-01
2.47500000000000e+00  -3.43307996743220e-01
2.50000000000000e+00  -3.63742597156903e-01
2.52500000000000e+00  -3.80376334800343e-01
2.55000000000000e+00  -3.92980329696177e-01
2.57500000000000e+00  -4.01403411266276e-01
2.60000000000000e+00  -4.05528694342634e-01
2.62500000000000e+00  -4.05279751828196e-01
2.65000000000000e+00  -4.00626787357689e-01
2.67500000000000e+00  -3.91590181239743e-01
2.70000000000000e+00  -3.78242206967755e-01
2.72500000000000e+00  -3.60706251666319e-01
2.75000000000000e+00  -3.39155865046360e-01
2.77500000000000e+00  -3.13809442904039e-01
2.80000000000000e+00  -2.84924264034574e-01
2.82500000000000e+00  -2.52811307060182e-01
2.85000000000000e+00  -2.17827616866847e-01
2.87500000000000e+00  -1.80357920384767e-01
2.90000000000000e+00  -1.40822839499242e-01
2.92500000000000e+00  -9.96734288110185e-02
2.95000000000000e+00  -5.73852726577022e-02
2.97500000000000e+00  -1.44525821351769e-02
3.00000000000000e+00  2.86177078809816e-02
3.02500000000000e+00  7.13118417140906e-02
3.05000000000000e+00  1.13115145864944e-01
3.07500000000000e+00  1.53517931990398e-01
3.10000000000000e+00  1.92021399881954e-01
3.12500000000000e+00  2.28150328969554e-01
3.15000000000000e+00  2.61445274269120e-01
3.17500000000000e+00  2.91495093289973e-01
3.20000000000000e+00  3.17906683250059e-01
3.22500000000000e+00  3.40334081992600e-01
3.25000000000000e+00  3.58481032696322e-01
3.27500000000000e+00  3.72103548585665e-01
3.30000000000000e+00  3.81012477641015e-01
3.32500000000000e+00  3.85076067308920e-01
3.35000000000000e+00  3.84222529212310e-01
3.37500000000000e+00  3.78442603860723e-01
3.40000000000000e+00  3.67792125360518e-01
3.42500000000000e+00  3.52394586125106e-01
3.45000000000000e+00  3.32427640377178e-01
3.47500000000000e+00  3.08134007564077e-01
3.50000000000000e+00  2.79816901146627e-01
3.52500000000000e+00  2.47829198746399e-01
3.55000000000000e+00  2.12577489216134e-01
3.57500000000000e+00  1.74515310401769e-01
3.60000000000000e+00  1.34136386904451e-01
3.62500000000000e+00  9.19678678425594e-02
3.65000000000000e+00  4.85635646137280e-02
3.67500000000000e+00  4.49718865686156e-03
3.70000000000000e+00  -3.96444107858419e-02
3.72500000000000e+00  -8.32680089068718e-02
3.75000000000000e+00  -1.25795324457462e-01
3.77500000000000e+00  -1.66624483416935e-01
3.80000000000000e+00  -2.05224354125187e-01
3.82500000000000e+00  -2.41057916422441e-01
3.85000000000000e+00  -2.73628609152552e-01
3.87500000000000e+00  -3.02484894200254e-01
3.90000000000000e+00  -3.27224820528395e-01
3.92500000000000e+00  -3.47500588215173e-01
3.95000000000000e+00  -3.63023112491381e-01
3.97500000000000e+00  -3.73566587777642e-01
4.00000000000000e+00  -3.78973051721650e-01
4.02500000000000e+00  -3.79156949235406e-01
4.05000000000000e+00  -3.74109696532458e-01
4.07500000000000e+00  -3.63887204595173e-01
4.10000000000000e+00  -3.48622013945274e-01
4.12500000000000e+00  -3.28520970386415e-01
4.15000000000000e+00  -3.03852774897156e-01
4.17500000000000e+00  -2.74955331315260e-01
4.20000000000000e+00  -2.42228826484568e-01
4.22500000000000e+00  -2.06128810401898e-01
4.25000000000000e+00  -1.67159276363921e-01
4.27500000000000e+00  -1.25865741114047e-01
4.30000000000000e+00  -8.28283249893147e-02
4.32500000000000e+00  -3.86548320672741e-02
4.35000000000000e+00  6.02616968712230e-03
4.37500000000000e+00  5.05871096420166e-02
4.40000000000000e+00  9.43761484477050e-02
4.42500000000000e+00  1.36784062962279e-01
4.45000000000000e+00  1.77195348155196e-01
4.47500000000000e+00  2.15026748027003e-01
4.50000000000000e+00  2.49733267612878e-01
4.52500000000000e+00  2.80814184986171e-01
4.55000000000000e+00  3.07819063261934e-01
4.57500000000000e+00  3.30353762600466e-01
4.60000000000000e+00  3.48086452210846e-01
4.62500000000000e+00  3.60753622354468e-01
4.65000000000000e+00  3.68166096348585e-01
4.67500000000000e+00  3.70215042569842e-01
4.70000000000000e+00  3.66857816366277e-01
4.72500000000000e+00  3.58136461676529e-01
4.75000000000000e+00  3.44185898148762e-01
4.77500000000000e+00  3.25179667848575e-01
4.80000000000000e+00  3.01385297146121e-01
4.82500000000000e+00  2.73147958027091e-01
4.85000000000000e+00  2.40875231119150e-01
4.87500000000000e+00  2.05029462050942e-01
4.90000000000000e+00  1.66119538695847e-01
4.92500000000000e+00  1.24696875858648e-01
4.95000000000000e+00  8.13531658564844e-02
4.97500000000000e+00  3.67199717134726e-02
5.00000000000000e+00  -8.55208368167535e-03
5.02500000000000e+00  -5.38204812748548e-02
5.05000000000000e+00  -9.84427366888331e-02
5.07500000000000e+00  -1.41770445886870e-01
5.10000000000000e+00  -1.83179142217819e-01
5.12500000000000e+00  -2.22075053280712e-01
5.15000000000000e+00  -2.57901857789356e-01
5.17500000000000e+00  -2.90147442436924e-01
5.20000000000000e+00  -3.18350658760543e-01
5.22500000000000e+00  -3.42108080005893e-01
5.25000000000000e+00  -3.61080757991789e-01
5.27500000000000e+00  -3.75000979974781e-01
5.30000000000000e+00  -3.83679025513744e-01
5.32500000000000e+00  -3.86992038167507e-01
5.35000000000000e+00  -3.84899569023697e-01
5.37500000000000e+00  -3.77442575185125e-01
5.40000000000000e+00  -3.64730035632966e-01
5.42500000000000e+00  -3.46951525355560e-01
5.45000000000000e+00  -3.24371100988214e-01
5.47500000000000e+00  -2.97321186453011e-01
5.50000000000000e+00  -2.66196458598622e-01
5.52500000000000e+00  -2.31447732840109e-01
5.55000000000000e+00  -1.93575848798742e-01
5.57500000000000e+00  -1.53125555941796e-01
5.60000000000000e+00  -1.10679399222366e-01
5.62500000000000e+00  -6.68528562480708e-02
5.65000000000000e+00  -2.22738895680364e-02
5.67500000000000e+00  2.24342235221028e-02
5.70000000000000e+00  6.66299035772242e-02
5.72500000000000e+00  1.09685099257844e-01
5.75000000000000e+00  1.50992280620422e-01
5.77500000000000e+00  1.89971432407698e-01
5.80000000000000e+00  2.26077047339002e-01
5.82500000000000e+00  2.58805119400567e-01
5.85000000000000e+00  2.87700137135868e-01
5.87500000000000e+00  3.12362076935921e-01
5.90000000000000e+00  3.32453396329616e-01
5.92500000000000e+00  3.47706027274029e-01
5.95000000000000e+00  3.57915290530069e-01
5.97500000000000e+00  3.62947665310881e-01
6.00000000000000e+00  3.62735235994409e-01
6.02500000000000e+00  3.57305065263554e-01
6.05000000000000e+00  3.46743966723193e-01
6.07500000000000e+00  3.31203926439962e-01
6.10000000000000e+00  3.10906529582618e-01
6.12500000000000e+00  2.86140230491705e-01
6.15000000000000e+00  2.57257175709854e-01
6.17500000000000e+00  2.24665650387174e-01
6.20000000000000e+00  1.88820052078625e-01
6.22500000000000e+00  1.50208647492719e-01
6.25000000000000e+00  1.09350522872531e-01
6.27500000000000e+00  6.68225116394417e-02
6.30000000000000e+00  2.31896116530253e-02
6.32500000000000e+00  -2.09565284526551e-02
6.35000000000000e+00  -6.50235353759538e-02
6.37500000000000e+00  -1.08425128028301e-01
6.40000000000000e+00  -1.50587934414889e-01
6.42500000000000e+00  -1.90958308515328e-01
6.45000000000000e+00  -2.29009147164333e-01
6.47500000000000e+00  -2.64246706932386e-01
6.50000000000000e+00  -2.96217421006405e-01
6.52500000000000e+00  -3.24514716070424e-01
6.55000000000000e+00  -3.48785829186258e-01
6.57500000000000e+00  -3.68727146963617e-01
6.60000000000000e+00  -3.84098090120658e-01
6.62500000000000e+00  -3.94719500064744e-01
6.65000000000000e+00  -4.00468468879204e-01
6.67500000000000e+00  -4.01289701040829e-01
6.70000000000000e+00  -3.97192906299476e-01
6.72500000000000e+00  -3.88250192557665e-01
6.75000000000000e+00  -3.74593458750192e-01
6.77500000000000e+00  -3.56411787723722e-01
6.80000000000000e+00  -3.33948839116400e-01
6.82500000000000e+00  -3.07500242237452e-01
6.85000000000000e+00  -2.77410988946783e-01
6.87500000000000e+00  -2.44079016833039e-01
6.90000000000000e+00  -2.07902242618423e-01
6.92500000000000e+00  -1.69349779906615e-01
6.95000000000000e+00  -1.28899313550902e-01
6.97500000000000e+00  -8.70465754069515e-02
7.00000000000000e+00  -4.42992155974078e-02
7.02500000000000e+00  -1.17067377646729e-03
7.05000000000000e+00  4.18259496055200e-02
7.07500000000000e+00  8.41840220374764e-02
7.10000000000000e+00  1.25409507683003e-01
7.12500000000000e+00  1.65027096115788e-01
7.15000000000000e+00  2.02586331055031e-01
7.17500000000000e+00  2.37667739100843e-01
7.20000000000000e+00  2.69881995440356e-01
7.22500000000000e+00  2.98879264743068e-01
7.25000000000000e+00  3.24353675330417e-01
7.27500000000000e+00  3.46037235939874e-01
7.30000000000000e+00  3.63711562564759e-01
7.32500000000000e+00  3.77207585440903e-01
7.35000000000000e+00  3.86405256033328e-01
7.37500000000000e+00  3.91233254022912e-01
7.40000000000000e+00  3.91668694293064e-01
7.42500000000000e+00  3.87736833916393e-01
7.45000000000000e+00  3.79510779141376e-01
7.47500000000000e+00  3.67111192379037e-01
7.50000000000000e+00  3.50705484608706e-01
7.52500000000000e+00  3.30492596137880e-01
7.55000000000000e+00  3.06715417943848e-01
7.57500000000000e+00  2.79649330971634e-01
7.60000000000000e+00  2.49600495185495e-01
7.62500000000000e+00  2.16901535802714e-01
7.65000000000000e+00  1.81907229527360e-01
7.67500000000000e+00  1.44990190784077e-01
7.70000000000000e+00  1.06536557951852e-01
7.72500000000000e+00  6.69416795977952e-02
7.75000000000000e+00  2.66058007109211e-02
7.77500000000000e+00  -1.40702510640865e-02
7.80000000000000e+00  -5.46893791930856e-02
7.82500000000000e+00  -9.48618568126371e-02
7.85000000000000e+00  -1.34209333033011e-01
7.87500000000000e+00  -1.72370032228776e-01
7.90000000000000e+00  -2.08996615229190e-01
7.92500000000000e+00  -2.43764730774385e-01
7.95000000000000e+00  -2.76374509086473e-01
7.97500000000000e+00  -3.06552055440673e-01
8.00000000000000e+00  -3.34050943736413e-01
8.02500000000000e+00  -3.58653710068454e-01
8.05000000000000e+00  -3.80173346297996e-01
8.07500000000000e+00  -3.98454793623795e-01
8.10000000000000e+00  -4.13376436153277e-01
8.12500000000000e+00  -4.24849048778602e-01
8.15000000000000e+00  -4.32812560928093e-01
8.17500000000000e+00  -4.37241527310616e-01
8.20000000000000e+00  -4.38138808306430e-01
8.22500000000000e+00  -4.35538128910584e-01
8.25000000000000e+00  -4.29502104631979e-01
8.27500000000000e+00  -4.20120267392430e-01
8.30000000000000e+00  -4.07507091425731e-01
8.32500000000000e+00  -3.91800019176717e-01
8.35000000000000e+00  -3.73157487200330e-01
8.37500000000000e+00  -3.51756952060676e-01
8.40000000000000e+00  -3.27792916230094e-01
8.42500000000000e+00  -3.01474953988221e-01
8.45000000000000e+00  -2.73023440095707e-01
8.47500000000000e+00  -2.42669062686919e-01
8.50000000000000e+00  -2.10649292749568e-01
8.52500000000000e+00  -1.77207948630241e-01
8.55000000000000e+00  -1.42590960101589e-01
8.57500000000000e+00  -1.07044581668605e-01
8.60000000000000e+00  -7.08136058748832e-02
8.62500000000000e+00  -3.41395766088661e-02
8.65000000000000e+00  2.74099758986871e-03
8.67500000000000e+00  3.95984302243608e-02
8.70000000000000e+00  7.62116435339994e-02
8.72500000000000e+00  1.12369955188266e-01
8.75000000000000e+00  1.47878973622560e-01
8.77500000000000e+00  1.82536998060125e-01
8.80000000000000e+00  2.16178067720656e-01
8.82500000000000e+00  2.48639821298889e-01
8.85000000000000e+00  2.79775240729418e-01
8.87500000000000e+00  3.09452556511661e-01
8.90000000000000e+00  3.37555153034780e-01
8.92500000000000e+00  3.63981473902641e-01
8.95000000000000e+00  3.88644927258755e-01
8.97500000000000e+00  4.11473791111218e-01
9.00000000000000e+00  4.32411118657667e-01
9.02500000000000e+00  4.51414643610209e-01
9.05000000000000e+00  4.68456685520376e-01
9.07500000000000e+00  4.83521671468377e-01
9.10000000000000e+00  4.96607357598646e-01
9.12500000000000e+00  5.07723592597346e-01
9.15000000000000e+00  5.16891400371857e-01
9.17500000000000e+00  5.24142313250878e-01
9.20000000000000e+00  5.29517487815129e-01
9.22500000000000e+00  5.33066820728079e-01
9.25000000000000e+00  5.34848064566656e-01
9.27500000000000e+00  5.34925943651969e-01
9.30000000000000e+00  5.33371269880019e-01
9.32500000000000e+00  5.30260058552421e-01
9.35000000000000e+00  5.25672644207117e-01
9.37500000000000e+00  5.19692648954958e-01
9.40000000000000e+00  5.12407220850826e-01
9.42500000000000e+00  5.03903809130239e-01
9.45000000000000e+00  4.94272339280992e-01
9.47500000000000e+00  4.83602808119370e-01
9.50000000000000e+00  4.71984792967879e-01
9.52500000000000e+00  4.59506960832971e-01
9.55000000000000e+00  4.46256577582780e-01
9.57500000000000e+00  4.32319017124841e-01
9.60000000000000e+00  4.17777270583827e-01
9.62500000000000e+00  4.02711455479278e-01
9.65000000000000e+00  3.87198324903321e-01
9.67500000000000e+00  3.71310776698411e-01
9.70000000000000e+00  3.55118324602891e-01
9.72500000000000e+00  3.38686120815222e-01
9.75000000000000e+00  3.22074861484643e-01
9.77500000000000e+00  3.05340987104261e-01
9.80000000000000e+00  2.88536175538107e-01
9.82500000000000e+00  2.71707326604154e-01
9.85000000000000e+00  2.54896546657332e-01
9.87500000000000e+00  2.38141133172545e-01
9.90000000000000e+00  2.21473559327685e-01
9.92500000000000e+00  2.04921458586652e-01
9.95000000000000e+00  1.88507609282372e-01
9.97500000000000e+00  1.72249919199805e-01
1.00000000000000e+01  1.56161410158979e-01
