0.00000000000000e+00  -1.49901707803340e-01
2.50000000000000e-02  -1.65218815410605e-01
5.00000000000000e-02  -1.80675916514523e-01
7.50000000000000e-02  -1.96259046475694e-01
1.00000000000000e-01  -2.11949560443322e-01
1.25000000000000e-01  -2.27724179008479e-01
1.50000000000000e-01  -2.43555033857382e-01
1.75000000000000e-01  -2.59409713424663e-01
2.00000000000000e-01  -2.75251308546643e-01
2.25000000000000e-01  -2.91038458114603e-01
2.50000000000000e-01  -3.06725394728063e-01
2.75000000000000e-01  -3.22261990348044e-01
3.00000000000000e-01  -3.37593801950352e-01
3.25000000000000e-01  -3.52662536707039e-01
3.50000000000000e-01  -3.67405901974585e-01
3.75000000000000e-01  -3.81757720428934e-01
4.00000000000000e-01  -3.95648735872108e-01
4.25000000000000e-01  -4.09006275038523e-01
4.50000000000000e-01  -4.21754660226793e-01
4.75000000000000e-01  -4.33815621931545e-01
5.00000000000000e-01  -4.45108711475225e-01
5.25000000000000e-01  -4.55551713639909e-01
5.50000000000000e-01  -4.65061059299115e-01
5.75000000000000e-01  -4.73552238049611e-01
6.00000000000000e-01  -4.80940210843224e-01
6.25000000000000e-01  -4.87145951807166e-01
6.50000000000000e-01  -4.92075290955520e-01
6.75000000000000e-01  -4.95658094843540e-01
7.00000000000000e-01  -4.97814856138111e-01
7.25000000000000e-01  -4.98469761894012e-01
7.50000000000000e-01  -4.97551486345227e-01
7.75000000000000e-01  -4.94993983696243e-01
8.00000000000000e-01  -4.90737280913363e-01
8.25000000000000e-01  -4.84728270516008e-01
8.50000000000000e-01  -4.76921503368024e-01
8.75000000000000e-01  -4.67279981468986e-01
9.00000000000000e-01  -4.55775950745506e-01
9.25000000000000e-01  -4.42391693842539e-01
9.50000000000000e-01  -4.27119911244924e-01
9.75000000000000e-01  -4.09964743724024e-01
1.00000000000000e+00  -3.90942965448421e-01
1.02500000000000e+00  -3.70082599283051e-01
1.05000000000000e+00  -3.47425427571028e-01
1.07500000000000e+00  -3.23027123201503e-01
1.10000000000000e+00  -2.96957380677531e-01
1.12500000000000e+00  -2.69300047183926e-01
1.15000000000000e+00  -2.40153253655127e-01
1.17500000000000e+00  -2.09629545843055e-01
1.20000000000000e+00  -1.77856015384976e-01
1.22500000000000e+00  -1.44974430871364e-01
1.25000000000000e+00  -1.11101496596033e-01
1.27500000000000e+00  -7.65086219701759e-02
1.30000000000000e+00  -4.12790182622554e-02
1.32500000000000e+00  -5.61266265566337e-03
1.35000000000000e+00  3.02829287380188e-02
1.37500000000000e+00  6.61939046706886e-02
1.40000000000000e+00  1.01901282549375e-01
1.42500000000000e+00  1.37182152227893e-01
1.45000000000000e+00  1.71810879798513e-01
1.47500000000000e+00  2.05560311383605e-01
1.50000000000000e+00  2.38202976927305e-01
1.52500000000000e+00  2.69512293987170e-01
1.55000000000000e+00  2.99263771525835e-01
1.57500000000000e+00  3.27239183880950e-01
1.60000000000000e+00  3.53226424442051e-01
1.62500000000000e+00  3.77021798697436e-01
1.65000000000000e+00  3.98433407554171e-01
1.67500000000000e+00  4.17282245532826e-01
1.70000000000000e+00  4.33404850771525e-01
1.72500000000000e+00  4.46655955029996e-01
1.75000000000000e+00  4.56911133693630e-01
1.77500000000000e+00  4.64069455777528e-01
1.80000000000000e+00  4.68056133930558e-01
1.82500000000000e+00  4.68825174439406e-01
1.85000000000000e+00  4.66362027232628e-01
1.87500000000000e+00  4.60636739348471e-01
1.90000000000000e+00  4.51696215348391e-01
1.92500000000000e+00  4.39596829512453e-01
1.95000000000000e+00  4.24417576114226e-01
1.97500000000000e+00  4.06275639598957e-01
2.00000000000000e+00  3.85321651164599e-01
2.02500000000000e+00  3.61734945342851e-01
2.05000000000000e+00  3.35720434965564e-01
2.07500000000000e+00  3.07506575764012e-01
2.10000000000000e+00  2.77345428466834e-01
2.12500000000000e+00  2.45512459428334e-01
2.15000000000000e+00  2.12310189423800e-01
2.17500000000000e+00  1.78072417316598e-01
2.20000000000000e+00  1.43080227314420e-01
2.22500000000000e+00  1.07736941354537e-01
2.25000000000000e+00  7.23902595815987e-02
2.27500000000000e+00  3.73965640265597e-02
2.30000000000000e+00  3.12228749758553e-03
2.32500000000000e+00  -3.00638628350992e-02
2.35000000000000e+00  -6.17983891839901e-02
2.37500000000000e+00  -9.17285419998409e-02
2.40000000000000e+00  -1.19517053892726e-01
2.42500000000000e+00  -1.44845634331271e-01
2.45000000000000e+00  -1.67416575928892e-01
2.47500000000000e+00  -1.86951810934548e-01
2.50000000000000e+00  -2.03222136532186e-01
2.52500000000000e+00  -2.15908668292520e-01
2.55000000000000e+00  -2.24987022101090e-01
2.57500000000000e+00  -2.30232216817490e-01
2.60000000000000e+00  -2.31518511535190e-01
2.62500000000000e+00  -2.28797291083461e-01
2.65000000000000e+00  -2.22074951529299e-01
2.67500000000000e+00  -2.11393598156837e-01
2.70000000000000e+00  -1.96823558810997e-01
2.72500000000000e+00  -1.78465647510997e-01
2.75000000000000e+00  -1.56464831232662e-01
2.77500000000000e+00  -1.31033475235310e-01
2.80000000000000e+00  -1.02475268809127e-01
2.82500000000000e+00  -7.10422368733684e-02
2.85000000000000e+00  -3.70609296074209e-02
2.87500000000000e+00  -8.99977194485241e-04
2.90000000000000e+00  3.70436054629082e-02
2.92500000000000e+00  7.63467654904401e-02
2.95000000000000e+00  1.16565348761367e-01
2.97500000000000e+00  1.57239078192445e-01
3.00000000000000e+00  1.97896697392415e-01
3.02500000000000e+00  2.38062526180145e-01
3.05000000000000e+00  2.77263341221481e-01
3.07500000000000e+00  3.15037477084623e-01
3.10000000000000e+00  3.50947852449604e-01
3.12500000000000e+00  3.84471666872397e-01
3.15000000000000e+00  4.15294965649079e-01
3.17500000000000e+00  4.42963249433391e-01
3.20000000000000e+00  4.67129644424377e-01
3.22500000000000e+00  4.87487737277908e-01
3.25000000000000e+00  5.03774370293926e-01
3.27500000000000e+00  5.15772436603673e-01
3.30000000000000e+00  5.23313675356932e-01
3.32500000000000e+00  5.26281466909263e-01
3.35000000000000e+00  5.24613628009237e-01
3.37500000000000e+00  5.18305206985676e-01
3.40000000000000e+00  5.07411278934887e-01
3.42500000000000e+00  4.92049740907901e-01
3.45000000000000e+00  4.72403786370209e-01
3.47500000000000e+00  4.48701200323722e-01
3.50000000000000e+00  4.21138390306056e-01
3.52500000000000e+00  3.90171832730941e-01
3.55000000000000e+00  3.56183542650115e-01
3.57500000000000e+00  3.19552324943900e-01
3.60000000000000e+00  2.80714062177931e-01
3.62500000000000e+00  2.40151089830920e-01
3.65000000000000e+00  1.98399414803237e-01
3.67500000000000e+00  1.56020592323291e-01
3.70000000000000e+00  1.13566785370285e-01
3.72500000000000e+00  7.15325211996848e-02
3.75000000000000e+00  3.04906731319079e-02
3.77500000000000e+00  -9.17669609242836e-03
3.80000000000000e+00  -4.67616923913270e-02
3.82500000000000e+00  -8.18030130020765e-02
3.85000000000000e+00  -1.13867672450315e-01
3.87500000000000e+00  -1.42556465253507e-01
3.90000000000000e+00  -1.67509428624415e-01
3.92500000000000e+00  -1.88411305174568e-01
3.95000000000000e+00  -2.04997005617743e-01
3.97500000000000e+00  -2.17057071473435e-01
4.00000000000000e+00  -2.24443137770329e-01
4.02500000000000e+00  -2.27073395749773e-01
4.05000000000000e+00  -2.24938055569253e-01
4.07500000000000e+00  -2.18092909709171e-01
4.10000000000000e+00  -2.06655222804038e-01
4.12500000000000e+00  -1.90827486206648e-01
4.15000000000000e+00  -1.70852182908938e-01
4.17500000000000e+00  -1.47043003872787e-01
4.20000000000000e+00  -1.19774821862152e-01
4.22500000000000e+00  -8.94736652752202e-02
4.25000000000000e+00  -5.66066919765454e-02
4.27500000000000e+00  -2.16721631291888e-02
4.30000000000000e+00  1.48105829731316e-02
4.32500000000000e+00  5.23111570739066e-02
4.35000000000000e+00  9.02981451216834e-02
4.37500000000000e+00  1.27892942528118e-01
4.40000000000000e+00  1.65014746657917e-01
4.42500000000000e+00  2.00725990314205e-01
4.45000000000000e+00  2.34510311124348e-01
4.47500000000000e+00  2.65866262559804e-01
4.50000000000000e+00  2.94315187284985e-01
4.52500000000000e+00  3.19409090506104e-01
4.55000000000000e+00  3.40738513320022e-01
4.57500000000000e+00  3.57940406063100e-01
4.60000000000000e+00  3.70706001660050e-01
4.62500000000000e+00  3.78788688972784e-01
4.65000000000000e+00  3.82011886149262e-01
4.67500000000000e+00  3.80276913972345e-01
4.70000000000000e+00  3.73581720652909e-01
4.72500000000000e+00  3.61952707858204e-01
4.75000000000000e+00  3.45304018221756e-01
4.77500000000000e+00  3.24095163750592e-01
4.80000000000000e+00  2.98583911388967e-01
4.82500000000000e+00  2.68986254077006e-01
4.85000000000000e+00  2.35615142722258e-01
4.87500000000000e+00  1.98878920368992e-01
4.90000000000000e+00  1.59301885375301e-01
4.92500000000000e+00  1.17470871734120e-01
4.95000000000000e+00  7.39558706399922e-02
4.97500000000000e+00  2.91917348639625e-02
5.00000000000000e+00  -1.62478039798404e-02
5.02500000000000e+00  -6.17660326967749e-02
5.05000000000000e+00  -1.06641555077943e-01
5.07500000000000e+00  -1.50308102940857e-01
5.10000000000000e+00  -1.92212898740019e-01
5.12500000000000e+00  -2.31824031872837e-01
5.15000000000000e+00  -2.68637834985578e-01
5.17500000000000e+00  -3.02186260279288e-01
5.20000000000000e+00  -3.32044255815727e-01
5.22500000000000e+00  -3.57837141823312e-01
5.25000000000000e+00  -3.79247987003037e-01
5.27500000000000e+00  -3.96024984834418e-01
5.30000000000000e+00  -4.07988829881420e-01
5.32500000000000e+00  -4.15020626464227e-01
5.35000000000000e+00  -4.17078163890072e-01
5.37500000000000e+00  -4.14207229126666e-01
5.40000000000000e+00  -4.06494051928627e-01
5.42500000000000e+00  -3.94112782371686e-01
5.45000000000000e+00  -3.77311527646459e-01
5.47500000000000e+00  -3.56399105708729e-01
5.50000000000000e+00  -3.31736558689623e-01
5.52500000000000e+00  -3.03729239155014e-01
5.55000000000000e+00  -2.72821683111092e-01
5.57500000000000e+00  -2.39495081504783e-01
5.60000000000000e+00  -2.04268990344896e-01
5.62500000000000e+00  -1.67826610404649e-01
5.65000000000000e+00  -1.30361655594673e-01
5.67500000000000e+00  -9.28827534286609e-02
5.70000000000000e+00  -5.58565336720924e-02
5.72500000000000e+00  -1.98045807216561e-02
5.75000000000000e+00  1.47274641168378e-02
5.77500000000000e+00  4.72008003505690e-02
5.80000000000000e+00  7.71074141796883e-02
5.82500000000000e+00  1.03987419243050e-01
5.85000000000000e+00  1.27432676282989e-01
5.87500000000000e+00  1.47091190721846e-01
5.90000000000000e+00  1.62646879844968e-01
5.92500000000000e+00  1.73795846712601e-01
5.95000000000000e+00  1.80363196444922e-01
5.97500000000000e+00  1.82234283122794e-01
6.00000000000000e+00  1.79508156030466e-01
6.02500000000000e+00  1.71983594548412e-01
6.05000000000000e+00  1.59731764023621e-01
6.07500000000000e+00  1.42974450967962e-01
6.10000000000000e+00  1.21974044634121e-01
6.12500000000000e+00  9.70079583834234e-02
6.15000000000000e+00  6.83466436660263e-02
6.17500000000000e+00  3.62817571738697e-02
6.20000000000000e+00  1.18223016206320e-03
6.22500000000000e+00  -3.64251700092316e-02
6.25000000000000e+00  -7.58202631395628e-02
6.27500000000000e+00  -1.16878774150705e-01
6.30000000000000e+00  -1.58851027271917e-01
6.32500000000000e+00  -2.01221961072478e-01
6.35000000000000e+00  -2.43459803933197e-01
6.37500000000000e+00  -2.85027769469606e-01
6.40000000000000e+00  -3.25395751955175e-01
6.42500000000000e+00  -3.64050282607009e-01
6.45000000000000e+00  -4.00503564283751e-01
6.47500000000000e+00  -4.34298541045239e-01
6.50000000000000e+00  -4.65015825047247e-01
6.52500000000000e+00  -4.92272763626875e-01
6.55000000000000e+00  -5.15721290149635e-01
6.57500000000000e+00  -5.35086424636209e-01
6.60000000000000e+00  -5.50134747260960e-01
6.62500000000000e+00  -5.60696130520406e-01
6.65000000000000e+00  -5.66650438369061e-01
6.67500000000000e+00  -5.67941905318531e-01
6.70000000000000e+00  -5.64575710537807e-01
6.72500000000000e+00  -5.56614551953552e-01
6.75000000000000e+00  -5.44175220350395e-01
6.77500000000000e+00  -5.27425173471209e-01
6.80000000000000e+00  -5.06579110117412e-01
6.82500000000000e+00  -4.81895544249245e-01
6.85000000000000e+00  -4.53673379086066e-01
6.87500000000000e+00  -4.22353178598879e-01
6.90000000000000e+00  -3.88155903628528e-01
6.92500000000000e+00  -3.51644261578255e-01
6.95000000000000e+00  -3.13238847958033e-01
6.97500000000000e+00  -2.73384239740958e-01
7.00000000000000e+00  -2.32542314789384e-01
7.02500000000000e+00  -1.91185571281036e-01
7.05000000000000e+00  -1.49790447135151e-01
7.07500000000000e+00  -1.08830639438588e-01
7.10000000000000e+00  -6.87704238719601e-02
7.12500000000000e+00  -3.00579741357680e-02
7.15000000000000e+00  6.88131862348992e-03
7.17500000000000e+00  4.16515263871778e-02
7.20000000000000e+00  7.38846348665250e-02
7.22500000000000e+00  1.03249080964649e-01
7.25000000000000e+00  1.29453882749373e-01
7.27500000000000e+00  1.52244849483841e-01
7.30000000000000e+00  1.71412988211200e-01
7.32500000000000e+00  1.86794065218937e-01
7.35000000000000e+00  1.98268167503226e-01
7.37500000000000e+00  2.05759264233251e-01
7.40000000000000e+00  2.09234768215556e-01
7.42500000000000e+00  2.08705097358378e-01
7.45000000000000e+00  2.04223236135984e-01
7.47500000000000e+00  1.95884297053010e-01
7.50000000000000e+00  1.83870379193024e-01
7.52500000000000e+00  1.68303188112118e-01
7.55000000000000e+00  1.49448632294152e-01
7.57500000000000e+00  1.27538445763102e-01
7.60000000000000e+00  1.02843215090165e-01
7.62500000000000e+00  7.56641766003987e-02
7.65000000000000e+00  4.63250135793515e-02
7.67500000000000e+00  1.51657076346872e-02
7.70000000000000e+00  -1.74622777099020e-02
7.72500000000000e+00  -5.11994840197833e-02
7.75000000000000e+00  -8.56815894803390e-02
7.77500000000000e+00  -1.20540271143603e-01
7.80000000000000e+00  -1.55403729619273e-01
7.82500000000000e+00  -1.89917632077555e-01
7.85000000000000e+00  -2.23735371806879e-01
7.87500000000000e+00  -2.56520385744826e-01
7.90000000000000e+00  -2.87950885040699e-01
7.92500000000000e+00  -3.17726340079806e-01
7.95000000000000e+00  -3.45568590571638e-01
7.97500000000000e+00  -3.71222955638067e-01
8.00000000000000e+00  -3.94459343901524e-01
8.02500000000000e+00  -4.15073363573186e-01
8.05000000000000e+00  -4.32887432541163e-01
8.07500000000000e+00  -4.47751888458682e-01
8.10000000000000e+00  -4.59546098832276e-01
8.12500000000000e+00  -4.68230110710660e-01
8.15000000000000e+00  -4.73618024884056e-01
8.17500000000000e+00  -4.75797202199153e-01
8.20000000000000e+00  -4.74749090331074e-01
8.22500000000000e+00  -4.70488809487031e-01
8.25000000000000e+00  -4.63062580564091e-01
8.27500000000000e+00  -4.52545153306936e-01
8.30000000000000e+00  -4.39037234465636e-01
8.32500000000000e+00  -4.22662915953402e-01
8.35000000000000e+00  -4.03567103004362e-01
8.37500000000000e+00  -3.81912942331314e-01
8.40000000000000e+00  -3.57879250283501e-01
8.42500000000000e+00  -3.31657941004367e-01
8.45000000000000e+00  -3.03452646120595e-01
8.47500000000000e+00  -2.73475620563771e-01
8.50000000000000e+00  -2.41945345565739e-01
8.52500000000000e+00  -2.09086619911942e-01
8.55000000000000e+00  -1.75126392313896e-01
8.57500000000000e+00  -1.40292511021481e-01
8.60000000000000e+00  -1.04812473435211e-01
8.62500000000000e+00  -6.89121757185025e-02
8.65000000000000e+00  -3.28146624099686e-02
8.67500000000000e+00  3.26112396431574e-03
8.70000000000000e+00  3.91015932785328e-02
8.72500000000000e+00  7.44997581948502e-02
8.75000000000000e+00  1.09293016572061e-01
8.77500000000000e+00  1.43279704359401e-01
8.80000000000000e+00  1.76307574931441e-01
8.82500000000000e+00  2.08219979060380e-01
8.85000000000000e+00  2.38875109388954e-01
8.87500000000000e+00  2.68145868820844e-01
8.90000000000000e+00  2.95919738911046e-01
8.92500000000000e+00  3.22098648256275e-01
8.95000000000000e+00  3.46598840885356e-01
8.97500000000000e+00  3.69350744649610e-01
9.00000000000000e+00  3.90298839613251e-01
9.02500000000000e+00  4.09401526443768e-01
9.05000000000000e+00  4.26630994802325e-01
9.07500000000000e+00  4.41970715431909e-01
9.10000000000000e+00  4.55416812290529e-01
9.12500000000000e+00  4.66976865176172e-01
9.15000000000000e+00  4.76668900442064e-01
9.17500000000000e+00  4.84520986900089e-01
9.20000000000000e+00  4.90570440855297e-01
9.22500000000000e+00  4.94863031140413e-01
9.25000000000000e+00  4.97452184150349e-01
9.27500000000000e+00  4.98398188876714e-01
9.30000000000000e+00  4.97767401942320e-01
9.32500000000000e+00  4.95631452635700e-01
9.35000000000000e+00  4.92066447945609e-01
9.37500000000000e+00  4.87145951665223e-01
9.40000000000000e+00  4.80959094540038e-01
9.42500000000000e+00  4.73581597375939e-01
9.45000000000000e+00  4.65098900402133e-01
9.47500000000000e+00  4.55596296422145e-01
9.50000000000000e+00  4.45158520744835e-01
9.52500000000000e+00  4.33869341115438e-01
9.55000000000000e+00  4.21811147646577e-01
9.57500000000000e+00  4.09064542749299e-01
9.60000000000000e+00  3.95707931064095e-01
9.62500000000000e+00  3.81817109391930e-01
9.65000000000000e+00  3.67464856625264e-01
9.67500000000000e+00  3.52720523679087e-01
9.70000000000000e+00  3.37650368770588e-01
9.72500000000000e+00  3.22316756433199e-01
9.75000000000000e+00  3.06778042558521e-01
9.77500000000000e+00  2.91088723815971e-01
9.80000000000000e+00  2.75298974071527e-01
9.82500000000000e+00  2.59454598600062e-01
9.85000000000000e+00  2.43596988297669e-01
9.87500000000000e+00  2.27763073893983e-01
9.90000000000000e+00  2.11985280164509e-01
9.92500000000000e+00  1.96291480142955e-01
9.95000000000000e+00  1.80704949333552e-01
9.97500000000000e+00  1.65244319923380e-01
1.00000000000000e+01  1.49923534994707e-01
