0.00000000000000e+00  -1.52749098149481e-01
2.50000000000000e-02  -1.68572466703006e-01
5.00000000000000e-02  -1.84569180289692e-01
7.50000000000000e-02  -2.00727321721185e-01
1.00000000000000e-01  -2.17030091890795e-01
1.25000000000000e-01  -2.33455824189528e-01
1.50000000000000e-01  -2.49977998922130e-01
1.75000000000000e-01  -2.66565257723120e-01
2.00000000000000e-01  -2.83181417972836e-01
2.25000000000000e-01  -2.99785487213470e-01
2.50000000000000e-01  -3.16331677565112e-01
2.75000000000000e-01  -3.32769420141784e-01
3.00000000000000e-01  -3.49043379467484e-01
3.25000000000000e-01  -3.65093960577738e-01
3.50000000000000e-01  -3.80857100877201e-01
3.75000000000000e-01  -3.96264350131982e-01
4.00000000000000e-01  -4.11243853004376e-01
4.25000000000000e-01  -4.25719858150103e-01
4.50000000000000e-01  -4.39613193072710e-01
4.75000000000000e-01  -4.52841738977952e-01
5.00000000000000e-01  -4.65320905628190e-01
5.25000000000000e-01  -4.76964106196781e-01
5.50000000000000e-01  -4.87683232122464e-01
5.75000000000000e-01  -4.97389127963763e-01
6.00000000000000e-01  -5.05992066253363e-01
6.25000000000000e-01  -5.13403281787429e-01
6.50000000000000e-01  -5.19533251806627e-01
6.75000000000000e-01  -5.24296953986804e-01
7.00000000000000e-01  -5.27610258420908e-01
7.25000000000000e-01  -5.29392348077296e-01
7.50000000000000e-01  -5.29566599562968e-01
7.75000000000000e-01  -5.28061463886800e-01
8.00000000000000e-01  -5.24811347222786e-01
8.25000000000000e-01  -5.19757491673268e-01
8.50000000000000e-01  -5.12848856032176e-01
8.75000000000000e-01  -5.04042996548263e-01
9.00000000000000e-01  -4.93306947688339e-01
9.25000000000000e-01  -4.80618102900511e-01
9.50000000000000e-01  -4.65964729034073e-01
9.75000000000000e-01  -4.49347014195642e-01
1.00000000000000e+00  -4.30778364373173e-01
1.02500000000000e+00  -4.10283960157281e-01
1.05000000000000e+00  -3.87903445587756e-01
1.07500000000000e+00  -3.63691045364343e-01
1.10000000000000e+00  -3.37715682057534e-01
1.12500000000000e+00  -3.10061093319344e-01
1.15000000000000e+00  -2.80825949094102e-01
1.17500000000000e+00  -2.50123968829234e-01
1.20000000000000e+00  -2.18084038686044e-01
1.22500000000000e+00  -1.84850328750504e-01
1.25000000000000e+00  -1.50571189273233e-01
1.27500000000000e+00  -1.15442691464151e-01
1.30000000000000e+00  -7.96314375943796e-02
1.32500000000000e+00  -4.33355640276865e-02
1.35000000000000e+00  -6.76482927152220e-03
1.37500000000000e+00  2.98610573234548e-02
1.40000000000000e+00  6.63141068638372e-02
1.42500000000000e+00  1.02359722213934e-01
1.45000000000000e+00  1.37758369296244e-01
1.47500000000000e+00  1.72267248391909e-01
1.50000000000000e+00  2.05641965441190e-01
1.52500000000000e+00  2.37638203343927e-01
1.55000000000000e+00  2.68013393260003e-01
1.57500000000000e+00  2.96530819474575e-01
1.60000000000000e+00  3.22960073967097e-01
1.62500000000000e+00  3.47080391924063e-01
1.65000000000000e+00  3.68681568543955e-01
1.67500000000000e+00  3.87567854960444e-01
1.70000000000000e+00  4.03560126096661e-01
1.72500000000000e+00  4.16498048519463e-01
1.75000000000000e+00  4.26242248293703e-01
1.77500000000000e+00  4.32676478836500e-01
1.80000000000000e+00  4.35709788771503e-01
1.82500000000000e+00  4.35278689783164e-01
1.85000000000000e+00  4.31349324471003e-01
1.87500000000000e+00  4.23911740390128e-01
1.90000000000000e+00  4.12986290074650e-01
1.92500000000000e+00  3.98633034108261e-01
1.95000000000000e+00  3.80937438310300e-01
1.97500000000000e+00  3.60018909359452e-01
2.00000000000000e+00  3.36029640055261e-01
2.02500000000000e+00  3.09153454579655e-01
2.05000000000000e+00  2.79604653758452e-01
2.07500000000000e+00  2.47626860322885e-01
2.10000000000000e+00  2.13491864171111e-01
2.12500000000000e+00  1.77498467629734e-01
2.15000000000000e+00  1.39971330715316e-01
2.17500000000000e+00  1.01259816395893e-01
2.20000000000000e+00  6.16927325199494e-02
2.22500000000000e+00  2.16862548199658e-02
2.25000000000000e+00  -1.83777805634342e-02
2.27500000000000e+00  -5.81113573407432e-02
2.30000000000000e+00  -9.71144078636275e-02
2.32500000000000e+00  -1.34983420478871e-01
2.35000000000000e+00  -1.71319677248012e-01
2.37500000000000e+00  -2.05735034806969e-01
2.40000000000000e+00  -2.37856978680302e-01
2.42500000000000e+00  -2.67332177172096e-01
2.45000000000000e+00  -2.93828066056240e-01
2.47500000000000e+00  -3.17031615409588e-01
2.50000000000000e+00  -3.36689404200442e-01
2.52500000000000e+00  -3.52459107640126e-01
2.55000000000000e+00  -3.64270996158815e-01
2.57500000000000e+00  -3.71894790242309e-01
2.60000000000000e+00  -3.75190982760586e-01
2.62500000000000e+00  -3.74091780018450e-01
2.65000000000000e+00  -3.68582042806172e-01
2.67500000000000e+00  -3.58689584719418e-01
2.70000000000000e+00  -3.44480835715545e-01
2.72500000000000e+00  -3.26064744589193e-01
2.75000000000000e+00  -3.03595912617601e-01
2.77500000000000e+00  -2.77293020722002e-01
2.80000000000000e+00  -2.47459607702724e-01
2.82500000000000e+00  -2.14373913160140e-01
2.85000000000000e+00  -1.78385337360341e-01
2.87500000000000e+00  -1.39875643040857e-01
2.90000000000000e+00  -9.92821130202877e-02
2.92500000000000e+00  -5.70579910570902e-02
2.95000000000000e+00  -1.36757414569585e-02
2.97500000000000e+00  3.03708156917115e-02
3.00000000000000e+00  7.45721574895856e-02
3.02500000000000e+00  1.18407891120568e-01
3.05000000000000e+00  1.61355804952701e-01
3.07500000000000e+00  2.02902424835660e-01
3.10000000000000e+00  2.42555081175056e-01
3.12500000000000e+00  2.79841371426288e-01
3.15000000000000e+00  3.14266989587021e-01
3.17500000000000e+00  3.45421947819132e-01
3.20000000000000e+00  3.72909378481495e-01
3.22500000000000e+00  3.96378612416454e-01
3.25000000000000e+00  4.15527900172200e-01
3.27500000000000e+00  4.30107133225134e-01
3.30000000000000e+00  4.39920565202243e-01
3.32500000000000e+00  4.44829533103473e-01
3.35000000000000e+00  4.44755178524094e-01
3.37500000000000e+00  4.39681168877075e-01
3.40000000000000e+00  4.29656418615458e-01
3.42500000000000e+00  4.14797810454720e-01
3.45000000000000e+00  3.95279221035244e-01
3.47500000000000e+00  3.71339892960232e-01
3.50000000000000e+00  3.43279063114878e-01
3.52500000000000e+00  3.11448165626427e-01
3.55000000000000e+00  2.76252726678434e-01
3.57500000000000e+00  2.38145586954820e-01
3.60000000000000e+00  1.97620124083911e-01
3.62500000000000e+00  1.55203475082497e-01
3.65000000000000e+00  1.11449758799878e-01
3.67500000000000e+00  6.69332983619125e-02
3.70000000000000e+00  2.22418436150711e-02
3.72500000000000e+00  -2.20302064295180e-02
3.75000000000000e+00  -6.52721633947152e-02
3.77500000000000e+00  -1.06955751642857e-01
3.80000000000000e+00  -1.46474285251672e-01
3.82500000000000e+00  -1.83295339898259e-01
3.85000000000000e+00  -2.16924076367634e-01
3.87500000000000e+00  -2.46908260022145e-01
3.90000000000000e+00  -2.72843280270886e-01
3.92500000000000e+00  -2.94377170039108e-01
3.95000000000000e+00  -3.11215625237635e-01
3.97500000000000e+00  -3.23127024232275e-01
4.00000000000000e+00  -3.29947447313233e-01
4.02500000000000e+00  -3.31585696164526e-01
4.05000000000000e+00  -3.28028313333391e-01
4.07500000000000e+00  -3.19324292369570e-01
4.10000000000000e+00  -3.05604061180521e-01
4.12500000000000e+00  -2.87080436637075e-01
4.15000000000000e+00  -2.64006948496031e-01
4.17500000000000e+00  -2.36719482224726e-01
4.20000000000000e+00  -2.05621714481109e-01
4.22500000000000e+00  -1.71171286136089e-01
4.25000000000000e+00  -1.33871306996689e-01
4.27500000000000e+00  -9.42619461056291e-02
4.30000000000000e+00  -5.29151235268140e-02
4.32500000000000e+00  -1.04307066638049e-02
4.35000000000000e+00  3.25660938075063e-02
4.37500000000000e+00  7.54058718908026e-02
4.40000000000000e+00  1.17527083116520e-01
4.42500000000000e+00  1.58245648768384e-01
4.45000000000000e+00  1.96958007255198e-01
4.47500000000000e+00  2.33089777788238e-01
4.50000000000000e+00  2.66102290492242e-01
4.52500000000000e+00  2.95499116516395e-01
4.55000000000000e+00  3.20832598145300e-01
4.57500000000000e+00  3.41710378909975e-01
4.60000000000000e+00  3.57801933698823e-01
4.62500000000000e+00  3.68845098868616e-01
4.65000000000000e+00  3.74652602355485e-01
4.67500000000000e+00  3.75118593785891e-01
4.70000000000000e+00  3.70200894509371e-01
4.72500000000000e+00  3.59949375568885e-01
4.75000000000000e+00  3.44506271991876e-01
4.77500000000000e+00  3.24040824513745e-01
4.80000000000000e+00  2.98823109030673e-01
4.82500000000000e+00  2.69206597886400e-01
4.85000000000000e+00  2.35609923387430e-01
4.87500000000000e+00  1.98499082095944e-01
4.90000000000000e+00  1.58381195613850e-01
4.92500000000000e+00  1.15803343160593e-01
4.95000000000000e+00  7.13577092207531e-02
4.97500000000000e+00  2.56812873832279e-02
5.00000000000000e+00  -2.05361825886240e-02
5.02500000000000e+00  -6.67386474479581e-02
5.05000000000000e+00  -1.12195579792621e-01
5.07500000000000e+00  -1.56277564758962e-01
5.10000000000000e+00  -1.98368453893398e-01
5.12500000000000e+00  -2.37875683104165e-01
5.15000000000000e+00  -2.74240590613113e-01
5.17500000000000e+00  -3.06949252632140e-01
5.20000000000000e+00  -3.35541658466477e-01
5.22500000000000e+00  -3.59618233657227e-01
5.25000000000000e+00  -3.78844789582865e-01
5.27500000000000e+00  -3.92954077386504e-01
5.30000000000000e+00  -4.01746997593560e-01
5.32500000000000e+00  -4.05108214738862e-01
5.35000000000000e+00  -4.03001370988567e-01
5.37500000000000e+00  -3.95493737121105e-01
5.40000000000000e+00  -3.82669568944137e-01
5.42500000000000e+00  -3.64723950582894e-01
5.45000000000000e+00  -3.41938496176424e-01
5.47500000000000e+00  -3.14659327092467e-01
5.50000000000000e+00  -2.83289807246868e-01
5.52500000000000e+00  -2.48281018213203e-01
5.55000000000000e+00  -2.10129873410968e-01
5.57500000000000e+00  -1.69380492597210e-01
5.60000000000000e+00  -1.26631565424698e-01
5.62500000000000e+00  -8.25598300049943e-02
5.65000000000000e+00  -3.76600566093389e-02
5.67500000000000e+00  7.30915557717568e-03
5.70000000000000e+00  5.17255178688863e-02
5.72500000000000e+00  9.49673443692415e-02
5.75000000000000e+00  1.36425004739016e-01
5.77500000000000e+00  1.75512376964553e-01
5.80000000000000e+00  2.11677525418554e-01
5.82500000000000e+00  2.44412034993244e-01
5.85000000000000e+00  2.73257935932398e-01
5.87500000000000e+00  2.97814138124990e-01
5.90000000000000e+00  3.17738963118438e-01
5.92500000000000e+00  3.32752172233971e-01
5.95000000000000e+00  3.42648163846889e-01
5.97500000000000e+00  3.47296090917978e-01
6.00000000000000e+00  3.46666069386710e-01
6.02500000000000e+00  3.40734238108397e-01
6.05000000000000e+00  3.29588065057763e-01
6.07500000000000e+00  3.13401842595957e-01
6.10000000000000e+00  2.92414282264799e-01
6.12500000000000e+00  2.66920818689483e-01
6.15000000000000e+00  2.37265686049606e-01
6.17500000000000e+00  2.03842364165448e-01
6.20000000000000e+00  1.67098315269718e-01
6.22500000000000e+00  1.27544114287755e-01
6.25000000000000e+00  8.57563308448136e-02
6.27500000000000e+00  4.22434206096435e-02
6.30000000000000e+00  -2.39220350145399e-03
6.32500000000000e+00  -4.75551046232259e-02
6.35000000000000e+00  -9.26491044545283e-02
6.37500000000000e+00  -1.37084127786325e-01
6.40000000000000e+00  -1.80283047029714e-01
6.42500000000000e+00  -2.21688526743927e-01
6.45000000000000e+00  -2.60769868164356e-01
6.47500000000000e+00  -2.97029853730554e-01
6.50000000000000e+00  -3.30011591614249e-01
6.52500000000000e+00  -3.59305360247366e-01
6.55000000000000e+00  -3.84555452850025e-01
6.57500000000000e+00  -4.05457579718319e-01
6.60000000000000e+00  -4.21767383438617e-01
6.62500000000000e+00  -4.33306745456677e-01
6.65000000000000e+00  -4.39952666062858e-01
6.67500000000000e+00  -4.41650508913549e-01
6.70000000000000e+00  -4.38411115512118e-01
6.72500000000000e+00  -4.30307919689870e-01
6.75000000000000e+00  -4.17474062086995e-01
6.77500000000000e+00  -4.00099504633518e-01
6.80000000000000e+00  -3.78428145030256e-01
6.82500000000000e+00  -3.52754931229765e-01
6.85000000000000e+00  -3.23422975917294e-01
6.87500000000000e+00  -2.90835988120991e-01
6.90000000000000e+00  -2.55388641250523e-01
6.92500000000000e+00  -2.17558871462351e-01
6.95000000000000e+00  -1.77822713595523e-01
6.97500000000000e+00  -1.36674458414056e-01
7.00000000000000e+00  -9.46204681296173e-02
7.02500000000000e+00  -5.21729919241863e-02
7.05000000000000e+00  -9.84398147273555e-03
7.07500000000000e+00  3.18610935341093e-02
7.10000000000000e+00  7.24494298673930e-02
7.12500000000000e+00  1.11447075237154e-01
7.15000000000000e+00  1.48405112769768e-01
7.17500000000000e+00  1.82905845485259e-01
7.20000000000000e+00  2.14563452242357e-01
7.22500000000000e+00  2.43031236691101e-01
7.25000000000000e+00  2.68006895331374e-01
7.27500000000000e+00  2.89226934290854e-01
7.30000000000000e+00  3.06477439783174e-01
7.32500000000000e+00  3.19593696632307e-01
7.35000000000000e+00  3.28459806796944e-01
7.37500000000000e+00  3.33008307894875e-01
7.40000000000000e+00  3.33219791727368e-01
7.42500000000000e+00  3.29122522803548e-01
7.45000000000000e+00  3.20792056864778e-01
7.47500000000000e+00  3.08350859409038e-01
7.50000000000000e+00  2.91979576264640e-01
7.52500000000000e+00  2.71860931465145e-01
7.55000000000000e+00  2.48255955054053e-01
7.57500000000000e+00  2.21440054527579e-01
7.60000000000000e+00  1.91719467007030e-01
7.62500000000000e+00  1.59426855725855e-01
7.65000000000000e+00  1.24916906516669e-01
7.67500000000000e+00  8.85619242982986e-02
7.70000000000000e+00  5.07474295628102e-02
7.72500000000000e+00  1.18677548625484e-02
7.75000000000000e+00  -2.76783587028219e-02
7.77500000000000e+00  -6.74921649992915e-02
7.80000000000000e+00  -1.07179316371459e-01
7.82500000000000e+00  -1.46352893472315e-01
7.85000000000000e+00  -1.84639197733779e-01
7.87500000000000e+00  -2.21680366695934e-01
7.90000000000000e+00  -2.57133771778427e-01
7.92500000000000e+00  -2.90680512917339e-01
7.95000000000000e+00  -3.22026681138796e-01
7.97500000000000e+00  -3.50904621132602e-01
8.00000000000000e+00  -3.77074193825846e-01
8.02500000000000e+00  -4.00324038956531e-01
8.05000000000000e+00  -4.20472837647185e-01
8.07500000000000e+00  -4.37370574978481e-01
8.10000000000000e+00  -4.50899802562864e-01
8.12500000000000e+00  -4.60999057528050e-01
8.15000000000000e+00  -4.67561304983534e-01
8.17500000000000e+00  -4.70615890690005e-01
8.20000000000000e+00  -4.70164719108016e-01
8.22500000000000e+00  -4.66242384013405e-01
8.25000000000000e+00  -4.58913822409622e-01
8.27500000000000e+00  -4.48271968440051e-01
8.30000000000000e+00  -4.34435407300334e-01
8.32500000000000e+00  -4.17546029150692e-01
8.35000000000000e+00  -3.97766683028252e-01
8.37500000000000e+00  -3.75278830759361e-01
8.40000000000000e+00  -3.50280200871923e-01
8.42500000000000e+00  -3.22982442507709e-01
8.45000000000000e+00  -2.93608066016091e-01
8.47500000000000e+00  -2.62388741710045e-01
8.50000000000000e+00  -2.29562116333094e-01
8.52500000000000e+00  -1.95371714207323e-01
8.55000000000000e+00  -1.60062505743864e-01
8.57500000000000e+00  -1.23879349246403e-01
8.60000000000000e+00  -8.70654327146657e-02
8.62500000000000e+00  -4.98607156479054e-02
8.65000000000000e+00  -1.25003708484109e-02
8.67500000000000e+00  2.47867737750110e-02
8.70000000000000e+00  6.17797934035381e-02
8.72500000000000e+00  9.82672245048440e-02
8.75000000000000e+00  1.34068011893367e-01
8.77500000000000e+00  1.68975341394531e-01
8.80000000000000e+00  2.02831752298280e-01
8.82500000000000e+00  2.35476909660231e-01
8.85000000000000e+00  2.66766213018543e-01
8.87500000000000e+00  2.96570622777527e-01
8.90000000000000e+00  3.24776486591227e-01
8.92500000000000e+00  3.51285365747023e-01
8.95000000000000e+00  3.76013861549234e-01
8.97500000000000e+00  3.98893441702703e-01
9.00000000000000e+00  4.19870266696406e-01
9.02500000000000e+00  4.38905016187039e-01
9.05000000000000e+00  4.55972715382619e-01
9.07500000000000e+00  4.71060422352348e-01
9.10000000000000e+00  4.84168256456669e-01
9.12500000000000e+00  4.95308200712483e-01
9.15000000000000e+00  5.04503232480498e-01
9.17500000000000e+00  5.11786630742520e-01
9.20000000000000e+00  5.17201127414603e-01
9.22500000000000e+00  5.20798058660208e-01
9.25000000000000e+00  5.22636516203365e-01
9.27500000000000e+00  5.22782498641821e-01
9.30000000000000e+00  5.21308062760206e-01
9.32500000000000e+00  5.18290474843184e-01
9.35000000000000e+00  5.13811361988614e-01
9.37500000000000e+00  5.07952179081107e-01
9.40000000000000e+00  5.00804504136557e-01
9.42500000000000e+00  4.92452758958884e-01
9.45000000000000e+00  4.82987503670739e-01
9.47500000000000e+00  4.72499093781517e-01
9.50000000000000e+00  4.61077222657189e-01
9.52500000000000e+00  4.48810463990132e-01
9.55000000000000e+00  4.35785814268951e-01
9.57500000000000e+00  4.22088235248309e-01
9.60000000000000e+00  4.07800196418757e-01
9.62500000000000e+00  3.93001217476562e-01
9.65000000000000e+00  3.77767410793529e-01
9.67500000000000e+00  3.62171023886835e-01
9.70000000000000e+00  3.46280843266277e-01
9.72500000000000e+00  3.30161303114220e-01
9.75000000000000e+00  3.13872377243801e-01
9.77500000000000e+00  2.97469763049259e-01
9.80000000000000e+00  2.81004390962516e-01
9.82500000000000e+00  2.64522401314790e-01
9.85000000000000e+00  2.48065121198197e-01
9.87500000000000e+00  2.31669041327372e-01
9.90000000000000e+00  2.15365792901063e-01
9.92500000000000e+00  1.99182124463756e-01
9.95000000000000e+00  1.83139878767278e-01
9.97500000000000e+00  1.67255969632402e-01
1.00000000000000e+01  1.51542358810472e-01
