0.00000000000000e+00  -1.37701996699703e-01
2.50000000000000e-02  -1.51747263829123e-01
5.00000000000000e-02  -1.65925136275585e-01
7.50000000000000e-02  -1.80223478059005e-01
1.00000000000000e-01  -1.94626507298763e-01
1.25000000000000e-01  -2.09114755721632e-01
1.50000000000000e-01  -2.23665028169701e-01
1.75000000000000e-01  -2.38250362108307e-01
2.00000000000000e-01  -2.52839987133962e-01
2.25000000000000e-01  -2.67399284482281e-01
2.50000000000000e-01  -2.81889746535909e-01
2.75000000000000e-01  -2.96268936332452e-01
3.00000000000000e-01  -3.10490447072400e-01
3.25000000000000e-01  -3.24504456185267e-01
3.50000000000000e-01  -3.38257376779214e-01
3.75000000000000e-01  -3.51691861008942e-01
4.00000000000000e-01  -3.64747914165821e-01
4.25000000000000e-01  -3.77362191891721e-01
4.50000000000000e-01  -3.89468452480097e-01
4.75000000000000e-01  -4.00998009177064e-01
5.00000000000000e-01  -4.11880182482481e-01
5.25000000000000e-01  -4.22042752451029e-01
5.50000000000000e-01  -4.31412410993294e-01
5.75000000000000e-01  -4.39915214176846e-01
6.00000000000000e-01  -4.47477034527321e-01
6.25000000000000e-01  -4.54016854259004e-01
6.50000000000000e-01  -4.59477631798676e-01
6.75000000000000e-01  -4.63773177962979e-01
7.00000000000000e-01  -4.66835631975647e-01
7.25000000000000e-01  -4.68599435645814e-01
7.50000000000000e-01  -4.69002189990500e-01
7.75000000000000e-01  -4.67985511857095e-01
8.00000000000000e-01  -4.65495890545836e-01
8.25000000000000e-01  -4.61485544432297e-01
8.50000000000000e-01  -4.55913277589865e-01
8.75000000000000e-01  -4.48745336412228e-01
9.00000000000000e-01  -4.39956266235854e-01
9.25000000000000e-01  -4.29529767962477e-01
9.50000000000000e-01  -4.17458714727600e-01
9.75000000000000e-01  -4.03746484087128e-01
1.00000000000000e+00  -3.88408293526497e-01
1.02500000000000e+00  -3.71468900057569e-01
1.05000000000000e+00  -3.52965849054243e-01
1.07500000000000e+00  -3.32949363822402e-01
1.10000000000000e+00  -3.11482235169864e-01
1.12500000000000e+00  -2.88639710976324e-01
1.15000000000000e+00  -2.64509385763305e-01
1.17500000000000e+00  -2.39191090264107e-01
1.20000000000000e+00  -2.12796780993750e-01
1.22500000000000e+00  -1.85450429818925e-01
1.25000000000000e+00  -1.57288512506759e-01
1.27500000000000e+00  -1.28471247776713e-01
1.30000000000000e+00  -9.91475785021517e-02
1.32500000000000e+00  -6.94866833565143e-02
1.35000000000000e+00  -3.96672016144427e-02
1.37500000000000e+00  -9.87568262890116e-03
1.40000000000000e+00  1.96949646916917e-02
1.42500000000000e+00  4.88470224063349e-02
1.45000000000000e+00  7.73795140643226e-02
1.47500000000000e+00  1.05089755228110e-01
1.50000000000000e+00  1.31774903996191e-01
1.52500000000000e+00  1.57233511525968e-01
1.55000000000000e+00  1.81267072556625e-01
1.57500000000000e+00  2.03682444807723e-01
1.60000000000000e+00  2.24293110172945e-01
1.62500000000000e+00  2.42921985472656e-01
1.65000000000000e+00  2.59401196908491e-01
1.67500000000000e+00  2.73576382024784e-01
1.70000000000000e+00  2.85308372690376e-01
1.72500000000000e+00  2.94474878080416e-01
1.75000000000000e+00  3.00972167658174e-01
1.77500000000000e+00  3.04716754156842e-01
1.80000000000000e+00  3.05647076561340e-01
1.82500000000000e+00  3.03725183090126e-01
1.85000000000000e+00  2.98938414177000e-01
1.87500000000000e+00  2.91302490461921e-01
1.90000000000000e+00  2.80826104784974e-01
1.92500000000000e+00  2.67599043949839e-01
1.95000000000000e+00  2.51704986155631e-01
1.97500000000000e+00  2.33257359222350e-01
2.00000000000000e+00  2.12397888246270e-01
2.02500000000000e+00  1.89295143255327e-01
2.05000000000000e+00  1.64143086864512e-01
2.07500000000000e+00  1.37159621931257e-01
2.10000000000000e+00  1.08585139210826e-01
2.12500000000000e+00  7.86810650117062e-02
2.15000000000000e+00  4.77284088509946e-02
2.17500000000000e+00  1.60263111097890e-02
2.20000000000000e+00  -1.61130920768407e-02
2.22500000000000e+00  -4.83686606466364e-02
2.25000000000000e+00  -8.04081789594026e-02
2.27500000000000e+00  -1.11895399086181e-01
2.30000000000000e+00  -1.42491954940848e-01
2.32500000000000e+00  -1.71860913175078e-01
2.35000000000000e+00  -1.99670324073309e-01
2.37500000000000e+00  -2.25596772447707e-01
2.40000000000000e+00  -2.49328928533128e-01
2.42500000000000e+00  -2.70571098882080e-01
2.45000000000000e+00  -2.89046777259692e-01
2.47500000000000e+00  -3.04502195538677e-01
2.50000000000000e+00  -3.16728849098998e-01
2.52500000000000e+00  -3.25489743659869e-01
2.55000000000000e+00  -3.30657752675443e-01
2.57500000000000e+00  -3.32095081905008e-01
2.60000000000000e+00  -3.29706182548586e-01
2.62500000000000e+00  -3.23437611019709e-01
2.65000000000000e+00  -3.13277888718193e-01
2.67500000000000e+00  -2.99257361802927e-01
2.70000000000000e+00  -2.81448060964641e-01
2.72500000000000e+00  -2.59963561198690e-01
2.75000000000000e+00  -2.34958841577833e-01
2.77500000000000e+00  -2.06630145025010e-01
2.80000000000000e+00  -1.75214838086119e-01
2.82500000000000e+00  -1.40985196385487e-01
2.85000000000000e+00  -1.04249950949528e-01
2.87500000000000e+00  -6.53495482594198e-02
2.90000000000000e+00  -2.46537230988477e-02
2.92500000000000e+00  1.74420722119743e-02
2.95000000000000e+00  6.05216446299467e-02
2.97500000000000e+00  1.04153037202730e-01
3.00000000000000e+00  1.47893505882388e-01
3.02500000000000e+00  1.91294496339038e-01
3.05000000000000e+00  2.33906620774488e-01
3.07500000000000e+00  2.75284634735891e-01
3.10000000000000e+00  3.14992413929381e-01
3.12500000000000e+00  3.52607794922421e-01
3.15000000000000e+00  3.87751050728057e-01
3.17500000000000e+00  4.20029749632580e-01
3.20000000000000e+00  4.49101812788346e-01
3.22500000000000e+00  4.74663680124554e-01
3.25000000000000e+00  4.96452685973053e-01
3.27500000000000e+00  5.14249434694138e-01
3.30000000000000e+00  5.27880176302345e-01
3.32500000000000e+00  5.37219182092258e-01
3.35000000000000e+00  5.42191120264304e-01
3.37500000000000e+00  5.42773431550550e-01
3.40000000000000e+00  5.38998704840507e-01
3.42500000000000e+00  5.30957052806926e-01
3.45000000000000e+00  5.18786261179392e-01
3.47500000000000e+00  5.02680618864421e-01
3.50000000000000e+00  4.82882720865121e-01
3.52500000000000e+00  4.59680854618285e-01
3.55000000000000e+00  4.33407787338862e-01
3.57500000000000e+00  4.04435166198694e-01
3.60000000000000e+00  3.73167918505237e-01
3.62500000000000e+00  3.40038651880299e-01
3.65000000000000e+00  3.05502054438769e-01
3.67500000000000e+00  2.70029294967344e-01
3.70000000000000e+00  2.34102423103263e-01
3.72500000000000e+00  1.98208769513038e-01
3.75000000000000e+00  1.62915798408512e-01
3.77500000000000e+00  1.28449591789111e-01
3.80000000000000e+00  9.54895059406268e-02
3.82500000000000e+00  6.44457566052110e-02
3.85000000000000e+00  3.57026632083078e-02
3.87500000000000e+00  9.61384096752533e-03
3.90000000000000e+00  -1.35026069984853e-02
3.92500000000000e+00  -3.33688975611560e-02
3.95000000000000e+00  -4.97523754731285e-02
3.97500000000000e+00  -6.24703212593788e-02
4.00000000000000e+00  -7.13947591083399e-02
4.02500000000000e+00  -7.64572647630287e-02
4.05000000000000e+00  -7.76537734121702e-02
4.07500000000000e+00  -7.50305799761279e-02
4.10000000000000e+00  -6.87040174288910e-02
4.12500000000000e+00  -5.88488058273214e-02
4.15000000000000e+00  -4.56889513081833e-02
4.17500000000000e+00  -2.95068707855401e-02
4.20000000000000e+00  -1.06353982179192e-02
4.22500000000000e+00  1.05502091245176e-02
4.25000000000000e+00  3.36402643928074e-02
4.27500000000000e+00  5.81986448920223e-02
4.30000000000000e+00  8.37707858140971e-02
4.32500000000000e+00  1.09891673970666e-01
4.35000000000000e+00  1.36093841525892e-01
4.37500000000000e+00  1.61695576025351e-01
4.40000000000000e+00  1.86584346007012e-01
4.42500000000000e+00  2.09932015992486e-01
4.45000000000000e+00  2.31316146675866e-01
4.47500000000000e+00  2.50327521293210e-01
4.50000000000000e+00  2.66577241150534e-01
4.52500000000000e+00  2.79703821151790e-01
4.55000000000000e+00  2.89380285326849e-01
4.57500000000000e+00  2.95321262359489e-01
4.60000000000000e+00  2.97290081115373e-01
4.62500000000000e+00  2.95105866170036e-01
4.65000000000000e+00  2.88650633336865e-01
4.67500000000000e+00  2.77876385195088e-01
4.70000000000000e+00  2.62786845542840e-01
4.72500000000000e+00  2.43458147097270e-01
4.75000000000000e+00  2.20031007957006e-01
4.77500000000000e+00  1.92702753170157e-01
4.80000000000000e+00  1.61732057757300e-01
4.82500000000000e+00  1.27432183864333e-01
4.85000000000000e+00  9.01642179153069e-02
4.87500000000000e+00  5.03303077652861e-02
4.90000000000000e+00  8.36689985318027e-03
4.92500000000000e+00  -3.52620236454025e-02
4.95000000000000e+00  -8.00717076653091e-02
4.97500000000000e+00  -1.25563387099006e-01
5.00000000000000e+00  -1.71045083548204e-01
5.02500000000000e+00  -2.16285076455373e-01
5.05000000000000e+00  -2.60497592884041e-01
5.07500000000000e+00  -3.03185118078361e-01
5.10000000000000e+00  -3.43863504550553e-01
5.12500000000000e+00  -3.82068364901612e-01
5.15000000000000e+00  -4.17361464642023e-01
5.17500000000000e+00  -4.49337115012472e-01
5.20000000000000e+00  -4.77628565804553e-01
5.22500000000000e+00  -5.01914398181491e-01
5.25000000000000e+00  -5.21924917498841e-01
5.27500000000000e+00  -5.37448546125212e-01
5.30000000000000e+00  -5.48338216262969e-01
5.32500000000000e+00  -5.54505434150582e-01
5.35000000000000e+00  -5.55927999016518e-01
5.37500000000000e+00  -5.52657449433821e-01
5.40000000000000e+00  -5.44798132202130e-01
5.42500000000000e+00  -5.32524331267681e-01
5.45000000000000e+00  -5.16072788795588e-01
5.47500000000000e+00  -4.95735226242120e-01
5.50000000000000e+00  -4.71850865426980e-01
5.52500000000000e+00  -4.44798949605578e-01
5.55000000000000e+00  -4.14991264541318e-01
5.57500000000000e+00  -3.82864659577865e-01
5.60000000000000e+00  -3.48873568711430e-01
5.62500000000000e+00  -3.13693744479865e-01
5.65000000000000e+00  -2.77561399582580e-01
5.67500000000000e+00  -2.41261374518311e-01
5.70000000000000e+00  -2.05292853501241e-01
5.72500000000000e+00  -1.70156273220535e-01
5.75000000000000e+00  -1.36345701248545e-01
5.77500000000000e+00  -1.04341214448987e-01
5.80000000000000e+00  -7.46012773851401e-02
5.82500000000000e+00  -4.75551207280426e-02
5.85000000000000e+00  -2.35951196646718e-02
5.87500000000000e+00  -3.06917230614650e-03
5.90000000000000e+00  1.37269219040899e-02
5.92500000000000e+00  2.65570837820714e-02
5.95000000000000e+00  3.52342840472642e-02
5.97500000000000e+00  3.96378653935866e-02
6.00000000000000e+00  3.97114905030843e-02
6.02500000000000e+00  3.54544646192708e-02
6.05000000000000e+00  2.69302300432869e-02
6.07500000000000e+00  1.42618211856258e-02
6.10000000000000e+00  -2.37268038214750e-03
6.12500000000000e+00  -2.27446908756683e-02
6.15000000000000e+00  -4.65796692460550e-02
6.17500000000000e+00  -7.35616621281805e-02
6.20000000000000e+00  -1.03337848788951e-01
6.22500000000000e+00  -1.35523086075586e-01
6.25000000000000e+00  -1.69622923648696e-01
6.27500000000000e+00  -2.05229674734387e-01
6.30000000000000e+00  -2.41843118120094e-01
6.32500000000000e+00  -2.78979208692883e-01
6.35000000000000e+00  -3.16151037380015e-01
6.37500000000000e+00  -3.52874511042060e-01
6.40000000000000e+00  -3.88674032366040e-01
6.42500000000000e+00  -4.23088179758543e-01
6.45000000000000e+00  -4.55675387238858e-01
6.47500000000000e+00  -4.86019624332097e-01
6.50000000000000e+00  -5.13736075962321e-01
6.52500000000000e+00  -5.38476822345673e-01
6.55000000000000e+00  -5.59936518883497e-01
6.57500000000000e+00  -5.77853693725582e-01
6.60000000000000e+00  -5.92013480109278e-01
6.62500000000000e+00  -6.02256300174725e-01
6.65000000000000e+00  -6.08467951313378e-01
6.67500000000000e+00  -6.10590611111142e-01
6.70000000000000e+00  -6.08620304300287e-01
6.72500000000000e+00  -6.02604369711359e-01
6.75000000000000e+00  -5.92638927225096e-01
6.77500000000000e+00  -5.78866344724337e-01
6.80000000000000e+00  -5.61472705045937e-01
6.82500000000000e+00  -5.40685272932678e-01
6.85000000000000e+00  -5.16769961985184e-01
6.87500000000000e+00  -4.90079998192155e-01
6.90000000000000e+00  -4.60862778239852e-01
6.92500000000000e+00  -4.29567501839964e-01
6.95000000000000e+00  -3.96570265853321e-01
6.97500000000000e+00  -3.62266010208010e-01
7.00000000000000e+00  -3.27063083729517e-01
7.02500000000000e+00  -2.91377809970839e-01
7.05000000000000e+00  -2.55629053042628e-01
7.07500000000000e+00  -2.20232783443303e-01
7.10000000000000e+00  -1.85596643889186e-01
7.12500000000000e+00  -1.52114515144632e-01
7.15000000000000e+00  -1.20161081852146e-01
7.17500000000000e+00  -9.00863983625216e-02
7.20000000000000e+00  -6.22129033194135e-02
7.22500000000000e+00  -3.68318411855280e-02
7.25000000000000e+00  -1.41978533798987e-02
7.27500000000000e+00  5.46703033735133e-03
7.30000000000000e+00  2.19811975357764e-02
7.32500000000000e+00  3.52029463830689e-02
7.35000000000000e+00  4.50299789135265e-02
7.37500000000000e+00  5.13988942965099e-02
7.40000000000000e+00  5.42846821049084e-02
7.42500000000000e+00  5.37002155836003e-02
7.45000000000000e+00  4.96957449179164e-02
7.47500000000000e+00  4.23583905021019e-02
7.50000000000000e+00  3.18598588003482e-02
7.52500000000000e+00  1.82918599671109e-02
7.55000000000000e+00  1.90794504964698e-03
7.57500000000000e+00  -1.70775044055732e-02
7.60000000000000e+00  -3.84222778645801e-02
7.62500000000000e+00  -6.18602582626550e-02
7.65000000000000e+00  -8.71053444610934e-02
7.67500000000000e+00  -1.13855373703953e-01
7.70000000000000e+00  -1.41796044074817e-01
7.72500000000000e+00  -1.70604836953547e-01
7.75000000000000e+00  -1.99954939473037e-01
7.77500000000000e+00  -2.29519166975975e-01
7.80000000000000e+00  -2.58973885471591e-01
7.82500000000000e+00  -2.88000112586861e-01
7.85000000000000e+00  -3.16291821130380e-01
7.87500000000000e+00  -3.43554249112097e-01
7.90000000000000e+00  -3.69505067864649e-01
7.92500000000000e+00  -3.93881908538098e-01
7.95000000000000e+00  -4.16443057471688e-01
7.97500000000000e+00  -4.36968151565605e-01
8.00000000000000e+00  -4.55258873652725e-01
8.02500000000000e+00  -4.71139647870379e-01
8.05000000000000e+00  -4.84458335032099e-01
8.07500000000000e+00  -4.95086927999376e-01
8.10000000000000e+00  -5.02922247053421e-01
8.12500000000000e+00  -5.07949629331783e-01
8.15000000000000e+00  -5.09999927571516e-01
8.17500000000000e+00  -5.09168465743432e-01
8.20000000000000e+00  -5.05446442510147e-01
8.22500000000000e+00  -4.98855569522011e-01
8.25000000000000e+00  -4.89445619899608e-01
8.27500000000000e+00  -4.77291976716283e-01
8.30000000000000e+00  -4.62493181480651e-01
8.32500000000000e+00  -4.45168482619106e-01
8.35000000000000e+00  -4.25455383958346e-01
8.37500000000000e+00  -4.03507193207876e-01
8.40000000000000e+00  -3.79490570442530e-01
8.42500000000000e+00  -3.53583076584983e-01
8.45000000000000e+00  -3.25972565138375e-01
8.47500000000000e+00  -2.96853921363395e-01
8.50000000000000e+00  -2.66426839809261e-01
8.52500000000000e+00  -2.34896279544765e-01
8.55000000000000e+00  -2.02468310418089e-01
8.57500000000000e+00  -1.69349049531949e-01
8.60000000000000e+00  -1.35743597718709e-01
8.62500000000000e+00  -1.01854976015505e-01
8.65000000000000e+00  -6.78830621393816e-02
8.67500000000000e+00  -3.40235269624089e-02
8.70000000000000e+00  -4.66770986811594e-04
8.72500000000000e+00  3.26031391799096e-02
8.75000000000000e+00  6.50423507141983e-02
8.77500000000000e+00  9.66771245866734e-02
8.80000000000000e+00  1.27370875947038e-01
8.82500000000000e+00  1.56986792047493e-01
8.85000000000000e+00  1.85401778575237e-01
8.87500000000000e+00  2.12506261275631e-01
8.90000000000000e+00  2.38203987575330e-01
8.92500000000000e+00  2.62411828205444e-01
8.95000000000000e+00  2.85059578824694e-01
8.97500000000000e+00  3.06089761642546e-01
9.00000000000000e+00  3.25457427042385e-01
9.02500000000000e+00  3.43129955204640e-01
9.05000000000000e+00  3.59086857729956e-01
9.07500000000000e+00  3.73318352068160e-01
9.10000000000000e+00  3.85825583414256e-01
9.12500000000000e+00  3.96619735138585e-01
9.15000000000000e+00  4.05721615887341e-01
9.17500000000000e+00  4.13160673169879e-01
9.20000000000000e+00  4.18974290529966e-01
9.22500000000000e+00  4.23207084717042e-01
9.25000000000000e+00  4.25910202857474e-01
9.27500000000000e+00  4.27140619625814e-01
9.30000000000000e+00  4.26960434416057e-01
9.32500000000000e+00  4.25436168512894e-01
9.35000000000000e+00  4.22638062262974e-01
9.37500000000000e+00  4.18633558839848e-01
9.40000000000000e+00  4.13504902773985e-01
9.42500000000000e+00  4.07320522634999e-01
9.45000000000000e+00  4.00157825174769e-01
9.47500000000000e+00  3.92093741405397e-01
9.50000000000000e+00  3.83204382807823e-01
9.52500000000000e+00  3.73564697540428e-01
9.55000000000000e+00  3.63248126647651e-01
9.57500000000000e+00  3.52326260268591e-01
9.60000000000000e+00  3.40868493845624e-01
9.62500000000000e+00  3.28941684333006e-01
9.65000000000000e+00  3.16609806405484e-01
9.67500000000000e+00  3.03933608666907e-01
9.70000000000000e+00  2.90970917403071e-01
9.72500000000000e+00  2.77775964458932e-01
9.75000000000000e+00  2.64399274550479e-01
9.77500000000000e+00  2.50887922449470e-01
9.80000000000000e+00  2.37285065001191e-01
9.82500000000000e+00  2.23629951898721e-01
9.85000000000000e+00  2.09957936457202e-01
9.87500000000000e+00  1.96300486388096e-01
9.90000000000000e+00  1.82685194573457e-01
9.92500000000000e+00  1.69135789840195e-01
9.95000000000000e+00  1.55672147734341e-01
9.97500000000000e+00  1.42310301295312e-01
1.00000000000000e+01  1.29062451830185e-01
