0.00000000000000e+00  -2.60950318262712e-01
2.50000000000000e-02  -2.85924942534711e-01
5.00000000000000e-02  -3.10756003768905e-01
7.50000000000000e-02  -3.35403917609674e-01
1.00000000000000e-01  -3.59819214541629e-01
1.25000000000000e-01  -3.83943143263678e-01
1.50000000000000e-01  -4.07708274063092e-01
1.75000000000000e-01  -4.31039102189573e-01
2.00000000000000e-01  -4.53852651229325e-01
2.25000000000000e-01  -4.76059076479118e-01
2.50000000000000e-01  -4.97562268320362e-01
2.75000000000000e-01  -5.18260455593168e-01
3.00000000000000e-01  -5.38046808970425e-01
3.25000000000000e-01  -5.56812259814585e-01
3.50000000000000e-01  -5.74445236803065e-01
3.75000000000000e-01  -5.90838083183089e-01
4.00000000000000e-01  -6.05874143752166e-01
4.25000000000000e-01  -6.19442389973769e-01
4.50000000000000e-01  -6.31435854051152e-01
4.75000000000000e-01  -6.41750063001173e-01
5.00000000000000e-01  -6.50281472728112e-01
5.25000000000000e-01  -6.56925902097491e-01
5.50000000000000e-01  -6.61576967009894e-01
5.75000000000000e-01  -6.64124514474789e-01
6.00000000000000e-01  -6.64453056684346e-01
6.25000000000000e-01  -6.62627548554204e-01
6.50000000000000e-01  -6.58313035498928e-01
6.75000000000000e-01  -6.51693849679497e-01
7.00000000000000e-01  -6.42692793069513e-01
7.25000000000000e-01  -6.31257691471367e-01
7.50000000000000e-01  -6.17360407125441e-01
7.75000000000000e-01  -6.00995851319314e-01
8.00000000000000e-01  -5.82180996996957e-01
8.25000000000000e-01  -5.60953891367944e-01
8.50000000000000e-01  -5.37372668516648e-01
8.75000000000000e-01  -5.11514562011446e-01
9.00000000000000e-01  -4.83474917513923e-01
9.25000000000000e-01  -4.53366205388073e-01
9.50000000000000e-01  -4.21320477521412e-01
9.75000000000000e-01  -3.87486159353826e-01
1.00000000000000e+00  -3.52029283668657e-01
1.02500000000000e+00  -3.15131401362346e-01
1.05000000000000e+00  -2.76990989020215e-01
1.07500000000000e+00  -2.37822788566011e-01
1.10000000000000e+00  -1.97857146911461e-01
1.12500000000000e+00  -1.57339355605819e-01
1.15000000000000e+00  -1.16528990485414e-01
1.17500000000000e+00  -7.56992513232008e-02
1.20000000000000e+00  -3.51363014783056e-02
1.22500000000000e+00  4.86139245441881e-03
1.25000000000000e+00  4.40851263462318e-02
1.27500000000000e+00  8.21767516806178e-02
1.30000000000000e+00  1.18896726390636e-01
1.32500000000000e+00  1.53964040022723e-01
1.35000000000000e+00  1.87106336275728e-01
1.37500000000000e+00  2.18062283268272e-01
1.40000000000000e+00  2.46583943806103e-01
1.42500000000000e+00  2.72439145649446e-01
1.45000000000000e+00  2.95413851780362e-01
1.47500000000000e+00  3.15314530670101e-01
1.50000000000000e+00  3.31970526546456e-01
1.52500000000000e+00  3.45236429661117e-01
1.55000000000000e+00  3.54994446557027e-01
1.57500000000000e+00  3.61151194742819e-01
1.60000000000000e+00  3.63649815595448e-01
1.62500000000000e+00  3.62461203225830e-01
1.65000000000000e+00  3.57587175536950e-01
1.67500000000000e+00  3.49063144276758e-01
1.70000000000000e+00  3.36957836846249e-01
1.72500000000000e+00  3.21373018107540e-01
1.75000000000000e+00  3.02443212191952e-01
1.77500000000000e+00  2.80335424308087e-01
1.80000000000000e+00  2.55248862549907e-01
1.82500000000000e+00  2.27414659704813e-01
1.85000000000000e+00  1.97095595061728e-01
1.87500000000000e+00  1.64382729008761e-01
1.90000000000000e+00  1.30138834185260e-01
1.92500000000000e+00  9.41841417990964e-02
1.95000000000000e+00  5.69102998003499e-02
1.97500000000000e+00  1.87163333740541e-02
2.00000000000000e+00  -1.99974676522314e-02
2.02500000000000e+00  -5.88356614008357e-02
2.05000000000000e+00  -9.74131172312533e-02
2.07500000000000e+00  -1.35358707284008e-01
2.10000000000000e+00  -1.72315062989537e-01
2.12500000000000e+00  -2.07938028462936e-01
2.15000000000000e+00  -2.41889665946683e-01
2.17500000000000e+00  -2.73830399788595e-01
2.20000000000000e+00  -3.03441501193320e-01
2.22500000000000e+00  -3.30478510239478e-01
2.25000000000000e+00  -3.54664480572450e-01
2.27500000000000e+00  -3.75774788216486e-01
2.30000000000000e+00  -3.93613127877236e-01
2.32500000000000e+00  -4.08016997280237e-01
2.35000000000000e+00  -4.18863181509402e-01
2.37500000000000e+00  -4.26073237345508e-01
2.40000000000000e+00  -4.29618977604685e-01
2.42500000000000e+00  -4.29527955476900e-01
2.45000000000000e+00  -4.25888948864449e-01
2.47500000000000e+00  -4.18857444720444e-01
2.50000000000000e+00  -4.08112845883112e-01
2.52500000000000e+00  -3.94845129665732e-01
2.55000000000000e+00  -3.78358180612958e-01
2.57500000000000e+00  -3.59026832320175e-01
2.60000000000000e+00  -3.37216501345048e-01
2.62500000000000e+00  -3.13285866924742e-01
2.65000000000000e+00  -2.87589550693150e-01
2.67500000000000e+00  -2.60480796398117e-01
2.70000000000000e+00  -2.32314149618662e-01
2.72500000000000e+00  -2.03448137482209e-01
2.75000000000000e+00  -1.74247948381806e-01
2.77500000000000e+00  -1.45088111693353e-01
2.80000000000000e+00  -1.16355177492826e-01
2.82500000000000e+00  -8.84090406196969e-02
2.85000000000000e+00  -6.15845586032553e-02
2.87500000000000e+00  -3.62469898272129e-02
2.90000000000000e+00  -1.27096368561520e-02
2.92500000000000e+00  8.73722560116451e-03
2.95000000000000e+00  2.78326295536798e-02
2.97500000000000e+00  4.43511925899280e-02
3.00000000000000e+00  5.81093967399207e-02
3.02500000000000e+00  6.89718673370319e-02
3.05000000000000e+00  7.68576518798844e-02
3.07500000000000e+00  8.17464988942350e-02
3.10000000000000e+00  8.36851367948607e-02
3.12500000000000e+00  8.24331040747642e-02
3.15000000000000e+00  7.84315296543860e-02
3.17500000000000e+00  7.14978068642430e-02
3.20000000000000e+00  6.18237531993062e-02
3.22500000000000e+00  4.96213846099127e-02
3.25000000000000e+00  3.51217599509695e-02
3.27500000000000e+00  1.85738254311602e-02
3.30000000000000e+00  2.43259062150550e-04
3.32500000000000e+00  -1.95886848922072e-02
3.35000000000000e+00  -4.06263314666700e-02
3.37500000000000e+00  -6.25607405453956e-02
3.40000000000000e+00  -8.50708624127404e-02
3.42500000000000e+00  -1.07824693304050e-01
3.45000000000000e+00  -1.30508119162881e-01
3.47500000000000e+00  -1.52809170134830e-01
3.50000000000000e+00  -1.74408688899635e-01
3.52500000000000e+00  -1.95049017694002e-01
3.55000000000000e+00  -2.14467033789435e-01
3.57500000000000e+00  -2.32413499852727e-01
3.60000000000000e+00  -2.48670263802648e-01
3.62500000000000e+00  -2.63053597263455e-01
3.65000000000000e+00  -2.75419093154442e-01
3.67500000000000e+00  -2.85659200532000e-01
3.70000000000000e+00  -2.93696915103116e-01
3.72500000000000e+00  -2.99472461313697e-01
3.75000000000000e+00  -3.03217146655053e-01
3.77500000000000e+00  -3.04081430317211e-01
3.80000000000000e+00  -3.02948785736534e-01
3.82500000000000e+00  -2.99782729568436e-01
3.85000000000000e+00  -2.94609951635116e-01
3.87500000000000e+00  -2.87513852901343e-01
3.90000000000000e+00  -2.78628083450247e-01
3.92500000000000e+00  -2.68123902007754e-01
3.95000000000000e+00  -2.56195425084087e-01
3.97500000000000e+00  -2.43052071195092e-01
4.00000000000000e+00  -2.28907780405812e-01
4.02500000000000e+00  -2.13984157951881e-01
4.05000000000000e+00  -1.98515465097441e-01
4.07500000000000e+00  -1.82720298283408e-01
4.10000000000000e+00  -1.66794019815785e-01
4.12500000000000e+00  -1.50940948449649e-01
4.15000000000000e+00  -1.35325501479979e-01
4.17500000000000e+00  -1.20106980698375e-01
4.20000000000000e+00  -1.05429673914906e-01
4.22500000000000e+00  -9.14151832735254e-02
4.25000000000000e+00  -7.81687215019039e-02
4.27500000000000e+00  -6.57817813132973e-02
4.30000000000000e+00  -5.43409775023379e-02
4.32500000000000e+00  -4.39382483152694e-02
4.35000000000000e+00  -3.46873275222248e-02
4.37500000000000e+00  -2.60670607499568e-02
4.40000000000000e+00  -1.91861227584428e-02
4.42500000000000e+00  -1.29279070027971e-02
4.45000000000000e+00  -7.47778107686010e-03
4.47500000000000e+00  -2.87908297831368e-03
4.50000000000000e+00  9.16799365444059e-04
4.52500000000000e+00  4.00034857142203e-03
4.55000000000000e+00  6.47525574654049e-03
4.57500000000000e+00  8.44426238685715e-03
4.60000000000000e+00  1.00048873130503e-02
4.62500000000000e+00  1.12532384158681e-02
4.65000000000000e+00  1.23015912898849e-02
4.67500000000000e+00  1.32978994164390e-02
4.70000000000000e+00  1.42792794811219e-02
4.72500000000000e+00  1.53296705008782e-02
4.75000000000000e+00  1.65133551490171e-02
4.77500000000000e+00  1.78607743291090e-02
4.80000000000000e+00  1.94004163883033e-02
4.82500000000000e+00  2.11532950635229e-02
4.85000000000000e+00  2.31282779694554e-02
4.87500000000000e+00  2.53239452325068e-02
4.90000000000000e+00  2.77313963687973e-02
4.92500000000000e+00  3.03414141035466e-02
4.95000000000000e+00  3.31539903556072e-02
4.97500000000000e+00  3.61887978658559e-02
5.00000000000000e+00  3.90129049315495e-02
5.02500000000000e+00  4.23823358937997e-02
5.05000000000000e+00  4.55488133976455e-02
5.07500000000000e+00  4.85729263776537e-02
5.10000000000000e+00  5.14737323214533e-02
5.12500000000000e+00  5.42434645828771e-02
5.15000000000000e+00  5.68622396951058e-02
5.17500000000000e+00  5.93095896507293e-02
5.20000000000000e+00  6.15726103069946e-02
5.22500000000000e+00  6.36486023208732e-02
5.25000000000000e+00  6.55469089525950e-02
5.27500000000000e+00  6.72819333832646e-02
5.30000000000000e+00  6.88649326766456e-02
5.32500000000000e+00  7.03449007159417e-02
5.35000000000000e+00  7.17854214615278e-02
5.37500000000000e+00  7.32699074693822e-02
5.40000000000000e+00  7.48727132474642e-02
5.42500000000000e+00  7.66895528278888e-02
5.45000000000000e+00  7.88284527480679e-02
5.47500000000000e+00  8.14007050318519e-02
5.50000000000000e+00  8.45118201706704e-02
5.52500000000000e+00  8.82524801046745e-02
5.55000000000000e+00  9.26894912038765e-02
5.57500000000000e+00  9.78567372492928e-02
5.60000000000000e+00  1.03746132414085e-01
5.62500000000000e+00  1.11018240747447e-01
5.65000000000000e+00  1.18355409136252e-01
5.67500000000000e+00  1.27003676991997e-01
5.70000000000000e+00  1.36793465412639e-01
5.72500000000000e+00  1.47596348917149e-01
5.75000000000000e+00  1.59311020014343e-01
5.77500000000000e+00  1.71849253771725e-01
5.80000000000000e+00  1.85125366073682e-01
5.82500000000000e+00  1.99045949098326e-01
5.85000000000000e+00  2.13504362859677e-01
5.87500000000000e+00  2.28371878038769e-01
5.90000000000000e+00  2.43500082777180e-01
5.92500000000000e+00  2.58725050331082e-01
5.95000000000000e+00  2.73858188677467e-01
5.97500000000000e+00  2.88704034654080e-01
6.00000000000000e+00  3.03024366087801e-01
6.02500000000000e+00  3.16614135431398e-01
6.05000000000000e+00  3.29246105670117e-01
6.07500000000000e+00  3.40685509896260e-01
6.10000000000000e+00  3.50704900949258e-01
6.12500000000000e+00  3.59099856943030e-01
6.15000000000000e+00  3.65701254985535e-01
6.17500000000000e+00  3.70387037903364e-01
6.20000000000000e+00  3.73090345388950e-01
6.22500000000000e+00  3.73802937535612e-01
6.25000000000000e+00  3.71969624796866e-01
6.27500000000000e+00  3.68216498877762e-01
6.30000000000000e+00  3.61963450748500e-01
6.32500000000000e+00  3.53322193099207e-01
6.35000000000000e+00  3.42396939854866e-01
6.37500000000000e+00  3.29296343213225e-01
6.40000000000000e+00  3.14145430682711e-01
6.42500000000000e+00  2.97092536993229e-01
6.45000000000000e+00  2.78313110146336e-01
6.47500000000000e+00  2.58010903671874e-01
6.50000000000000e+00  2.36418301333817e-01
6.52500000000000e+00  2.13792554826538e-01
6.55000000000000e+00  1.90411376039039e-01
6.57500000000000e+00  1.66589196365804e-01
6.60000000000000e+00  1.42626562642572e-01
6.62500000000000e+00  1.18859718839510e-01
6.65000000000000e+00  9.56274922251602e-02
6.67500000000000e+00  7.32639813072707e-02
6.70000000000000e+00  5.20937643453786e-02
6.72500000000000e+00  3.24271078633878e-02
6.75000000000000e+00  1.45551751621602e-02
6.77500000000000e+00  -1.25476516790722e-03
6.80000000000000e+00  -1.47641307342932e-02
6.82500000000000e+00  -2.57678168297709e-02
6.85000000000000e+00  -3.40989879198252e-02
6.87500000000000e+00  -3.97278272728931e-02
6.90000000000000e+00  -4.19927473743469e-02
6.92500000000000e+00  -4.13216999814530e-02
6.95000000000000e+00  -3.76668854682134e-02
6.97500000000000e+00  -3.10052155933278e-02
7.00000000000000e+00  -2.13531745573723e-02
7.02500000000000e+00  -8.78168005997495e-03
7.05000000000000e+00  6.57886774138872e-03
7.07500000000000e+00  2.45405328171774e-02
7.10000000000000e+00  4.48663959124337e-02
7.12500000000000e+00  6.72820796627862e-02
7.15000000000000e+00  9.14977368750318e-02
7.17500000000000e+00  1.17231519566168e-01
7.20000000000000e+00  1.44085986515824e-01
7.22500000000000e+00  1.71722360657487e-01
7.25000000000000e+00  1.99793969301985e-01
7.27500000000000e+00  2.27891534841130e-01
7.30000000000000e+00  2.55636794477792e-01
7.32500000000000e+00  2.82669173596143e-01
7.35000000000000e+00  3.08633686447219e-01
7.37500000000000e+00  3.33177244732520e-01
7.40000000000000e+00  3.55944152882024e-01
7.42500000000000e+00  3.76576216805952e-01
7.45000000000000e+00  3.94714757175174e-01
7.47500000000000e+00  4.10004231267565e-01
7.50000000000000e+00  4.22661052173933e-01
7.52500000000000e+00  4.31628148223271e-01
7.55000000000000e+00  4.37434585972872e-01
7.57500000000000e+00  4.39881140005364e-01
7.60000000000000e+00  4.38815090805505e-01
7.62500000000000e+00  4.34137896644297e-01
7.65000000000000e+00  4.25812865463093e-01
7.67500000000000e+00  4.13867152272675e-01
7.70000000000000e+00  3.98389119680680e-01
7.72500000000000e+00  3.79518947017688e-01
7.75000000000000e+00  3.57438407002565e-01
7.77500000000000e+00  3.32349159832058e-01
7.80000000000000e+00  3.04449407529500e-01
7.82500000000000e+00  2.74027612225892e-01
7.85000000000000e+00  2.41383030405840e-01
7.87500000000000e+00  2.06789689811318e-01
7.90000000000000e+00  1.70595732003888e-01
7.92500000000000e+00  1.33141554240923e-01
7.95000000000000e+00  9.47702926205110e-02
7.97500000000000e+00  5.58372736701270e-02
8.00000000000000e+00  1.67118673327111e-02
8.02500000000000e+00  -2.22208660480207e-02
8.05000000000000e+00  -6.05630884554894e-02
8.07500000000000e+00  -9.79091421295487e-02
8.10000000000000e+00  -1.33851556467393e-01
8.12500000000000e+00  -1.68242525710671e-01
8.15000000000000e+00  -2.00639333635679e-01
8.17500000000000e+00  -2.30799069068623e-01
8.20000000000000e+00  -2.58431864059681e-01
8.22500000000000e+00  -2.83280017065107e-01
8.25000000000000e+00  -3.05118112112738e-01
8.27500000000000e+00  -3.23753137967489e-01
8.30000000000000e+00  -3.39024607296860e-01
8.32500000000000e+00  -3.50804675836440e-01
8.35000000000000e+00  -3.58998261555409e-01
8.37500000000000e+00  -3.63543163822042e-01
8.40000000000000e+00  -3.64410182569210e-01
8.42500000000000e+00  -3.61603237459885e-01
8.45000000000000e+00  -3.55155188322184e-01
8.47500000000000e+00  -3.45132115610025e-01
8.50000000000000e+00  -3.31628128616892e-01
8.52500000000000e+00  -3.14765139631805e-01
8.55000000000000e+00  -2.94691946141110e-01
8.57500000000000e+00  -2.71581928561866e-01
8.60000000000000e+00  -2.45630747975241e-01
8.62500000000000e+00  -2.17054043859892e-01
8.65000000000000e+00  -1.86085131825372e-01
8.67500000000000e+00  -1.52972701345508e-01
8.70000000000000e+00  -1.17978513491800e-01
8.72500000000000e+00  -8.13750986668013e-02
8.75000000000000e+00  -4.33388421817582e-02
8.77500000000000e+00  -4.41321710699348e-03
8.80000000000000e+00  3.53498072217675e-02
8.82500000000000e+00  7.56426251236317e-02
8.85000000000000e+00  1.16169580730225e-01
8.87500000000000e+00  1.56647586672824e-01
8.90000000000000e+00  1.96806742769453e-01
8.92500000000000e+00  2.36390954712011e-01
8.95000000000000e+00  2.75158552753398e-01
8.97500000000000e+00  3.12882910394611e-01
9.00000000000000e+00  3.49353063071888e-01
9.02500000000000e+00  3.84374326843802e-01
9.05000000000000e+00  4.17768917078389e-01
9.07500000000000e+00  4.49374603973839e-01
9.10000000000000e+00  4.79046656095751e-01
9.12500000000000e+00  5.06656583697738e-01
9.15000000000000e+00  5.32095413621451e-01
9.17500000000000e+00  5.55271097350603e-01
9.20000000000000e+00  5.76109479068442e-01
9.22500000000000e+00  5.94555263715243e-01
9.25000000000000e+00  6.10572985045791e-01
9.27500000000000e+00  6.24147973686864e-01
9.30000000000000e+00  6.35287325194722e-01
9.32500000000000e+00  6.44020868112588e-01
9.35000000000000e+00  6.50402132028138e-01
9.37500000000000e+00  6.54325551957347e-01
9.40000000000000e+00  6.56160733802560e-01
9.42500000000000e+00  6.55689664444965e-01
9.45000000000000e+00  6.53034075058640e-01
9.47500000000000e+00  6.48308878004784e-01
9.50000000000000e+00  6.41623695130172e-01
9.52500000000000e+00  6.33084386065604e-01
9.55000000000000e+00  6.22794576524363e-01
9.57500000000000e+00  6.10857186600666e-01
9.60000000000000e+00  5.97375959068119e-01
9.62500000000000e+00  5.82456987678172e-01
9.65000000000000e+00  5.66210245458565e-01
9.67500000000000e+00  5.48751113011791e-01
9.70000000000000e+00  5.30185908830536e-01
9.72500000000000e+00  5.10624679139807e-01
9.75000000000000e+00  4.90174831735505e-01
9.77500000000000e+00  4.68941468123472e-01
9.80000000000000e+00  4.47024565905593e-01
9.82500000000000e+00  4.24518428839461e-01
9.85000000000000e+00  4.01511136898039e-01
9.87500000000000e+00  3.78083996329327e-01
9.90000000000000e+00  3.54310989716022e-01
9.92500000000000e+00  3.30258226035196e-01
9.95000000000000e+00  3.05983390717948e-01
9.97500000000000e+00  2.81535195709076e-01
1.00000000000000e+01  2.56952829526752e-01
