0.00000000000000e+00  -1.55504164094622e-01
2.50000000000000e-02  -1.71550728402171e-01
5.00000000000000e-02  -1.87768747138706e-01
7.50000000000000e-02  -2.04145469425412e-01
1.00000000000000e-01  -2.20663284591864e-01
1.25000000000000e-01  -2.37299732553148e-01
1.50000000000000e-01  -2.54027514186992e-01
1.75000000000000e-01  -2.70814501710886e-01
2.00000000000000e-01  -2.87623749059220e-01
2.25000000000000e-01  -3.04413502260398e-01
2.50000000000000e-01  -3.21137209813979e-01
2.75000000000000e-01  -3.37743533067793e-01
3.00000000000000e-01  -3.54176356595075e-01
3.25000000000000e-01  -3.70375295650308e-01
3.50000000000000e-01  -3.86275488328072e-01
3.75000000000000e-01  -4.01807683339988e-01
4.00000000000000e-01  -4.16899231231352e-01
4.25000000000000e-01  -4.31473595634644e-01
4.50000000000000e-01  -4.45450846233227e-01
4.75000000000000e-01  -4.58748151725042e-01
5.00000000000000e-01  -4.71280272786302e-01
5.25000000000000e-01  -4.82960055035191e-01
5.50000000000000e-01  -4.93698921995559e-01
5.75000000000000e-01  -5.03407368060618e-01
6.00000000000000e-01  -5.11995451456637e-01
6.25000000000000e-01  -5.19372870836030e-01
6.50000000000000e-01  -5.25452846115443e-01
6.75000000000000e-01  -5.30147490457385e-01
7.00000000000000e-01  -5.33373018847628e-01
7.25000000000000e-01  -5.35049000956942e-01
7.50000000000000e-01  -5.35099251666392e-01
7.75000000000000e-01  -5.33452721592640e-01
8.00000000000000e-01  -5.30044387613240e-01
8.25000000000000e-01  -5.24816143391942e-01
8.50000000000000e-01  -5.17717689903988e-01
8.75000000000000e-01  -5.08707425961413e-01
9.00000000000000e-01  -4.97753338738340e-01
9.25000000000000e-01  -4.84833894296288e-01
9.50000000000000e-01  -4.69938713141573e-01
9.75000000000000e-01  -4.53069489871434e-01
1.00000000000000e+00  -4.34241237666664e-01
1.02500000000000e+00  -4.13481058762210e-01
1.05000000000000e+00  -3.90830638653754e-01
1.07500000000000e+00  -3.66346338511826e-01
1.10000000000000e+00  -3.40099287595930e-01
1.12500000000000e+00  -3.12175475668653e-01
1.15000000000000e+00  -2.82675845409780e-01
1.17500000000000e+00  -2.51716384830422e-01
1.20000000000000e+00  -2.19428219687116e-01
1.22500000000000e+00  -1.85957705895958e-01
1.25000000000000e+00  -1.51463392698773e-01
1.27500000000000e+00  -1.16121163691840e-01
1.30000000000000e+00  -8.01218807279702e-02
1.32500000000000e+00  -4.36634249022216e-02
1.35000000000000e+00  -6.95601582051089e-03
1.37500000000000e+00  2.97795844355643e-02
1.40000000000000e+00  6.63138673438833e-02
1.42500000000000e+00  1.02410373976967e-01
1.45000000000000e+00  1.37827491037150e-01
1.47500000000000e+00  1.72320246891734e-01
1.50000000000000e+00  2.05642107608160e-01
1.52500000000000e+00  2.37546772989174e-01
1.55000000000000e+00  2.67789972607984e-01
1.57500000000000e+00  2.96133671971014e-01
1.60000000000000e+00  3.22346531032912e-01
1.62500000000000e+00  3.46207472271134e-01
1.65000000000000e+00  3.67506092900132e-01
1.67500000000000e+00  3.86047017263603e-01
1.70000000000000e+00  4.01651867346116e-01
1.72500000000000e+00  4.14161233284738e-01
1.75000000000000e+00  4.23436643880654e-01
1.77500000000000e+00  4.29362537110796e-01
1.80000000000000e+00  4.31848230639465e-01
1.82500000000000e+00  4.30829892329957e-01
1.85000000000000e+00  4.26272510756187e-01
1.87500000000000e+00  4.18175551767525e-01
1.90000000000000e+00  4.06554953862733e-01
1.92500000000000e+00  3.91478092751947e-01
1.95000000000000e+00  3.73030832647879e-01
1.97500000000000e+00  3.51334050942839e-01
2.00000000000000e+00  3.26542172354958e-01
2.02500000000000e+00  2.98841703074408e-01
2.05000000000000e+00  2.68449764909623e-01
2.07500000000000e+00  2.35612629433522e-01
2.10000000000000e+00  2.00604252129727e-01
2.12500000000000e+00  1.63724806538790e-01
2.15000000000000e+00  1.25299218404412e-01
2.17500000000000e+00  8.56756998196601e-02
2.20000000000000e+00  4.52128519780232e-02
2.22500000000000e+00  4.29464615727449e-03
2.25000000000000e+00  -3.66899709608562e-02
2.27500000000000e+00  -7.73427980136069e-02
2.30000000000000e+00  -1.17261779015756e-01
2.32500000000000e+00  -1.56045331700799e-01
2.35000000000000e+00  -1.93296675862128e-01
2.37500000000000e+00  -2.28628161694207e-01
2.40000000000000e+00  -2.61665598133748e-01
2.42500000000000e+00  -2.92052581200888e-01
2.45000000000000e+00  -3.19454822340367e-01
2.47500000000000e+00  -3.43564476762706e-01
2.50000000000000e+00  -3.64106670757940e-01
2.52500000000000e+00  -3.80830623146310e-01
2.55000000000000e+00  -3.93541759989562e-01
2.57500000000000e+00  -4.02070172385040e-01
2.60000000000000e+00  -4.06293461825233e-01
2.62500000000000e+00  -4.06137022687580e-01
2.65000000000000e+00  -4.01574324724276e-01
2.67500000000000e+00  -3.92627195552071e-01
2.70000000000000e+00  -3.79366103142078e-01
2.72500000000000e+00  -3.61910438309577e-01
2.75000000000000e+00  -3.40428797203819e-01
2.77500000000000e+00  -3.15139263797826e-01
2.80000000000000e+00  -2.86309692378199e-01
2.82500000000000e+00  -2.54246219691679e-01
2.85000000000000e+00  -2.19298458049195e-01
2.87500000000000e+00  -1.81856051468322e-01
2.90000000000000e+00  -1.42339290723319e-01
2.92500000000000e+00  -1.01199333235868e-01
2.95000000000000e+00  -5.89121808854603e-02
2.97500000000000e+00  -1.59726578197846e-02
3.00000000000000e+00  2.71116117348832e-02
3.02500000000000e+00  6.98262256632945e-02
3.05000000000000e+00  1.11656026150839e-01
3.07500000000000e+00  1.52091121873157e-01
3.10000000000000e+00  1.90632910185753e-01
3.12500000000000e+00  2.26807166962337e-01
3.15000000000000e+00  2.60141089408076e-01
3.17500000000000e+00  2.90231188374069e-01
3.20000000000000e+00  3.16682703921770e-01
3.22500000000000e+00  3.39148144710627e-01
3.25000000000000e+00  3.57329843096109e-01
3.27500000000000e+00  3.70982510227723e-01
3.30000000000000e+00  3.79915791147037e-01
3.32500000000000e+00  3.83996819885700e-01
3.35000000000000e+00  3.83152774563468e-01
3.37500000000000e+00  3.77373432486217e-01
3.40000000000000e+00  3.66713725243972e-01
3.42500000000000e+00  3.51296293808925e-01
3.45000000000000e+00  3.31298920311548e-01
3.47500000000000e+00  3.06963966892641e-01
3.50000000000000e+00  2.78594812924595e-01
3.52500000000000e+00  2.46544834665159e-01
3.55000000000000e+00  2.11221339660619e-01
3.57500000000000e+00  1.73078794908248e-01
3.60000000000000e+00  1.32612055018746e-01
3.62500000000000e+00  9.03495903786819e-02
3.65000000000000e+00  4.68467153129415e-02
3.67500000000000e+00  2.67881624716754e-03
3.70000000000000e+00  -4.15654201297960e-02
3.72500000000000e+00  -8.52907787034599e-02
3.75000000000000e+00  -1.27917064764682e-01
3.77500000000000e+00  -1.68840452020862e-01
3.80000000000000e+00  -2.07526796030653e-01
3.82500000000000e+00  -2.43436757927340e-01
3.85000000000000e+00  -2.76071442970158e-01
3.87500000000000e+00  -3.04977009539802e-01
3.90000000000000e+00  -3.29749278133934e-01
3.92500000000000e+00  -3.50038340362695e-01
3.95000000000000e+00  -3.65553167944215e-01
3.97500000000000e+00  -3.76066221700127e-01
4.00000000000000e+00  -3.81418060551072e-01
4.02500000000000e+00  -3.81521950512210e-01
4.05000000000000e+00  -3.76368473688736e-01
4.07500000000000e+00  -3.66012755948418e-01
4.10000000000000e+00  -3.50586587480636e-01
4.12500000000000e+00  -3.30297296023803e-01
4.15000000000000e+00  -3.05413228152121e-01
4.17500000000000e+00  -2.76272460494394e-01
4.20000000000000e+00  -2.43275786455457e-01
4.22500000000000e+00  -2.06879702937600e-01
4.25000000000000e+00  -1.67589397061991e-01
4.27500000000000e+00  -1.25951732890095e-01
4.30000000000000e+00  -8.25482381451105e-02
4.32500000000000e+00  -3.79880909333780e-02
4.35000000000000e+00  7.09889353418014e-03
4.37500000000000e+00  5.20778849396761e-02
4.40000000000000e+00  9.62942812526765e-02
4.42500000000000e+00  1.39144636601482e-01
4.45000000000000e+00  1.80009398751005e-01
4.47500000000000e+00  2.18301858626492e-01
4.50000000000000e+00  2.53474090105163e-01
4.52500000000000e+00  2.85022889807843e-01
4.55000000000000e+00  3.12495716890586e-01
4.57500000000000e+00  3.35496632836319e-01
4.60000000000000e+00  3.53692241246462e-01
4.62500000000000e+00  3.66817627632567e-01
4.65000000000000e+00  3.74682299207945e-01
4.67500000000000e+00  3.77176124679301e-01
4.70000000000000e+00  3.74258469362338e-01
4.72500000000000e+00  3.65969209126917e-01
4.75000000000000e+00  3.52424471394857e-01
4.77500000000000e+00  3.33822554663832e-01
4.80000000000000e+00  3.10431704871752e-01
4.82500000000000e+00  2.82587932356930e-01
4.85000000000000e+00  2.50692514363609e-01
4.87500000000000e+00  2.15206699825401e-01
4.90000000000000e+00  1.76645483010131e-01
4.92500000000000e+00  1.35569348922448e-01
4.95000000000000e+00  9.25747980584777e-02
4.97500000000000e+00  4.82849601599405e-02
5.00000000000000e+00  3.32790243502021e-03
5.02500000000000e+00  -4.16122563797289e-02
5.05000000000000e+00  -8.59119650537043e-02
5.07500000000000e+00  -1.28920429923771e-01
5.10000000000000e+00  -1.70011133051297e-01
5.12500000000000e+00  -2.08588562213144e-01
5.15000000000000e+00  -2.44094940892673e-01
5.17500000000000e+00  -2.76016958270744e-01
5.20000000000000e+00  -3.03892499216712e-01
5.22500000000000e+00  -3.27317374279432e-01
5.25000000000000e+00  -3.45952049678251e-01
5.27500000000000e+00  -3.59528377294020e-01
5.30000000000000e+00  -3.67856324660079e-01
5.32500000000000e+00  -3.70812514178793e-01
5.35000000000000e+00  -3.68355654830342e-01
5.37500000000000e+00  -3.60533516194771e-01
5.40000000000000e+00  -3.47447565596983e-01
5.42500000000000e+00  -3.29287951409889e-01
5.45000000000000e+00  -3.06322082372765e-01
5.47500000000000e+00  -2.78884187271825e-01
5.50000000000000e+00  -2.47370504072074e-01
5.52500000000000e+00  -2.12232005451628e-01
5.55000000000000e+00  -1.73969541012925e-01
5.57500000000000e+00  -1.33129147586421e-01
5.60000000000000e+00  -9.02998889444567e-02
5.62500000000000e+00  -4.60956259277908e-02
5.65000000000000e+00  -1.15085019274623e-03
5.67500000000000e+00  4.39154933720249e-02
5.70000000000000e+00  8.84585534842891e-02
5.72500000000000e+00  1.31847477888498e-01
5.75000000000000e+00  1.73472358496404e-01
5.77500000000000e+00  2.12751176527698e-01
5.80000000000000e+00  2.49136747650637e-01
5.82500000000000e+00  2.82123667122661e-01
5.85000000000000e+00  3.11255254931037e-01
5.87500000000000e+00  3.36130500933472e-01
5.90000000000000e+00  3.56411009998753e-01
5.92500000000000e+00  3.71827947147365e-01
5.95000000000000e+00  3.82175485897392e-01
5.97500000000000e+00  3.87320969223258e-01
6.00000000000000e+00  3.87199238796325e-01
6.02500000000000e+00  3.81833138190867e-01
6.05000000000000e+00  3.71310122537695e-01
6.07500000000000e+00  3.55784718587210e-01
6.10000000000000e+00  3.35480455625018e-01
6.12500000000000e+00  3.10687462586118e-01
6.15000000000000e+00  2.81758717539575e-01
6.17500000000000e+00  2.49103105189624e-01
6.20000000000000e+00  2.13176394482972e-01
6.22500000000000e+00  1.74471338510405e-01
6.25000000000000e+00  1.33506825256802e-01
6.27500000000000e+00  9.08689639987905e-02
6.30000000000000e+00  4.71166027540395e-02
6.32500000000000e+00  2.84466062957153e-03
6.35000000000000e+00  -4.13516394333407e-02
6.37500000000000e+00  -8.48835579651266e-02
6.40000000000000e+00  -1.27175626273900e-01
6.42500000000000e+00  -1.67672433751408e-01
6.45000000000000e+00  -2.05845415179014e-01
6.47500000000000e+00  -2.41199638033654e-01
6.50000000000000e+00  -2.73280589793803e-01
6.52500000000000e+00  -3.01680965245446e-01
6.55000000000000e+00  -3.26047453788039e-01
6.57500000000000e+00  -3.46076877236316e-01
6.60000000000000e+00  -3.61526472315954e-01
6.62500000000000e+00  -3.72218699633183e-01
6.65000000000000e+00  -3.78030855716429e-01
6.67500000000000e+00  -3.78907953115260e-01
6.70000000000000e+00  -3.74860175473345e-01
6.72500000000000e+00  -3.65960332601396e-01
6.75000000000000e+00  -3.52341315550125e-01
6.77500000000000e+00  -3.34193551683190e-01
6.80000000000000e+00  -3.11762459750150e-01
6.82500000000000e+00  -2.85345904959412e-01
6.85000000000000e+00  -2.55291654051182e-01
6.87500000000000e+00  -2.21985349728112e-01
6.90000000000000e+00  -1.85858836657156e-01
6.92500000000000e+00  -1.47356282717891e-01
6.95000000000000e+00  -1.06960154424232e-01
6.97500000000000e+00  -6.51698746077676e-02
7.00000000000000e+00  -2.24958560836702e-02
7.02500000000000e+00  2.05464646834045e-02
7.05000000000000e+00  6.34425939133964e-02
7.07500000000000e+00  1.05684946844947e-01
7.10000000000000e+00  1.46778814069484e-01
7.12500000000000e+00  1.86248327865309e-01
7.15000000000000e+00  2.23642428531704e-01
7.17500000000000e+00  2.58540830723008e-01
7.20000000000000e+00  2.90554334613982e-01
7.22500000000000e+00  3.19332862267558e-01
7.25000000000000e+00  3.44570435238845e-01
7.27500000000000e+00  3.65999173137780e-01
7.30000000000000e+00  3.83400936040168e-01
7.32500000000000e+00  3.96607072909931e-01
7.35000000000000e+00  4.05498170021373e-01
7.37500000000000e+00  4.10003799381422e-01
7.40000000000000e+00  4.10102267151892e-01
7.42500000000000e+00  4.05820362071733e-01
7.45000000000000e+00  3.97233103879286e-01
7.47500000000000e+00  3.84463491734533e-01
7.50000000000000e+00  3.67677948443227e-01
7.52500000000000e+00  3.47077759925737e-01
7.55000000000000e+00  3.22907550139209e-01
7.57500000000000e+00  2.95444413354431e-01
7.60000000000000e+00  2.64996215639835e-01
7.62500000000000e+00  2.31897266108673e-01
7.65000000000000e+00  1.96503988166168e-01
7.67500000000000e+00  1.59190590756690e-01
7.70000000000000e+00  1.20344739610913e-01
7.72500000000000e+00  8.03632284929809e-02
7.75000000000000e+00  3.96476504476817e-02
7.77500000000000e+00  -1.39993095240375e-03
7.80000000000000e+00  -4.23813103597224e-02
7.82500000000000e+00  -8.29058097005537e-02
7.85000000000000e+00  -1.22594219785046e-01
7.87500000000000e+00  -1.61084120412624e-01
7.90000000000000e+00  -1.98027675203805e-01
7.92500000000000e+00  -2.33100181230144e-01
7.95000000000000e+00  -2.66001566306814e-01
7.97500000000000e+00  -2.96457886285204e-01
8.00000000000000e+00  -3.24222822345499e-01
8.02500000000000e+00  -3.49079178289271e-01
8.05000000000000e+00  -3.70840377832067e-01
8.07500000000000e+00  -3.89351961895993e-01
8.10000000000000e+00  -4.04493085902307e-01
8.12500000000000e+00  -4.16174379438831e-01
8.15000000000000e+00  -4.24338764705967e-01
8.17500000000000e+00  -4.28959810470979e-01
8.20000000000000e+00  -4.30041598121724e-01
8.22500000000000e+00  -4.27619021543681e-01
8.25000000000000e+00  -4.21755813412001e-01
8.27500000000000e+00  -4.12542571483562e-01
8.30000000000000e+00  -4.00094784889017e-01
8.32500000000000e+00  -3.84550860424853e-01
8.35000000000000e+00  -3.66070148845442e-01
8.37500000000000e+00  -3.44830971155086e-01
8.40000000000000e+00  -3.21028644900084e-01
8.42500000000000e+00  -2.94873510460773e-01
8.45000000000000e+00  -2.66586577818907e-01
8.47500000000000e+00  -2.36399113036713e-01
8.50000000000000e+00  -2.04549083312252e-01
8.52500000000000e+00  -1.71280682881762e-01
8.55000000000000e+00  -1.36840140338939e-01
8.57500000000000e+00  -1.01473924449027e-01
8.60000000000000e+00  -6.54269499628867e-02
8.62500000000000e+00  -2.89407834310662e-02
8.65000000000000e+00  7.74815098210687e-03
8.67500000000000e+00  4.44103656844602e-02
8.70000000000000e+00  8.08251038418960e-02
8.72500000000000e+00  1.16782133564319e-01
8.75000000000000e+00  1.52086836540797e-01
8.77500000000000e+00  1.86538948888831e-01
8.80000000000000e+00  2.19971947485681e-01
8.82500000000000e+00  2.52224170511958e-01
8.85000000000000e+00  2.83149268193165e-01
8.87500000000000e+00  3.12616111673792e-01
8.90000000000000e+00  3.40508701891384e-01
8.92500000000000e+00  3.66726078450637e-01
8.95000000000000e+00  3.91182228497484e-01
8.97500000000000e+00  4.13805995593169e-01
9.00000000000000e+00  4.34540988588346e-01
9.02500000000000e+00  4.53345490497150e-01
9.05000000000000e+00  4.70192367371290e-01
9.07500000000000e+00  4.85066563612489e-01
9.10000000000000e+00  4.97966343938548e-01
9.12500000000000e+00  5.08902046736431e-01
9.15000000000000e+00  5.17895158000889e-01
9.17500000000000e+00  5.24977643292065e-01
9.20000000000000e+00  5.30191056733737e-01
9.22500000000000e+00  5.33585650011570e-01
9.25000000000000e+00  5.35219481371369e-01
9.27500000000000e+00  5.35157524617324e-01
9.30000000000000e+00  5.33470778110262e-01
9.32500000000000e+00  5.30235373765899e-01
9.35000000000000e+00  5.25531686053085e-01
9.37500000000000e+00  5.19443928296369e-01
9.40000000000000e+00  5.12058554385787e-01
9.42500000000000e+00  5.03463666793286e-01
9.45000000000000e+00  4.93749087795558e-01
9.47500000000000e+00  4.83004703336402e-01
9.50000000000000e+00  4.71319969183500e-01
9.52500000000000e+00  4.58783417085206e-01
9.55000000000000e+00  4.45482160927325e-01
9.57500000000000e+00  4.31501402889889e-01
9.60000000000000e+00  4.16923939603946e-01
9.62500000000000e+00  4.01829668308338e-01
9.65000000000000e+00  3.86295093006480e-01
9.67500000000000e+00  3.70392830623146e-01
9.70000000000000e+00  3.54192103856601e-01
9.72500000000000e+00  3.37757745555061e-01
9.75000000000000e+00  3.21150112065763e-01
9.77500000000000e+00  3.04425292645766e-01
9.80000000000000e+00  2.87634600686221e-01
9.82500000000000e+00  2.70824563817072e-01
9.85000000000000e+00  2.54036914011738e-01
9.87500000000000e+00  2.37308577691808e-01
9.90000000000000e+00  2.20671665831729e-01
9.92500000000000e+00  2.04153464063499e-01
9.95000000000000e+00  1.87776422781358e-01
9.97500000000000e+00  1.71558147246474e-01
1.00000000000000e+01  1.55511387691647e-01
