0.00000000000000e+00  -1.80634104495145e-02
2.50000000000000e-02  -1.97093422831538e-02
5.00000000000000e-02  -2.13615261330768e-02
7.50000000000000e-02  -2.30154470439044e-02
1.00000000000000e-01  -2.46667298745139e-02
1.25000000000000e-01  -2.63110570452706e-02
1.50000000000000e-01  -2.79440862852576e-02
1.75000000000000e-01  -2.95613683795073e-02
2.00000000000000e-01  -3.11582649162320e-02
2.25000000000000e-01  -3.27298660340551e-02
2.50000000000000e-01  -3.42709081692417e-02
2.75000000000000e-01  -3.57756918029295e-02
3.00000000000000e-01  -3.72379992083596e-02
3.25000000000000e-01  -3.86512519733323e-02
3.50000000000000e-01  -4.00083366049373e-02
3.75000000000000e-01  -4.13014556739176e-02
4.00000000000000e-01  -4.25229261259831e-02
4.25000000000000e-01  -4.36645129574427e-02
4.50000000000000e-01  -4.47177065567743e-02
4.75000000000000e-01  -4.56740000461944e-02
5.00000000000000e-01  -4.65251666232281e-02
5.25000000000000e-01  -4.72635369022788e-02
5.50000000000000e-01  -4.78822762561979e-02
5.75000000000000e-01  -4.83756621578549e-02
6.00000000000000e-01  -4.87393615217071e-02
6.25000000000000e-01  -4.89517319787829e-02
6.50000000000000e-01  -4.90353856413881e-02
6.75000000000000e-01  -4.89591394105414e-02
7.00000000000000e-01  -4.87217180785335e-02
7.25000000000000e-01  -4.83213832656597e-02
7.50000000000000e-01  -4.77561874838140e-02
7.75000000000000e-01  -4.70242282000835e-02
8.00000000000000e-01  -4.61239019003430e-02
8.25000000000000e-01  -4.50541581528493e-02
8.50000000000000e-01  -4.38147536718358e-02
8.75000000000000e-01  -4.24065063811070e-02
9.00000000000000e-01  -4.08315494776329e-02
9.25000000000000e-01  -3.90935854951433e-02
9.50000000000000e-01  -3.71971290765020e-02
9.75000000000000e-01  -3.51483554576878e-02
1.00000000000000e+00  -3.29548590086563e-02
1.02500000000000e+00  -3.06255017857183e-02
1.05000000000000e+00  -2.81705058327376e-02
1.07500000000000e+00  -2.56013372671422e-02
1.10000000000000e+00  -2.29305903659370e-02
1.12500000000000e+00  -2.01718716517147e-02
1.15000000000000e+00  -1.73396839786675e-02
1.17500000000000e+00  -1.44493106185993e-02
1.20000000000000e+00  -1.15166993469367e-02
1.22500000000000e+00  -8.55834652874096e-03
1.25000000000000e+00  -5.55155287876307e-03
1.27500000000000e+00  -2.66203741582537e-03
1.30000000000000e+00  2.26900428481510e-04
1.32500000000000e+00  3.07714723545699e-03
1.35000000000000e+00  5.85471536918858e-03
1.37500000000000e+00  8.52920764723439e-03
1.40000000000000e+00  1.10732820113042e-02
1.42500000000000e+00  1.34621161979414e-02
1.45000000000000e+00  1.56728724092045e-02
1.47500000000000e+00  1.76841619833491e-02
1.50000000000000e+00  1.94755100655090e-02
1.52500000000000e+00  2.10268202783785e-02
1.55000000000000e+00  2.23178393928935e-02
1.57500000000000e+00  2.33290870033335e-02
1.60000000000000e+00  2.40407625444593e-02
1.62500000000000e+00  2.44316891645110e-02
1.65000000000000e+00  2.44839503589969e-02
1.67500000000000e+00  2.41786284856874e-02
1.70000000000000e+00  2.34972196505985e-02
1.72500000000000e+00  2.24230485939765e-02
1.75000000000000e+00  2.09426835762820e-02
1.77500000000000e+00  1.90473512641745e-02
1.80000000000000e+00  1.67343516164961e-02
1.82500000000000e+00  1.40084727702559e-02
1.85000000000000e+00  1.08834059266146e-02
1.87500000000000e+00  7.29210084835469e-03
1.90000000000000e+00  3.32808737367242e-03
1.92500000000000e+00  -1.07857206746005e-03
1.95000000000000e+00  -5.91480604211016e-03
1.97500000000000e+00  -1.11656214000601e-02
2.00000000000000e+00  -1.68150915629850e-02
2.02500000000000e+00  -2.28473448136294e-02
2.05000000000000e+00  -2.92469755709929e-02
2.07500000000000e+00  -3.59990227728747e-02
2.10000000000000e+00  -4.30880944764083e-02
2.12500000000000e+00  -5.04975748671600e-02
2.15000000000000e+00  -5.82072722771211e-02
2.17500000000000e+00  -6.61908390836844e-02
2.20000000000000e+00  -7.44249301602165e-02
2.22500000000000e+00  -8.28880871731600e-02
2.25000000000000e+00  -9.15579991926554e-02
2.27500000000000e+00  -1.00400732671260e-01
2.30000000000000e+00  -1.09388353208145e-01
2.32500000000000e+00  -1.18495717150956e-01
2.35000000000000e+00  -1.27697625300223e-01
2.37500000000000e+00  -1.36968429182014e-01
2.40000000000000e+00  -1.46282054269228e-01
2.42500000000000e+00  -1.55613482470214e-01
2.45000000000000e+00  -1.64941692107960e-01
2.47500000000000e+00  -1.74254765780493e-01
2.50000000000000e+00  -1.83525838835925e-01
2.52500000000000e+00  -1.92706721925369e-01
2.55000000000000e+00  -2.01803721491373e-01
2.57500000000000e+00  -2.10803304538253e-01
2.60000000000000e+00  -2.19689987870090e-01
2.62500000000000e+00  -2.28448532454810e-01
2.65000000000000e+00  -2.37066137788270e-01
2.67500000000000e+00  -2.45533565062516e-01
2.70000000000000e+00  -2.53845328799939e-01
2.72500000000000e+00  -2.61998816594950e-01
2.75000000000000e+00  -2.69993120912469e-01
2.77500000000000e+00  -2.77826139370636e-01
2.80000000000000e+00  -2.85491429552297e-01
2.82500000000000e+00  -2.92998701249565e-01
2.85000000000000e+00  -3.00351369433337e-01
2.87500000000000e+00  -3.07550002525849e-01
2.90000000000000e+00  -3.14607545507042e-01
2.92500000000000e+00  -3.21533469569358e-01
2.95000000000000e+00  -3.28335366012900e-01
2.97500000000000e+00  -3.35020452273967e-01
3.00000000000000e+00  -3.41596484068537e-01
3.02500000000000e+00  -3.48072478220558e-01
3.05000000000000e+00  -3.54459059208726e-01
3.07500000000000e+00  -3.60768340893780e-01
3.10000000000000e+00  -3.67013085576567e-01
3.12500000000000e+00  -3.73176059673567e-01
3.15000000000000e+00  -3.79283016079556e-01
3.17500000000000e+00  -3.85338462111211e-01
3.20000000000000e+00  -3.91334367184352e-01
3.22500000000000e+00  -3.97267656232411e-01
3.25000000000000e+00  -4.03136618837604e-01
3.27500000000000e+00  -4.08937318362118e-01
3.30000000000000e+00  -4.14661607584985e-01
3.32500000000000e+00  -4.20296142129765e-01
3.35000000000000e+00  -4.25823272755324e-01
3.37500000000000e+00  -4.31221650034292e-01
3.40000000000000e+00  -4.36470342097377e-01
3.42500000000000e+00  -4.41553482915860e-01
3.45000000000000e+00  -4.46436959303276e-01
3.47500000000000e+00  -4.51084173988492e-01
3.50000000000000e+00  -4.55462200687521e-01
3.52500000000000e+00  -4.59534980212243e-01
3.55000000000000e+00  -4.63261558355561e-01
3.57500000000000e+00  -4.66598640746090e-01
3.60000000000000e+00  -4.69502764812396e-01
3.62500000000000e+00  -4.71929945100497e-01
3.65000000000000e+00  -4.73835927942265e-01
3.67500000000000e+00  -4.75175168827392e-01
3.70000000000000e+00  -4.75899605956430e-01
3.72500000000000e+00  -4.75957184208373e-01
3.75000000000000e+00  -4.75184995593853e-01
3.77500000000000e+00  -4.73937349434725e-01
3.80000000000000e+00  -4.71808762191838e-01
3.82500000000000e+00  -4.68800186454327e-01
3.85000000000000e+00  -4.64909939222180e-01
3.87500000000000e+00  -4.60132907436052e-01
3.90000000000000e+00  -4.54459753507090e-01
3.92500000000000e+00  -4.47877364148530e-01
3.95000000000000e+00  -4.40370175915812e-01
3.97500000000000e+00  -4.31923276605813e-01
4.00000000000000e+00  -4.22525296008783e-01
4.02500000000000e+00  -4.12174561187087e-01
4.05000000000000e+00  -4.00885734172872e-01
4.07500000000000e+00  -3.88664448806684e-01
4.10000000000000e+00  -3.75537350533573e-01
4.12500000000000e+00  -3.61539061565640e-01
4.15000000000000e+00  -3.46711069244917e-01
4.17500000000000e+00  -3.31104427588420e-01
4.20000000000000e+00  -3.14777643294520e-01
4.22500000000000e+00  -2.97794376279428e-01
4.25000000000000e+00  -2.80219755183048e-01
4.27500000000000e+00  -2.62116777755117e-01
4.30000000000000e+00  -2.43541899009739e-01
4.32500000000000e+00  -2.24540387677688e-01
4.35000000000000e+00  -2.05141858710478e-01
4.37500000000000e+00  -1.85710558326830e-01
4.40000000000000e+00  -1.65729172648271e-01
4.42500000000000e+00  -1.45811508730444e-01
4.45000000000000e+00  -1.25963807153474e-01
4.47500000000000e+00  -1.06212373814321e-01
4.50000000000000e+00  -8.66005795222512e-02
4.52500000000000e+00  -6.71858595943210e-02
4.55000000000000e+00  -4.80358739847914e-02
4.57500000000000e+00  -2.92242122713685e-02
4.60000000000000e+00  -1.08253584363711e-02
4.62500000000000e+00  7.09027262248526e-03
4.65000000000000e+00  2.44626988209018e-02
4.67500000000000e+00  4.12489469818470e-02
4.70000000000000e+00  5.73992854737912e-02
4.72500000000000e+00  7.28837964612589e-02
4.75000000000000e+00  8.76755399963982e-02
4.77500000000000e+00  1.01766460150227e-01
4.80000000000000e+00  1.15151554646473e-01
4.82500000000000e+00  1.27830265596536e-01
4.85000000000000e+00  1.39807390961588e-01
4.87500000000000e+00  1.51090844881416e-01
4.90000000000000e+00  1.61690063531312e-01
4.92500000000000e+00  1.71612792178760e-01
4.95000000000000e+00  1.80861458622364e-01
4.97500000000000e+00  1.89428929394754e-01
5.00000000000000e+00  1.97584061065689e-01
5.02500000000000e+00  2.04906317922607e-01
5.05000000000000e+00  2.11840474349516e-01
5.07500000000000e+00  2.18376005079178e-01
5.10000000000000e+00  2.24522846635436e-01
5.12500000000000e+00  2.30306877027902e-01
5.15000000000000e+00  2.35765395446650e-01
5.17500000000000e+00  2.40943215032313e-01
5.20000000000000e+00  2.45889167082835e-01
5.22500000000000e+00  2.50654200635369e-01
5.25000000000000e+00  2.55288847911111e-01
5.27500000000000e+00  2.59843794958214e-01
5.30000000000000e+00  2.64370924443782e-01
5.32500000000000e+00  2.68907696487233e-01
5.35000000000000e+00  2.73489214875396e-01
5.37500000000000e+00  2.78135301253741e-01
5.40000000000000e+00  2.82874156739552e-01
5.42500000000000e+00  2.87718341462275e-01
5.45000000000000e+00  2.92670839680739e-01
5.47500000000000e+00  2.97730912017790e-01
5.50000000000000e+00  3.02898540354023e-01
5.52500000000000e+00  3.08178942540400e-01
5.55000000000000e+00  3.13586343045508e-01
5.57500000000000e+00  3.19147286496338e-01
5.60000000000000e+00  3.24903107946328e-01
5.62500000000000e+00  3.30563016050152e-01
5.65000000000000e+00  3.36630584633391e-01
5.67500000000000e+00  3.42625796532694e-01
5.70000000000000e+00  3.48594923092578e-01
5.72500000000000e+00  3.54560348078759e-01
5.75000000000000e+00  3.60524969461446e-01
5.77500000000000e+00  3.66476601198650e-01
5.80000000000000e+00  3.72392546438288e-01
5.82500000000000e+00  3.78243937628974e-01
5.85000000000000e+00  3.83999264559626e-01
5.87500000000000e+00  3.89627984805958e-01
5.90000000000000e+00  3.95102752007750e-01
5.92500000000000e+00  4.00401459259077e-01
5.95000000000000e+00  4.05506592672014e-01
5.97500000000000e+00  4.10403083441311e-01
6.00000000000000e+00  4.15093263739736e-01
6.02500000000000e+00  4.19567955257040e-01
6.05000000000000e+00  4.23830963549535e-01
6.07500000000000e+00  4.27892824497792e-01
6.10000000000000e+00  4.31765026384363e-01
6.12500000000000e+00  4.35457453125969e-01
6.15000000000000e+00  4.38975626301521e-01
6.17500000000000e+00  4.42319700314455e-01
6.20000000000000e+00  4.45484329462860e-01
6.22500000000000e+00  4.48459771727837e-01
6.25000000000000e+00  4.51412394335918e-01
6.27500000000000e+00  4.54181019935931e-01
6.30000000000000e+00  4.56927801886275e-01
6.32500000000000e+00  4.59668751196834e-01
6.35000000000000e+00  4.62421622790089e-01
6.37500000000000e+00  4.65206280610082e-01
6.40000000000000e+00  4.68045062731379e-01
6.42500000000000e+00  4.70962843542352e-01
6.45000000000000e+00  4.73986862686095e-01
6.47500000000000e+00  4.77145305396692e-01
6.50000000000000e+00  4.80466450112751e-01
6.52500000000000e+00  4.83975355520989e-01
6.55000000000000e+00  4.87690174732888e-01
6.57500000000000e+00  4.91626904897590e-01
6.60000000000000e+00  4.95802911364067e-01
6.62500000000000e+00  5.00227087391277e-01
6.65000000000000e+00  5.04894374854144e-01
6.67500000000000e+00  5.09799988429275e-01
6.70000000000000e+00  5.14936449453407e-01
6.72500000000000e+00  5.20291183854005e-01
6.75000000000000e+00  5.25847854189168e-01
6.77500000000000e+00  5.31587433850127e-01
6.80000000000000e+00  5.37491289875141e-01
6.82500000000000e+00  5.43545390069386e-01
6.85000000000000e+00  5.49746322735363e-01
6.87500000000000e+00  5.55930039824884e-01
6.90000000000000e+00  5.62321826601233e-01
6.92500000000000e+00  5.68630812606750e-01
6.95000000000000e+00  5.74854809784765e-01
6.97500000000000e+00  5.80973077576991e-01
7.00000000000000e+00  5.86950939427748e-01
7.02500000000000e+00  5.92744399288205e-01
7.05000000000000e+00  5.98303570992530e-01
7.07500000000000e+00  6.03575351605929e-01
7.10000000000000e+00  6.08505287591035e-01
7.12500000000000e+00  6.13039259300726e-01
7.15000000000000e+00  6.17123798567237e-01
7.17500000000000e+00  6.20706201543156e-01
7.20000000000000e+00  6.23743561014659e-01
7.22500000000000e+00  6.26195023705338e-01
7.25000000000000e+00  6.28017577539826e-01
7.27500000000000e+00  6.29183264644805e-01
7.30000000000000e+00  6.29664137431565e-01
7.32500000000000e+00  6.29434019279005e-01
7.35000000000000e+00  6.28470076590125e-01
7.37500000000000e+00  6.26753037385149e-01
7.40000000000000e+00  6.24267062603169e-01
7.42500000000000e+00  6.20998745408335e-01
7.45000000000000e+00  6.16935245283510e-01
7.47500000000000e+00  6.12061450810397e-01
7.50000000000000e+00  6.06437180159377e-01
7.52500000000000e+00  6.00026734903842e-01
7.55000000000000e+00  5.92885841180436e-01
7.57500000000000e+00  5.85021776561809e-01
7.60000000000000e+00  5.76457362733297e-01
7.62500000000000e+00  5.67225938446603e-01
7.65000000000000e+00  5.57366332473469e-01
7.67500000000000e+00  5.46920065965749e-01
7.70000000000000e+00  5.35930049913210e-01
7.72500000000000e+00  5.24440790582112e-01
7.75000000000000e+00  5.12499015024747e-01
7.77500000000000e+00  5.00156835011431e-01
7.80000000000000e+00  4.87475285987869e-01
7.82500000000000e+00  4.74504431226596e-01
7.85000000000000e+00  4.61297791594427e-01
7.87500000000000e+00  4.47911725328879e-01
7.90000000000000e+00  4.34406080498915e-01
7.92500000000000e+00  4.20836729810422e-01
7.95000000000000e+00  4.07257128507239e-01
7.97500000000000e+00  3.93719661173723e-01
8.00000000000000e+00  3.80275543413399e-01
8.02500000000000e+00  3.66974844792020e-01
8.05000000000000e+00  3.53865728771995e-01
8.07500000000000e+00  3.40993355330996e-01
8.10000000000000e+00  3.28398363847572e-01
8.12500000000000e+00  3.16090479826130e-01
8.15000000000000e+00  3.04183826462202e-01
8.17500000000000e+00  2.92636153263005e-01
8.20000000000000e+00  2.81485503957332e-01
8.22500000000000e+00  2.70762019065575e-01
8.25000000000000e+00  2.60488915319085e-01
8.27500000000000e+00  2.50683465079539e-01
8.30000000000000e+00  2.41357733164793e-01
8.32500000000000e+00  2.32519180347837e-01
8.35000000000000e+00  2.24171169145002e-01
8.37500000000000e+00  2.16313425502759e-01
8.40000000000000e+00  2.08942335205692e-01
8.42500000000000e+00  2.02051214095714e-01
8.45000000000000e+00  1.95630797879154e-01
8.47500000000000e+00  1.89670806565787e-01
8.50000000000000e+00  1.84156765849925e-01
8.52500000000000e+00  1.79073166288680e-01
8.55000000000000e+00  1.74402567970090e-01
8.57500000000000e+00  1.70125626956813e-01
8.60000000000000e+00  1.66221121729825e-01
8.62500000000000e+00  1.62665979632109e-01
8.65000000000000e+00  1.59435303312351e-01
8.67500000000000e+00  1.56502397168632e-01
8.70000000000000e+00  1.53838793792123e-01
8.72500000000000e+00  1.51414280410779e-01
8.75000000000000e+00  1.49212743239073e-01
8.77500000000000e+00  1.47212859058894e-01
8.80000000000000e+00  1.45379527820572e-01
8.82500000000000e+00  1.43688964198212e-01
8.85000000000000e+00  1.42117727336304e-01
8.87500000000000e+00  1.40642896799834e-01
8.90000000000000e+00  1.39242248524388e-01
8.92500000000000e+00  1.37894430766260e-01
8.95000000000000e+00  1.36579140052557e-01
8.97500000000000e+00  1.35277297131311e-01
9.00000000000000e+00  1.33971222921580e-01
9.02500000000000e+00  1.32644814463557e-01
9.05000000000000e+00  1.31283720868680e-01
9.07500000000000e+00  1.29874587784491e-01
9.10000000000000e+00  1.28405885740206e-01
9.12500000000000e+00  1.26867753877578e-01
9.15000000000000e+00  1.25251583255043e-01
9.17500000000000e+00  1.23550386364999e-01
9.20000000000000e+00  1.21758687875384e-01
9.22500000000000e+00  1.19872415371273e-01
9.25000000000000e+00  1.17888790096455e-01
9.27500000000000e+00  1.15806217695026e-01
9.30000000000000e+00  1.13624178952974e-01
9.32500000000000e+00  1.11343120539765e-01
9.35000000000000e+00  1.08964345749927e-01
9.37500000000000e+00  1.06492342851553e-01
9.40000000000000e+00  1.03930704840929e-01
9.42500000000000e+00  1.01283150342299e-01
9.45000000000000e+00  9.85549890984640e-02
9.47500000000000e+00  9.57520725688667e-02
9.50000000000000e+00  9.28807023002151e-02
9.52500000000000e+00  8.99475382971134e-02
9.55000000000000e+00  8.69595073926883e-02
9.57500000000000e+00  8.39237116192166e-02
9.60000000000000e+00  8.08473365787537e-02
9.62500000000000e+00  7.77375598137611e-02
9.65000000000000e+00  7.46014591777332e-02
9.67500000000000e+00  7.14459212058265e-02
9.70000000000000e+00  6.82777402049977e-02
9.72500000000000e+00  6.51033636920178e-02
9.75000000000000e+00  6.19288634383405e-02
9.77500000000000e+00  5.87599990977216e-02
9.80000000000000e+00  5.56020263934843e-02
9.82500000000000e+00  5.24596675848540e-02
9.85000000000000e+00  4.93370819332938e-02
9.87500000000000e+00  4.62378361688397e-02
9.90000000000000e+00  4.31648749564347e-02
9.92500000000000e+00  4.01204913622661e-02
9.95000000000000e+00  3.71062973200990e-02
9.97500000000000e+00  3.41231940976118e-02
1.00000000000000e+01  3.11713427627335e-02
