0.00000000000000e+00  -1.38668407109164e-01
2.50000000000000e-02  -1.52985535496311e-01
5.00000000000000e-02  -1.67443620493198e-01
7.50000000000000e-02  -1.82030507241733e-01
1.00000000000000e-01  -1.96729883316806e-01
1.25000000000000e-01  -2.11521274284725e-01
1.50000000000000e-01  -2.26380039261656e-01
1.75000000000000e-01  -2.41277366472057e-01
2.00000000000000e-01  -2.56180268807122e-01
2.25000000000000e-01  -2.71051579383214e-01
2.50000000000000e-01  -2.85849947100309e-01
2.75000000000000e-01  -3.00529832200429e-01
3.00000000000000e-01  -3.15041501826084e-01
3.25000000000000e-01  -3.29331402674673e-01
3.50000000000000e-01  -3.43341993960047e-01
3.75000000000000e-01  -3.57011733570343e-01
4.00000000000000e-01  -3.70276032392478e-01
4.25000000000000e-01  -3.83066675926203e-01
4.50000000000000e-01  -3.95312236149081e-01
4.75000000000000e-01  -4.06938483381466e-01
5.00000000000000e-01  -4.17868798151484e-01
5.25000000000000e-01  -4.28024583060008e-01
5.50000000000000e-01  -4.37325674645641e-01
5.75000000000000e-01  -4.45690755249697e-01
6.00000000000000e-01  -4.53037764881171e-01
6.25000000000000e-01  -4.59288268532350e-01
6.50000000000000e-01  -4.64350427028504e-01
6.75000000000000e-01  -4.68154653168636e-01
7.00000000000000e-01  -4.70622074940700e-01
7.25000000000000e-01  -4.71676953779848e-01
7.50000000000000e-01  -4.71247483777997e-01
7.75000000000000e-01  -4.69266590893384e-01
8.00000000000000e-01  -4.65672732160129e-01
8.25000000000000e-01  -4.60410694897796e-01
8.50000000000000e-01  -4.53432395920953e-01
8.75000000000000e-01  -4.44697680748733e-01
9.00000000000000e-01  -4.34175122814396e-01
9.25000000000000e-01  -4.21842822674887e-01
9.50000000000000e-01  -4.07688868991372e-01
9.75000000000000e-01  -3.91712322793148e-01
1.00000000000000e+00  -3.73924418347213e-01
1.02500000000000e+00  -3.54347265187741e-01
1.05000000000000e+00  -3.33016306961702e-01
1.07500000000000e+00  -3.09980472878647e-01
1.10000000000000e+00  -2.85302329160509e-01
1.12500000000000e+00  -2.59058230491388e-01
1.15000000000000e+00  -2.31338471467343e-01
1.17500000000000e+00  -2.02247438046186e-01
1.20000000000000e+00  -1.71903758997265e-01
1.22500000000000e+00  -1.40440457351269e-01
1.25000000000000e+00  -1.07972677659548e-01
1.27500000000000e+00  -7.47411230954489e-02
1.30000000000000e+00  -4.08396526529294e-02
1.32500000000000e+00  -6.45679322646972e-03
1.35000000000000e+00  2.82107656973221e-02
1.37500000000000e+00  6.29593865473255e-02
1.40000000000000e+00  9.75796981755069e-02
1.42500000000000e+00  1.31857810364526e-01
1.45000000000000e+00  1.65576528335345e-01
1.47500000000000e+00  1.98516567254828e-01
1.50000000000000e+00  2.30457766743352e-01
1.52500000000000e+00  2.61180305382411e-01
1.55000000000000e+00  2.90465915222216e-01
1.57500000000000e+00  3.18101932391854e-01
1.60000000000000e+00  3.43881199144704e-01
1.62500000000000e+00  3.67604349450007e-01
1.65000000000000e+00  3.89082865645241e-01
1.67500000000000e+00  4.08140394517218e-01
1.70000000000000e+00  4.24615197319700e-01
1.72500000000000e+00  4.38362599791004e-01
1.75000000000000e+00  4.49257442171624e-01
1.77500000000000e+00  4.57196529221841e-01
1.80000000000000e+00  4.62101080239332e-01
1.82500000000000e+00  4.63919179076789e-01
1.85000000000000e+00  4.62628224159530e-01
1.87500000000000e+00  4.58201408977122e-01
1.90000000000000e+00  4.50662524587434e-01
1.92500000000000e+00  4.40074260857693e-01
1.95000000000000e+00  4.26501638255754e-01
1.97500000000000e+00  4.10049752447905e-01
2.00000000000000e+00  3.90857931229707e-01
2.02500000000000e+00  3.69093891456832e-01
2.05000000000000e+00  3.44950137242605e-01
2.07500000000000e+00  3.18641868027126e-01
2.10000000000000e+00  2.90407856030951e-01
2.12500000000000e+00  2.60510922723423e-01
2.15000000000000e+00  2.29243865267160e-01
2.17500000000000e+00  1.96936198331807e-01
2.20000000000000e+00  1.63815525084176e-01
2.22500000000000e+00  1.30319328994228e-01
2.25000000000000e+00  9.67760045207961e-02
2.27500000000000e+00  6.35156923324886e-02
2.30000000000000e+00  3.08930907354959e-02
2.32500000000000e+00  -7.27649364274180e-04
2.35000000000000e+00  -3.09870764834440e-02
2.37500000000000e+00  -5.95382581493190e-02
2.40000000000000e+00  -8.60526934455356e-02
2.42500000000000e+00  -1.10222350076300e-01
2.45000000000000e+00  -1.31756577477749e-01
2.47500000000000e+00  -1.50371687975239e-01
2.50000000000000e+00  -1.65862936551361e-01
2.52500000000000e+00  -1.77813399413781e-01
2.55000000000000e+00  -1.86341569947495e-01
2.57500000000000e+00  -1.91149285450642e-01
2.60000000000000e+00  -1.92091277486158e-01
2.62500000000000e+00  -1.89126128811135e-01
2.65000000000000e+00  -1.82267230306181e-01
2.67500000000000e+00  -1.71556864449998e-01
2.70000000000000e+00  -1.57054442408855e-01
2.72500000000000e+00  -1.38845816845386e-01
2.75000000000000e+00  -1.17052289848690e-01
2.77500000000000e+00  -9.18769000545522e-02
2.80000000000000e+00  -6.36563738569219e-02
2.82500000000000e+00  -3.26089287215360e-02
2.85000000000000e+00  9.59311275309889e-04
2.87500000000000e+00  3.66903820923513e-02
2.90000000000000e+00  7.41831412661410e-02
2.92500000000000e+00  1.13022553699685e-01
2.95000000000000e+00  1.52777399857236e-01
2.97500000000000e+00  1.92998742361098e-01
3.00000000000000e+00  2.33223993806221e-01
3.02500000000000e+00  2.72981935682315e-01
3.05000000000000e+00  3.11801016838628e-01
3.07500000000000e+00  3.49220447118949e-01
3.10000000000000e+00  3.84804662519523e-01
3.12500000000000e+00  4.18118634760138e-01
3.15000000000000e+00  4.48726363353953e-01
3.17500000000000e+00  4.76229960438822e-01
3.20000000000000e+00  5.00284320744887e-01
3.22500000000000e+00  5.20582790028019e-01
3.25000000000000e+00  5.36860308174068e-01
3.27500000000000e+00  5.48896552303127e-01
3.30000000000000e+00  5.56519079873779e-01
3.32500000000000e+00  5.59606471787365e-01
3.35000000000000e+00  5.58091475492231e-01
3.37500000000000e+00  5.51964148087990e-01
3.40000000000000e+00  5.41274999429776e-01
3.42500000000000e+00  5.26138135232502e-01
3.45000000000000e+00  5.06653608901443e-01
3.47500000000000e+00  4.83107513943995e-01
3.50000000000000e+00  4.55838823022297e-01
3.52500000000000e+00  4.25048447386903e-01
3.55000000000000e+00  3.91104201821969e-01
3.57500000000000e+00  3.54461096434711e-01
3.60000000000000e+00  3.15591456379815e-01
3.62500000000000e+00  2.74978334502563e-01
3.65000000000000e+00  2.33096258668962e-01
3.67500000000000e+00  1.90424968488973e-01
3.70000000000000e+00  1.47473144479134e-01
3.72500000000000e+00  1.04820893923784e-01
3.75000000000000e+00  6.31780231474644e-02
3.77500000000000e+00  2.26661758683083e-02
3.80000000000000e+00  -1.59184009990211e-02
3.82500000000000e+00  -5.21243694329912e-02
3.85000000000000e+00  -8.55263509637774e-02
3.87500000000000e+00  -1.15730515569879e-01
3.90000000000000e+00  -1.42380170574726e-01
3.92500000000000e+00  -1.65161349543294e-01
3.95000000000000e+00  -1.83808401178718e-01
3.97500000000000e+00  -1.98109578218900e-01
4.00000000000000e+00  -2.07912626333127e-01
4.02500000000000e+00  -2.13130373018675e-01
4.05000000000000e+00  -2.13746316497429e-01
4.07500000000000e+00  -2.09800209624996e-01
4.10000000000000e+00  -2.01405258742264e-01
4.12500000000000e+00  -1.88745865915034e-01
4.15000000000000e+00  -1.72056442667633e-01
4.17500000000000e+00  -1.51638079003340e-01
4.20000000000000e+00  -1.27849935653865e-01
4.22500000000000e+00  -1.01100636328837e-01
4.25000000000000e+00  -7.18396599652803e-02
4.27500000000000e+00  -4.05487329770957e-02
4.30000000000000e+00  -7.73322150454778e-03
4.32500000000000e+00  2.60864763362602e-02
4.35000000000000e+00  6.03835382038960e-02
4.37500000000000e+00  9.45149752342719e-02
4.40000000000000e+00  1.27867145892896e-01
4.42500000000000e+00  1.60079558280034e-01
4.45000000000000e+00  1.90444712725261e-01
4.47500000000000e+00  2.18409173978313e-01
4.50000000000000e+00  2.43522895344154e-01
4.52500000000000e+00  2.65388542818043e-01
4.55000000000000e+00  2.83632371555729e-01
4.57500000000000e+00  2.97889676897843e-01
4.60000000000000e+00  3.07825892012491e-01
4.62500000000000e+00  3.13150118103767e-01
4.65000000000000e+00  3.13693865880423e-01
4.67500000000000e+00  3.09499615384025e-01
4.70000000000000e+00  3.00436951196475e-01
4.72500000000000e+00  2.86543035479283e-01
4.75000000000000e+00  2.67872699236072e-01
4.77500000000000e+00  2.44705259413724e-01
4.80000000000000e+00  2.17292776597464e-01
4.82500000000000e+00  1.85913589261178e-01
4.85000000000000e+00  1.50917799434767e-01
4.87500000000000e+00  1.12720760766781e-01
4.90000000000000e+00  7.18065923253584e-02
4.92500000000000e+00  2.87055170529815e-02
4.95000000000000e+00  -1.60379849610493e-02
4.97500000000000e+00  -6.19151163431626e-02
5.00000000000000e+00  -1.08334788569424e-01
5.02500000000000e+00  -1.54679754441933e-01
5.05000000000000e+00  -2.00319639050839e-01
5.07500000000000e+00  -2.44677829436595e-01
5.10000000000000e+00  -2.87196353474084e-01
5.12500000000000e+00  -3.27342254472645e-01
5.15000000000000e+00  -3.64613965776117e-01
5.17500000000000e+00  -3.98547685362869e-01
5.20000000000000e+00  -4.28723750445833e-01
5.22500000000000e+00  -4.54773012072547e-01
5.25000000000000e+00  -4.76383209725182e-01
5.27500000000000e+00  -4.93305345920581e-01
5.30000000000000e+00  -5.05360060810294e-01
5.32500000000000e+00  -5.12437914026795e-01
5.35000000000000e+00  -5.14498458205693e-01
5.37500000000000e+00  -5.11583473063922e-01
5.40000000000000e+00  -5.03793235624232e-01
5.42500000000000e+00  -4.91304939439548e-01
5.45000000000000e+00  -4.74364985690418e-01
5.47500000000000e+00  -4.53281274282452e-01
5.50000000000000e+00  -4.28415494943774e-01
5.52500000000000e+00  -4.00175418322457e-01
5.55000000000000e+00  -3.69007187083979e-01
5.57500000000000e+00  -3.35387607008657e-01
5.60000000000000e+00  -2.99816438089092e-01
5.62500000000000e+00  -2.63004468383360e-01
5.65000000000000e+00  -2.25195185241638e-01
5.67500000000000e+00  -1.87264888774139e-01
5.70000000000000e+00  -1.49734505731345e-01
5.72500000000000e+00  -1.13138831709137e-01
5.75000000000000e+00  -7.80124117683232e-02
5.77500000000000e+00  -4.48754210541338e-02
5.80000000000000e+00  -1.42211131467361e-02
5.82500000000000e+00  1.34948943972063e-02
5.85000000000000e+00  3.78613643918623e-02
5.87500000000000e+00  5.85183685810590e-02
5.90000000000000e+00  7.51572588029706e-02
5.92500000000000e+00  8.75196565636256e-02
5.95000000000000e+00  9.54255999175550e-02
5.97500000000000e+00  9.87585972800298e-02
6.00000000000000e+00  9.74859373185307e-02
6.02500000000000e+00  9.15963092288161e-02
6.05000000000000e+00  8.11685582198422e-02
6.07500000000000e+00  6.63574209996956e-02
6.10000000000000e+00  4.73786269766602e-02
6.12500000000000e+00  2.44945519563830e-02
6.15000000000000e+00  -1.99058893466224e-03
6.17500000000000e+00  -3.17320129824643e-02
6.20000000000000e+00  -6.43394434967762e-02
6.22500000000000e+00  -9.93757234613374e-02
6.25000000000000e+00  -1.36311671686356e-01
6.27500000000000e+00  -1.74623544263657e-01
6.30000000000000e+00  -2.13886352647203e-01
6.32500000000000e+00  -2.53514689324156e-01
6.35000000000000e+00  -2.92961646137683e-01
6.37500000000000e+00  -3.31708436944846e-01
6.40000000000000e+00  -3.69254020274511e-01
6.42500000000000e+00  -4.05109596015832e-01
6.45000000000000e+00  -4.38798395700286e-01
6.47500000000000e+00  -4.69865647664854e-01
6.50000000000000e+00  -4.97887445230364e-01
6.52500000000000e+00  -5.22497316822427e-01
6.55000000000000e+00  -5.43415411219907e-01
6.57500000000000e+00  -5.60354078417796e-01
6.60000000000000e+00  -5.73050064992845e-01
6.62500000000000e+00  -5.81381677126908e-01
6.65000000000000e+00  -5.85235913907485e-01
6.67500000000000e+00  -5.84563160143759e-01
6.70000000000000e+00  -5.79373982511951e-01
6.72500000000000e+00  -5.69735925700674e-01
6.75000000000000e+00  -5.55770308556279e-01
6.77500000000000e+00  -5.37649020228213e-01
6.80000000000000e+00  -5.15591316314370e-01
6.82500000000000e+00  -4.89860615006442e-01
6.85000000000000e+00  -4.60761293235270e-01
6.87500000000000e+00  -4.28678862152421e-01
6.90000000000000e+00  -3.93946989358255e-01
6.92500000000000e+00  -3.57022113348390e-01
6.95000000000000e+00  -3.18333141321358e-01
6.97500000000000e+00  -2.78326643378291e-01
7.00000000000000e+00  -2.37461203555783e-01
7.02500000000000e+00  -1.96201770858726e-01
7.05000000000000e+00  -1.55014010293177e-01
7.07500000000000e+00  -1.14358653899197e-01
7.10000000000000e+00  -7.46858517837059e-02
7.12500000000000e+00  -3.64295231533419e-02
7.15000000000000e+00  -1.70734729780513e-06
7.17500000000000e+00  3.42130851298140e-02
7.20000000000000e+00  6.58786088313967e-02
7.22500000000000e+00  9.46570797958736e-02
7.25000000000000e+00  1.20279551708666e-01
7.27500000000000e+00  1.42505112468554e-01
7.30000000000000e+00  1.61137375594909e-01
7.32500000000000e+00  1.76024176537783e-01
7.35000000000000e+00  1.87057268988002e-01
7.37500000000000e+00  1.94172021187262e-01
7.40000000000000e+00  1.97347112238215e-01
7.42500000000000e+00  1.96604228414563e-01
7.45000000000000e+00  1.92007759471153e-01
7.47500000000000e+00  1.83664494954064e-01
7.50000000000000e+00  1.71748165658939e-01
7.52500000000000e+00  1.56388970441422e-01
7.55000000000000e+00  1.37855945268551e-01
7.57500000000000e+00  1.16382538055692e-01
7.60000000000000e+00  9.22389572334594e-02
7.62500000000000e+00  6.57242811156233e-02
7.65000000000000e+00  3.71585672669997e-02
7.67500000000000e+00  6.87688967677475e-03
7.70000000000000e+00  -2.47753507883494e-02
7.72500000000000e+00  -5.74459257172498e-02
7.75000000000000e+00  -9.07788767327980e-02
7.77500000000000e+00  -1.24415626069227e-01
7.80000000000000e+00  -1.57995793353135e-01
7.82500000000000e+00  -1.91176144241603e-01
7.85000000000000e+00  -2.23622025441176e-01
7.87500000000000e+00  -2.55009613710534e-01
7.90000000000000e+00  -2.85029908041027e-01
7.92500000000000e+00  -3.13395434542508e-01
7.95000000000000e+00  -3.39841200495265e-01
7.97500000000000e+00  -3.64125648401968e-01
8.00000000000000e+00  -3.86031610039595e-01
8.02500000000000e+00  -4.05367260511375e-01
8.05000000000000e+00  -4.21967072298718e-01
8.07500000000000e+00  -4.35692769313153e-01
8.10000000000000e+00  -4.46434280948270e-01
8.12500000000000e+00  -4.54160226820709e-01
8.15000000000000e+00  -4.58698035213877e-01
8.17500000000000e+00  -4.60138262866053e-01
8.20000000000000e+00  -4.58469799775204e-01
8.22500000000000e+00  -4.53713805237493e-01
8.25000000000000e+00  -4.45921182782785e-01
8.27500000000000e+00  -4.35170055110160e-01
8.30000000000000e+00  -4.21563239023412e-01
8.32500000000000e+00  -4.05225720366557e-01
8.35000000000000e+00  -3.86302128959345e-01
8.37500000000000e+00  -3.64954213532755e-01
8.40000000000000e+00  -3.41358316664513e-01
8.42500000000000e+00  -3.15702849714590e-01
8.45000000000000e+00  -2.88187204738642e-01
8.47500000000000e+00  -2.59018451846338e-01
8.50000000000000e+00  -2.28409127219922e-01
8.52500000000000e+00  -1.96577375557726e-01
8.55000000000000e+00  -1.63742892032906e-01
8.57500000000000e+00  -1.30125742018895e-01
8.60000000000000e+00  -9.59451808148341e-02
8.62500000000000e+00  -6.14184733709964e-02
8.65000000000000e+00  -2.67597140142450e-02
8.67500000000000e+00  7.82135382654415e-03
8.70000000000000e+00  4.21205178950415e-02
8.72500000000000e+00  7.59402773820315e-02
8.75000000000000e+00  1.09126199950508e-01
8.77500000000000e+00  1.41486731561955e-01
8.80000000000000e+00  1.72878057788167e-01
8.82500000000000e+00  2.03152469098281e-01
8.85000000000000e+00  2.32176825649111e-01
8.87500000000000e+00  2.59832403845766e-01
8.90000000000000e+00  2.86014742902249e-01
8.92500000000000e+00  3.10633491402075e-01
8.95000000000000e+00  3.33612253858889e-01
8.97500000000000e+00  3.54888437277064e-01
9.00000000000000e+00  3.74413097712327e-01
9.02500000000000e+00  3.92150786832358e-01
9.05000000000000e+00  4.08079398477409e-01
9.07500000000000e+00  4.22187702041668e-01
9.10000000000000e+00  4.34476645613189e-01
9.12500000000000e+00  4.44958152078128e-01
9.15000000000000e+00  4.53654129030859e-01
9.17500000000000e+00  4.60596011448022e-01
9.20000000000000e+00  4.65823960972899e-01
9.22500000000000e+00  4.69386065199797e-01
9.25000000000000e+00  4.71337536958434e-01
9.27500000000000e+00  4.71739913598317e-01
9.30000000000000e+00  4.70660256273125e-01
9.32500000000000e+00  4.68170349225093e-01
9.35000000000000e+00  4.64345899069393e-01
9.37500000000000e+00  4.59261737360979e-01
9.40000000000000e+00  4.52999253243408e-01
9.42500000000000e+00  4.45638344232443e-01
9.45000000000000e+00  4.37261306843337e-01
9.47500000000000e+00  4.27950098420251e-01
9.50000000000000e+00  4.17785926773806e-01
9.52500000000000e+00  4.06848839818640e-01
9.55000000000000e+00  3.95217315210950e-01
9.57500000000000e+00  3.82967849986046e-01
9.60000000000000e+00  3.70174550195901e-01
9.62500000000000e+00  3.56908720546703e-01
9.65000000000000e+00  3.43238454036399e-01
9.67500000000000e+00  3.29228221592253e-01
9.70000000000000e+00  3.14939462540064e-01
9.72500000000000e+00  3.00429615728063e-01
9.75000000000000e+00  2.85752137974326e-01
9.77500000000000e+00  2.70956682766830e-01
9.80000000000000e+00  2.56088718107582e-01
9.82500000000000e+00  2.41189531537736e-01
9.85000000000000e+00  2.26296235162696e-01
9.87500000000000e+00  2.11441770677242e-01
9.90000000000000e+00  1.96654914390626e-01
9.92500000000000e+00  1.81960282251702e-01
9.95000000000000e+00  1.67378334874028e-01
9.97500000000000e+00  1.52925382560979e-01
1.00000000000000e+01  1.38613590330872e-01
