0.00000000000000e+00  -1.55623660184410e-01
2.50000000000000e-02  -1.71680495210290e-01
5.00000000000000e-02  -1.87908586281286e-01
7.50000000000000e-02  -2.04295178850672e-01
1.00000000000000e-01  -2.20822653260432e-01
1.25000000000000e-01  -2.37468535713569e-01
1.50000000000000e-01  -2.54205509246422e-01
1.75000000000000e-01  -2.71001424700984e-01
2.00000000000000e-01  -2.87819311697217e-01
2.25000000000000e-01  -3.04617389605367e-01
2.50000000000000e-01  -3.21349078518281e-01
2.75000000000000e-01  -3.37963010223724e-01
3.00000000000000e-01  -3.54403039176695e-01
3.25000000000000e-01  -3.70608750958885e-01
3.50000000000000e-01  -3.86515254613290e-01
3.75000000000000e-01  -4.02053270826415e-01
4.00000000000000e-01  -4.17150124410489e-01
4.25000000000000e-01  -4.31729255443123e-01
4.50000000000000e-01  -4.45710712758308e-01
4.75000000000000e-01  -4.59011647437405e-01
5.00000000000000e-01  -4.71546806300140e-01
5.25000000000000e-01  -4.83229025395594e-01
5.50000000000000e-01  -4.93969723493199e-01
5.75000000000000e-01  -5.03679395573729e-01
6.00000000000000e-01  -5.12268106320297e-01
6.25000000000000e-01  -5.19645586149917e-01
6.50000000000000e-01  -5.25725019114542e-01
6.75000000000000e-01  -5.30418600326531e-01
7.00000000000000e-01  -5.33642571496042e-01
7.25000000000000e-01  -5.35316538364826e-01
7.50000000000000e-01  -5.35364360750526e-01
7.75000000000000e-01  -5.33715042590969e-01
8.00000000000000e-01  -5.30303621988467e-01
8.25000000000000e-01  -5.25072061254109e-01
8.50000000000000e-01  -5.17970136952059e-01
8.75000000000000e-01  -5.08956329943850e-01
9.00000000000000e-01  -4.97998715432686e-01
9.25000000000000e-01  -4.85075853007732e-01
9.50000000000000e-01  -4.70177455828605e-01
9.75000000000000e-01  -4.53305314157919e-01
1.00000000000000e+00  -4.34474539483443e-01
1.02500000000000e+00  -4.13712329195407e-01
1.05000000000000e+00  -3.91060464069769e-01
1.07500000000000e+00  -3.66575400118801e-01
1.10000000000000e+00  -3.40328360441674e-01
1.12500000000000e+00  -3.12405427075046e-01
1.15000000000000e+00  -2.82907632843638e-01
1.17500000000000e+00  -2.51951053210829e-01
1.20000000000000e+00  -2.19666898129231e-01
1.22500000000000e+00  -1.86201603891280e-01
1.25000000000000e+00  -1.51713846092661e-01
1.27500000000000e+00  -1.16379341901525e-01
1.30000000000000e+00  -8.03892184709591e-02
1.32500000000000e+00  -4.39413772919230e-02
1.35000000000000e+00  -7.24605984429896e-03
1.37500000000000e+00  2.94759505410285e-02
1.40000000000000e+00  6.59951268200751e-02
1.42500000000000e+00  1.02074996373666e-01
1.45000000000000e+00  1.37473939145350e-01
1.47500000000000e+00  1.71946985779300e-01
1.50000000000000e+00  2.05247615758232e-01
1.52500000000000e+00  2.37129555541305e-01
1.55000000000000e+00  2.67348576702034e-01
1.57500000000000e+00  2.95666707522852e-01
1.60000000000000e+00  3.21852641670797e-01
1.62500000000000e+00  3.45685368481371e-01
1.65000000000000e+00  3.66954556877478e-01
1.67500000000000e+00  3.85464921277110e-01
1.70000000000000e+00  4.01038189013577e-01
1.72500000000000e+00  4.13515067755717e-01
1.75000000000000e+00  4.22757212928128e-01
1.77500000000000e+00  4.28649195131380e-01
1.80000000000000e+00  4.31100467562239e-01
1.82500000000000e+00  4.30047333433887e-01
1.85000000000000e+00  4.25454913396144e-01
1.87500000000000e+00  4.17323282046583e-01
1.90000000000000e+00  4.05667244045103e-01
1.92500000000000e+00  3.90555807887042e-01
1.95000000000000e+00  3.72074542657289e-01
1.97500000000000e+00  3.50344297893325e-01
2.00000000000000e+00  3.25519654856440e-01
2.02500000000000e+00  2.97787377802965e-01
2.05000000000000e+00  2.67364865255494e-01
2.07500000000000e+00  2.34498601274113e-01
2.10000000000000e+00  1.99462606727621e-01
2.12500000000000e+00  1.62556890564757e-01
2.15000000000000e+00  1.24105901085431e-01
2.17500000000000e+00  8.44569772119386e-02
2.20000000000000e+00  4.39773085957145e-02
2.22500000000000e+00  3.04018191049824e-03
2.25000000000000e+00  -3.79612515923836e-02
2.27500000000000e+00  -7.86287878025331e-02
2.30000000000000e+00  -1.18560377529681e-01
2.32500000000000e+00  -1.57354454477519e-01
2.35000000000000e+00  -1.94614263217528e-01
2.37500000000000e+00  -2.29952187162814e-01
2.40000000000000e+00  -2.62994076541935e-01
2.42500000000000e+00  -2.93383576372729e-01
2.45000000000000e+00  -3.20786454436152e-01
2.47500000000000e+00  -3.44894929250105e-01
2.50000000000000e+00  -3.65434529851973e-01
2.52500000000000e+00  -3.82153577155003e-01
2.55000000000000e+00  -3.94858500399547e-01
2.57500000000000e+00  -4.03379345162176e-01
2.60000000000000e+00  -4.07593705281356e-01
2.62500000000000e+00  -4.07426996460133e-01
2.65000000000000e+00  -4.02852729868829e-01
2.67500000000000e+00  -3.93892785747735e-01
2.70000000000000e+00  -3.80617687009798e-01
2.72500000000000e+00  -3.63146872843319e-01
2.75000000000000e+00  -3.41648972314640e-01
2.77500000000000e+00  -3.16342077970838e-01
2.80000000000000e+00  -2.87494019442417e-01
2.82500000000000e+00  -2.55413750661316e-01
2.85000000000000e+00  -2.20444539776920e-01
2.87500000000000e+00  -1.82980865586582e-01
2.90000000000000e+00  -1.43442453246788e-01
2.92500000000000e+00  -1.02280088502154e-01
2.95000000000000e+00  -5.99695629751770e-02
2.97500000000000e+00  -1.70056194559657e-02
3.00000000000000e+00  2.61041028080100e-02
3.02500000000000e+00  6.88451228221806e-02
3.05000000000000e+00  1.10702172555134e-01
3.07500000000000e+00  1.51165251648876e-01
3.10000000000000e+00  1.89735682129085e-01
3.12500000000000e+00  2.25934919835596e-01
3.15000000000000e+00  2.59302043595651e-01
3.17500000000000e+00  2.89424503455033e-01
3.20000000000000e+00  3.15908262025525e-01
3.22500000000000e+00  3.38406267336468e-01
3.25000000000000e+00  3.56621063114311e-01
3.27500000000000e+00  3.70307399062137e-01
3.30000000000000e+00  3.79274841139208e-01
3.32500000000000e+00  3.83390381840501e-01
3.35000000000000e+00  3.82581050476248e-01
3.37500000000000e+00  3.76836523451472e-01
3.40000000000000e+00  3.66211734545525e-01
3.42500000000000e+00  3.50829485191627e-01
3.45000000000000e+00  3.30867177015778e-01
3.47500000000000e+00  3.06567154975173e-01
3.50000000000000e+00  2.78232676510988e-01
3.52500000000000e+00  2.46217016105966e-01
3.55000000000000e+00  2.10927362178161e-01
3.57500000000000e+00  1.72818054335492e-01
3.60000000000000e+00  1.32383820630296e-01
3.62500000000000e+00  9.01530148138788e-02
3.65000000000000e+00  4.66808535910691e-02
3.67500000000000e+00  2.54265387477005e-03
3.70000000000000e+00  -4.16729299594879e-02
3.72500000000000e+00  -8.53706688189945e-02
3.75000000000000e+00  -1.27970891032929e-01
3.77500000000000e+00  -1.68869723372060e-01
3.80000000000000e+00  -2.07533148301851e-01
3.82500000000000e+00  -2.43421990095169e-01
3.85000000000000e+00  -2.76037525386854e-01
3.87500000000000e+00  -3.04926090145261e-01
3.90000000000000e+00  -3.29683686643802e-01
3.92500000000000e+00  -3.49960590432483e-01
3.95000000000000e+00  -3.65465957309445e-01
3.97500000000000e+00  -3.75972430292508e-01
4.00000000000000e+00  -3.81320746590709e-01
4.02500000000000e+00  -3.81424344575838e-01
4.05000000000000e+00  -3.76273970753986e-01
4.07500000000000e+00  -3.65924055054698e-01
4.10000000000000e+00  -3.50506945910038e-01
4.12500000000000e+00  -3.30235398015287e-01
4.15000000000000e+00  -3.05370318965323e-01
4.17500000000000e+00  -2.76249853767780e-01
4.20000000000000e+00  -2.43277656691597e-01
4.22500000000000e+00  -2.06911813182742e-01
4.25000000000000e+00  -1.67657958479806e-01
4.27500000000000e+00  -1.26061439282817e-01
4.30000000000000e+00  -8.27015886687261e-02
4.32500000000000e+00  -3.81865307110181e-02
4.35000000000000e+00  6.85095936888496e-03
4.37500000000000e+00  5.17715463406578e-02
4.40000000000000e+00  9.59292238317363e-02
4.42500000000000e+00  1.38716909857545e-01
4.45000000000000e+00  1.79515461732253e-01
4.47500000000000e+00  2.17738559365858e-01
4.50000000000000e+00  2.52838648849381e-01
4.52500000000000e+00  2.84312886040055e-01
4.55000000000000e+00  3.11709080146498e-01
4.57500000000000e+00  3.34631637313917e-01
4.60000000000000e+00  3.52747504209279e-01
4.62500000000000e+00  3.65792111606503e-01
4.65000000000000e+00  3.73575317971648e-01
4.67500000000000e+00  3.75987353048097e-01
4.70000000000000e+00  3.72988020421382e-01
4.72500000000000e+00  3.64617453200640e-01
4.75000000000000e+00  3.50991936476179e-01
4.77500000000000e+00  3.32310472048809e-01
4.80000000000000e+00  3.08841608843827e-01
4.82500000000000e+00  2.80921488613610e-01
4.85000000000000e+00  2.48951559694392e-01
4.87500000000000e+00  2.13393314042786e-01
4.90000000000000e+00  1.74761983659716e-01
4.92500000000000e+00  1.33618198856721e-01
4.95000000000000e+00  9.05582170045263e-02
4.97500000000000e+00  4.62039767780897e-02
5.00000000000000e+00  1.18954446682674e-03
5.02500000000000e+00  -4.38088956807642e-02
5.05000000000000e+00  -8.81637545948179e-02
5.07500000000000e+00  -1.31224473348123e-01
5.10000000000000e+00  -1.72364745696197e-01
5.12500000000000e+00  -2.10989249525935e-01
5.15000000000000e+00  -2.46540378304269e-01
5.17500000000000e+00  -2.78504972526826e-01
5.20000000000000e+00  -3.06421051166576e-01
5.22500000000000e+00  -3.29884543122497e-01
5.25000000000000e+00  -3.48556018668222e-01
5.27500000000000e+00  -3.62167420900704e-01
5.30000000000000e+00  -3.70528797188862e-01
5.32500000000000e+00  -3.73518001775818e-01
5.35000000000000e+00  -3.71093473636827e-01
5.37500000000000e+00  -3.63297669895655e-01
5.40000000000000e+00  -3.50239865228460e-01
5.42500000000000e+00  -3.32110097242828e-01
5.45000000000000e+00  -3.09173084910017e-01
5.47500000000000e+00  -2.81762146997199e-01
5.50000000000000e+00  -2.50273120499707e-01
5.52500000000000e+00  -2.15158279073272e-01
5.55000000000000e+00  -1.76920251466274e-01
5.57500000000000e+00  -1.36105939951978e-01
5.60000000000000e+00  -9.33004387607804e-02
5.62500000000000e+00  -4.91244032997898e-02
5.65000000000000e+00  -4.19641909841124e-03
5.67500000000000e+00  4.08514115620103e-02
5.70000000000000e+00  8.53757284411495e-02
5.72500000000000e+00  1.28746726074321e-01
5.75000000000000e+00  1.70355178617625e-01
5.77500000000000e+00  2.09619464693111e-01
5.80000000000000e+00  2.45992592233935e-01
5.82500000000000e+00  2.78969223329510e-01
5.85000000000000e+00  3.08092699070669e-01
5.87500000000000e+00  3.32962064394816e-01
5.90000000000000e+00  3.53239092931089e-01
5.92500000000000e+00  3.68655311845507e-01
5.95000000000000e+00  3.79005660170521e-01
5.97500000000000e+00  3.84157599216660e-01
6.00000000000000e+00  3.84038136720372e-01
6.02500000000000e+00  3.78680430112441e-01
6.05000000000000e+00  3.68172146945247e-01
6.07500000000000e+00  3.52664136474962e-01
6.10000000000000e+00  3.32377693856130e-01
6.12500000000000e+00  3.07602101833186e-01
6.15000000000000e+00  2.78692138077466e-01
6.17500000000000e+00  2.46059470008792e-01
6.20000000000000e+00  2.10161239035519e-01
6.22500000000000e+00  1.71485562461641e-01
6.25000000000000e+00  1.30551815430449e-01
6.27500000000000e+00  8.79383433632847e-02
6.30000000000000e+00  4.42136883785252e-02
6.32500000000000e+00  -2.87007880734468e-05
6.35000000000000e+00  -4.41946447353829e-02
6.37500000000000e+00  -8.76960991810105e-02
6.40000000000000e+00  -1.29958020745438e-01
6.42500000000000e+00  -1.70425232736128e-01
6.45000000000000e+00  -2.08569290931659e-01
6.47500000000000e+00  -2.43895349365845e-01
6.50000000000000e+00  -2.75949026111850e-01
6.52500000000000e+00  -3.04323269066321e-01
6.55000000000000e+00  -3.28665221733503e-01
6.57500000000000e+00  -3.48671325022776e-01
6.60000000000000e+00  -3.64099068185739e-01
6.62500000000000e+00  -3.74771021340816e-01
6.65000000000000e+00  -3.80564520508052e-01
6.67500000000000e+00  -3.81424598921064e-01
6.70000000000000e+00  -3.77361438045450e-01
6.72500000000000e+00  -3.68447818597196e-01
6.75000000000000e+00  -3.54816571561079e-01
6.77500000000000e+00  -3.36658029209072e-01
6.80000000000000e+00  -3.14217476118756e-01
6.82500000000000e+00  -2.87792600191723e-01
6.85000000000000e+00  -2.57730943671975e-01
6.87500000000000e+00  -2.24417721827405e-01
6.90000000000000e+00  -1.88285333570127e-01
6.92500000000000e+00  -1.49777254809686e-01
6.95000000000000e+00  -1.09375767322674e-01
6.97500000000000e+00  -6.75800813959032e-02
7.00000000000000e+00  -2.49003792181302e-02
7.02500000000000e+00  1.81481417282329e-02
7.05000000000000e+00  6.10512252753871e-02
7.07500000000000e+00  1.03301513178440e-01
7.10000000000000e+00  1.44404501723683e-01
7.12500000000000e+00  1.83884498336861e-01
7.15000000000000e+00  2.21290578191475e-01
7.17500000000000e+00  2.56202540817041e-01
7.20000000000000e+00  2.88231351308294e-01
7.22500000000000e+00  3.17027005499633e-01
7.25000000000000e+00  3.42283592730795e-01
7.27500000000000e+00  3.63733285149916e-01
7.30000000000000e+00  3.81157967162020e-01
7.32500000000000e+00  3.94388982528929e-01
7.35000000000000e+00  4.03306881469193e-01
7.37500000000000e+00  4.07841167757998e-01
7.40000000000000e+00  4.07970045827089e-01
7.42500000000000e+00  4.03720167864687e-01
7.45000000000000e+00  3.95166380915406e-01
7.47500000000000e+00  3.82431473980172e-01
7.50000000000000e+00  3.65681956015210e-01
7.52500000000000e+00  3.45118648729647e-01
7.55000000000000e+00  3.20986230383462e-01
7.57500000000000e+00  2.93561579686196e-01
7.60000000000000e+00  2.63152358588356e-01
7.62500000000000e+00  2.30092683883144e-01
7.65000000000000e+00  1.94738798808171e-01
7.67500000000000e+00  1.57464744647184e-01
7.70000000000000e+00  1.18658032331783e-01
7.72500000000000e+00  7.87153140431392e-02
7.75000000000000e+00  3.80380548137290e-02
7.77500000000000e+00  -2.97179587096233e-03
7.80000000000000e+00  -4.39161324707053e-02
7.82500000000000e+00  -8.44043612230134e-02
7.85000000000000e+00  -1.24057331546978e-01
7.87500000000000e+00  -1.62512685594727e-01
7.90000000000000e+00  -1.99422622729050e-01
7.92500000000000e+00  -2.34462462803177e-01
7.95000000000000e+00  -2.67332143118518e-01
7.97500000000000e+00  -2.97757715382412e-01
8.00000000000000e+00  -3.25492842665860e-01
8.02500000000000e+00  -3.50320296361271e-01
8.05000000000000e+00  -3.72053453140200e-01
8.07500000000000e+00  -3.90537791911087e-01
8.10000000000000e+00  -4.05652390777003e-01
8.12500000000000e+00  -4.17307850715121e-01
8.15000000000000e+00  -4.25447081167168e-01
8.17500000000000e+00  -4.30043520709391e-01
8.20000000000000e+00  -4.31101195243124e-01
8.22500000000000e+00  -4.28654941063734e-01
8.25000000000000e+00  -4.22768432073639e-01
8.27500000000000e+00  -4.13532206995323e-01
8.30000000000000e+00  -4.01061696584363e-01
8.32500000000000e+00  -3.85495250842434e-01
8.35000000000000e+00  -3.66992166230340e-01
8.37500000000000e+00  -3.45730712881018e-01
8.40000000000000e+00  -3.21906161812569e-01
8.42500000000000e+00  -2.95728812141269e-01
8.45000000000000e+00  -2.67419635585744e-01
8.47500000000000e+00  -2.37209866262297e-01
8.50000000000000e+00  -2.05337443421790e-01
8.52500000000000e+00  -1.72046539740323e-01
8.55000000000000e+00  -1.37583364490196e-01
8.57500000000000e+00  -1.02194369705818e-01
8.60000000000000e+00  -6.61244563496217e-02
8.62500000000000e+00  -2.96151804779502e-02
8.65000000000000e+00  7.09704059301211e-03
8.67500000000000e+00  4.37827221213476e-02
8.70000000000000e+00  8.02211057734935e-02
8.72500000000000e+00  1.16201953458341e-01
8.75000000000000e+00  1.51530670920386e-01
8.77500000000000e+00  1.86006824971807e-01
8.80000000000000e+00  2.19464041037268e-01
8.82500000000000e+00  2.51740601708842e-01
8.85000000000000e+00  2.82690105446635e-01
8.87500000000000e+00  3.12181374327782e-01
8.90000000000000e+00  3.40098361795416e-01
8.92500000000000e+00  3.66340060407663e-01
8.95000000000000e+00  3.90820409586629e-01
8.97500000000000e+00  4.13468203367375e-01
9.00000000000000e+00  4.34226998146918e-01
9.02500000000000e+00  4.53055020433201e-01
9.05000000000000e+00  4.69925074594084e-01
9.07500000000000e+00  4.84822046446988e-01
9.10000000000000e+00  4.97744138151470e-01
9.12500000000000e+00  5.08701624723058e-01
9.15000000000000e+00  5.17715930117594e-01
9.17500000000000e+00  5.24818959335889e-01
9.20000000000000e+00  5.30052208877872e-01
9.22500000000000e+00  5.33465877196731e-01
9.25000000000000e+00  5.35117975153065e-01
9.27500000000000e+00  5.35073436469028e-01
9.30000000000000e+00  5.33403228182471e-01
9.32500000000000e+00  5.30183461101097e-01
9.35000000000000e+00  5.25494500256601e-01
9.37500000000000e+00  5.19420479460684e-01
9.40000000000000e+00  5.12047912188483e-01
9.42500000000000e+00  5.03464840419526e-01
9.45000000000000e+00  4.93761093116697e-01
9.47500000000000e+00  4.83026566294621e-01
9.50000000000000e+00  4.71350729135068e-01
9.52500000000000e+00  4.58822130102376e-01
9.55000000000000e+00  4.45527903058845e-01
9.57500000000000e+00  4.31553273380157e-01
9.60000000000000e+00  4.16981064070781e-01
9.62500000000000e+00  4.01891201879385e-01
9.65000000000000e+00  3.86360223414241e-01
9.67500000000000e+00  3.70460781258641e-01
9.70000000000000e+00  3.54262134899165e-01
9.72500000000000e+00  3.37829156036057e-01
9.75000000000000e+00  3.21222240918131e-01
9.77500000000000e+00  3.04497519039316e-01
9.80000000000000e+00  2.87706343776814e-01
9.82500000000000e+00  2.70895281708943e-01
9.85000000000000e+00  2.54106101932982e-01
9.87500000000000e+00  2.37375765383020e-01
9.90000000000000e+00  2.20736414147787e-01
9.92500000000000e+00  2.04215360788514e-01
9.95000000000000e+00  1.87835077656771e-01
9.97500000000000e+00  1.71613186212307e-01
1.00000000000000e+01  1.55562446340909e-01
