0.00000000000000e+00  -1.55601438495203e-01
2.50000000000000e-02  -1.71650069887910e-01
5.00000000000000e-02  -1.87871164386375e-01
7.50000000000000e-02  -2.04251725492751e-01
1.00000000000000e-01  -2.20773962008217e-01
1.25000000000000e-01  -2.37415293562645e-01
1.50000000000000e-01  -2.54148356144257e-01
1.75000000000000e-01  -2.70941007629291e-01
2.00000000000000e-01  -2.87756333311672e-01
2.25000000000000e-01  -3.04552651432668e-01
2.50000000000000e-01  -3.21283518710558e-01
2.75000000000000e-01  -3.37897735870300e-01
3.00000000000000e-01  -3.54339353173189e-01
3.25000000000000e-01  -3.70548176032074e-01
3.50000000000000e-01  -3.86459552664231e-01
3.75000000000000e-01  -4.02004454315634e-01
4.00000000000000e-01  -4.17110487238444e-01
4.25000000000000e-01  -4.31701382275647e-01
4.50000000000000e-01  -4.45697494668269e-01
4.75000000000000e-01  -4.59016303862589e-01
5.00000000000000e-01  -4.71572913317354e-01
5.25000000000000e-01  -4.83280550310997e-01
5.50000000000000e-01  -4.94051065748846e-01
5.75000000000000e-01  -5.03795433970348e-01
6.00000000000000e-01  -5.12424252556272e-01
6.25000000000000e-01  -5.19846949743008e-01
6.50000000000000e-01  -5.25978921055556e-01
6.75000000000000e-01  -5.30731265235152e-01
7.00000000000000e-01  -5.34020911205459e-01
7.25000000000000e-01  -5.35768110892085e-01
7.50000000000000e-01  -5.35897332085309e-01
7.75000000000000e-01  -5.34338151302803e-01
8.00000000000000e-01  -5.31026146652363e-01
8.25000000000000e-01  -5.25903790694631e-01
8.50000000000000e-01  -5.18921343305823e-01
8.75000000000000e-01  -5.10037744540453e-01
9.00000000000000e-01  -4.99221507494061e-01
9.25000000000000e-01  -4.86451611165937e-01
9.50000000000000e-01  -4.71718186498735e-01
9.75000000000000e-01  -4.55023423711825e-01
1.00000000000000e+00  -4.36382808542688e-01
1.02500000000000e+00  -4.15823899299747e-01
1.05000000000000e+00  -3.93388805515611e-01
1.07500000000000e+00  -3.69134265758254e-01
1.10000000000000e+00  -3.43131725442193e-01
1.12500000000000e+00  -3.15467414639665e-01
1.15000000000000e+00  -2.86242425891807e-01
1.17500000000000e+00  -2.55572792019834e-01
1.20000000000000e+00  -2.23589563936211e-01
1.22500000000000e+00  -1.90438888455840e-01
1.25000000000000e+00  -1.56284731029101e-01
1.27500000000000e+00  -1.21286092410009e-01
1.30000000000000e+00  -8.56494472473784e-02
1.32500000000000e+00  -4.95704008962041e-02
1.35000000000000e+00  -1.32574041203533e-02
1.37500000000000e+00  2.30701212856543e-02
1.40000000000000e+00  5.91836568748473e-02
1.42500000000000e+00  9.48474619260107e-02
1.45000000000000e+00  1.29820447821899e-01
1.47500000000000e+00  1.63858052427435e-01
1.50000000000000e+00  1.96714114467925e-01
1.52500000000000e+00  2.28142747907262e-01
1.55000000000000e+00  2.57900216326135e-01
1.57500000000000e+00  2.85749088163198e-01
1.60000000000000e+00  3.11458730447629e-01
1.62500000000000e+00  3.34809086288594e-01
1.65000000000000e+00  3.55590595832394e-01
1.67500000000000e+00  3.73609009584275e-01
1.70000000000000e+00  3.88687205756091e-01
1.72500000000000e+00  4.00667007613945e-01
1.75000000000000e+00  4.09411000825852e-01
1.77500000000000e+00  4.14804350809386e-01
1.80000000000000e+00  4.16756620079333e-01
1.82500000000000e+00  4.15203585595346e-01
1.85000000000000e+00  4.10109056109598e-01
1.87500000000000e+00  4.01480699746583e-01
1.90000000000000e+00  3.89325025084232e-01
1.92500000000000e+00  3.73718802715229e-01
1.95000000000000e+00  3.54746882211175e-01
1.97500000000000e+00  3.32529776554220e-01
2.00000000000000e+00  3.07222029367226e-01
2.02500000000000e+00  2.79010582143934e-01
2.05000000000000e+00  2.48113141479123e-01
2.07500000000000e+00  2.14776546298780e-01
2.10000000000000e+00  1.79275135090260e-01
2.12500000000000e+00  1.41909113132452e-01
2.15000000000000e+00  1.03002919725941e-01
2.17500000000000e+00  6.29035954231724e-02
2.20000000000000e+00  2.19812532191204e-02
2.22500000000000e+00  -1.93947008394042e-02
2.25000000000000e+00  -6.08303419619482e-02
2.27500000000000e+00  -1.01927814642456e-01
2.30000000000000e+00  -1.42285498915787e-01
2.32500000000000e+00  -1.81502302443003e-01
2.35000000000000e+00  -2.19181952596663e-01
2.37500000000000e+00  -2.54937288546108e-01
2.40000000000000e+00  -2.88394553342754e-01
2.42500000000000e+00  -3.19197686005377e-01
2.45000000000000e+00  -3.47012613605407e-01
2.47500000000000e+00  -3.71531543352216e-01
2.50000000000000e+00  -3.92478222614658e-01
2.52500000000000e+00  -4.09614023356774e-01
2.55000000000000e+00  -4.22725009781936e-01
2.57500000000000e+00  -4.31654096282063e-01
2.60000000000000e+00  -4.36281806103455e-01
2.62500000000000e+00  -4.36530987343841e-01
2.65000000000000e+00  -4.32371528949435e-01
2.67500000000000e+00  -4.23823025038695e-01
2.70000000000000e+00  -4.10956219607796e-01
2.72500000000000e+00  -3.93892379464627e-01
2.75000000000000e+00  -3.72802712206325e-01
2.77500000000000e+00  -3.47904345548136e-01
2.80000000000000e+00  -3.19455779576521e-01
2.82500000000000e+00  -2.87762363840321e-01
2.85000000000000e+00  -2.53189591421557e-01
2.87500000000000e+00  -2.16111278416961e-01
2.90000000000000e+00  -1.76947276709315e-01
2.92500000000000e+00  -1.36147472843931e-01
2.95000000000000e+00  -9.41860212351278e-02
2.97500000000000e+00  -5.15555773727158e-02
3.00000000000000e+00  -8.76153102847269e-03
3.02500000000000e+00  3.36837605373755e-02
3.05000000000000e+00  7.52667393696756e-02
3.07500000000000e+00  1.15478413611868e-01
3.10000000000000e+00  1.53820124299505e-01
3.12500000000000e+00  1.89823838044115e-01
3.15000000000000e+00  2.23013718059413e-01
3.17500000000000e+00  2.52996312262529e-01
3.20000000000000e+00  2.79376278094754e-01
3.22500000000000e+00  3.01806034410979e-01
3.25000000000000e+00  3.19988209221288e-01
3.27500000000000e+00  3.33678087432550e-01
3.30000000000000e+00  3.42686058590012e-01
3.32500000000000e+00  3.46880064618897e-01
3.35000000000000e+00  3.46188047565994e-01
3.37500000000000e+00  3.40600397341249e-01
3.40000000000000e+00  3.30172399459364e-01
3.42500000000000e+00  3.15026682781386e-01
3.45000000000000e+00  2.95340268431806e-01
3.47500000000000e+00  2.71354103856272e-01
3.50000000000000e+00  2.43370490431625e-01
3.52500000000000e+00  2.11740850765844e-01
3.55000000000000e+00  1.76870361148554e-01
3.57500000000000e+00  1.39211246098793e-01
3.60000000000000e+00  9.92560729127883e-02
3.62500000000000e+00  5.75310462117283e-02
3.65000000000000e+00  1.45893024895342e-02
3.67500000000000e+00  -2.89957953393671e-02
3.70000000000000e+00  -7.26373633922705e-02
3.72500000000000e+00  -1.15741702270421e-01
3.75000000000000e+00  -1.57749236316753e-01
3.77500000000000e+00  -1.98016069394879e-01
3.80000000000000e+00  -2.36048431751016e-01
3.82500000000000e+00  -2.71305147591363e-01
3.85000000000000e+00  -3.03286748753278e-01
3.87500000000000e+00  -3.31539859793117e-01
3.90000000000000e+00  -3.55661583074072e-01
3.92500000000000e+00  -3.75303883854007e-01
3.95000000000000e+00  -3.90177975373306e-01
3.97500000000000e+00  -4.00058703942704e-01
4.00000000000000e+00  -4.04788934031128e-01
4.02500000000000e+00  -4.04283933353540e-01
4.05000000000000e+00  -3.98535757958771e-01
4.07500000000000e+00  -3.87599871813018e-01
4.10000000000000e+00  -3.71608844550533e-01
4.12500000000000e+00  -3.50777227785852e-01
4.15000000000000e+00  -3.25362551828487e-01
4.17500000000000e+00  -2.95701801540477e-01
4.20000000000000e+00  -2.62198132781253e-01
4.22500000000000e+00  -2.25308493060405e-01
4.25000000000000e+00  -1.85537068267788e-01
4.27500000000000e+00  -1.43427494951244e-01
4.30000000000000e+00  -9.95579804747294e-02
4.32500000000000e+00  -5.45372594434485e-02
4.35000000000000e+00  -9.00242915775798e-03
4.37500000000000e+00  3.64330644055305e-02
4.40000000000000e+00  8.10743943956325e-02
4.42500000000000e+00  1.24364185878284e-01
4.45000000000000e+00  1.65678499717748e-01
4.47500000000000e+00  2.04428290947429e-01
4.50000000000000e+00  2.40064986609185e-01
4.52500000000000e+00  2.72086063592635e-01
4.55000000000000e+00  3.00040626474453e-01
4.57500000000000e+00  3.23534985357681e-01
4.60000000000000e+00  3.42238233711032e-01
4.62500000000000e+00  3.55887826208189e-01
4.65000000000000e+00  3.64295156567117e-01
4.67500000000000e+00  3.67351135389360e-01
4.70000000000000e+00  3.65016734574458e-01
4.72500000000000e+00  3.57327991277815e-01
4.75000000000000e+00  3.44411751938984e-01
4.77500000000000e+00  3.26456865054489e-01
4.80000000000000e+00  3.03729497194802e-01
4.82500000000000e+00  2.76566815141971e-01
4.85000000000000e+00  2.45370668027239e-01
4.87500000000000e+00  2.10601269468674e-01
4.90000000000000e+00  1.72770879708784e-01
4.92500000000000e+00  1.32437487752150e-01
4.95000000000000e+00  9.01984935030481e-02
4.97500000000000e+00  4.66843899030662e-02
5.00000000000000e+00  2.50354232969507e-03
5.02500000000000e+00  -4.16449693189199e-02
5.05000000000000e+00  -8.51447282861157e-02
5.07500000000000e+00  -1.27356131247695e-01
5.10000000000000e+00  -1.67655357796943e-01
5.12500000000000e+00  -2.05445484484066e-01
5.15000000000000e+00  -2.40167598855662e-01
5.17500000000000e+00  -2.71308671978724e-01
5.20000000000000e+00  -2.98409110425658e-01
5.22500000000000e+00  -3.21068039495405e-01
5.25000000000000e+00  -3.38951131081484e-01
5.27500000000000e+00  -3.51792470729526e-01
5.30000000000000e+00  -3.59395397665914e-01
5.32500000000000e+00  -3.61643721314406e-01
5.35000000000000e+00  -3.58494121470585e-01
5.37500000000000e+00  -3.50009808872989e-01
5.40000000000000e+00  -3.36274352598037e-01
5.42500000000000e+00  -3.17478794685937e-01
5.45000000000000e+00  -2.93895460380226e-01
5.47500000000000e+00  -2.65856604412001e-01
5.50000000000000e+00  -2.33758704213037e-01
5.52500000000000e+00  -1.98050855948658e-01
5.55000000000000e+00  -1.59231899061998e-01
5.57500000000000e+00  -1.17846154347451e-01
5.60000000000000e+00  -7.44942639770741e-02
5.62500000000000e+00  -2.97732726004633e-02
5.65000000000000e+00  1.56560177494364e-02
5.67500000000000e+00  6.12097832860656e-02
5.70000000000000e+00  1.06239981466199e-01
5.72500000000000e+00  1.50114058748208e-01
5.75000000000000e+00  1.92221637653768e-01
5.77500000000000e+00  2.31981203829598e-01
5.80000000000000e+00  2.68846793109176e-01
5.82500000000000e+00  3.02314678574461e-01
5.85000000000000e+00  3.31930057617626e-01
5.87500000000000e+00  3.57293739002767e-01
5.90000000000000e+00  3.78068829927644e-01
5.92500000000000e+00  3.93987423085390e-01
5.95000000000000e+00  4.04844198864442e-01
5.97500000000000e+00  4.10501187326316e-01
6.00000000000000e+00  4.10910070882400e-01
6.02500000000000e+00  4.06077628434211e-01
6.05000000000000e+00  3.96087809988108e-01
6.07500000000000e+00  3.81097343013595e-01
6.10000000000000e+00  3.61331338801604e-01
6.12500000000000e+00  3.37078898822801e-01
6.15000000000000e+00  3.08688721085872e-01
6.17500000000000e+00  2.76564706495822e-01
6.20000000000000e+00  2.41161565212269e-01
6.22500000000000e+00  2.02980423007736e-01
6.25000000000000e+00  1.62533156674625e-01
6.27500000000000e+00  1.20393978123693e-01
6.30000000000000e+00  7.71215818087352e-02
6.32500000000000e+00  3.33087900807103e-02
6.35000000000000e+00  -1.04514199481212e-02
6.37500000000000e+00  -5.35726585382816e-02
6.40000000000000e+00  -9.54818654571907e-02
6.42500000000000e+00  -1.35626052113250e-01
6.45000000000000e+00  -1.73479043689957e-01
6.47500000000000e+00  -2.08548221279993e-01
6.50000000000000e+00  -2.40381264019326e-01
6.52500000000000e+00  -2.68572891221316e-01
6.55000000000000e+00  -2.92771604510801e-01
6.57500000000000e+00  -3.12677641220840e-01
6.60000000000000e+00  -3.28047061982469e-01
6.62500000000000e+00  -3.38703936708488e-01
6.65000000000000e+00  -3.44525609065873e-01
6.67500000000000e+00  -3.45456539622845e-01
6.70000000000000e+00  -3.41505932201190e-01
6.72500000000000e+00  -3.32745360228575e-01
6.75000000000000e+00  -3.19306393090867e-01
6.77500000000000e+00  -3.01378222484451e-01
6.80000000000000e+00  -2.79205288768551e-01
6.82500000000000e+00  -2.53084907317546e-01
6.85000000000000e+00  -2.23364894873285e-01
6.87500000000000e+00  -1.90416507755895e-01
6.90000000000000e+00  -1.54693434639501e-01
6.92500000000000e+00  -1.16616109708674e-01
6.95000000000000e+00  -7.66666064021630e-02
6.97500000000000e+00  -3.53431485580371e-02
7.00000000000000e+00  6.84571685967629e-03
7.02500000000000e+00  4.93869470343759e-02
7.05000000000000e+00  9.17688305702440e-02
7.07500000000000e+00  1.33486814765632e-01
7.10000000000000e+00  1.74049332886425e-01
7.12500000000000e+00  2.12983631439412e-01
7.15000000000000e+00  2.49841597445664e-01
7.17500000000000e+00  2.84205585713900e-01
7.20000000000000e+00  3.15688333760527e-01
7.22500000000000e+00  3.43941774138350e-01
7.25000000000000e+00  3.68661554856254e-01
7.27500000000000e+00  3.89580815983376e-01
7.30000000000000e+00  4.06482289335529e-01
7.32500000000000e+00  4.19198077139231e-01
7.35000000000000e+00  4.27609430695746e-01
7.37500000000000e+00  4.31646529045101e-01
7.40000000000000e+00  4.31288257630127e-01
7.42500000000000e+00  4.26561986960481e-01
7.45000000000000e+00  4.17543351276681e-01
7.47500000000000e+00  4.04356027214137e-01
7.50000000000000e+00  3.87162323983654e-01
7.52500000000000e+00  3.66166394258173e-01
7.55000000000000e+00  3.41609753008983e-01
7.57500000000000e+00  3.13769051399220e-01
7.60000000000000e+00  2.82951531149069e-01
7.62500000000000e+00  2.49490729037651e-01
7.65000000000000e+00  2.13742181404893e-01
7.67500000000000e+00  1.76079128653424e-01
7.70000000000000e+00  1.36888219750445e-01
7.72500000000000e+00  9.65652167296128e-02
7.75000000000000e+00  5.55106991929309e-02
7.77500000000000e+00  1.41257688126171e-02
7.80000000000000e+00  -2.71922461670023e-02
7.82500000000000e+00  -6.80537144366555e-02
7.85000000000000e+00  -1.08079687078744e-01
7.87500000000000e+00  -1.46908739938402e-01
7.90000000000000e+00  -1.84193643225084e-01
7.92500000000000e+00  -2.19610103233305e-01
7.95000000000000e+00  -2.52858308684994e-01
7.97500000000000e+00  -2.83664477071871e-01
8.00000000000000e+00  -3.11782400997795e-01
8.02500000000000e+00  -3.36994994521140e-01
8.05000000000000e+00  -3.59115839497144e-01
8.07500000000000e+00  -3.77990731920279e-01
8.10000000000000e+00  -3.93499228266613e-01
8.12500000000000e+00  -4.05544057673619e-01
8.15000000000000e+00  -4.14088305463625e-01
8.17500000000000e+00  -4.19086191020620e-01
8.20000000000000e+00  -4.20543988984170e-01
8.22500000000000e+00  -4.18497902875319e-01
8.25000000000000e+00  -4.13012229810419e-01
8.27500000000000e+00  -4.04177525214972e-01
8.30000000000000e+00  -3.92108767537465e-01
8.32500000000000e+00  -3.76943522963205e-01
8.35000000000000e+00  -3.58840110128165e-01
8.37500000000000e+00  -3.37975764832802e-01
8.40000000000000e+00  -3.14544804755916e-01
8.42500000000000e+00  -2.88756794168472e-01
8.45000000000000e+00  -2.60831782033435e-01
8.47500000000000e+00  -2.31000327020672e-01
8.50000000000000e+00  -1.99499811403770e-01
8.52500000000000e+00  -1.66573887720768e-01
8.55000000000000e+00  -1.32468328089977e-01
8.57500000000000e+00  -9.74291633424120e-02
8.60000000000000e+00  -6.17008221542325e-02
8.62500000000000e+00  -2.55242701791564e-02
8.65000000000000e+00  1.08648508190858e-02
8.67500000000000e+00  4.72380838343324e-02
8.70000000000000e+00  8.33760174855533e-02
8.72500000000000e+00  1.19070146884423e-01
8.75000000000000e+00  1.54122891564354e-01
8.77500000000000e+00  1.88335427961175e-01
8.80000000000000e+00  2.21541156152702e-01
8.82500000000000e+00  2.53578804835840e-01
8.85000000000000e+00  2.84302281378216e-01
8.87500000000000e+00  3.13580591017912e-01
8.90000000000000e+00  3.41297756063180e-01
8.92500000000000e+00  3.67352735092172e-01
8.95000000000000e+00  3.91659342152670e-01
8.97500000000000e+00  4.14146165961803e-01
9.00000000000000e+00  4.34756489105783e-01
9.02500000000000e+00  4.53448207239618e-01
9.05000000000000e+00  4.70193748286848e-01
9.07500000000000e+00  4.84977619719078e-01
9.10000000000000e+00  4.97797604722435e-01
9.12500000000000e+00  5.08663534636323e-01
9.15000000000000e+00  5.17596391974049e-01
9.17500000000000e+00  5.24627616055314e-01
9.20000000000000e+00  5.29798212948310e-01
9.22500000000000e+00  5.33157865411817e-01
9.25000000000000e+00  5.34764042837299e-01
9.27500000000000e+00  5.34681111191004e-01
9.30000000000000e+00  5.32979442956056e-01
9.32500000000000e+00  5.29734527074557e-01
9.35000000000000e+00  5.25026078889681e-01
9.37500000000000e+00  5.18938363379323e-01
9.40000000000000e+00  5.11556311982659e-01
9.42500000000000e+00  5.02968444082867e-01
9.45000000000000e+00  4.93263984821808e-01
9.47500000000000e+00  4.82532291633259e-01
9.50000000000000e+00  4.70862353999541e-01
9.52500000000000e+00  4.58342293208159e-01
9.55000000000000e+00  4.45058862108423e-01
9.57500000000000e+00  4.31096944868084e-01
9.60000000000000e+00  4.16539056729967e-01
9.62500000000000e+00  4.01464843768601e-01
9.65000000000000e+00  3.85950582646844e-01
9.67500000000000e+00  3.70068680372523e-01
9.70000000000000e+00  3.53888179946336e-01
9.72500000000000e+00  3.37473753383552e-01
9.75000000000000e+00  3.20885619544442e-01
9.77500000000000e+00  3.04179754945090e-01
9.80000000000000e+00  2.87407390021531e-01
9.82500000000000e+00  2.70615003826353e-01
9.85000000000000e+00  2.53844318725290e-01
9.87500000000000e+00  2.37132295093817e-01
9.90000000000000e+00  2.20511126013744e-01
9.92500000000000e+00  2.04008231969818e-01
9.95000000000000e+00  1.87646255546317e-01
9.97500000000000e+00  1.71443056123637e-01
1.00000000000000e+01  1.55411704574909e-01
