0.00000000000000e+00  -1.55447944551311e-01
2.50000000000000e-02  -1.71495314271706e-01
5.00000000000000e-02  -1.87714069762315e-01
7.50000000000000e-02  -2.04091528609840e-01
1.00000000000000e-01  -2.20610111066430e-01
1.25000000000000e-01  -2.37247355619073e-01
1.50000000000000e-01  -2.53975934558996e-01
1.75000000000000e-01  -2.70763669551059e-01
2.00000000000000e-01  -2.87573547203156e-01
2.25000000000000e-01  -3.04363734635609e-01
2.50000000000000e-01  -3.21087595050573e-01
2.75000000000000e-01  -3.37693703301424e-01
3.00000000000000e-01  -3.54125861462164e-01
3.25000000000000e-01  -3.70323608883014e-01
3.50000000000000e-01  -3.86222017679343e-01
3.75000000000000e-01  -4.01751786844650e-01
4.00000000000000e-01  -4.16840213020720e-01
4.25000000000000e-01  -4.31410722191294e-01
4.50000000000000e-01  -4.45383353699569e-01
4.75000000000000e-01  -4.58675244265689e-01
5.00000000000000e-01  -4.71201112004248e-01
5.25000000000000e-01  -4.82873740441787e-01
5.50000000000000e-01  -4.93604462534290e-01
5.75000000000000e-01  -5.03303644684683e-01
6.00000000000000e-01  -5.11881170760331e-01
6.25000000000000e-01  -5.19247289872016e-01
6.50000000000000e-01  -5.25314109571020e-01
6.75000000000000e-01  -5.29994660309961e-01
7.00000000000000e-01  -5.33204993296293e-01
7.25000000000000e-01  -5.34864549073419e-01
7.50000000000000e-01  -5.34897044244300e-01
7.75000000000000e-01  -5.33231358195057e-01
8.00000000000000e-01  -5.29802419818582e-01
8.25000000000000e-01  -5.24552094238143e-01
8.50000000000000e-01  -5.17430069530992e-01
8.75000000000000e-01  -5.08394743451965e-01
9.00000000000000e-01  -4.97414110157098e-01
9.25000000000000e-01  -4.84466646927227e-01
9.50000000000000e-01  -4.69541962446249e-01
9.75000000000000e-01  -4.52641735289255e-01
1.00000000000000e+00  -4.33780963063885e-01
1.02500000000000e+00  -4.12986707810860e-01
1.05000000000000e+00  -3.90300611064581e-01
1.07500000000000e+00  -3.65778993090122e-01
1.10000000000000e+00  -3.39492952120227e-01
1.12500000000000e+00  -3.11528463592305e-01
1.15000000000000e+00  -2.81986479385420e-01
1.17500000000000e+00  -2.50983027057296e-01
1.20000000000000e+00  -2.18649309081299e-01
1.22500000000000e+00  -1.85131802083441e-01
1.25000000000000e+00  -1.50586285905592e-01
1.27500000000000e+00  -1.15196811745808e-01
1.30000000000000e+00  -7.91465365867406e-02
1.32500000000000e+00  -4.26343186146644e-02
1.35000000000000e+00  -5.87107824871637e-03
1.37500000000000e+00  3.09219594678988e-02
1.40000000000000e+00  6.75150224766857e-02
1.42500000000000e+00  1.03671549312642e-01
1.45000000000000e+00  1.39149946713046e-01
1.47500000000000e+00  1.73705347226233e-01
1.50000000000000e+00  2.07091366820387e-01
1.52500000000000e+00  2.39061862492317e-01
1.55000000000000e+00  2.69372689876241e-01
1.57500000000000e+00  2.97785920420483e-01
1.60000000000000e+00  3.24070271116108e-01
1.62500000000000e+00  3.48004593376476e-01
1.65000000000000e+00  3.69378499714397e-01
1.67500000000000e+00  3.87996516339733e-01
1.70000000000000e+00  4.03680123129627e-01
1.72500000000000e+00  4.16269793598708e-01
1.75000000000000e+00  4.25627034869320e-01
1.77500000000000e+00  4.31636427641734e-01
1.80000000000000e+00  4.34207666164372e-01
1.82500000000000e+00  4.33277598204017e-01
1.85000000000000e+00  4.28812265016041e-01
1.87500000000000e+00  4.20808049077500e-01
1.90000000000000e+00  4.09284575539038e-01
1.92500000000000e+00  3.94306539669136e-01
1.95000000000000e+00  3.75960328509191e-01
1.97500000000000e+00  3.54367202133815e-01
2.00000000000000e+00  3.29681846059371e-01
2.02500000000000e+00  3.02090923652506e-01
2.05000000000000e+00  2.71811628538686e-01
2.07500000000000e+00  2.39090237010736e-01
2.10000000000000e+00  2.04200660437369e-01
2.12500000000000e+00  1.67442997671728e-01
2.15000000000000e+00  1.29142087459918e-01
2.17500000000000e+00  8.96460608495376e-02
2.20000000000000e+00  4.93149115448908e-02
2.22500000000000e+00  8.53077865902174e-03
2.25000000000000e+00  -3.23168475733973e-02
2.27500000000000e+00  -7.28298460648206e-02
2.30000000000000e+00  -1.12606237782750e-01
2.32500000000000e+00  -1.51244524295993e-01
2.35000000000000e+00  -1.88348026320921e-01
2.37500000000000e+00  -2.23529222267729e-01
2.40000000000000e+00  -2.56414086786693e-01
2.42500000000000e+00  -2.86646429314423e-01
2.45000000000000e+00  -3.13892232620128e-01
2.47500000000000e+00  -3.37843991351871e-01
2.50000000000000e+00  -3.58226888398885e-01
2.52500000000000e+00  -3.74789322399330e-01
2.55000000000000e+00  -3.87337989578472e-01
2.57500000000000e+00  -3.95702957242174e-01
2.60000000000000e+00  -3.99761904948395e-01
2.62500000000000e+00  -3.99440385307702e-01
2.65000000000000e+00  -3.94712084783769e-01
2.67500000000000e+00  -3.85599084493890e-01
2.70000000000000e+00  -3.72172121009475e-01
2.72500000000000e+00  -3.54550847156564e-01
2.75000000000000e+00  -3.32904092816326e-01
2.77500000000000e+00  -3.07450125725567e-01
2.80000000000000e+00  -2.78456912277236e-01
2.82500000000000e+00  -2.46230030926763e-01
2.85000000000000e+00  -2.11121692552148e-01
2.87500000000000e+00  -1.73519948854834e-01
2.90000000000000e+00  -1.33845687524747e-01
2.92500000000000e+00  -9.25505886878788e-02
2.95000000000000e+00  -5.01111154984802e-02
2.97500000000000e+00  -7.02250473124714e-03
3.00000000000000e+00  3.62072426264870e-02
3.02500000000000e+00  7.90633707825625e-02
3.05000000000000e+00  1.21030378547803e-01
3.07500000000000e+00  1.61598028743825e-01
3.10000000000000e+00  2.00267357610849e-01
3.12500000000000e+00  2.36561677986851e-01
3.15000000000000e+00  2.70014204012125e-01
3.17500000000000e+00  3.00214780611355e-01
3.20000000000000e+00  3.26769073062592e-01
3.22500000000000e+00  3.49329777878743e-01
3.25000000000000e+00  3.67599217698749e-01
3.27500000000000e+00  3.81331936178753e-01
3.30000000000000e+00  3.90337292883277e-01
3.32500000000000e+00  3.94482058176399e-01
3.35000000000000e+00  3.93693008112921e-01
3.37500000000000e+00  3.87959519329547e-01
3.40000000000000e+00  3.77336163936057e-01
3.42500000000000e+00  3.61945304406479e-01
3.45000000000000e+00  3.41964738668726e-01
3.47500000000000e+00  3.17636535382311e-01
3.50000000000000e+00  2.89264663775781e-01
3.52500000000000e+00  2.57202037737202e-01
3.55000000000000e+00  2.21855918881294e-01
3.57500000000000e+00  1.83680974664389e-01
3.60000000000000e+00  1.43172336499396e-01
3.62500000000000e+00  1.00858657870756e-01
3.65000000000000e+00  5.72951724494106e-02
3.67500000000000e+00  1.30567522077590e-02
3.70000000000000e+00  -3.12690344653797e-02
3.72500000000000e+00  -7.50888646498047e-02
3.75000000000000e+00  -1.17801368419693e-01
3.77500000000000e+00  -1.58839290465177e-01
3.80000000000000e+00  -1.97644554427290e-01
3.82500000000000e+00  -2.33679920841249e-01
3.85000000000000e+00  -2.66448011229265e-01
3.87500000000000e+00  -2.95496001048252e-01
3.90000000000000e+00  -3.20420312637518e-01
3.92500000000000e+00  -3.40871308166469e-01
3.95000000000000e+00  -3.56557982582304e-01
3.97500000000000e+00  -3.67252656557721e-01
4.00000000000000e+00  -3.72795669438607e-01
4.02500000000000e+00  -3.73100072191743e-01
4.05000000000000e+00  -3.68156320352502e-01
4.07500000000000e+00  -3.58021828873148e-01
4.10000000000000e+00  -3.42827563185878e-01
4.12500000000000e+00  -3.22764982906410e-01
4.15000000000000e+00  -2.98125269760173e-01
4.17500000000000e+00  -2.69247492167822e-01
4.20000000000000e+00  -2.36524705676930e-01
4.22500000000000e+00  -2.00408547297015e-01
4.25000000000000e+00  -1.61403267171230e-01
4.27500000000000e+00  -1.20060429418799e-01
4.30000000000000e+00  -7.69676751459386e-02
4.32500000000000e+00  -3.27351369787090e-02
4.35000000000000e+00  1.20201104770981e-02
4.37500000000000e+00  5.66565764535869e-02
4.40000000000000e+00  1.00536121281315e-01
4.42500000000000e+00  1.43032160489471e-01
4.45000000000000e+00  1.83529790928371e-01
4.47500000000000e+00  2.21445667945214e-01
4.50000000000000e+00  2.56234157276033e-01
4.52500000000000e+00  2.87393486937624e-01
4.55000000000000e+00  3.14471899119480e-01
4.57500000000000e+00  3.37073802075734e-01
4.60000000000000e+00  3.54865922017089e-01
4.62500000000000e+00  3.67583455002752e-01
4.65000000000000e+00  3.75036218832379e-01
4.67500000000000e+00  3.77114804937998e-01
4.70000000000000e+00  3.73779910669539e-01
4.72500000000000e+00  3.65072067716012e-01
4.75000000000000e+00  3.51101380160880e-01
4.77500000000000e+00  3.32076743561873e-01
4.80000000000000e+00  3.08267575938018e-01
4.82500000000000e+00  2.80007438766013e-01
4.85000000000000e+00  2.47696527636967e-01
4.87500000000000e+00  2.11796121536813e-01
4.90000000000000e+00  1.72823317397310e-01
4.92500000000000e+00  1.31341123254239e-01
4.95000000000000e+00  8.79466494295561e-02
4.97500000000000e+00  4.32579697062082e-02
5.00000000000000e+00  -2.09168346520342e-03
5.02500000000000e+00  -4.74311715022927e-02
5.05000000000000e+00  -9.21194513462466e-02
5.07500000000000e+00  -1.35508151383812e-01
5.10000000000000e+00  -1.76972508588725e-01
5.12500000000000e+00  -2.15918190042085e-01
5.15000000000000e+00  -2.51788114452759e-01
5.17500000000000e+00  -2.84069273677757e-01
5.20000000000000e+00  -3.12299554242623e-01
5.22500000000000e+00  -3.36074558861828e-01
5.25000000000000e+00  -3.55054427959148e-01
5.27500000000000e+00  -3.68970661188063e-01
5.30000000000000e+00  -3.77632938952135e-01
5.32500000000000e+00  -3.80917036242768e-01
5.35000000000000e+00  -3.78782148663975e-01
5.37500000000000e+00  -3.71280605676821e-01
5.40000000000000e+00  -3.58507867986346e-01
5.42500000000000e+00  -3.40654132933516e-01
5.45000000000000e+00  -3.17989663513167e-01
5.47500000000000e+00  -2.90851223029122e-01
5.50000000000000e+00  -2.59635710103197e-01
5.52500000000000e+00  -2.24792426177258e-01
5.55000000000000e+00  -1.86819058739105e-01
5.57500000000000e+00  -1.46258834099134e-01
5.60000000000000e+00  -1.03699708714949e-01
5.62500000000000e+00  -5.97800854838470e-02
5.65000000000000e+00  -1.50914289886645e-02
5.67500000000000e+00  2.97167479615484e-02
5.70000000000000e+00  7.40034108771434e-02
5.72500000000000e+00  1.17140385569144e-01
5.75000000000000e+00  1.58519486989811e-01
5.77500000000000e+00  1.97559648073240e-01
5.80000000000000e+00  2.33714048575928e-01
5.82500000000000e+00  2.66477243917357e-01
5.85000000000000e+00  2.95392294020579e-01
5.87500000000000e+00  3.20057892152790e-01
5.90000000000000e+00  3.40135493765912e-01
5.92500000000000e+00  3.55356445337175e-01
5.95000000000000e+00  3.65516151635423e-01
5.97500000000000e+00  3.70481546151753e-01
6.00000000000000e+00  3.70179358604106e-01
6.02500000000000e+00  3.64644287020825e-01
6.05000000000000e+00  3.53964316248622e-01
6.07500000000000e+00  3.38290158378055e-01
6.10000000000000e+00  3.17843186280245e-01
6.12500000000000e+00  2.92912809427311e-01
6.15000000000000e+00  2.63853897478758e-01
6.17500000000000e+00  2.31078096600680e-01
6.20000000000000e+00  1.95041958381855e-01
6.22500000000000e+00  1.56231789610288e-01
6.25000000000000e+00  1.15167470192350e-01
6.27500000000000e+00  7.24341929421302e-02
6.30000000000000e+00  2.85962602783001e-02
6.32500000000000e+00  -1.57525617352286e-02
6.35000000000000e+00  -6.00178936708608e-02
6.37500000000000e+00  -1.03611568342883e-01
6.40000000000000e+00  -1.45958456413059e-01
6.42500000000000e+00  -1.86503291996196e-01
6.45000000000000e+00  -2.24717498265733e-01
6.47500000000000e+00  -2.60106013059322e-01
6.50000000000000e+00  -2.92214114484395e-01
6.52500000000000e+00  -3.20634246523764e-01
6.55000000000000e+00  -3.45012844641181e-01
6.57500000000000e+00  -3.65045808561185e-01
6.60000000000000e+00  -3.80492101353982e-01
6.62500000000000e+00  -3.91172791881704e-01
6.65000000000000e+00  -3.96965317476060e-01
6.67500000000000e+00  -3.97814973423405e-01
6.70000000000000e+00  -3.93732270291589e-01
6.72500000000000e+00  -3.84790291256808e-01
6.75000000000000e+00  -3.71122049430449e-01
6.77500000000000e+00  -3.52917845185938e-01
6.80000000000000e+00  -3.30422623485593e-01
6.82500000000000e+00  -3.03933331207465e-01
6.85000000000000e+00  -2.73796274472193e-01
6.87500000000000e+00  -2.40405246899856e-01
6.90000000000000e+00  -2.04175700886913e-01
6.92500000000000e+00  -1.65566683445014e-01
6.95000000000000e+00  -1.25058517775868e-01
6.97500000000000e+00  -8.31491606248371e-02
7.00000000000000e+00  -4.03481323750497e-02
7.02500000000000e+00  2.82955285850493e-03
7.05000000000000e+00  4.58694571348570e-02
7.07500000000000e+00  8.82637885929634e-02
7.10000000000000e+00  1.29517471357595e-01
7.12500000000000e+00  1.69154215445228e-01
7.15000000000000e+00  2.06722586669947e-01
7.17500000000000e+00  2.41802076549329e-01
7.20000000000000e+00  2.74003001491251e-01
7.22500000000000e+00  3.02975473324304e-01
7.25000000000000e+00  3.28413316502985e-01
7.27500000000000e+00  3.50048706066551e-01
7.30000000000000e+00  3.67663527910339e-01
7.32500000000000e+00  3.81089088532211e-01
7.35000000000000e+00  3.90205824778998e-01
7.37500000000000e+00  3.94943013592937e-01
7.40000000000000e+00  3.95278481758116e-01
7.42500000000000e+00  3.91238315646910e-01
7.45000000000000e+00  3.82896570966427e-01
7.47500000000000e+00  3.70374982504947e-01
7.50000000000000e+00  3.53843044865667e-01
7.52500000000000e+00  3.33498363147115e-01
7.55000000000000e+00  3.09587418926484e-01
7.57500000000000e+00  2.82386606991532e-01
7.60000000000000e+00  2.52203186034815e-01
7.62500000000000e+00  2.19370937518022e-01
7.65000000000000e+00  1.84245824536278e-01
7.67500000000000e+00  1.47201650682477e-01
7.70000000000000e+00  1.08625718911594e-01
7.72500000000000e+00  6.89144904050017e-02
7.75000000000000e+00  2.84692434348042e-02
7.77500000000000e+00  -1.23082677718616e-02
7.80000000000000e+00  -5.30201541684916e-02
7.82500000000000e+00  -9.32759286575343e-02
7.85000000000000e+00  -1.32696887364692e-01
7.87500000000000e+00  -1.70920752509979e-01
7.90000000000000e+00  -2.07599929822503e-01
7.92500000000000e+00  -2.42410009347474e-01
7.95000000000000e+00  -2.75051230582577e-01
7.97500000000000e+00  -3.05249947614367e-01
8.00000000000000e+00  -3.32760094254630e-01
8.02500000000000e+00  -3.57364649176782e-01
8.05000000000000e+00  -3.78877101052231e-01
8.07500000000000e+00  -3.97142913686767e-01
8.10000000000000e+00  -4.12040991156940e-01
8.12500000000000e+00  -4.23486295822154e-01
8.15000000000000e+00  -4.31411249842962e-01
8.17500000000000e+00  -4.35799280986284e-01
8.20000000000000e+00  -4.36653229971274e-01
8.22500000000000e+00  -4.34007168136701e-01
8.25000000000000e+00  -4.27924355352152e-01
8.27500000000000e+00  -4.18495197929237e-01
8.30000000000000e+00  -4.05835206532795e-01
8.32500000000000e+00  -3.90082954092091e-01
8.35000000000000e+00  -3.71398033712027e-01
8.37500000000000e+00  -3.49959016584336e-01
8.40000000000000e+00  -3.25961409898798e-01
8.42500000000000e+00  -2.99615614754434e-01
8.45000000000000e+00  -2.71142801771754e-01
8.47500000000000e+00  -2.40774260866680e-01
8.50000000000000e+00  -2.08747914298925e-01
8.52500000000000e+00  -1.75307905271113e-01
8.55000000000000e+00  -1.40700359975923e-01
8.57500000000000e+00  -1.05171632891047e-01
8.60000000000000e+00  -6.89665520741470e-02
8.62500000000000e+00  -3.23266644577931e-02
8.65000000000000e+00  4.51151885556029e-03
8.67500000000000e+00  4.13182772986354e-02
8.70000000000000e+00  7.78724355443721e-02
8.72500000000000e+00  1.13963118210979e-01
8.75000000000000e+00  1.49397689574201e-01
8.77500000000000e+00  1.83974655204685e-01
8.80000000000000e+00  2.17528436011561e-01
8.82500000000000e+00  2.49897208064154e-01
8.85000000000000e+00  2.80934534258032e-01
8.87500000000000e+00  3.10509262116129e-01
8.90000000000000e+00  3.38505421589850e-01
8.92500000000000e+00  3.64822122860195e-01
8.95000000000000e+00  3.89373454138875e-01
8.97500000000000e+00  4.12088379469426e-01
9.00000000000000e+00  4.32910636528334e-01
9.02500000000000e+00  4.51798634426139e-01
9.05000000000000e+00  4.68725351508562e-01
9.07500000000000e+00  4.83675843096367e-01
9.10000000000000e+00  4.96648470775942e-01
9.12500000000000e+00  5.07653659044928e-01
9.15000000000000e+00  5.16712968857231e-01
9.17500000000000e+00  5.23858437076775e-01
9.20000000000000e+00  5.29131691669487e-01
9.22500000000000e+00  5.32583066895274e-01
9.25000000000000e+00  5.34270718500008e-01
9.27500000000000e+00  5.34259738907505e-01
9.30000000000000e+00  5.32621272411506e-01
9.32500000000000e+00  5.29431630367663e-01
9.35000000000000e+00  5.24771406385513e-01
9.37500000000000e+00  5.18724132118552e-01
9.40000000000000e+00  5.11377927757411e-01
9.42500000000000e+00  5.02819580354020e-01
9.45000000000000e+00  4.93139217713517e-01
9.47500000000000e+00  4.82426966152836e-01
9.50000000000000e+00  4.70772467042580e-01
9.52500000000000e+00  4.58264393348921e-01
9.55000000000000e+00  4.44989966175479e-01
9.57500000000000e+00  4.31034471305212e-01
9.60000000000000e+00  4.16480775742299e-01
9.62500000000000e+00  4.01408844254034e-01
9.65000000000000e+00  3.85895255912701e-01
9.67500000000000e+00  3.70012720637474e-01
9.70000000000000e+00  3.53830543055129e-01
9.72500000000000e+00  3.37413656735044e-01
9.75000000000000e+00  3.20822528667606e-01
9.77500000000000e+00  3.04113362292528e-01
9.80000000000000e+00  2.87337589112186e-01
9.82500000000000e+00  2.70541852997482e-01
9.85000000000000e+00  2.53767994493704e-01
9.87500000000000e+00  2.37053035126397e-01
9.90000000000000e+00  2.20429161707211e-01
9.92500000000000e+00  2.03923710639778e-01
9.95000000000000e+00  1.87559152225570e-01
9.97500000000000e+00  1.71353074969755e-01
1.00000000000000e+01  1.55318169887077e-01
