0.00000000000000e+00  -1.55615091072707e-01
2.50000000000000e-02  -1.71670970821408e-01
5.00000000000000e-02  -1.87898670390488e-01
7.50000000000000e-02  -2.04285475103847e-01
1.00000000000000e-01  -2.20813807980988e-01
1.25000000000000e-01  -2.37461240723217e-01
1.50000000000000e-01  -2.54200504699842e-01
1.75000000000000e-01  -2.70999501934371e-01
2.00000000000000e-01  -2.87821316090725e-01
2.25000000000000e-01  -3.04624223459423e-01
2.50000000000000e-01  -3.21361703943800e-01
2.75000000000000e-01  -3.37982452046198e-01
3.00000000000000e-01  -3.54430387854169e-01
3.25000000000000e-01  -3.70645168659696e-01
3.50000000000000e-01  -3.86561978169478e-01
3.75000000000000e-01  -4.02111608851753e-01
4.00000000000000e-01  -4.17221469883829e-01
4.25000000000000e-01  -4.31815083067899e-01
4.50000000000000e-01  -4.45812576901991e-01
4.75000000000000e-01  -4.59131180650905e-01
5.00000000000000e-01  -4.71685718417160e-01
5.25000000000000e-01  -4.83389103211939e-01
5.50000000000000e-01  -4.94152831026028e-01
5.75000000000000e-01  -5.03887474900765e-01
6.00000000000000e-01  -5.12503178998979e-01
6.25000000000000e-01  -5.19909502064503e-01
6.50000000000000e-01  -5.26020282023555e-01
6.75000000000000e-01  -5.30747256906014e-01
7.00000000000000e-01  -5.34006771868767e-01
7.25000000000000e-01  -5.35718501010312e-01
7.50000000000000e-01  -5.35806342538074e-01
7.75000000000000e-01  -5.34199313935706e-01
8.00000000000000e-01  -5.30832447130399e-01
8.25000000000000e-01  -5.25647683660186e-01
8.50000000000000e-01  -5.18594769841255e-01
8.75000000000000e-01  -5.09632151935247e-01
9.00000000000000e-01  -4.98727871316573e-01
9.25000000000000e-01  -4.85860459639717e-01
9.50000000000000e-01  -4.71019547478721e-01
9.75000000000000e-01  -4.54206843622632e-01
1.00000000000000e+00  -4.35437407158372e-01
1.02500000000000e+00  -4.14738294853340e-01
1.05000000000000e+00  -3.92151164929384e-01
1.07500000000000e+00  -3.67732360667432e-01
1.10000000000000e+00  -3.41552994012126e-01
1.12500000000000e+00  -3.13699029176452e-01
1.15000000000000e+00  -2.84271366246368e-01
1.17500000000000e+00  -2.53385924785443e-01
1.20000000000000e+00  -2.21173727439479e-01
1.22500000000000e+00  -1.87780983541149e-01
1.25000000000000e+00  -1.53365575381272e-01
1.27500000000000e+00  -1.18105531656327e-01
1.30000000000000e+00  -8.21891734729350e-02
1.32500000000000e+00  -4.58145947330692e-02
1.35000000000000e+00  -9.19207384087769e-03
1.37500000000000e+00  2.74576957862910e-02
1.40000000000000e+00  6.39053752068461e-02
1.42500000000000e+00  9.99147494439195e-02
1.45000000000000e+00  1.35244496974336e-01
1.47500000000000e+00  1.69649959217571e-01
1.50000000000000e+00  2.02884910024718e-01
1.52500000000000e+00  2.34703325167456e-01
1.55000000000000e+00  2.64861151827008e-01
1.57500000000000e+00  2.93123001436543e-01
1.60000000000000e+00  3.19255203324704e-01
1.62500000000000e+00  3.43038214144182e-01
1.65000000000000e+00  3.64262070622288e-01
1.67500000000000e+00  3.82731845879796e-01
1.70000000000000e+00  3.98269633633806e-01
1.72500000000000e+00  4.10716532400619e-01
1.75000000000000e+00  4.19934629698599e-01
1.77500000000000e+00  4.25808986251051e-01
1.80000000000000e+00  4.28249620189084e-01
1.82500000000000e+00  4.27193491254485e-01
1.85000000000000e+00  4.22606485002585e-01
1.87500000000000e+00  4.14489137859889e-01
1.90000000000000e+00  4.02854659110834e-01
1.92500000000000e+00  3.87774416099038e-01
1.95000000000000e+00  3.69334239257238e-01
1.97500000000000e+00  3.47655204851239e-01
2.00000000000000e+00  3.22892102930103e-01
2.02500000000000e+00  2.95231905276337e-01
2.05000000000000e+00  2.64892233356076e-01
2.07500000000000e+00  2.32119826269276e-01
2.10000000000000e+00  1.97189008699896e-01
2.12500000000000e+00  1.60400158866085e-01
2.15000000000000e+00  1.22078176470375e-01
2.17500000000000e+00  8.25709506498577e-02
2.20000000000000e+00  4.22433137033618e-02
2.22500000000000e+00  1.47195612096065e-03
2.25000000000000e+00  -3.93511675411309e-02
2.27500000000000e+00  -7.98277416627145e-02
2.30000000000000e+00  -1.19555634327205e-01
2.32500000000000e+00  -1.58133211490305e-01
2.35000000000000e+00  -1.95163651148685e-01
2.37500000000000e+00  -2.30259257508654e-01
2.40000000000000e+00  -2.63045775154839e-01
2.42500000000000e+00  -2.93166703218854e-01
2.45000000000000e+00  -3.20287609547983e-01
2.47500000000000e+00  -3.44100444873851e-01
2.50000000000000e+00  -3.64330387095801e-01
2.52500000000000e+00  -3.80728403594018e-01
2.55000000000000e+00  -3.93098215774271e-01
2.57500000000000e+00  -4.01270058534998e-01
2.60000000000000e+00  -4.05121743712684e-01
2.62500000000000e+00  -4.04578927016156e-01
2.65000000000000e+00  -3.99615374960881e-01
2.67500000000000e+00  -3.90253231803264e-01
2.70000000000000e+00  -3.76563286474940e-01
2.72500000000000e+00  -3.58665239517070e-01
2.75000000000000e+00  -3.36727970014642e-01
2.77500000000000e+00  -3.10969802530765e-01
2.80000000000000e+00  -2.81658774040961e-01
2.82500000000000e+00  -2.49102886113723e-01
2.85000000000000e+00  -2.13650797387715e-01
2.87500000000000e+00  -1.75694153239397e-01
2.90000000000000e+00  -1.35653186806712e-01
2.92500000000000e+00  -9.39798286558687e-02
2.95000000000000e+00  -5.11513980113514e-02
2.97500000000000e+00  -7.66429398592014e-03
3.00000000000000e+00  3.59723131893814e-02
3.02500000000000e+00  7.92427909352212e-02
3.05000000000000e+00  1.21631353093973e-01
3.07500000000000e+00  1.62628368699713e-01
3.10000000000000e+00  2.01736670748210e-01
3.12500000000000e+00  2.38454268194872e-01
3.15000000000000e+00  2.72348109705414e-01
3.17500000000000e+00  3.02988023982905e-01
3.20000000000000e+00  3.29979518712526e-01
3.22500000000000e+00  3.52974616891210e-01
3.25000000000000e+00  3.71674548602131e-01
3.27500000000000e+00  3.85832442789195e-01
3.30000000000000e+00  3.95256019031532e-01
3.32500000000000e+00  3.99810279317983e-01
3.35000000000000e+00  3.99420199821595e-01
3.37500000000000e+00  3.94073422674105e-01
3.40000000000000e+00  3.83822947740437e-01
3.42500000000000e+00  3.68789824393187e-01
3.45000000000000e+00  3.49149761276338e-01
3.47500000000000e+00  3.25144428096357e-01
3.50000000000000e+00  2.97068488166404e-01
3.52500000000000e+00  2.65283609327397e-01
3.55000000000000e+00  2.30195919853763e-01
3.57500000000000e+00  1.92255195921125e-01
3.60000000000000e+00  1.51953267005319e-01
3.62500000000000e+00  1.09817104099981e-01
3.65000000000000e+00  6.64030368560172e-02
3.67500000000000e+00  2.22882176339603e-02
3.70000000000000e+00  -2.19382712174641e-02
3.72500000000000e+00  -6.56844256710954e-02
3.75000000000000e+00  -1.08375239813740e-01
3.77500000000000e+00  -1.49408802124703e-01
3.80000000000000e+00  -1.88240658908403e-01
3.82500000000000e+00  -2.24333372644546e-01
3.85000000000000e+00  -2.57189262612015e-01
3.87500000000000e+00  -2.86355100367901e-01
3.90000000000000e+00  -3.11426805226522e-01
3.92500000000000e+00  -3.32054139738446e-01
3.95000000000000e+00  -3.47945405169519e-01
3.97500000000000e+00  -3.58872136979888e-01
4.00000000000000e+00  -3.64673800303020e-01
4.02500000000000e+00  -3.65262485424732e-01
4.05000000000000e+00  -3.60627603262211e-01
4.07500000000000e+00  -3.50819888451250e-01
4.10000000000000e+00  -3.35971653812108e-01
4.12500000000000e+00  -3.16306935821872e-01
4.15000000000000e+00  -2.92067170324871e-01
4.17500000000000e+00  -2.63588723691701e-01
4.20000000000000e+00  -2.31280557859716e-01
4.22500000000000e+00  -1.95603705704418e-01
4.25000000000000e+00  -1.57063147309274e-01
4.27500000000000e+00  -1.16198407388903e-01
4.30000000000000e+00  -7.35809796228863e-02
4.32500000000000e+00  -2.98142380667650e-02
4.35000000000000e+00  1.44640509331807e-02
4.37500000000000e+00  5.86028199836742e-02
4.40000000000000e+00  1.01988151732591e-01
4.42500000000000e+00  1.43993149489150e-01
4.45000000000000e+00  1.84003599689490e-01
4.47500000000000e+00  2.21437265386435e-01
4.50000000000000e+00  2.55749960948701e-01
4.52500000000000e+00  2.86441626760090e-01
4.55000000000000e+00  3.13062403918680e-01
4.57500000000000e+00  3.35218708936035e-01
4.60000000000000e+00  3.52579308436390e-01
4.62500000000000e+00  3.64881393855853e-01
4.65000000000000e+00  3.71936656141601e-01
4.67500000000000e+00  3.73637360451078e-01
4.70000000000000e+00  3.69943967248327e-01
4.72500000000000e+00  3.60899812205081e-01
4.75000000000000e+00  3.46628184853555e-01
4.77500000000000e+00  3.27322094119960e-01
4.80000000000000e+00  3.03251829344637e-01
4.82500000000000e+00  2.74758432856081e-01
4.85000000000000e+00  2.42247172544950e-01
4.87500000000000e+00  2.06181014438096e-01
4.90000000000000e+00  1.67074095272574e-01
4.92500000000000e+00  1.25485195069665e-01
4.95000000000000e+00  8.20112097089004e-02
4.97500000000000e+00  3.72806235020706e-02
5.00000000000000e+00  -8.07233257081513e-03
5.02500000000000e+00  -5.33975831984749e-02
5.05000000000000e+00  -9.80257722845779e-02
5.07500000000000e+00  -1.41322470156617e-01
5.10000000000000e+00  -1.82667101884836e-01
5.12500000000000e+00  -2.21464021049653e-01
5.15000000000000e+00  -2.57153583509100e-01
5.17500000000000e+00  -2.89221609563596e-01
5.20000000000000e+00  -3.17207603304084e-01
5.22500000000000e+00  -3.40710734033649e-01
5.25000000000000e+00  -3.59395876033992e-01
5.27500000000000e+00  -3.72995524262368e-01
5.30000000000000e+00  -3.81311123590174e-01
5.32500000000000e+00  -3.84224137623536e-01
5.35000000000000e+00  -3.81696085602023e-01
5.37500000000000e+00  -3.73803783454032e-01
5.40000000000000e+00  -3.60612619439294e-01
5.42500000000000e+00  -3.42313938698500e-01
5.45000000000000e+00  -3.19191156348706e-01
5.47500000000000e+00  -2.91589581819749e-01
5.50000000000000e+00  -2.59910092255504e-01
5.52500000000000e+00  -2.24598042282362e-01
5.55000000000000e+00  -1.86144237421779e-01
5.57500000000000e+00  -1.45090052101942e-01
5.60000000000000e+00  -1.02040670639326e-01
5.62500000000000e+00  -5.76151226354011e-02
5.65000000000000e+00  -1.24965729102450e-02
5.67500000000000e+00  3.27930272153861e-02
5.70000000000000e+00  7.75553876960914e-02
5.72500000000000e+00  1.21143219517222e-01
5.75000000000000e+00  1.62951453757465e-01
5.77500000000000e+00  2.02408460651451e-01
5.80000000000000e+00  2.38973468496254e-01
5.82500000000000e+00  2.72137083911570e-01
5.85000000000000e+00  3.01432692382367e-01
5.87500000000000e+00  3.26443135585307e-01
5.90000000000000e+00  3.46829054492417e-01
5.92500000000000e+00  3.62360591280326e-01
5.95000000000000e+00  3.72801367143036e-01
5.97500000000000e+00  3.78016868312302e-01
6.00000000000000e+00  3.77945387311866e-01
6.02500000000000e+00  3.72609328780157e-01
6.05000000000000e+00  3.62095527384587e-01
6.07500000000000e+00  3.46558262782061e-01
6.10000000000000e+00  3.26221437211383e-01
6.12500000000000e+00  3.01374944222057e-01
6.15000000000000e+00  2.72371154651926e-01
6.17500000000000e+00  2.39618085128524e-01
6.20000000000000e+00  2.03570844587881e-01
6.22500000000000e+00  1.64721177494159e-01
6.25000000000000e+00  1.23571767526212e-01
6.27500000000000e+00  8.07608814869933e-02
6.30000000000000e+00  3.68078528581241e-02
6.32500000000000e+00  -7.68847389329663e-03
6.35000000000000e+00  -5.21300424635323e-02
6.37500000000000e+00  -9.59261443090896e-02
6.40000000000000e+00  -1.38499978243628e-01
6.42500000000000e+00  -1.79295210034837e-01
6.45000000000000e+00  -2.17782532001346e-01
6.47500000000000e+00  -2.53466222609609e-01
6.50000000000000e+00  -2.85890706070797e-01
6.52500000000000e+00  -3.14647111937702e-01
6.55000000000000e+00  -3.39379834701618e-01
6.57500000000000e+00  -3.59785141718162e-01
6.60000000000000e+00  -3.75618896773314e-01
6.62500000000000e+00  -3.86702007106829e-01
6.65000000000000e+00  -3.92910440628531e-01
6.67500000000000e+00  -3.94187938169034e-01
6.70000000000000e+00  -3.90543422538258e-01
6.72500000000000e+00  -3.82048407583938e-01
6.75000000000000e+00  -3.68834407250136e-01
6.77500000000000e+00  -3.51090344635747e-01
6.80000000000000e+00  -3.29059961053013e-01
6.82500000000000e+00  -3.03039225086035e-01
6.85000000000000e+00  -2.73373741649277e-01
6.87500000000000e+00  -2.40451937825351e-01
6.90000000000000e+00  -2.04695643668629e-01
6.92500000000000e+00  -1.66555757113804e-01
6.95000000000000e+00  -1.26512340533517e-01
6.97500000000000e+00  -8.50627843891657e-02
7.00000000000000e+00  -4.27157997931809e-02
7.02500000000000e+00  1.45889287220619e-05
7.05000000000000e+00  4.26150516752650e-02
7.07500000000000e+00  8.45789600073549e-02
7.10000000000000e+00  1.25412394585814e-01
7.12500000000000e+00  1.64640152609109e-01
7.15000000000000e+00  2.01811755251100e-01
7.17500000000000e+00  2.36507455098763e-01
7.20000000000000e+00  2.68338744602076e-01
7.22500000000000e+00  2.96956102139231e-01
7.25000000000000e+00  3.22054127547827e-01
7.27500000000000e+00  3.43365588195894e-01
7.30000000000000e+00  3.60672900890765e-01
7.32500000000000e+00  3.73807852963411e-01
7.35000000000000e+00  3.82651323352788e-01
7.37500000000000e+00  3.87133003690173e-01
7.40000000000000e+00  3.87231119383509e-01
7.42500000000000e+00  3.82972150701742e-01
7.45000000000000e+00  3.74430553859166e-01
7.47500000000000e+00  3.61728482099759e-01
7.50000000000000e+00  3.45035879303743e-01
7.52500000000000e+00  3.24546654250116e-01
7.55000000000000e+00  3.00510904064406e-01
7.57500000000000e+00  2.73204467219624e-01
7.60000000000000e+00  2.42934101395824e-01
7.62500000000000e+00  2.10033127763686e-01
7.65000000000000e+00  1.74857075268069e-01
7.67500000000000e+00  1.37779324911598e-01
7.70000000000000e+00  9.91867540382199e-02
7.72500000000000e+00  5.94753806167813e-02
7.75000000000000e+00  1.90460075246011e-02
7.77500000000000e+00  -2.17001331689701e-02
7.80000000000000e+00  -6.23657359189677e-02
7.82500000000000e+00  -1.02560934771281e-01
7.85000000000000e+00  -1.41907685208581e-01
7.87500000000000e+00  -1.80044515827842e-01
7.90000000000000e+00  -2.16624588308782e-01
7.92500000000000e+00  -2.51324313497010e-01
7.95000000000000e+00  -2.83844783935431e-01
7.97500000000000e+00  -3.13913206395656e-01
8.00000000000000e+00  -3.41284334409398e-01
8.02500000000000e+00  -3.65741900799884e-01
8.05000000000000e+00  -3.87100050213251e-01
8.07500000000000e+00  -4.05204771649955e-01
8.10000000000000e+00  -4.19935330996173e-01
8.12500000000000e+00  -4.31209736281977e-01
8.15000000000000e+00  -4.38956436914229e-01
8.17500000000000e+00  -4.43163699278933e-01
8.20000000000000e+00  -4.43834452541141e-01
8.22500000000000e+00  -4.41003019550725e-01
8.25000000000000e+00  -4.34733041630075e-01
8.27500000000000e+00  -4.25115403361798e-01
8.30000000000000e+00  -4.12266157376419e-01
8.32500000000000e+00  -3.96324449140075e-01
8.35000000000000e+00  -3.77450441742222e-01
8.37500000000000e+00  -3.55823240683319e-01
8.40000000000000e+00  -3.31638818662543e-01
8.42500000000000e+00  -3.05107940365477e-01
8.45000000000000e+00  -2.76452197801362e-01
8.47500000000000e+00  -2.45903211589463e-01
8.50000000000000e+00  -2.13699168201367e-01
8.52500000000000e+00  -1.80084482891883e-01
8.55000000000000e+00  -1.45305490685516e-01
8.57500000000000e+00  -1.09608712756453e-01
8.60000000000000e+00  -7.32391228085471e-02
8.62500000000000e+00  -3.64384134552855e-02
8.65000000000000e+00  5.56737400210334e-04
8.67500000000000e+00  3.75164001852149e-02
8.70000000000000e+00  7.42191272774131e-02
8.72500000000000e+00  1.10453686624923e-01
8.75000000000000e+00  1.46028704231717e-01
8.77500000000000e+00  1.80740887294711e-01
8.80000000000000e+00  2.14426046543356e-01
8.82500000000000e+00  2.46922154998251e-01
8.85000000000000e+00  2.78082662507040e-01
8.87500000000000e+00  3.07776379026648e-01
8.90000000000000e+00  3.35887357905497e-01
8.92500000000000e+00  3.62314779165744e-01
8.95000000000000e+00  3.86972832785511e-01
8.97500000000000e+00  4.09790601981107e-01
9.00000000000000e+00  4.30711946489270e-01
9.02500000000000e+00  4.49695385849379e-01
9.05000000000000e+00  4.66713982685696e-01
9.07500000000000e+00  4.81752938233785e-01
9.10000000000000e+00  4.94810722916074e-01
9.12500000000000e+00  5.05897854869395e-01
9.15000000000000e+00  5.15036016729106e-01
9.17500000000000e+00  5.22257350646347e-01
9.20000000000000e+00  5.27603581038471e-01
9.22500000000000e+00  5.31125137339474e-01
9.25000000000000e+00  5.32880276750429e-01
9.27500000000000e+00  5.32934206989914e-01
9.30000000000000e+00  5.31358209044445e-01
9.32500000000000e+00  5.28228759918910e-01
9.35000000000000e+00  5.23626655386995e-01
9.37500000000000e+00  5.17634886782176e-01
9.40000000000000e+00  5.10342840886269e-01
9.42500000000000e+00  5.01836374842010e-01
9.45000000000000e+00  4.92205847293410e-01
9.47500000000000e+00  4.81541564113708e-01
9.50000000000000e+00  4.69933302955428e-01
9.52500000000000e+00  4.57469837800444e-01
9.55000000000000e+00  4.44238463510034e-01
9.57500000000000e+00  4.30324520374939e-01
9.60000000000000e+00  4.15810918665422e-01
9.62500000000000e+00  4.00777663181331e-01
9.65000000000000e+00  3.85301377802150e-01
9.67500000000000e+00  3.69454830037066e-01
9.70000000000000e+00  3.53307364812229e-01
9.72500000000000e+00  3.36923970878497e-01
9.75000000000000e+00  3.20365178091238e-01
9.77500000000000e+00  3.03687246046631e-01
9.80000000000000e+00  2.86941666292652e-01
9.82500000000000e+00  2.70175141344064e-01
9.85000000000000e+00  2.53429563697413e-01
9.87500000000000e+00  2.36741994846027e-01
9.90000000000000e+00  2.20144644294997e-01
9.92500000000000e+00  2.03664848576186e-01
9.95000000000000e+00  1.87325050263217e-01
9.97500000000000e+00  1.71142776986463e-01
1.00000000000000e+01  1.55130620448056e-01
