0.00000000000000e+00  -1.56665565426745e-01
2.50000000000000e-02  -1.72800505324609e-01
5.00000000000000e-02  -1.89107357173016e-01
7.50000000000000e-02  -2.05574571578698e-01
1.00000000000000e-01  -2.22185482868012e-01
1.25000000000000e-01  -2.38918354501835e-01
1.50000000000000e-01  -2.55746424490460e-01
1.75000000000000e-01  -2.72637950808504e-01
2.00000000000000e-01  -2.89556256809803e-01
2.25000000000000e-01  -3.06459776642314e-01
2.50000000000000e-01  -3.23302100663021e-01
2.75000000000000e-01  -3.40032020852827e-01
3.00000000000000e-01  -3.56593576231461e-01
3.25000000000000e-01  -3.72926645566449e-01
3.50000000000000e-01  -3.88966707292630e-01
3.75000000000000e-01  -4.04644914865571e-01
4.00000000000000e-01  -4.19889091282502e-01
4.25000000000000e-01  -4.34623260133194e-01
4.50000000000000e-01  -4.48768065982983e-01
4.75000000000000e-01  -4.62241194755773e-01
5.00000000000000e-01  -4.74957794117061e-01
5.25000000000000e-01  -4.86830893856950e-01
5.50000000000000e-01  -4.97771826273161e-01
5.75000000000000e-01  -5.07690646554052e-01
6.00000000000000e-01  -5.16496553161633e-01
6.25000000000000e-01  -5.24102041705282e-01
6.50000000000000e-01  -5.30419672295628e-01
6.75000000000000e-01  -5.35363001346532e-01
7.00000000000000e-01  -5.38848422513991e-01
7.25000000000000e-01  -5.40795784279781e-01
7.50000000000000e-01  -5.41129280626936e-01
7.75000000000000e-01  -5.39778341715222e-01
8.00000000000000e-01  -5.36678524556618e-01
8.25000000000000e-01  -5.31772403690786e-01
8.50000000000000e-01  -5.25010461860553e-01
8.75000000000000e-01  -5.16351980687385e-01
9.00000000000000e-01  -5.05765931346863e-01
9.25000000000000e-01  -4.93231865244162e-01
9.50000000000000e-01  -4.78740226901619e-01
9.75000000000000e-01  -4.62293617267107e-01
1.00000000000000e+00  -4.43908089300798e-01
1.02500000000000e+00  -4.23611425084456e-01
1.05000000000000e+00  -4.01446050834910e-01
1.07500000000000e+00  -3.77469101126558e-01
1.10000000000000e+00  -3.51752483113876e-01
1.12500000000000e+00  -3.24382940753918e-01
1.15000000000000e+00  -2.95462119028822e-01
1.17500000000000e+00  -2.65106628168319e-01
1.20000000000000e+00  -2.33448107872227e-01
1.22500000000000e+00  -2.00633291532970e-01
1.25000000000000e+00  -1.66827186482596e-01
1.27500000000000e+00  -1.32182750737206e-01
1.30000000000000e+00  -9.69122917341005e-02
1.32500000000000e+00  -6.12114865610464e-02
1.35000000000000e+00  -2.52881847574225e-02
1.37500000000000e+00  1.06392593656576e-02
1.40000000000000e+00  4.63436544052078e-02
1.42500000000000e+00  8.15906395462385e-02
1.45000000000000e+00  1.16140352241630e-01
1.47500000000000e+00  1.49749095891993e-01
1.50000000000000e+00  1.82171007525544e-01
1.52500000000000e+00  2.13159725477970e-01
1.55000000000000e+00  2.42470057072295e-01
1.57500000000000e+00  2.69886988312871e-01
1.60000000000000e+00  2.95156131353741e-01
1.62500000000000e+00  3.18068455721663e-01
1.65000000000000e+00  3.38417552356693e-01
1.67500000000000e+00  3.56012295710852e-01
1.70000000000000e+00  3.70678626607330e-01
1.72500000000000e+00  3.82261335099677e-01
1.75000000000000e+00  3.90625843331010e-01
1.77500000000000e+00  3.95659988393208e-01
1.80000000000000e+00  3.97275805186113e-01
1.82500000000000e+00  3.95411309276730e-01
1.85000000000000e+00  3.90032279758420e-01
1.87500000000000e+00  3.81176509098168e-01
1.90000000000000e+00  3.68772184924978e-01
1.92500000000000e+00  3.52994144909720e-01
1.95000000000000e+00  3.33897939143427e-01
1.97500000000000e+00  3.11596933943763e-01
2.00000000000000e+00  2.86251176707916e-01
2.02500000000000e+00  2.58056260765492e-01
2.05000000000000e+00  2.27236262401746e-01
2.07500000000000e+00  1.94040376748187e-01
2.10000000000000e+00  1.58741519904126e-01
2.12500000000000e+00  1.21637847242215e-01
2.15000000000000e+00  8.30562410740742e-02
2.17500000000000e+00  4.33559974181677e-02
2.20000000000000e+00  2.94216489450523e-03
2.22500000000000e+00  -3.78648803423016e-02
2.25000000000000e+00  -7.86629191707307e-02
2.27500000000000e+00  -1.19033408624469e-01
2.30000000000000e+00  -1.58571768461646e-01
2.32500000000000e+00  -1.96882147938991e-01
2.35000000000000e+00  -2.33573026215667e-01
2.37500000000000e+00  -2.68258368361672e-01
2.40000000000000e+00  -3.00560211345046e-01
2.42500000000000e+00  -3.30114603723202e-01
2.45000000000000e+00  -3.56581674968173e-01
2.47500000000000e+00  -3.79661717065235e-01
2.50000000000000e+00  -3.99040389025503e-01
2.52500000000000e+00  -4.14661231930063e-01
2.55000000000000e+00  -4.26078615855190e-01
2.57500000000000e+00  -4.33230632981263e-01
2.60000000000000e+00  -4.36026926793410e-01
2.62500000000000e+00  -4.34383809068339e-01
2.65000000000000e+00  -4.28259376861173e-01
2.67500000000000e+00  -4.17669086331204e-01
2.70000000000000e+00  -4.02693416996841e-01
2.72500000000000e+00  -3.83470549070980e-01
2.75000000000000e+00  -3.60194438896283e-01
2.77500000000000e+00  -3.33082491647242e-01
2.80000000000000e+00  -3.02338297493511e-01
2.82500000000000e+00  -2.68374691148676e-01
2.85000000000000e+00  -2.31471761461882e-01
2.87500000000000e+00  -1.92054595215242e-01
2.90000000000000e+00  -1.50545780427819e-01
2.92500000000000e+00  -1.07400140944226e-01
2.95000000000000e+00  -6.30982915580760e-02
2.97500000000000e+00  -1.81401931354262e-02
3.00000000000000e+00  2.69612922617727e-02
3.02500000000000e+00  7.16868462522313e-02
3.05000000000000e+00  1.15517139011874e-01
3.07500000000000e+00  1.57939274150392e-01
3.10000000000000e+00  1.98453233587796e-01
3.12500000000000e+00  2.36455607788938e-01
3.15000000000000e+00  2.71862267522524e-01
3.17500000000000e+00  3.03835519339010e-01
3.20000000000000e+00  3.32123687420697e-01
3.22500000000000e+00  3.56421234208200e-01
3.25000000000000e+00  3.76415829163374e-01
3.27500000000000e+00  3.91835417532243e-01
3.30000000000000e+00  4.02471496974074e-01
3.32500000000000e+00  4.08193337659092e-01
3.35000000000000e+00  4.08941628308738e-01
3.37500000000000e+00  4.04731088224990e-01
3.40000000000000e+00  3.95610834556334e-01
3.42500000000000e+00  3.81617892315288e-01
3.45000000000000e+00  3.62983568291500e-01
3.47500000000000e+00  3.39948494413096e-01
3.50000000000000e+00  3.12832456637474e-01
3.52500000000000e+00  2.81943955827555e-01
3.55000000000000e+00  2.47683943662396e-01
3.57500000000000e+00  2.10516176501489e-01
3.60000000000000e+00  1.70940090790613e-01
3.62500000000000e+00  1.29481261241290e-01
3.65000000000000e+00  8.66810411534110e-02
3.67500000000000e+00  4.30957737325935e-02
3.70000000000000e+00  -6.99484520169772e-04
3.72500000000000e+00  -4.41016356996398e-02
3.75000000000000e+00  -8.64743953693188e-02
3.77500000000000e+00  -1.27312950290568e-01
3.80000000000000e+00  -1.66073931634144e-01
3.82500000000000e+00  -2.02197310878539e-01
3.85000000000000e+00  -2.35183717246584e-01
3.87500000000000e+00  -2.64589104734476e-01
3.90000000000000e+00  -2.90019419140792e-01
3.92500000000000e+00  -3.11129608808520e-01
3.95000000000000e+00  -3.27627431250258e-01
3.97500000000000e+00  -3.39279289417816e-01
4.00000000000000e+00  -3.45921315252032e-01
4.02500000000000e+00  -3.47471322573787e-01
4.05000000000000e+00  -3.43940658661101e-01
4.07500000000000e+00  -3.35362537476666e-01
4.10000000000000e+00  -3.21862360331114e-01
4.12500000000000e+00  -3.03664714611391e-01
4.15000000000000e+00  -2.81008571317722e-01
4.17500000000000e+00  -2.54218473575414e-01
4.20000000000000e+00  -2.23689624829913e-01
4.22500000000000e+00  -1.89873783757206e-01
4.25000000000000e+00  -1.53269042620966e-01
4.27500000000000e+00  -1.14409738187127e-01
4.30000000000000e+00  -7.38576977345749e-02
4.32500000000000e+00  -3.21971547683096e-02
4.35000000000000e+00  9.95838056131105e-03
4.37500000000000e+00  5.19440777158695e-02
4.40000000000000e+00  9.30640039429481e-02
4.42500000000000e+00  1.32914219424490e-01
4.45000000000000e+00  1.70801844945912e-01
4.47500000000000e+00  2.06130070249823e-01
4.50000000000000e+00  2.38375870788053e-01
4.52500000000000e+00  2.67067724473660e-01
4.55000000000000e+00  2.91776946147761e-01
4.57500000000000e+00  3.12118760568213e-01
4.60000000000000e+00  3.27761768454485e-01
4.62500000000000e+00  3.38442185607735e-01
4.65000000000000e+00  3.43990782807335e-01
4.67500000000000e+00  3.44361598498852e-01
4.70000000000000e+00  3.39506901650082e-01
4.72500000000000e+00  3.29473262871827e-01
4.75000000000000e+00  3.14243415118244e-01
4.77500000000000e+00  2.94222960828727e-01
4.80000000000000e+00  2.69689093874677e-01
4.82500000000000e+00  2.40910086713202e-01
4.85000000000000e+00  2.08248506704241e-01
4.87500000000000e+00  1.72157703669928e-01
4.90000000000000e+00  1.33196293805391e-01
4.92500000000000e+00  9.19870085941608e-02
4.95000000000000e+00  4.91560873794077e-02
4.97500000000000e+00  5.24108908951658e-03
5.00000000000000e+00  -3.91274196734077e-02
5.02500000000000e+00  -8.35203730337501e-02
5.05000000000000e+00  -1.26825534009405e-01
5.07500000000000e+00  -1.68641355076516e-01
5.10000000000000e+00  -2.08420261007274e-01
5.12500000000000e+00  -2.45547439298028e-01
5.15000000000000e+00  -2.79419630597430e-01
5.17500000000000e+00  -3.09496662725312e-01
5.20000000000000e+00  -3.35336601285053e-01
5.22500000000000e+00  -3.56584614053267e-01
5.25000000000000e+00  -3.72976673042591e-01
5.27500000000000e+00  -3.84254529600706e-01
5.30000000000000e+00  -3.90067141864471e-01
5.32500000000000e+00  -3.90427797047224e-01
5.35000000000000e+00  -3.85310469772498e-01
5.37500000000000e+00  -3.74796103957675e-01
5.40000000000000e+00  -3.58948480349333e-01
5.42500000000000e+00  -3.37961902124108e-01
5.45000000000000e+00  -3.12128449557640e-01
5.47500000000000e+00  -2.81807489299475e-01
5.50000000000000e+00  -2.47411069295476e-01
5.52500000000000e+00  -2.09393701801538e-01
5.55000000000000e+00  -1.68251822106512e-01
5.57500000000000e+00  -1.24533898135147e-01
5.60000000000000e+00  -7.88667168544224e-02
5.62500000000000e+00  -3.19653101017412e-02
5.65000000000000e+00  1.57310766398521e-02
5.67500000000000e+00  6.35113732712942e-02
5.70000000000000e+00  1.10689559574989e-01
5.72500000000000e+00  1.56622968441419e-01
5.75000000000000e+00  2.00704839950693e-01
5.77500000000000e+00  2.42356875454125e-01
5.80000000000000e+00  2.81029802447429e-01
5.82500000000000e+00  3.16208262853399e-01
5.85000000000000e+00  3.47421770571745e-01
5.87500000000000e+00  3.74255262935915e-01
5.90000000000000e+00  3.96370940478590e-01
5.92500000000000e+00  4.13531860453504e-01
5.95000000000000e+00  4.25494722823034e-01
5.97500000000000e+00  4.32125253978994e-01
6.00000000000000e+00  4.33386558085438e-01
6.02500000000000e+00  4.29259605808904e-01
6.05000000000000e+00  4.19822380412912e-01
6.07500000000000e+00  4.05236777705862e-01
6.10000000000000e+00  3.85735534259156e-01
6.12500000000000e+00  3.61610845073740e-01
6.15000000000000e+00  3.33208058932739e-01
6.17500000000000e+00  3.00921784226503e-01
6.20000000000000e+00  2.65196960957675e-01
6.22500000000000e+00  2.26534643716638e-01
6.25000000000000e+00  1.85458322318416e-01
6.27500000000000e+00  1.42669168810211e-01
6.30000000000000e+00  9.85184664235742e-02
6.32500000000000e+00  5.36841393172964e-02
6.35000000000000e+00  8.78873157602791e-03
6.37500000000000e+00  -3.55841473089188e-02
6.40000000000000e+00  -7.88733769587948e-02
6.42500000000000e+00  -1.20532417850957e-01
6.45000000000000e+00  -1.60027924048292e-01
6.47500000000000e+00  -1.96850889010548e-01
6.50000000000000e+00  -2.30527093335114e-01
6.52500000000000e+00  -2.60650350363830e-01
6.55000000000000e+00  -2.86919037518753e-01
6.57500000000000e+00  -3.08998869367473e-01
6.60000000000000e+00  -3.26644469035419e-01
6.62500000000000e+00  -3.39586115673450e-01
6.65000000000000e+00  -3.47814078551587e-01
6.67500000000000e+00  -3.51272027680318e-01
6.70000000000000e+00  -3.49922593013690e-01
6.72500000000000e+00  -3.43804186765209e-01
6.75000000000000e+00  -3.33033306607578e-01
6.77500000000000e+00  -3.17815006777113e-01
6.80000000000000e+00  -2.98425774145724e-01
6.82500000000000e+00  -2.75181267741142e-01
6.85000000000000e+00  -2.48369994470914e-01
6.87500000000000e+00  -2.18298086024400e-01
6.90000000000000e+00  -1.85439398228387e-01
6.92500000000000e+00  -1.50295564493263e-01
6.95000000000000e+00  -1.13279059318407e-01
6.97500000000000e+00  -7.48637345969033e-02
7.00000000000000e+00  -3.55585466570943e-02
7.02500000000000e+00  4.11871669587391e-03
7.05000000000000e+00  4.36578324052717e-02
7.07500000000000e+00  8.25664637308928e-02
7.10000000000000e+00  1.20372282314149e-01
7.12500000000000e+00  1.56625219631177e-01
7.15000000000000e+00  1.90884574802176e-01
7.17500000000000e+00  2.22703809008048e-01
7.20000000000000e+00  2.51711743702019e-01
7.22500000000000e+00  2.77647282350323e-01
7.25000000000000e+00  3.00102319221755e-01
7.27500000000000e+00  3.18880134816524e-01
7.30000000000000e+00  3.33776861053641e-01
7.32500000000000e+00  3.44614418613442e-01
7.35000000000000e+00  3.51268984057186e-01
7.37500000000000e+00  3.53672008730125e-01
7.40000000000000e+00  3.51816772510110e-01
7.42500000000000e+00  3.45751550311766e-01
7.45000000000000e+00  3.35566433621299e-01
7.47500000000000e+00  3.21363513750138e-01
7.50000000000000e+00  3.03284340792249e-01
7.52500000000000e+00  2.81550506356951e-01
7.55000000000000e+00  2.56418915327559e-01
7.57500000000000e+00  2.28161199876844e-01
7.60000000000000e+00  1.97079972254275e-01
7.62500000000000e+00  1.63504380926446e-01
7.65000000000000e+00  1.27785666717476e-01
7.67500000000000e+00  9.02927189494342e-02
7.70000000000000e+00  5.14076315827431e-02
7.72500000000000e+00  1.15212593565943e-02
7.75000000000000e+00  -2.89712260706318e-02
7.77500000000000e+00  -6.96747799809654e-02
7.80000000000000e+00  -1.10198928456422e-01
7.82500000000000e+00  -1.50140560933052e-01
7.85000000000000e+00  -1.89173546179288e-01
7.87500000000000e+00  -2.26926208013288e-01
7.90000000000000e+00  -2.63041642112502e-01
7.92500000000000e+00  -2.97204066501258e-01
7.95000000000000e+00  -3.29130481598784e-01
7.97500000000000e+00  -3.58562906446788e-01
8.00000000000000e+00  -3.85265177131480e-01
8.02500000000000e+00  -4.09022987291540e-01
8.05000000000000e+00  -4.29647424057488e-01
8.07500000000000e+00  -4.46983514353191e-01
8.10000000000000e+00  -4.60924700090203e-01
8.12500000000000e+00  -4.71424681309605e-01
8.15000000000000e+00  -4.78371482247449e-01
8.17500000000000e+00  -4.81772622258586e-01
8.20000000000000e+00  -4.81642224690844e-01
8.22500000000000e+00  -4.78018098684763e-01
8.25000000000000e+00  -4.70963423537517e-01
8.27500000000000e+00  -4.60568433066840e-01
8.30000000000000e+00  -4.46950057843083e-01
8.32500000000000e+00  -4.30250125048772e-01
8.35000000000000e+00  -4.10632421285893e-01
8.37500000000000e+00  -3.88279260296898e-01
8.40000000000000e+00  -3.63386156177632e-01
8.42500000000000e+00  -3.36156211855184e-01
8.45000000000000e+00  -3.06806301405708e-01
8.47500000000000e+00  -2.75597155778961e-01
8.50000000000000e+00  -2.42741514144823e-01
8.52500000000000e+00  -2.08486353104757e-01
8.55000000000000e+00  -1.73078875862320e-01
8.57500000000000e+00  -1.36765244382071e-01
8.60000000000000e+00  -9.97893115484669e-02
8.62500000000000e+00  -6.23913533247450e-02
8.65000000000000e+00  -2.48068009118415e-02
8.67500000000000e+00  1.27350270927262e-02
8.70000000000000e+00  5.00121925359570e-02
8.72500000000000e+00  8.68114055504749e-02
8.75000000000000e+00  1.22952015473663e-01
8.77500000000000e+00  1.58218393058334e-01
8.80000000000000e+00  1.92456206491694e-01
8.82500000000000e+00  2.25502476444604e-01
8.85000000000000e+00  2.57210045738577e-01
8.87500000000000e+00  2.87447388752362e-01
8.90000000000000e+00  3.16098420828499e-01
8.92500000000000e+00  3.43062307679897e-01
8.95000000000000e+00  3.68253274796409e-01
8.97500000000000e+00  3.91600416851394e-01
9.00000000000000e+00  4.13047507108298e-01
9.02500000000000e+00  4.32552806827215e-01
9.05000000000000e+00  4.50088874671462e-01
9.07500000000000e+00  4.65640788200606e-01
9.10000000000000e+00  4.79206621737625e-01
9.12500000000000e+00  4.90796398938499e-01
9.15000000000000e+00  5.00431499025748e-01
9.17500000000000e+00  5.08143677959581e-01
9.20000000000000e+00  5.13974247448364e-01
9.22500000000000e+00  5.17973253959087e-01
9.25000000000000e+00  5.20198657727840e-01
9.27500000000000e+00  5.20715511770275e-01
9.30000000000000e+00  5.19595140892084e-01
9.32500000000000e+00  5.16914320699466e-01
9.35000000000000e+00  5.12754456609596e-01
9.37500000000000e+00  5.07195100598048e-01
9.40000000000000e+00  5.00330617776416e-01
9.42500000000000e+00  4.92242932751791e-01
9.45000000000000e+00  4.83022960482709e-01
9.47500000000000e+00  4.72761372416069e-01
9.50000000000000e+00  4.61548150945157e-01
9.52500000000000e+00  4.49472143867683e-01
9.55000000000000e+00  4.36620618843804e-01
9.57500000000000e+00  4.23078817854155e-01
9.60000000000000e+00  4.08929511657878e-01
9.62500000000000e+00  3.94252554250653e-01
9.65000000000000e+00  3.79124437322723e-01
9.67500000000000e+00  3.63617844716929e-01
9.70000000000000e+00  3.47801900687417e-01
9.72500000000000e+00  3.31741450178582e-01
9.75000000000000e+00  3.15496894364039e-01
9.77500000000000e+00  2.99124348157799e-01
9.80000000000000e+00  2.82675192774968e-01
9.82500000000000e+00  2.66196058071275e-01
9.85000000000000e+00  2.49728804882581e-01
9.87500000000000e+00  2.33310507364408e-01
9.90000000000000e+00  2.16973435331447e-01
9.92500000000000e+00  2.00745036597092e-01
9.95000000000000e+00  1.84647919312949e-01
9.97500000000000e+00  1.68699834308357e-01
1.00000000000000e+01  1.52913657429917e-01
