0.00000000000000e+00  -1.50360013058175e-01
2.50000000000000e-02  -1.65928071073630e-01
5.00000000000000e-02  -1.81664174319567e-01
7.50000000000000e-02  -1.97556278133647e-01
1.00000000000000e-01  -2.13587529797824e-01
1.25000000000000e-01  -2.29736285934422e-01
1.50000000000000e-01  -2.45976129902212e-01
1.75000000000000e-01  -2.62275889192493e-01
2.00000000000000e-01  -2.78599652825178e-01
2.25000000000000e-01  -2.94906788744866e-01
2.50000000000000e-01  -3.11151961216930e-01
2.75000000000000e-01  -3.27285148223592e-01
3.00000000000000e-01  -3.43251658860007e-01
3.25000000000000e-01  -3.58992616161783e-01
3.50000000000000e-01  -3.74444769402540e-01
3.75000000000000e-01  -3.89540584441645e-01
4.00000000000000e-01  -4.04209162367594e-01
4.25000000000000e-01  -4.18375801272440e-01
4.50000000000000e-01  -4.31962455309390e-01
4.75000000000000e-01  -4.44888193750401e-01
5.00000000000000e-01  -4.57069660043786e-01
5.25000000000000e-01  -4.68421530871807e-01
5.50000000000000e-01  -4.78856975208278e-01
5.75000000000000e-01  -4.88288113376165e-01
6.00000000000000e-01  -4.96626476105183e-01
6.25000000000000e-01  -5.03785624127394e-01
6.50000000000000e-01  -5.09674961928807e-01
6.75000000000000e-01  -5.14212894909027e-01
7.00000000000000e-01  -5.17316303990598e-01
7.25000000000000e-01  -5.18905412926154e-01
7.50000000000000e-01  -5.18904638779107e-01
7.75000000000000e-01  -5.17243442404347e-01
8.00000000000000e-01  -5.13857178928932e-01
8.25000000000000e-01  -5.08687948232784e-01
8.50000000000000e-01  -5.01685445429380e-01
8.75000000000000e-01  -4.92807811346449e-01
9.00000000000000e-01  -4.82022483006664e-01
9.25000000000000e-01  -4.69307044108334e-01
9.50000000000000e-01  -4.54649818409348e-01
9.75000000000000e-01  -4.38050815145196e-01
1.00000000000000e+00  -4.19522964692848e-01
1.02500000000000e+00  -3.99090886000306e-01
1.05000000000000e+00  -3.76793363051438e-01
1.07500000000000e+00  -3.52683488660495e-01
1.10000000000000e+00  -3.26828808266639e-01
1.12500000000000e+00  -2.99311463728453e-01
1.15000000000000e+00  -2.70228337118468e-01
1.17500000000000e+00  -2.39691194517683e-01
1.20000000000000e+00  -2.07826829810074e-01
1.22500000000000e+00  -1.74777208477130e-01
1.25000000000000e+00  -1.40683333845222e-01
1.27500000000000e+00  -1.05752401251085e-01
1.30000000000000e+00  -7.01348484255579e-02
1.32500000000000e+00  -3.40273996248612e-02
1.35000000000000e+00  2.36225815636598e-03
1.37500000000000e+00  3.88170319626819e-02
1.40000000000000e+00  7.51119796554436e-02
1.42500000000000e+00  1.11015866690413e-01
1.45000000000000e+00  1.46292722895369e-01
1.47500000000000e+00  1.80703399247707e-01
1.50000000000000e+00  2.14007124652051e-01
1.52500000000000e+00  2.45963062717859e-01
1.55000000000000e+00  2.76331868537027e-01
1.57500000000000e+00  3.04881177999542e-01
1.60000000000000e+00  3.31382286312271e-01
1.62500000000000e+00  3.55617393270587e-01
1.65000000000000e+00  3.77378963007950e-01
1.67500000000000e+00  3.96473339465750e-01
1.70000000000000e+00  4.12723019581161e-01
1.72500000000000e+00  4.25968926474985e-01
1.75000000000000e+00  4.36072682639506e-01
1.77500000000000e+00  4.42918883126333e-01
1.80000000000000e+00  4.46417368734253e-01
1.82500000000000e+00  4.46505499197080e-01
1.85000000000000e+00  4.43150426371499e-01
1.87500000000000e+00  4.36334782284503e-01
1.90000000000000e+00  4.26085329290092e-01
1.92500000000000e+00  4.12455648644355e-01
1.95000000000000e+00  3.95527289421008e-01
1.97500000000000e+00  3.75416485327758e-01
2.00000000000000e+00  3.52272540143600e-01
2.02500000000000e+00  3.26276213156126e-01
2.05000000000000e+00  2.97638104598824e-01
2.07500000000000e+00  2.66597041088383e-01
2.10000000000000e+00  2.33418461061993e-01
2.12500000000000e+00  1.98392800214653e-01
2.15000000000000e+00  1.61833876936471e-01
2.17500000000000e+00  1.24077277749964e-01
2.20000000000000e+00  8.55198633378671e-02
2.22500000000000e+00  4.64810090883659e-02
2.25000000000000e+00  7.34897840830946e-03
2.27500000000000e+00  -3.14706182985978e-02
2.30000000000000e+00  -6.95819599692146e-02
2.32500000000000e+00  -1.06595701379557e-01
2.35000000000000e+00  -1.42126342335097e-01
2.37500000000000e+00  -1.75794149141799e-01
2.40000000000000e+00  -2.07228188303053e-01
2.42500000000000e+00  -2.36072095547356e-01
2.45000000000000e+00  -2.61993141715721e-01
2.47500000000000e+00  -2.84696119041556e-01
2.50000000000000e+00  -3.03871681446080e-01
2.52500000000000e+00  -3.19416402037626e-01
2.55000000000000e+00  -3.30944421999891e-01
2.57500000000000e+00  -3.38368768908518e-01
2.60000000000000e+00  -3.41591708489510e-01
2.62500000000000e+00  -3.40529446876867e-01
2.65000000000000e+00  -3.35136832870215e-01
2.67500000000000e+00  -3.25423835508151e-01
2.70000000000000e+00  -3.11462624611680e-01
2.72500000000000e+00  -2.93384508503858e-01
2.75000000000000e+00  -2.71372205747511e-01
2.77500000000000e+00  -2.45636849994522e-01
2.80000000000000e+00  -2.16393008334015e-01
2.82500000000000e+00  -1.83956158895343e-01
2.85000000000000e+00  -1.48699135258086e-01
2.87500000000000e+00  -1.11025915679005e-01
2.90000000000000e+00  -7.13012643719889e-02
2.92500000000000e+00  -2.99709360582825e-02
2.95000000000000e+00  1.24752250207808e-02
2.97500000000000e+00  5.55364993964323e-02
3.00000000000000e+00  9.87085291156929e-02
3.02500000000000e+00  1.41493566379397e-01
3.05000000000000e+00  1.83396637423325e-01
3.07500000000000e+00  2.23918025802539e-01
3.10000000000000e+00  2.62543704484131e-01
3.12500000000000e+00  2.98767827491147e-01
3.15000000000000e+00  3.32177679546313e-01
3.17500000000000e+00  3.62380883441406e-01
3.20000000000000e+00  3.88950727780572e-01
3.22500000000000e+00  4.11534459458313e-01
3.25000000000000e+00  4.29843625800105e-01
3.27500000000000e+00  4.43644416703029e-01
3.30000000000000e+00  4.52752438893288e-01
3.32500000000000e+00  4.57031360916569e-01
3.35000000000000e+00  4.56398384538707e-01
3.37500000000000e+00  4.50829705618432e-01
3.40000000000000e+00  4.40377878607289e-01
3.42500000000000e+00  4.25190898085685e-01
3.45000000000000e+00  4.05419609093507e-01
3.47500000000000e+00  3.81301216179890e-01
3.50000000000000e+00  3.53129632661648e-01
3.52500000000000e+00  3.21259354441296e-01
3.55000000000000e+00  2.86091011008878e-01
3.57500000000000e+00  2.48068667931326e-01
3.60000000000000e+00  2.07676712876149e-01
3.62500000000000e+00  1.65433832019260e-01
3.65000000000000e+00  1.21886954735625e-01
3.67500000000000e+00  7.76036076741393e-02
3.70000000000000e+00  3.31632693024135e-02
3.72500000000000e+00  -1.08526918005172e-02
3.75000000000000e+00  -5.38525860729083e-02
3.77500000000000e+00  -9.53034731413235e-02
3.80000000000000e+00  -1.34613911892445e-01
3.82500000000000e+00  -1.71261984304697e-01
3.85000000000000e+00  -2.04762778768656e-01
3.87500000000000e+00  -2.34673273406737e-01
3.90000000000000e+00  -2.60597219392876e-01
3.92500000000000e+00  -2.82190024272205e-01
3.95000000000000e+00  -2.99163635280744e-01
3.97500000000000e+00  -3.11291422665080e-01
4.00000000000000e+00  -3.18413063002046e-01
4.02500000000000e+00  -3.20439422518406e-01
4.05000000000000e+00  -3.17357440410539e-01
4.07500000000000e+00  -3.09218208267824e-01
4.10000000000000e+00  -2.96150036750698e-01
4.12500000000000e+00  -2.78354820388086e-01
4.15000000000000e+00  -2.56095297053025e-01
4.17500000000000e+00  -2.29703824862763e-01
4.20000000000000e+00  -1.99574840246917e-01
4.22500000000000e+00  -1.66157316015639e-01
4.25000000000000e+00  -1.29947219427772e-01
4.27500000000000e+00  -9.14799702590053e-02
4.30000000000000e+00  -5.13228988700445e-02
4.32500000000000e+00  -1.00677042747625e-02
4.35000000000000e+00  3.16770877916308e-02
4.37500000000000e+00  7.32297839319273e-02
4.40000000000000e+00  1.14086815392059e-01
4.42500000000000e+00  1.53519445868117e-01
4.45000000000000e+00  1.90940158067000e-01
4.47500000000000e+00  2.25787054422909e-01
4.50000000000000e+00  2.57530822021429e-01
4.52500000000000e+00  2.85681697523596e-01
4.55000000000000e+00  3.09796432089967e-01
4.57500000000000e+00  3.29485256304694e-01
4.60000000000000e+00  3.44418845099595e-01
4.62500000000000e+00  3.54335282678224e-01
4.65000000000000e+00  3.59047027439944e-01
4.67500000000000e+00  3.58447876903996e-01
4.70000000000000e+00  3.52493210838125e-01
4.72500000000000e+00  3.41228613254681e-01
4.75000000000000e+00  3.24800118929617e-01
4.77500000000000e+00  3.03366768244737e-01
4.80000000000000e+00  2.77195959192393e-01
4.82500000000000e+00  2.46638440386160e-01
4.85000000000000e+00  2.12104947579882e-01
4.87500000000000e+00  1.74055417862379e-01
4.90000000000000e+00  1.32990015324982e-01
4.92500000000000e+00  8.94481917739657e-02
4.95000000000000e+00  4.40125100898166e-02
4.97500000000000e+00  -2.68493301085811e-03
5.00000000000000e+00  -4.99703884577376e-02
5.02500000000000e+00  -9.72916481945829e-02
5.05000000000000e+00  -1.43923432698240e-01
5.07500000000000e+00  -1.89234193929361e-01
5.10000000000000e+00  -2.32612923597514e-01
5.12500000000000e+00  -2.73476288818589e-01
5.15000000000000e+00  -3.11275767772236e-01
5.17500000000000e+00  -3.45504785359267e-01
5.20000000000000e+00  -3.75705848859081e-01
5.22500000000000e+00  -4.01477683587087e-01
5.25000000000000e+00  -4.22482368552117e-01
5.27500000000000e+00  -4.38452472113846e-01
5.30000000000000e+00  -4.49198187640215e-01
5.32500000000000e+00  -4.54586980285337e-01
5.35000000000000e+00  -4.54580531190057e-01
5.37500000000000e+00  -4.49291185766189e-01
5.40000000000000e+00  -4.38729968929599e-01
5.42500000000000e+00  -4.23082221629176e-01
5.45000000000000e+00  -4.02645777406161e-01
5.47500000000000e+00  -3.77775082076783e-01
5.50000000000000e+00  -3.48867185948560e-01
5.52500000000000e+00  -3.16346587308517e-01
5.55000000000000e+00  -2.80673729592390e-01
5.57500000000000e+00  -2.42364753928427e-01
5.60000000000000e+00  -2.02021760637683e-01
5.62500000000000e+00  -1.60387452347675e-01
5.65000000000000e+00  -1.17854000855538e-01
5.67500000000000e+00  -7.51838075391879e-02
5.70000000000000e+00  -3.29878013484575e-02
5.72500000000000e+00  8.12724801591627e-03
5.75000000000000e+00  4.75679725473858e-02
5.77500000000000e+00  8.47636483787089e-02
5.80000000000000e+00  1.19175549827145e-01
5.82500000000000e+00  1.50306572490670e-01
5.85000000000000e+00  1.77707668421969e-01
5.87500000000000e+00  2.00986601728242e-01
5.90000000000000e+00  2.19810321719349e-01
5.92500000000000e+00  2.33906324564011e-01
5.95000000000000e+00  2.43084567982915e-01
5.97500000000000e+00  2.47210733801740e-01
6.00000000000000e+00  2.46189178119640e-01
6.02500000000000e+00  2.40093693580211e-01
6.05000000000000e+00  2.29016500787848e-01
6.07500000000000e+00  2.13094089464050e-01
6.10000000000000e+00  1.92531769728203e-01
6.12500000000000e+00  1.67612866908259e-01
6.15000000000000e+00  1.38695948471797e-01
6.17500000000000e+00  1.06198558251211e-01
6.20000000000000e+00  7.05692857882876e-02
6.22500000000000e+00  3.22606646387603e-02
6.25000000000000e+00  -8.24422759121809e-03
6.27500000000000e+00  -5.02419645071930e-02
6.30000000000000e+00  -9.33319255942850e-02
6.32500000000000e+00  -1.36860268255582e-01
6.35000000000000e+00  -1.80221728392530e-01
6.37500000000000e+00  -2.22846724608197e-01
6.40000000000000e+00  -2.64188462410556e-01
6.42500000000000e+00  -3.03714765613072e-01
6.45000000000000e+00  -3.40903895376294e-01
6.47500000000000e+00  -3.75257220028647e-01
6.50000000000000e+00  -4.06305584333280e-01
6.52500000000000e+00  -4.33648814468518e-01
6.55000000000000e+00  -4.57000144479355e-01
6.57500000000000e+00  -4.76020100891326e-01
6.60000000000000e+00  -4.90467098425383e-01
6.62500000000000e+00  -5.00175277315346e-01
6.65000000000000e+00  -5.05025604574115e-01
6.67500000000000e+00  -5.04966597898253e-01
6.70000000000000e+00  -5.00011366402695e-01
6.72500000000000e+00  -4.90234651355457e-01
6.75000000000000e+00  -4.75769866912347e-01
6.77500000000000e+00  -4.56806140851662e-01
6.80000000000000e+00  -4.33585355308908e-01
6.82500000000000e+00  -4.06399187511499e-01
6.85000000000000e+00  -3.75586150513469e-01
6.87500000000000e+00  -3.41516800798258e-01
6.90000000000000e+00  -3.04670006267575e-01
6.92500000000000e+00  -2.65454859379269e-01
6.95000000000000e+00  -2.24347770221151e-01
6.97500000000000e+00  -1.81841763549710e-01
7.00000000000000e+00  -1.38440668877478e-01
7.02500000000000e+00  -9.46533105603677e-02
7.05000000000000e+00  -5.09876978850428e-02
7.07500000000000e+00  -7.94521515625587e-03
7.10000000000000e+00  3.39851882157920e-02
7.12500000000000e+00  7.43328076280933e-02
7.15000000000000e+00  1.12650993197493e-01
7.17500000000000e+00  1.48522959673325e-01
7.20000000000000e+00  1.81566537233981e-01
7.22500000000000e+00  2.11436223198172e-01
7.25000000000000e+00  2.37830705124366e-01
7.27500000000000e+00  2.60487146630696e-01
7.30000000000000e+00  2.79191777440941e-01
7.32500000000000e+00  2.93779489672725e-01
7.35000000000000e+00  3.04133434125735e-01
7.37500000000000e+00  3.10184616569914e-01
7.40000000000000e+00  3.11911494033676e-01
7.42500000000000e+00  3.09339571092105e-01
7.45000000000000e+00  3.02540996155164e-01
7.47500000000000e+00  2.91634157755899e-01
7.50000000000000e+00  2.76795964376889e-01
7.52500000000000e+00  2.58211963880615e-01
7.55000000000000e+00  2.36132533995599e-01
7.57500000000000e+00  2.10829212188588e-01
7.60000000000000e+00  1.82604030840265e-01
7.62500000000000e+00  1.51785181186894e-01
7.65000000000000e+00  1.18722677261961e-01
7.67500000000000e+00  8.37840198378305e-02
7.70000000000000e+00  4.73498603673777e-02
7.72500000000000e+00  9.80966492564082e-03
7.75000000000000e+00  -2.84426218485296e-02
7.77500000000000e+00  -6.70129128108366e-02
7.80000000000000e+00  -1.05511314369879e-01
7.82500000000000e+00  -1.43554937050334e-01
7.85000000000000e+00  -1.80773972048752e-01
7.87500000000000e+00  -2.16813755089596e-01
7.90000000000000e+00  -2.51334647110711e-01
7.92500000000000e+00  -2.84020238226047e-01
7.95000000000000e+00  -3.14578647496524e-01
7.97500000000000e+00  -3.42743822700912e-01
8.00000000000000e+00  -3.68276840106690e-01
8.02500000000000e+00  -3.90967204240925e-01
8.05000000000000e+00  -4.10634147661136e-01
8.07500000000000e+00  -4.27127930726167e-01
8.10000000000000e+00  -4.40331141367057e-01
8.12500000000000e+00  -4.50177418931307e-01
8.15000000000000e+00  -4.56566422839608e-01
8.17500000000000e+00  -4.59518186506263e-01
8.20000000000000e+00  -4.59033443092254e-01
8.22500000000000e+00  -4.55144922622372e-01
8.25000000000000e+00  -4.47915094217356e-01
8.27500000000000e+00  -4.37433908326033e-01
8.30000000000000e+00  -4.23816538957465e-01
8.32500000000000e+00  -4.07201125913080e-01
8.35000000000000e+00  -3.87746517018825e-01
8.37500000000000e+00  -3.65630010357297e-01
8.40000000000000e+00  -3.41045096499892e-01
8.42500000000000e+00  -3.14199200738943e-01
8.45000000000000e+00  -2.85310512238406e-01
8.47500000000000e+00  -2.54606434515667e-01
8.50000000000000e+00  -2.22320415292205e-01
8.52500000000000e+00  -1.88691812898890e-01
8.55000000000000e+00  -1.53961531671979e-01
8.57500000000000e+00  -1.18370450357467e-01
8.60000000000000e+00  -8.21578505154333e-02
8.62500000000000e+00  -4.55598449243711e-02
8.65000000000000e+00  -8.80780598555497e-03
8.67500000000000e+00  2.78732058726296e-02
8.70000000000000e+00  6.42660137903356e-02
8.72500000000000e+00  1.00162896071915e-01
8.75000000000000e+00  1.35382757787976e-01
8.77500000000000e+00  1.69726244237848e-01
8.80000000000000e+00  2.03035087077367e-01
8.82500000000000e+00  2.35151715851345e-01
8.85000000000000e+00  2.65933927135183e-01
8.87500000000000e+00  2.95254734517651e-01
8.90000000000000e+00  3.23002218583650e-01
8.92500000000000e+00  3.49079376896999e-01
8.95000000000000e+00  3.73403973983211e-01
8.97500000000000e+00  3.95908391312264e-01
9.00000000000000e+00  4.16539477281385e-01
9.02500000000000e+00  4.35258397197817e-01
9.05000000000000e+00  4.52040483261600e-01
9.07500000000000e+00  4.66872824373973e-01
9.10000000000000e+00  4.79755425185664e-01
9.12500000000000e+00  4.90699987550847e-01
9.15000000000000e+00  4.99729001191571e-01
9.17500000000000e+00  5.06875112158613e-01
9.20000000000000e+00  5.12180276737725e-01
9.22500000000000e+00  5.15694915355881e-01
9.25000000000000e+00  5.17477066487517e-01
9.27500000000000e+00  5.17591540560785e-01
9.30000000000000e+00  5.16109073863791e-01
9.32500000000000e+00  5.13105482450845e-01
9.35000000000000e+00  5.08660816048706e-01
9.37500000000000e+00  5.02855887433174e-01
9.40000000000000e+00  4.95779706659800e-01
9.42500000000000e+00  4.87516058489034e-01
9.45000000000000e+00  4.78153880532171e-01
9.47500000000000e+00  4.67781959839444e-01
9.50000000000000e+00  4.56488476681872e-01
9.52500000000000e+00  4.44360548333115e-01
9.55000000000000e+00  4.31483772851327e-01
9.57500000000000e+00  4.17941772861009e-01
9.60000000000000e+00  4.03815739334862e-01
9.62500000000000e+00  3.89183975375642e-01
9.65000000000000e+00  3.74121439998007e-01
9.67500000000000e+00  3.58699291910379e-01
9.70000000000000e+00  3.42985305538216e-01
9.72500000000000e+00  3.27042973996220e-01
9.75000000000000e+00  3.10931410829825e-01
9.77500000000000e+00  2.94705531651175e-01
9.80000000000000e+00  2.78415574527287e-01
9.82500000000000e+00  2.62107080324069e-01
9.85000000000000e+00  2.45820873050331e-01
9.87500000000000e+00  2.29593040201801e-01
9.90000000000000e+00  2.13454913105140e-01
9.92500000000000e+00  1.97433047261961e-01
9.95000000000000e+00  1.81549202692843e-01
9.97500000000000e+00  1.65820324281342e-01
1.00000000000000e+01  1.50258522118019e-01
