0.00000000000000e+00  -1.55439543728103e-01
2.50000000000000e-02  -1.71479926471915e-01
5.00000000000000e-02  -1.87691221944777e-01
7.50000000000000e-02  -2.04060685216122e-01
1.00000000000000e-01  -2.20570698199466e-01
1.25000000000000e-01  -2.37198781870994e-01
1.50000000000000e-01  -2.53917608488138e-01
1.75000000000000e-01  -2.70695013808171e-01
2.00000000000000e-01  -2.87494009306786e-01
2.25000000000000e-01  -3.04272794396685e-01
2.50000000000000e-01  -3.20984768646167e-01
2.75000000000000e-01  -3.37578543997709e-01
3.00000000000000e-01  -3.53997956986554e-01
3.25000000000000e-01  -3.70182579268660e-01
3.50000000000000e-01  -3.86067509439332e-01
3.75000000000000e-01  -4.01583464161559e-01
4.00000000000000e-01  -4.16657760825528e-01
4.25000000000000e-01  -4.31213837515203e-01
4.50000000000000e-01  -4.45171742218199e-01
4.75000000000000e-01  -4.58448622035662e-01
5.00000000000000e-01  -4.70959212392141e-01
5.25000000000000e-01  -4.82616326245470e-01
5.50000000000000e-01  -4.93331343296639e-01
5.75000000000000e-01  -5.03014699199680e-01
6.00000000000000e-01  -5.11576374771531e-01
6.25000000000000e-01  -5.18926497917537e-01
6.50000000000000e-01  -5.24977165417067e-01
6.75000000000000e-01  -5.29641469246570e-01
7.00000000000000e-01  -5.32835472419545e-01
7.25000000000000e-01  -5.34478624110058e-01
7.50000000000000e-01  -5.34494645767931e-01
7.75000000000000e-01  -5.32812417233932e-01
8.00000000000000e-01  -5.29366862854967e-01
8.25000000000000e-01  -5.24099837599270e-01
8.50000000000000e-01  -5.16961013171596e-01
8.75000000000000e-01  -5.07908764128408e-01
9.00000000000000e-01  -4.96911053993073e-01
9.25000000000000e-01  -4.83946321371048e-01
9.50000000000000e-01  -4.69004132441971e-01
9.75000000000000e-01  -4.52086115360015e-01
1.00000000000000e+00  -4.33207207297177e-01
1.02500000000000e+00  -4.12394408196730e-01
1.05000000000000e+00  -3.89689288167240e-01
1.07500000000000e+00  -3.65148087403466e-01
1.10000000000000e+00  -3.38841816107267e-01
1.12500000000000e+00  -3.10856354408504e-01
1.15000000000000e+00  -2.81292552285941e-01
1.17500000000000e+00  -2.50266329488155e-01
1.20000000000000e+00  -2.17908775454430e-01
1.22500000000000e+00  -1.84366249235670e-01
1.25000000000000e+00  -1.49794603988521e-01
1.27500000000000e+00  -1.14377194109237e-01
1.30000000000000e+00  -7.82975788345266e-02
1.32500000000000e+00  -4.17544321924847e-02
1.35000000000000e+00  -4.95850900447922e-03
1.37500000000000e+00  3.18691134430742e-02
1.40000000000000e+00  6.84987937269190e-02
1.42500000000000e+00  1.04694084615171e-01
1.45000000000000e+00  1.40213491395538e-01
1.47500000000000e+00  1.74812230203522e-01
1.50000000000000e+00  2.08243986350641e-01
1.52500000000000e+00  2.40262672652640e-01
1.55000000000000e+00  2.70624187757703e-01
1.57500000000000e+00  2.99090637213189e-01
1.60000000000000e+00  3.25430757645653e-01
1.62500000000000e+00  3.49423409385673e-01
1.65000000000000e+00  3.70858198843163e-01
1.67500000000000e+00  3.89539633255047e-01
1.70000000000000e+00  4.05289156399978e-01
1.72500000000000e+00  4.17947184313030e-01
1.75000000000000e+00  4.27375141000420e-01
1.77500000000000e+00  4.33457494154204e-01
1.80000000000000e+00  4.36103790866989e-01
1.82500000000000e+00  4.35250693346639e-01
1.85000000000000e+00  4.30864014630982e-01
1.87500000000000e+00  4.22939865689056e-01
1.90000000000000e+00  4.11498448401077e-01
1.92500000000000e+00  3.96603270287350e-01
1.95000000000000e+00  3.78340855658601e-01
1.97500000000000e+00  3.56832378283570e-01
2.00000000000000e+00  3.32232282581204e-01
2.02500000000000e+00  3.04726904812855e-01
2.05000000000000e+00  2.74533094274468e-01
2.07500000000000e+00  2.41896834488785e-01
2.10000000000000e+00  2.07091864397524e-01
2.12500000000000e+00  1.70418299553590e-01
2.15000000000000e+00  1.32201253313256e-01
2.17500000000000e+00  9.27894580283615e-02
2.20000000000000e+00  5.25353427289176e-02
2.22500000000000e+00  1.18301299503341e-02
2.25000000000000e+00  -2.89404650134110e-02
2.27500000000000e+00  -6.93784747036984e-02
2.30000000000000e+00  -1.09082063622096e-01
2.32500000000000e+00  -1.47649864283728e-01
2.35000000000000e+00  -1.84685313270643e-01
2.37500000000000e+00  -2.19800987285185e-01
2.40000000000000e+00  -2.52622939203358e-01
2.42500000000000e+00  -2.82795034128194e-01
2.45000000000000e+00  -3.09983285443122e-01
2.47500000000000e+00  -3.33880190865342e-01
2.50000000000000e+00  -3.54221695774490e-01
2.52500000000000e+00  -3.70719328111255e-01
2.55000000000000e+00  -3.83225371888810e-01
2.57500000000000e+00  -3.91550410451362e-01
2.60000000000000e+00  -3.95566710932014e-01
2.62500000000000e+00  -3.95202214107536e-01
2.65000000000000e+00  -3.90434524253138e-01
2.67500000000000e+00  -3.81287916329156e-01
2.70000000000000e+00  -3.67832103561808e-01
2.72500000000000e+00  -3.50183660782083e-01
2.75000000000000e+00  -3.28507243364643e-01
2.77500000000000e+00  -3.03021712645898e-01
2.80000000000000e+00  -2.74007013480462e-01
2.82500000000000e+00  -2.41759897078600e-01
2.85000000000000e+00  -2.06630417114544e-01
2.87500000000000e+00  -1.69009576867437e-01
2.90000000000000e+00  -1.29318135302218e-01
2.92500000000000e+00  -8.80077210926804e-02
2.95000000000000e+00  -4.55548022255151e-02
2.97500000000000e+00  -2.45465560435924e-03
3.00000000000000e+00  4.07846633461584e-02
3.02500000000000e+00  8.36483510763707e-02
3.05000000000000e+00  1.25620886307525e-01
3.07500000000000e+00  1.66192060427739e-01
3.10000000000000e+00  2.04863007887951e-01
3.12500000000000e+00  2.41160439140195e-01
3.15000000000000e+00  2.74607425206522e-01
3.17500000000000e+00  3.04801273188112e-01
3.20000000000000e+00  3.31346891541919e-01
3.22500000000000e+00  3.53896439875351e-01
3.25000000000000e+00  3.72151883065931e-01
3.27500000000000e+00  3.85867545380967e-01
3.30000000000000e+00  3.94852664597214e-01
3.32500000000000e+00  3.98973946120546e-01
3.35000000000000e+00  3.98158117105614e-01
3.37500000000000e+00  3.92394480575520e-01
3.40000000000000e+00  3.81737469541475e-01
3.42500000000000e+00  3.66309201122473e-01
3.45000000000000e+00  3.46287451996229e-01
3.47500000000000e+00  3.21914631125072e-01
3.50000000000000e+00  2.93493764035964e-01
3.52500000000000e+00  2.61378491661651e-01
3.55000000000000e+00  2.25976288352272e-01
3.57500000000000e+00  1.87741716106470e-01
3.60000000000000e+00  1.47169678802496e-01
3.62500000000000e+00  1.04788676429323e-01
3.65000000000000e+00  6.11540593177528e-02
3.67500000000000e+00  1.68412823715239e-02
3.70000000000000e+00  -2.75608407015779e-02
3.72500000000000e+00  -7.14568831586118e-02
3.75000000000000e+00  -1.14259773360153e-01
3.77500000000000e+00  -1.55385667491572e-01
3.80000000000000e+00  -1.94281213120287e-01
3.82500000000000e+00  -2.30409305724430e-01
3.85000000000000e+00  -2.63272584779212e-01
3.87500000000000e+00  -2.92418147238470e-01
3.90000000000000e+00  -3.17442261016210e-01
3.92500000000000e+00  -3.37995078468154e-01
3.95000000000000e+00  -3.53785349873290e-01
3.97500000000000e+00  -3.64585136915413e-01
4.00000000000000e+00  -3.70234526164669e-01
4.02500000000000e+00  -3.70646342559107e-01
4.05000000000000e+00  -3.65810862886219e-01
4.07500000000000e+00  -3.55781801432232e-01
4.10000000000000e+00  -3.40691288281580e-01
4.12500000000000e+00  -3.20753247605451e-01
4.15000000000000e+00  -2.96227040401047e-01
4.17500000000000e+00  -2.67451018965905e-01
4.20000000000000e+00  -2.34829590230739e-01
4.22500000000000e+00  -1.98821159924081e-01
4.25000000000000e+00  -1.59931521403373e-01
4.27500000000000e+00  -1.18705549238075e-01
4.30000000000000e+00  -7.57214756380354e-02
4.32500000000000e+00  -3.15856306921400e-02
4.35000000000000e+00  1.30711769097424e-02
4.37500000000000e+00  5.75949598016597e-02
4.40000000000000e+00  1.01369630921552e-01
4.42500000000000e+00  1.43762551452984e-01
4.45000000000000e+00  1.84158338541708e-01
4.47500000000000e+00  2.21973300311829e-01
4.50000000000000e+00  2.56661566615401e-01
4.52500000000000e+00  2.87721219782001e-01
4.55000000000000e+00  3.14700425368314e-01
4.57500000000000e+00  3.37203562907718e-01
4.60000000000000e+00  3.54897356659863e-01
4.62500000000000e+00  3.67517006360257e-01
4.65000000000000e+00  3.74872317969847e-01
4.67500000000000e+00  3.76853834424601e-01
4.70000000000000e+00  3.73421281203976e-01
4.72500000000000e+00  3.64615760822668e-01
4.75000000000000e+00  3.50552952861926e-01
4.77500000000000e+00  3.31433445274437e-01
4.80000000000000e+00  3.07526419495010e-01
4.82500000000000e+00  2.79168503031087e-01
4.85000000000000e+00  2.46761982976849e-01
4.87500000000000e+00  2.10768558146641e-01
4.90000000000000e+00  1.71703536963456e-01
4.92500000000000e+00  1.30127539197994e-01
4.95000000000000e+00  8.66373807764646e-02
4.97500000000000e+00  4.18564827255916e-02
5.00000000000000e+00  -3.58611759154462e-03
5.02500000000000e+00  -4.90150192454339e-02
5.05000000000000e+00  -9.37923666004745e-02
5.07500000000000e+00  -1.37269349850611e-01
5.10000000000000e+00  -1.78820852605002e-01
5.12500000000000e+00  -2.17852263825411e-01
5.15000000000000e+00  -2.53806289763617e-01
5.17500000000000e+00  -2.86169765898809e-01
5.20000000000000e+00  -3.14480468874987e-01
5.22500000000000e+00  -3.38333928438369e-01
5.25000000000000e+00  -3.57390239374783e-01
5.27500000000000e+00  -3.71380873447077e-01
5.30000000000000e+00  -3.80115491332510e-01
5.32500000000000e+00  -3.83467950260331e-01
5.35000000000000e+00  -3.81397428821697e-01
5.37500000000000e+00  -3.73971593442664e-01
5.40000000000000e+00  -3.61265518679106e-01
5.42500000000000e+00  -3.43469104597294e-01
5.45000000000000e+00  -3.20859824932829e-01
5.47500000000000e+00  -2.93778419386439e-01
5.50000000000000e+00  -2.62623103035425e-01
5.52500000000000e+00  -2.27839440221703e-01
5.55000000000000e+00  -1.89919563208166e-01
5.57500000000000e+00  -1.49404171687512e-01
5.60000000000000e+00  -1.06891263478944e-01
5.62500000000000e+00  -6.30236442838070e-02
5.65000000000000e+00  -1.83817700150791e-02
5.67500000000000e+00  2.63809397684606e-02
5.70000000000000e+00  7.06232278328340e-02
5.72500000000000e+00  1.13716798389672e-01
5.75000000000000e+00  1.55053422185440e-01
5.77500000000000e+00  1.94052041590693e-01
5.80000000000000e+00  2.30165875689305e-01
5.82500000000000e+00  2.62889525367710e-01
5.85000000000000e+00  2.91766078404146e-01
5.87500000000000e+00  3.16394214557888e-01
5.90000000000000e+00  3.36435310658496e-01
5.92500000000000e+00  3.51620545695045e-01
5.95000000000000e+00  3.61744203959424e-01
5.97500000000000e+00  3.66673351497984e-01
6.00000000000000e+00  3.66345146757712e-01
6.02500000000000e+00  3.60780631026629e-01
6.05000000000000e+00  3.50067759963117e-01
6.07500000000000e+00  3.34362422705202e-01
6.10000000000000e+00  3.13889118624735e-01
6.12500000000000e+00  2.88938390940280e-01
6.15000000000000e+00  2.59862638346480e-01
6.17500000000000e+00  2.27069461929528e-01
6.20000000000000e+00  1.91013030798995e-01
6.22500000000000e+00  1.52185064459887e-01
6.25000000000000e+00  1.11114129777182e-01
6.27500000000000e+00  6.83736917434578e-02
6.30000000000000e+00  2.45312273536588e-02
6.32500000000000e+00  -1.98191281394179e-02
6.35000000000000e+00  -6.40827309256731e-02
6.37500000000000e+00  -1.07671241997194e-01
6.40000000000000e+00  -1.50009440507774e-01
6.42500000000000e+00  -1.90542037132398e-01
6.45000000000000e+00  -2.28740487426756e-01
6.47500000000000e+00  -2.64109805186747e-01
6.50000000000000e+00  -2.96195375807967e-01
6.52500000000000e+00  -3.24589769645231e-01
6.55000000000000e+00  -3.48939555372058e-01
6.57500000000000e+00  -3.68942777901835e-01
6.60000000000000e+00  -3.84353160252418e-01
6.62500000000000e+00  -3.94996292909458e-01
6.65000000000000e+00  -4.00749360396462e-01
6.67500000000000e+00  -4.01557578604067e-01
6.70000000000000e+00  -3.97431524738127e-01
6.72500000000000e+00  -3.88444467267784e-01
6.75000000000000e+00  -3.74729695873554e-01
6.77500000000000e+00  -3.56477851395401e-01
6.80000000000000e+00  -3.33934255780817e-01
6.82500000000000e+00  -3.07396242032903e-01
6.85000000000000e+00  -2.77210484158443e-01
6.87500000000000e+00  -2.43769552583993e-01
6.90000000000000e+00  -2.07492276810733e-01
6.92500000000000e+00  -1.68835079430302e-01
6.95000000000000e+00  -1.28278932579742e-01
6.97500000000000e+00  -8.63222707110298e-02
7.00000000000000e+00  -4.34749438366797e-02
7.02500000000000e+00  -2.52170775322827e-04
7.05000000000000e+00  4.28315076026873e-02
7.07500000000000e+00  8.52682751296957e-02
7.10000000000000e+00  1.26563087095149e-01
7.12500000000000e+00  1.66239716999997e-01
7.15000000000000e+00  2.03846803311114e-01
7.17500000000000e+00  2.38963896215697e-01
7.20000000000000e+00  2.71201731984202e-01
7.22500000000000e+00  3.00210196408297e-01
7.25000000000000e+00  3.25683352126407e-01
7.27500000000000e+00  3.47353514505662e-01
7.30000000000000e+00  3.65002715697859e-01
7.32500000000000e+00  3.78462420990526e-01
7.35000000000000e+00  3.87613245157998e-01
7.37500000000000e+00  3.92384668812487e-01
7.40000000000000e+00  3.92754754755147e-01
7.42500000000000e+00  3.88749864327149e-01
7.45000000000000e+00  3.80444373760749e-01
7.47500000000000e+00  3.67960390530359e-01
7.50000000000000e+00  3.51466910172064e-01
7.52500000000000e+00  3.31162263488845e-01
7.55000000000000e+00  3.07292724326316e-01
7.57500000000000e+00  2.80134837505138e-01
7.60000000000000e+00  2.49995969446334e-01
7.62500000000000e+00  2.17209969422725e-01
7.65000000000000e+00  1.82132830810352e-01
7.67500000000000e+00  1.45138352339917e-01
7.70000000000000e+00  1.06613799348203e-01
7.72500000000000e+00  6.69555650295112e-02
7.75000000000000e+00  2.65648316870941e-02
7.77500000000000e+00  -1.41567680154243e-02
7.80000000000000e+00  -5.48114898026059e-02
7.82500000000000e+00  -9.50090113300083e-02
7.85000000000000e+00  -1.34370799390181e-01
7.87500000000000e+00  -1.72534777731133e-01
7.90000000000000e+00  -2.09153562373722e-01
7.92500000000000e+00  -2.43902958345846e-01
7.95000000000000e+00  -2.76483424790067e-01
7.97500000000000e+00  -3.06621540071268e-01
8.00000000000000e+00  -3.34071466884275e-01
8.02500000000000e+00  -3.58616417361505e-01
8.05000000000000e+00  -3.80070118180599e-01
8.07500000000000e+00  -3.98278275672061e-01
8.10000000000000e+00  -4.13120040926902e-01
8.12500000000000e+00  -4.24510322441676e-01
8.15000000000000e+00  -4.32382260723012e-01
8.17500000000000e+00  -4.36718979233265e-01
8.20000000000000e+00  -4.37523536702701e-01
8.22500000000000e+00  -4.34830181209807e-01
8.25000000000000e+00  -4.28702311580364e-01
8.27500000000000e+00  -4.19230438786518e-01
8.30000000000000e+00  -4.06530147345855e-01
8.32500000000000e+00  -3.90740056720468e-01
8.35000000000000e+00  -3.72019782716035e-01
8.37500000000000e+00  -3.50547898880880e-01
8.40000000000000e+00  -3.26519897905061e-01
8.42500000000000e+00  -3.00146153019429e-01
8.45000000000000e+00  -2.71647783593643e-01
8.47500000000000e+00  -2.41256016884378e-01
8.50000000000000e+00  -2.09208700016533e-01
8.52500000000000e+00  -1.75749884829936e-01
8.55000000000000e+00  -1.41125596660083e-01
8.57500000000000e+00  -1.05582079205676e-01
8.60000000000000e+00  -6.93640393961631e-02
8.62500000000000e+00  -3.27128922592559e-02
8.65000000000000e+00  4.13499421151403e-03
8.67500000000000e+00  4.09500541892745e-02
8.70000000000000e+00  7.75112791462731e-02
8.72500000000000e+00  1.13607972986348e-01
8.75000000000000e+00  1.49047533830147e-01
8.77500000000000e+00  1.83628714407827e-01
8.80000000000000e+00  2.17186006107037e-01
8.82500000000000e+00  2.49557735450067e-01
8.85000000000000e+00  2.80597604769866e-01
8.87500000000000e+00  3.10174590300889e-01
8.90000000000000e+00  3.38172840269923e-01
8.92500000000000e+00  3.64491572986938e-01
8.95000000000000e+00  3.89044974935929e-01
8.97500000000000e+00  4.11762098865750e-01
9.00000000000000e+00  4.32586761880965e-01
9.02500000000000e+00  4.51477443532677e-01
9.05000000000000e+00  4.68407183909379e-01
9.07500000000000e+00  4.83361089683811e-01
9.10000000000000e+00  4.96337565723988e-01
9.12500000000000e+00  5.07347071562690e-01
9.15000000000000e+00  5.16411193793618e-01
9.17500000000000e+00  5.23561987145059e-01
9.20000000000000e+00  5.28841089754264e-01
9.22500000000000e+00  5.32298838441844e-01
9.25000000000000e+00  5.33993383986149e-01
9.27500000000000e+00  5.33989806397663e-01
9.30000000000000e+00  5.32359230193384e-01
9.32500000000000e+00  5.29177939671215e-01
9.35000000000000e+00  5.24526494184350e-01
9.37500000000000e+00  5.18488638403954e-01
9.40000000000000e+00  5.11151722095093e-01
9.42500000000000e+00  5.02603208281664e-01
9.45000000000000e+00  4.92933081321121e-01
9.47500000000000e+00  4.82231354637088e-01
9.50000000000000e+00  4.70587582437130e-01
9.52500000000000e+00  4.58090371430535e-01
9.55000000000000e+00  4.44826892546082e-01
9.57500000000000e+00  4.30882392649823e-01
9.60000000000000e+00  4.16339706262853e-01
9.62500000000000e+00  4.01278767279090e-01
9.65000000000000e+00  3.85776120683043e-01
9.67500000000000e+00  3.69904434267596e-01
9.70000000000000e+00  3.53732974907419e-01
9.72500000000000e+00  3.37326630238662e-01
9.75000000000000e+00  3.20745816372792e-01
9.77500000000000e+00  3.04046685139952e-01
9.80000000000000e+00  2.87280614488281e-01
9.82500000000000e+00  2.70494196028827e-01
9.85000000000000e+00  2.53729222580464e-01
9.87500000000000e+00  2.37022675714810e-01
9.90000000000000e+00  2.20406713301138e-01
9.92500000000000e+00  2.03908657051300e-01
9.95000000000000e+00  1.87550980064637e-01
9.97500000000000e+00  1.71351294372896e-01
1.00000000000000e+01  1.55322338485156e-01
