0.00000000000000e+00  1.63840076998622e-01
2.50000000000000e-02  1.79556924462042e-01
5.00000000000000e-02  1.95281395818622e-01
7.50000000000000e-02  2.10962821948032e-01
1.00000000000000e-01  2.26553834513633e-01
1.25000000000000e-01  2.42009489273821e-01
1.50000000000000e-01  2.57286389393354e-01
1.75000000000000e-01  2.72341808754698e-01
2.00000000000000e-01  2.87132815269368e-01
2.25000000000000e-01  3.01615394189258e-01
2.50000000000000e-01  3.15743571417992e-01
2.75000000000000e-01  3.29468536822250e-01
3.00000000000000e-01  3.42737767543117e-01
3.25000000000000e-01  3.55490530914164e-01
3.50000000000000e-01  3.67659972132313e-01
3.75000000000000e-01  3.79172139245679e-01
4.00000000000000e-01  3.89950299059175e-01
4.25000000000000e-01  3.99909983792267e-01
4.50000000000000e-01  4.08963021646718e-01
4.75000000000000e-01  4.17021567374314e-01
5.00000000000000e-01  4.24002132844611e-01
5.25000000000000e-01  4.29829617612665e-01
5.50000000000000e-01  4.34441339486774e-01
5.75000000000000e-01  4.37791065096211e-01
6.00000000000000e-01  4.39853040458967e-01
6.25000000000000e-01  4.40406937057912e-01
6.50000000000000e-01  4.39610108312441e-01
6.75000000000000e-01  4.37215191938891e-01
7.00000000000000e-01  4.33201604014445e-01
7.25000000000000e-01  4.27550038609609e-01
7.50000000000000e-01  4.20243935071943e-01
7.75000000000000e-01  4.11270945309790e-01
8.00000000000000e-01  4.00624401075999e-01
8.25000000000000e-01  3.88304781251656e-01
8.50000000000000e-01  3.74321179129811e-01
8.75000000000000e-01  3.58692769699208e-01
9.00000000000000e-01  3.41450276928008e-01
9.25000000000000e-01  3.22637441047524e-01
9.50000000000000e-01  3.02317009313839e-01
9.75000000000000e-01  2.80565891096594e-01
1.00000000000000e+00  2.57473875866342e-01
1.02500000000000e+00  2.33151598239509e-01
1.05000000000000e+00  2.07721965384368e-01
1.07500000000000e+00  1.81318535819304e-01
1.10000000000000e+00  1.54083898211079e-01
1.12500000000000e+00  1.26168050173095e-01
1.15000000000000e+00  9.77267770636571e-02
1.17500000000000e+00  6.89200307842422e-02
1.20000000000000e+00  3.99103085777542e-02
1.22500000000000e+00  1.08610318267970e-02
1.25000000000000e+00  -1.79443876635096e-02
1.27500000000000e+00  -4.65092975552485e-02
1.30000000000000e+00  -7.44709438143332e-02
1.32500000000000e+00  -1.01645255805917e-01
1.35000000000000e+00  -1.27853354010118e-01
1.37500000000000e+00  -1.52921868584312e-01
1.40000000000000e+00  -1.76683257925414e-01
1.42500000000000e+00  -1.98976127232165e-01
1.45000000000000e+00  -2.19645547067422e-01
1.47500000000000e+00  -2.38543371920438e-01
1.50000000000000e+00  -2.55528558769153e-01
1.52500000000000e+00  -2.70467485642478e-01
1.55000000000000e+00  -2.83234270182580e-01
1.57500000000000e+00  -2.93739215533831e-01
1.60000000000000e+00  -3.01907762955775e-01
1.62500000000000e+00  -3.07691475780383e-01
1.65000000000000e+00  -3.11065385265493e-01
1.67500000000000e+00  -3.12035876272956e-01
1.70000000000000e+00  -3.10635511339691e-01
1.72500000000000e+00  -3.06917854748722e-01
1.75000000000000e+00  -3.00952296600230e-01
1.77500000000000e+00  -2.92818876882593e-01
1.80000000000000e+00  -2.82603109543439e-01
1.82500000000000e+00  -2.70390806560685e-01
1.85000000000000e+00  -2.56262902013585e-01
1.87500000000000e+00  -2.41083965729795e-01
1.90000000000000e+00  -2.23224073205617e-01
1.92500000000000e+00  -2.04570547657879e-01
1.95000000000000e+00  -1.85107330922555e-01
1.97500000000000e+00  -1.64895557139830e-01
2.00000000000000e+00  -1.44061379835935e-01
2.02500000000000e+00  -1.22783799004980e-01
2.05000000000000e+00  -1.01282488190794e-01
2.07500000000000e+00  -7.98056215687584e-02
2.10000000000000e+00  -5.86177010276455e-02
2.12500000000000e+00  -3.79873832514538e-02
2.15000000000000e+00  -1.81753068012447e-02
2.17500000000000e+00  5.78080803022191e-04
2.20000000000000e+00  1.79312849857575e-02
2.22500000000000e+00  3.38380199860228e-02
2.25000000000000e+00  4.80736406848265e-02
2.27500000000000e+00  6.05021098681839e-02
2.30000000000000e+00  7.10157096047759e-02
2.32500000000000e+00  7.95265325965565e-02
2.35000000000000e+00  8.59579735293605e-02
2.37500000000000e+00  9.02362204235104e-02
2.40000000000000e+00  9.22817459844234e-02
2.42500000000000e+00  9.20007989532188e-02
2.45000000000000e+00  8.92768954573255e-02
2.47500000000000e+00  8.39623103610886e-02
2.50000000000000e+00  7.70326926621507e-02
2.52500000000000e+00  6.66811750737119e-02
2.55000000000000e+00  5.47081236562090e-02
2.57500000000000e+00  4.09667559556341e-02
2.60000000000000e+00  2.54048456881253e-02
2.62500000000000e+00  8.05232759748206e-03
2.65000000000000e+00  -1.09910976873221e-02
2.67500000000000e+00  -3.15683587946228e-02
2.70000000000000e+00  -5.34774087525555e-02
2.72500000000000e+00  -7.64836201315363e-02
2.75000000000000e+00  -1.00332180186750e-01
2.77500000000000e+00  -1.24760486000637e-01
2.80000000000000e+00  -1.49510539625378e-01
2.82500000000000e+00  -1.74306863191925e-01
2.85000000000000e+00  -1.99059136134740e-01
2.87500000000000e+00  -2.23449085454291e-01
2.90000000000000e+00  -2.47322470800167e-01
2.92500000000000e+00  -2.70520308214929e-01
2.95000000000000e+00  -2.92878083356491e-01
2.97500000000000e+00  -3.14224964720502e-01
3.00000000000000e+00  -3.34383016862723e-01
3.02500000000000e+00  -3.53166413621405e-01
3.05000000000000e+00  -3.70380651339672e-01
3.07500000000000e+00  -3.85821762087895e-01
3.10000000000000e+00  -3.99275526886077e-01
3.12500000000000e+00  -4.11139600583899e-01
3.15000000000000e+00  -4.20707096298503e-01
3.17500000000000e+00  -4.28573439235881e-01
3.20000000000000e+00  -4.34609081023941e-01
3.22500000000000e+00  -4.38750882924649e-01
3.25000000000000e+00  -4.40994116043607e-01
3.27500000000000e+00  -4.41384461539630e-01
3.30000000000000e+00  -4.40010010834312e-01
3.32500000000000e+00  -4.36993265821609e-01
3.35000000000000e+00  -4.32483139077406e-01
3.37500000000000e+00  -4.26646954069097e-01
3.40000000000000e+00  -4.19662445365154e-01
3.42500000000000e+00  -4.11709758844703e-01
3.45000000000000e+00  -4.02987899310675e-01
3.47500000000000e+00  -3.93646112065496e-01
3.50000000000000e+00  -3.83897047767006e-01
3.52500000000000e+00  -3.73906453803075e-01
3.55000000000000e+00  -3.63853364736056e-01
3.57500000000000e+00  -3.53923965141558e-01
3.60000000000000e+00  -3.44305452447227e-01
3.62500000000000e+00  -3.35179899771525e-01
3.65000000000000e+00  -3.26718118762504e-01
3.67500000000000e+00  -3.19073522436583e-01
3.70000000000000e+00  -3.12375988017332e-01
3.72500000000000e+00  -3.06725719774241e-01
3.75000000000000e+00  -3.01812074800721e-01
3.77500000000000e+00  -2.98780820009586e-01
3.80000000000000e+00  -2.96679682215860e-01
3.82500000000000e+00  -2.95633554705395e-01
3.85000000000000e+00  -2.95713601217101e-01
3.87500000000000e+00  -2.96942289774301e-01
3.90000000000000e+00  -2.99298426516094e-01
3.92500000000000e+00  -3.02722189528715e-01
3.95000000000000e+00  -3.07120162676895e-01
3.97500000000000e+00  -3.12370369435224e-01
4.00000000000000e+00  -3.18327306719504e-01
4.02500000000000e+00  -3.24826978718119e-01
4.05000000000000e+00  -3.31691930723388e-01
4.07500000000000e+00  -3.38703858188461e-01
4.10000000000000e+00  -3.45758861869741e-01
4.12500000000000e+00  -3.52682129795650e-01
4.15000000000000e+00  -3.59323917878278e-01
4.17500000000000e+00  -3.65556267801586e-01
4.20000000000000e+00  -3.71264181900042e-01
4.22500000000000e+00  -3.76336798037254e-01
4.25000000000000e+00  -3.80658564484611e-01
4.27500000000000e+00  -3.84100414799911e-01
4.30000000000000e+00  -3.86510942706000e-01
4.32500000000000e+00  -3.87707576969407e-01
4.35000000000000e+00  -3.87467756278978e-01
4.37500000000000e+00  -3.86765168303412e-01
4.40000000000000e+00  -3.83169454305488e-01
4.42500000000000e+00  -3.78902049903721e-01
4.45000000000000e+00  -3.73618263637043e-01
4.47500000000000e+00  -3.67087653529014e-01
4.50000000000000e+00  -3.59177600674351e-01
4.52500000000000e+00  -3.49836882825456e-01
4.55000000000000e+00  -3.39079247978941e-01
4.57500000000000e+00  -3.26966987962155e-01
4.60000000000000e+00  -3.13594512019711e-01
4.62500000000000e+00  -2.99071920400015e-01
4.65000000000000e+00  -2.83508577941789e-01
4.67500000000000e+00  -2.66996687660602e-01
4.70000000000000e+00  -2.49593898625908e-01
4.72500000000000e+00  -2.31377296443721e-01
4.75000000000000e+00  -2.12399030911795e-01
4.77500000000000e+00  -1.92674695748093e-01
4.80000000000000e+00  -1.72223703888125e-01
4.82500000000000e+00  -1.51075020613241e-01
4.85000000000000e+00  -1.29272896678905e-01
4.87500000000000e+00  -1.06882601442987e-01
4.90000000000000e+00  -8.39961559940380e-02
4.92500000000000e+00  -6.07380662795809e-02
4.95000000000000e+00  -3.72710562343928e-02
4.97500000000000e+00  -1.38018009087840e-02
5.00000000000000e+00  1.05669740884993e-02
5.02500000000000e+00  3.38916308509111e-02
5.05000000000000e+00  5.77623463981894e-02
5.07500000000000e+00  8.19074059810478e-02
5.10000000000000e+00  1.06103280966022e-01
5.12500000000000e+00  1.30168983813625e-01
5.15000000000000e+00  1.53960423056520e-01
5.17500000000000e+00  1.77364758277676e-01
5.20000000000000e+00  2.00294755088531e-01
5.22500000000000e+00  2.22683140107160e-01
5.25000000000000e+00  2.44476955936431e-01
5.27500000000000e+00  2.65631916142178e-01
5.30000000000000e+00  2.86106760231351e-01
5.32500000000000e+00  3.05798838614925e-01
5.35000000000000e+00  3.24660884838131e-01
5.37500000000000e+00  3.42566753502141e-01
5.40000000000000e+00  3.59406812851767e-01
5.42500000000000e+00  3.75053644428327e-01
5.45000000000000e+00  3.89379671295873e-01
5.47500000000000e+00  4.02274786267414e-01
5.50000000000000e+00  4.13663980131147e-01
5.52500000000000e+00  4.23524969876682e-01
5.55000000000000e+00  4.31905826921267e-01
5.57500000000000e+00  4.38942605336018e-01
5.60000000000000e+00  4.44876970072145e-01
5.62500000000000e+00  4.48985870693928e-01
5.65000000000000e+00  4.52130853943073e-01
5.67500000000000e+00  4.53670754014570e-01
5.70000000000000e+00  4.53805644258204e-01
5.72500000000000e+00  4.52709616746909e-01
5.75000000000000e+00  4.50536553138417e-01
5.77500000000000e+00  4.47425895536918e-01
5.80000000000000e+00  4.43508417354715e-01
5.82500000000000e+00  4.38911994173880e-01
5.85000000000000e+00  4.33767374607913e-01
5.87500000000000e+00  4.28213951163392e-01
5.90000000000000e+00  4.22405531101634e-01
5.92500000000000e+00  4.16516107300352e-01
5.95000000000000e+00  4.10777960835396e-01
5.97500000000000e+00  4.05265284368198e-01
6.00000000000000e+00  4.00189497231284e-01
6.02500000000000e+00  3.95718848830642e-01
6.05000000000000e+00  3.91997773120006e-01
6.07500000000000e+00  3.89147819720224e-01
6.10000000000000e+00  3.87268585038622e-01
6.12500000000000e+00  3.86438643388366e-01
6.15000000000000e+00  3.86716478107832e-01
6.17500000000000e+00  3.88141412679969e-01
6.20000000000000e+00  3.90734541851660e-01
6.22500000000000e+00  3.94499662753091e-01
6.25000000000000e+00  3.99328472461246e-01
6.27500000000000e+00  4.05547071791756e-01
6.30000000000000e+00  4.12770865689820e-01
6.32500000000000e+00  4.20832317422951e-01
6.35000000000000e+00  4.29657419673275e-01
6.37500000000000e+00  4.39196913221097e-01
6.40000000000000e+00  4.49357505628479e-01
6.42500000000000e+00  4.59981289686223e-01
6.45000000000000e+00  4.70859153095251e-01
6.47500000000000e+00  4.81747226279851e-01
6.50000000000000e+00  4.92412995847557e-01
6.52500000000000e+00  5.02672547333648e-01
6.55000000000000e+00  5.12426211378727e-01
6.57500000000000e+00  5.21411389642196e-01
6.60000000000000e+00  5.29445465268916e-01
6.62500000000000e+00  5.36369446132474e-01
6.65000000000000e+00  5.42034492548650e-01
6.67500000000000e+00  5.46287768257103e-01
6.70000000000000e+00  5.48979926004789e-01
6.72500000000000e+00  5.49972593129386e-01
6.75000000000000e+00  5.49145857142708e-01
6.77500000000000e+00  5.46405751314129e-01
6.80000000000000e+00  5.41691740254001e-01
6.82500000000000e+00  5.34984205497075e-01
6.85000000000000e+00  5.26311931085919e-01
6.87500000000000e+00  5.15047338965097e-01
6.90000000000000e+00  5.03158954656235e-01
6.92500000000000e+00  4.88854007838551e-01
6.95000000000000e+00  4.72435260576135e-01
6.97500000000000e+00  4.54171030508373e-01
7.00000000000000e+00  4.34299439437267e-01
7.02500000000000e+00  4.13032661914749e-01
7.05000000000000e+00  3.90561173830006e-01
7.07500000000000e+00  3.67058000996794e-01
7.10000000000000e+00  3.42682967740756e-01
7.12500000000000e+00  3.17586945486749e-01
7.15000000000000e+00  2.91916101346150e-01
7.17500000000000e+00  2.65816146704188e-01
7.20000000000000e+00  2.39622989538201e-01
7.22500000000000e+00  2.13400183918274e-01
7.25000000000000e+00  1.87349660239018e-01
7.27500000000000e+00  1.61863052604783e-01
7.30000000000000e+00  1.37213489286732e-01
7.32500000000000e+00  1.13617981275209e-01
7.35000000000000e+00  9.12909802474567e-02
7.37500000000000e+00  7.04340362323665e-02
7.40000000000000e+00  5.12314733858327e-02
7.42500000000000e+00  3.38089298404953e-02
7.45000000000000e+00  1.81813633919339e-02
7.47500000000000e+00  4.20886892895431e-03
7.50000000000000e+00  -6.83997517266960e-03
7.52500000000000e+00  -1.72229824931737e-02
7.55000000000000e+00  -2.45467841245421e-02
7.57500000000000e+00  -2.92399541759328e-02
7.60000000000000e+00  -3.15256252371033e-02
7.62500000000000e+00  -3.14994845678988e-02
7.65000000000000e+00  -2.92077702877441e-02
7.67500000000000e+00  -2.46972794257819e-02
7.70000000000000e+00  -1.80404017930137e-02
7.72500000000000e+00  -9.33595910144703e-03
7.75000000000000e+00  1.30099069692325e-03
7.77500000000000e+00  1.37865074923912e-02
7.80000000000000e+00  2.81202234877496e-02
7.82500000000000e+00  4.40697274002660e-02
7.85000000000000e+00  6.13575366043901e-02
7.87500000000000e+00  7.98460460549767e-02
7.90000000000000e+00  9.92713051797564e-02
7.92500000000000e+00  1.19357071261889e-01
7.95000000000000e+00  1.39825593976075e-01
7.97500000000000e+00  1.60408399924676e-01
8.00000000000000e+00  1.80857077173824e-01
8.02500000000000e+00  2.00954059789539e-01
8.05000000000000e+00  2.20523412373842e-01
8.07500000000000e+00  2.39441614600869e-01
8.10000000000000e+00  2.57648345752988e-01
8.12500000000000e+00  2.74397325656587e-01
8.15000000000000e+00  2.89951181307435e-01
8.17500000000000e+00  3.03776624767559e-01
8.20000000000000e+00  3.15763212830252e-01
8.22500000000000e+00  3.25799116636214e-01
8.25000000000000e+00  3.33775097145513e-01
8.27500000000000e+00  3.39588480609537e-01
8.30000000000000e+00  3.43147134042949e-01
8.32500000000000e+00  3.44373440695650e-01
8.35000000000000e+00  3.43208275524727e-01
8.37500000000000e+00  3.39614980666414e-01
8.40000000000000e+00  3.33583340908045e-01
8.42500000000000e+00  3.25133559160016e-01
8.45000000000000e+00  3.14305337387461e-01
8.47500000000000e+00  3.01174917982790e-01
8.50000000000000e+00  2.85818903210783e-01
8.52500000000000e+00  2.68355237023955e-01
8.55000000000000e+00  2.48910342238803e-01
8.57500000000000e+00  2.27619553640337e-01
8.60000000000000e+00  2.04627551086599e-01
8.62500000000000e+00  1.80088792613178e-01
8.65000000000000e+00  1.54167947537744e-01
8.67500000000000e+00  1.27040329564561e-01
8.70000000000000e+00  9.88923298890142e-02
8.72500000000000e+00  6.99218503021248e-02
8.75000000000000e+00  4.03747037822090e-02
8.77500000000000e+00  1.03357565586275e-02
8.80000000000000e+00  -1.98946647340879e-02
8.82500000000000e+00  -5.01386518194979e-02
8.85000000000000e+00  -8.02200182150477e-02
8.87500000000000e+00  -1.09965570134759e-01
8.90000000000000e+00  -1.39206377391897e-01
8.92500000000000e+00  -1.67779044301660e-01
8.95000000000000e+00  -1.95526980583864e-01
8.97500000000000e+00  -2.22301672265614e-01
9.00000000000000e+00  -2.47963952584004e-01
9.02500000000000e+00  -2.72385272888778e-01
9.05000000000000e+00  -2.95448973545023e-01
9.07500000000000e+00  -3.17059273602166e-01
9.10000000000000e+00  -3.37133034752778e-01
9.12500000000000e+00  -3.55601269662527e-01
9.15000000000000e+00  -3.72413751192850e-01
9.17500000000000e+00  -3.87533674558894e-01
9.20000000000000e+00  -4.00936429708107e-01
9.22500000000000e+00  -4.12608373698849e-01
9.25000000000000e+00  -4.22545603078997e-01
9.27500000000000e+00  -4.30752726264538e-01
9.30000000000000e+00  -4.37241635918183e-01
9.32500000000000e+00  -4.42030281327963e-01
9.35000000000000e+00  -4.45141440785836e-01
9.37500000000000e+00  -4.46801173484233e-01
9.40000000000000e+00  -4.46602504494341e-01
9.42500000000000e+00  -4.45046401159770e-01
9.45000000000000e+00  -4.42134688404191e-01
9.47500000000000e+00  -4.37894064658938e-01
9.50000000000000e+00  -4.32372041468482e-01
9.52500000000000e+00  -4.25632883095914e-01
9.55000000000000e+00  -4.17753546128421e-01
9.57500000000000e+00  -4.08819619082768e-01
9.60000000000000e+00  -3.98921262010776e-01
9.62500000000000e+00  -3.88149146104799e-01
9.65000000000000e+00  -3.76590393303205e-01
9.67500000000000e+00  -3.64324515895859e-01
9.70000000000000e+00  -3.51428367938882e-01
9.72500000000000e+00  -3.37971780183682e-01
9.75000000000000e+00  -3.24018504681588e-01
9.77500000000000e+00  -3.09624138548511e-01
9.80000000000000e+00  -2.94840559796826e-01
9.82500000000000e+00  -2.79716786545284e-01
9.85000000000000e+00  -2.64299836228897e-01
9.87500000000000e+00  -2.48635584808847e-01
9.90000000000000e+00  -2.32769625982370e-01
9.92500000000000e+00  -2.16748130392671e-01
9.95000000000000e+00  -2.00618704838811e-01
9.97500000000000e+00  -1.84431251485605e-01
1.00000000000000e+01  -1.68238827073535e-01
