0.00000000000000e+00  -1.55466294163812e-01
2.50000000000000e-02  -1.71507510726640e-01
5.00000000000000e-02  -1.87720609397092e-01
7.50000000000000e-02  -2.04092824203467e-01
1.00000000000000e-01  -2.20606547095729e-01
1.25000000000000e-01  -2.37239336392040e-01
1.50000000000000e-01  -2.53963925225279e-01
1.75000000000000e-01  -2.70748229989577e-01
2.00000000000000e-01  -2.87555358786847e-01
2.25000000000000e-01  -3.04343619873313e-01
2.50000000000000e-01  -3.21066530106039e-01
2.75000000000000e-01  -3.37672823389455e-01
3.00000000000000e-01  -3.54106459121895e-01
3.25000000000000e-01  -3.70307130029417e-01
3.50000000000000e-01  -3.86210051825569e-01
3.75000000000000e-01  -4.01746049122460e-01
4.00000000000000e-01  -4.16842553732526e-01
4.25000000000000e-01  -4.31423108873326e-01
4.50000000000000e-01  -4.45407864972438e-01
4.75000000000000e-01  -4.58714075472356e-01
5.00000000000000e-01  -4.71256592635391e-01
5.25000000000000e-01  -4.82948363348565e-01
5.50000000000000e-01  -4.93700924928511e-01
5.75000000000000e-01  -5.03424900926373e-01
6.00000000000000e-01  -5.12030496932700e-01
6.25000000000000e-01  -5.19427177631870e-01
6.50000000000000e-01  -5.25529086759265e-01
6.75000000000000e-01  -5.30247710119436e-01
7.00000000000000e-01  -5.33499469572999e-01
7.25000000000000e-01  -5.35204118889946e-01
7.50000000000000e-01  -5.35285636640720e-01
7.75000000000000e-01  -5.33673119087282e-01
8.00000000000000e-01  -5.30301673074181e-01
8.25000000000000e-01  -5.25113308919623e-01
8.50000000000000e-01  -5.18057833306548e-01
8.75000000000000e-01  -5.09093742173691e-01
9.00000000000000e-01  -4.98189113606659e-01
9.25000000000000e-01  -4.85322500729000e-01
9.50000000000000e-01  -4.70483619713796e-01
9.75000000000000e-01  -4.53674260386772e-01
1.00000000000000e+00  -4.34909527816904e-01
1.02500000000000e+00  -4.14216621763275e-01
1.05000000000000e+00  -3.91637321739188e-01
1.07500000000000e+00  -3.67228073204245e-01
1.10000000000000e+00  -3.41060073756446e-01
1.12500000000000e+00  -3.13219359324269e-01
1.15000000000000e+00  -2.83806890358763e-01
1.17500000000000e+00  -2.52938638025635e-01
1.20000000000000e+00  -2.20745670397335e-01
1.22500000000000e+00  -1.87374238645151e-01
1.25000000000000e+00  -1.52984778051998e-01
1.27500000000000e+00  -1.17747467994456e-01
1.30000000000000e+00  -8.18584571964034e-02
1.32500000000000e+00  -4.55148701970873e-02
1.35000000000000e+00  -8.92634576348985e-03
1.37500000000000e+00  2.76867855452771e-02
1.40000000000000e+00  6.40953238135606e-02
1.42500000000000e+00  1.00063022204761e-01
1.45000000000000e+00  1.35348409396934e-01
1.47500000000000e+00  1.69706612018375e-01
1.50000000000000e+00  2.02891177083220e-01
1.52500000000000e+00  2.34655894427043e-01
1.55000000000000e+00  2.64756619142443e-01
1.57500000000000e+00  2.92955455624963e-01
1.60000000000000e+00  3.19021262095200e-01
1.62500000000000e+00  3.42733250869387e-01
1.65000000000000e+00  3.63881246801999e-01
1.67500000000000e+00  3.82270187609636e-01
1.70000000000000e+00  3.97722043465580e-01
1.72500000000000e+00  4.10077736594319e-01
1.75000000000000e+00  4.19199060866105e-01
1.77500000000000e+00  4.24970601391487e-01
1.80000000000000e+00  4.27301654115855e-01
1.82500000000000e+00  4.26128145413981e-01
1.85000000000000e+00  4.21414551684566e-01
1.87500000000000e+00  4.13162729811688e-01
1.90000000000000e+00  4.01386122741952e-01
1.92500000000000e+00  3.86154266632141e-01
1.95000000000000e+00  3.67552778544210e-01
1.97500000000000e+00  3.45702378821292e-01
2.00000000000000e+00  3.20757406285679e-01
2.02500000000000e+00  2.92904333436823e-01
2.05000000000000e+00  2.62360281649324e-01
2.07500000000000e+00  2.29371536370927e-01
2.10000000000000e+00  1.94212062320513e-01
2.12500000000000e+00  1.57182018686088e-01
2.15000000000000e+00  1.18606274322784e-01
2.17500000000000e+00  7.88329229508435e-02
2.20000000000000e+00  3.82204486948450e-02
2.22500000000000e+00  -2.84726262843087e-03
2.25000000000000e+00  -4.39814595432323e-02
2.27500000000000e+00  -8.47840749784694e-02
2.30000000000000e+00  -1.24853206900509e-01
2.32500000000000e+00  -1.63787434371750e-01
2.35000000000000e+00  -2.01190133609202e-01
2.37500000000000e+00  -2.36673794043065e-01
2.40000000000000e+00  -2.69864334375299e-01
2.42500000000000e+00  -3.00405418638205e-01
2.45000000000000e+00  -3.27962772253001e-01
2.47500000000000e+00  -3.52228498088400e-01
2.50000000000000e+00  -3.72929389955976e-01
2.52500000000000e+00  -3.89810599138152e-01
2.55000000000000e+00  -4.02681123856915e-01
2.57500000000000e+00  -4.11370602595211e-01
2.60000000000000e+00  -4.15756217293383e-01
2.62500000000000e+00  -4.15762969358149e-01
2.65000000000000e+00  -4.11363955671580e-01
2.67500000000000e+00  -4.02580644600069e-01
2.70000000000000e+00  -3.89483152003314e-01
2.72500000000000e+00  -3.72190517243291e-01
2.75000000000000e+00  -3.50870979193229e-01
2.77500000000000e+00  -3.25742252246586e-01
2.80000000000000e+00  -2.97071802326027e-01
2.82500000000000e+00  -2.65165164340107e-01
2.85000000000000e+00  -2.30371153926692e-01
2.87500000000000e+00  -1.93078955766033e-01
2.90000000000000e+00  -1.53708115888369e-01
2.92500000000000e+00  -1.12708966687659e-01
2.95000000000000e+00  -7.05566518305764e-02
2.97500000000000e+00  -2.77451511654965e-02
3.00000000000000e+00  1.52186943685064e-02
3.02500000000000e+00  5.78211578326694e-02
3.05000000000000e+00  9.95476013795474e-02
3.07500000000000e+00  1.39888451344022e-01
3.10000000000000e+00  1.78345173334306e-01
3.12500000000000e+00  2.14447523361766e-01
3.15000000000000e+00  2.47715778571029e-01
3.17500000000000e+00  2.77754069957353e-01
3.20000000000000e+00  3.04166971849044e-01
3.22500000000000e+00  3.26606597263194e-01
3.25000000000000e+00  3.44775098728260e-01
3.27500000000000e+00  3.58427169106637e-01
3.30000000000000e+00  3.67372542417242e-01
3.32500000000000e+00  3.71478494658085e-01
3.35000000000000e+00  3.70672344628851e-01
3.37500000000000e+00  3.64943954753476e-01
3.40000000000000e+00  3.54348231902724e-01
3.42500000000000e+00  3.39007628216764e-01
3.45000000000000e+00  3.19099731469889e-01
3.47500000000000e+00  2.94866401626952e-01
3.50000000000000e+00  2.66610560473203e-01
3.52500000000000e+00  2.34685091853995e-01
3.55000000000000e+00  1.99496728720830e-01
3.57500000000000e+00  1.61499329098850e-01
3.60000000000000e+00  1.21187152054336e-01
3.62500000000000e+00  7.90881336621959e-02
3.65000000000000e+00  3.57571629734621e-02
3.67500000000000e+00  -8.23064201721768e-03
3.70000000000000e+00  -5.22866584040857e-02
3.72500000000000e+00  -9.58154824027811e-02
3.75000000000000e+00  -1.38246158483407e-01
3.77500000000000e+00  -1.78956629947026e-01
3.80000000000000e+00  -2.17428299413537e-01
3.82500000000000e+00  -2.53120523513632e-01
3.85000000000000e+00  -2.85533579907892e-01
3.87500000000000e+00  -3.14213202055853e-01
3.90000000000000e+00  -3.38755113985063e-01
3.92500000000000e+00  -3.58809565060154e-01
3.95000000000000e+00  -3.74085864751902e-01
3.97500000000000e+00  -3.84356917406292e-01
4.00000000000000e+00  -3.89463757013579e-01
4.02500000000000e+00  -3.89320081977356e-01
4.05000000000000e+00  -3.83916789883614e-01
4.07500000000000e+00  -3.73307989827375e-01
4.10000000000000e+00  -3.57626012186192e-01
4.12500000000000e+00  -3.37087363217276e-01
4.15000000000000e+00  -3.11947434703524e-01
4.17500000000000e+00  -2.82543961475147e-01
4.20000000000000e+00  -2.49282132902937e-01
4.22500000000000e+00  -2.12620792632436e-01
4.25000000000000e+00  -1.73065681297961e-01
4.27500000000000e+00  -1.31161155194243e-01
4.30000000000000e+00  -8.74854708375020e-02
4.32500000000000e+00  -4.26470391686349e-02
4.35000000000000e+00  2.71745162564888e-03
4.37500000000000e+00  4.79754713573464e-02
4.40000000000000e+00  9.24656461813424e-02
4.42500000000000e+00  1.35597429218286e-01
4.45000000000000e+00  1.76748909870200e-01
4.47500000000000e+00  2.15331795724151e-01
4.50000000000000e+00  2.50797222065591e-01
4.52500000000000e+00  2.82641561391704e-01
4.55000000000000e+00  3.10412232924736e-01
4.57500000000000e+00  3.33713512125345e-01
4.60000000000000e+00  3.52212340205935e-01
4.62500000000000e+00  3.65644133643997e-01
4.65000000000000e+00  3.73818593695455e-01
4.67500000000000e+00  3.76625515907997e-01
4.70000000000000e+00  3.74024380030827e-01
4.72500000000000e+00  3.66054581590361e-01
4.75000000000000e+00  3.52832428253862e-01
4.77500000000000e+00  3.34555311262055e-01
4.80000000000000e+00  3.11491046427722e-01
4.82500000000000e+00  2.83975218517743e-01
4.85000000000000e+00  2.52408390885117e-01
4.87500000000000e+00  2.17251383749361e-01
4.90000000000000e+00  1.79018924171893e-01
4.92500000000000e+00  1.38271499293469e-01
4.95000000000000e+00  9.56058843213531e-02
4.97500000000000e+00  5.16464941288640e-02
5.00000000000000e+00  7.00996765854855e-03
5.02500000000000e+00  -3.76014382588077e-02
5.05000000000000e+00  -8.15788407627794e-02
5.07500000000000e+00  -1.24270495962486e-01
5.10000000000000e+00  -1.65049352407787e-01
5.12500000000000e+00  -2.03319716345669e-01
5.15000000000000e+00  -2.38523916976657e-01
5.17500000000000e+00  -2.70148971711210e-01
5.20000000000000e+00  -2.97733251426113e-01
5.22500000000000e+00  -3.20873145720892e-01
5.25000000000000e+00  -3.39229728174196e-01
5.27500000000000e+00  -3.52535421600213e-01
5.30000000000000e+00  -3.60600663305056e-01
5.32500000000000e+00  -3.63301556874570e-01
5.35000000000000e+00  -3.60597123539399e-01
5.37500000000000e+00  -3.52541069603762e-01
5.40000000000000e+00  -3.39226692608688e-01
5.42500000000000e+00  -3.20843739303815e-01
5.45000000000000e+00  -2.97662022790796e-01
5.47500000000000e+00  -2.70016776223302e-01
5.50000000000000e+00  -2.38304292890960e-01
5.52500000000000e+00  -2.02973803347632e-01
5.55000000000000e+00  -1.64523998395920e-01
5.57500000000000e+00  -1.23500339510399e-01
5.60000000000000e+00  -8.04967432277622e-02
5.62500000000000e+00  -3.61200529042279e-02
5.65000000000000e+00  8.98186834823356e-03
5.67500000000000e+00  5.42062221601539e-02
5.70000000000000e+00  9.89062173555398e-02
5.72500000000000e+00  1.42449814313584e-01
5.75000000000000e+00  1.84226544086146e-01
5.77500000000000e+00  2.23654327515259e-01
5.80000000000000e+00  2.60186294350617e-01
5.82500000000000e+00  2.93317602367068e-01
5.85000000000000e+00  3.22592256482114e-01
5.87500000000000e+00  3.47609927873396e-01
5.90000000000000e+00  3.68032773096198e-01
5.92500000000000e+00  3.83592253200933e-01
5.95000000000000e+00  3.94082426693776e-01
5.97500000000000e+00  3.99370923682280e-01
6.00000000000000e+00  3.99394119674086e-01
6.02500000000000e+00  3.94172302971708e-01
6.05000000000000e+00  3.83792532359299e-01
6.07500000000000e+00  3.68409684920822e-01
6.10000000000000e+00  3.48247223079674e-01
6.12500000000000e+00  3.23595051334563e-01
6.15000000000000e+00  2.94805487143511e-01
6.17500000000000e+00  2.62286770787468e-01
6.20000000000000e+00  2.26494570695444e-01
6.22500000000000e+00  1.87923292902434e-01
6.25000000000000e+00  1.47087053838186e-01
6.27500000000000e+00  1.04576360900907e-01
6.30000000000000e+00  6.09447613832244e-02
6.32500000000000e+00  1.67871402387461e-02
6.35000000000000e+00  -2.73014866898256e-02
6.37500000000000e+00  -7.07327300941317e-02
6.40000000000000e+00  -1.12931584623621e-01
6.42500000000000e+00  -1.53343186308982e-01
6.45000000000000e+00  -1.91439569985608e-01
6.47500000000000e+00  -2.26726426717037e-01
6.50000000000000e+00  -2.58749861218397e-01
6.52500000000000e+00  -2.87103149279865e-01
6.55000000000000e+00  -3.11433495190109e-01
6.57500000000000e+00  -3.31438292151958e-01
6.60000000000000e+00  -3.46874871882903e-01
6.62500000000000e+00  -3.57565954164021e-01
6.65000000000000e+00  -3.63388868278929e-01
6.67500000000000e+00  -3.64288474723807e-01
6.70000000000000e+00  -3.60274682741799e-01
6.72500000000000e+00  -3.51419967857411e-01
6.75000000000000e+00  -3.37856889410908e-01
6.77500000000000e+00  -3.19775608092707e-01
6.80000000000000e+00  -2.97421403477782e-01
6.82500000000000e+00  -2.71092191560059e-01
6.85000000000000e+00  -2.41136042286808e-01
6.87500000000000e+00  -2.07933752961998e-01
6.90000000000000e+00  -1.71924956305739e-01
6.92500000000000e+00  -1.33545737372193e-01
6.95000000000000e+00  -9.32789248211919e-02
6.97500000000000e+00  -5.16239837377533e-02
7.00000000000000e+00  -9.09110413430177e-03
7.02500000000000e+00  3.38047105471421e-02
7.05000000000000e+00  7.65495549327410e-02
7.07500000000000e+00  1.18636533214649e-01
7.10000000000000e+00  1.59571670648799e-01
7.12500000000000e+00  1.98879825052696e-01
7.15000000000000e+00  2.36110598303218e-01
7.17500000000000e+00  2.70844247834404e-01
7.20000000000000e+00  3.02691981016536e-01
7.22500000000000e+00  3.31304080103720e-01
7.25000000000000e+00  3.56374841726116e-01
7.27500000000000e+00  3.77636476280168e-01
7.30000000000000e+00  3.94870907850267e-01
7.32500000000000e+00  4.07909537497598e-01
7.35000000000000e+00  4.16633006548996e-01
7.37500000000000e+00  4.20970959885789e-01
7.40000000000000e+00  4.20901809232654e-01
7.42500000000000e+00  4.16452496446461e-01
7.45000000000000e+00  4.07698256805128e-01
7.47500000000000e+00  3.94762382296466e-01
7.50000000000000e+00  3.77809552261095e-01
7.52500000000000e+00  3.57042829860434e-01
7.55000000000000e+00  3.32705297670391e-01
7.57500000000000e+00  3.05074098901246e-01
7.60000000000000e+00  2.74457096070381e-01
7.62500000000000e+00  2.41188553617294e-01
7.65000000000000e+00  2.05624820518588e-01
7.67500000000000e+00  1.68140012902980e-01
7.70000000000000e+00  1.29121696666298e-01
7.72500000000000e+00  8.89665700864826e-02
7.75000000000000e+00  4.80761464385957e-02
7.77500000000000e+00  6.85243660980747e-03
7.80000000000000e+00  -3.43063682855880e-02
7.82500000000000e+00  -7.50096680304994e-02
7.85000000000000e+00  -1.14878061650419e-01
7.87500000000000e+00  -1.53549177313926e-01
7.90000000000000e+00  -1.90675112607735e-01
7.92500000000000e+00  -2.25931031371647e-01
7.95000000000000e+00  -2.59016684122698e-01
7.97500000000000e+00  -2.89657928479329e-01
8.00000000000000e+00  -3.17608249585534e-01
8.02500000000000e+00  -3.42650280535024e-01
8.05000000000000e+00  -3.64597322795380e-01
8.07500000000000e+00  -3.83294866632213e-01
8.10000000000000e+00  -3.98622111533321e-01
8.12500000000000e+00  -4.10486453704262e-01
8.15000000000000e+00  -4.18838433601119e-01
8.17500000000000e+00  -4.23644156984891e-01
8.20000000000000e+00  -4.24908477495904e-01
8.22500000000000e+00  -4.22666746683262e-01
8.25000000000000e+00  -4.16982892143255e-01
8.27500000000000e+00  -4.07947495657753e-01
8.30000000000000e+00  -3.95675871332612e-01
8.32500000000000e+00  -3.80306143736068e-01
8.35000000000000e+00  -3.61997326037148e-01
8.37500000000000e+00  -3.40927398144055e-01
8.40000000000000e+00  -3.17291384842584e-01
8.42500000000000e+00  -2.91299433934514e-01
8.45000000000000e+00  -2.63172300957441e-01
8.47500000000000e+00  -2.33141105525338e-01
8.50000000000000e+00  -2.01443725595530e-01
8.52500000000000e+00  -1.68324285371336e-01
8.55000000000000e+00  -1.34028985420032e-01
8.57500000000000e+00  -9.88042800729618e-02
8.60000000000000e+00  -6.28950548256297e-02
8.62500000000000e+00  -2.65428037377855e-02
8.65000000000000e+00  1.00161931664584e-02
8.67500000000000e+00  4.65526924985432e-02
8.70000000000000e+00  8.28463101053617e-02
8.72500000000000e+00  1.18687343669166e-01
8.75000000000000e+00  1.53879783121769e-01
8.77500000000000e+00  1.88224192948747e-01
8.80000000000000e+00  2.21553524896182e-01
8.82500000000000e+00  2.53706233095184e-01
8.85000000000000e+00  2.84536030392502e-01
8.87500000000000e+00  3.13911804131909e-01
8.90000000000000e+00  3.41717531935548e-01
8.92500000000000e+00  3.67852197485312e-01
8.95000000000000e+00  3.92229706304218e-01
8.97500000000000e+00  4.14778801537761e-01
9.00000000000000e+00  4.35442979735299e-01
9.02500000000000e+00  4.54180406631410e-01
9.05000000000000e+00  4.70963832927261e-01
9.07500000000000e+00  4.85778091982856e-01
9.10000000000000e+00  4.98621339731756e-01
9.12500000000000e+00  5.09503809005335e-01
9.15000000000000e+00  5.18446889336442e-01
9.17500000000000e+00  5.25482449250323e-01
9.20000000000000e+00  5.30651942234237e-01
9.22500000000000e+00  5.34005512707083e-01
9.25000000000000e+00  5.35601101989010e-01
9.27500000000000e+00  5.35503554271047e-01
9.30000000000000e+00  5.33783722584712e-01
9.32500000000000e+00  5.30517574771642e-01
9.35000000000000e+00  5.25785299453202e-01
9.37500000000000e+00  5.19671343504021e-01
9.40000000000000e+00  5.12261526633707e-01
9.42500000000000e+00  5.03644291015916e-01
9.45000000000000e+00  4.93909289749827e-01
9.47500000000000e+00  4.83146263295651e-01
9.50000000000000e+00  4.71444542333090e-01
9.52500000000000e+00  4.58892550619809e-01
9.55000000000000e+00  4.45577307849903e-01
9.57500000000000e+00  4.31583932512356e-01
9.60000000000000e+00  4.16995144749514e-01
9.62500000000000e+00  4.01890769215550e-01
9.65000000000000e+00  3.86347237934924e-01
9.67500000000000e+00  3.70437093160856e-01
9.70000000000000e+00  3.54229488862605e-01
9.72500000000000e+00  3.37789186268113e-01
9.75000000000000e+00  3.21176469499899e-01
9.77500000000000e+00  3.04447357974022e-01
9.80000000000000e+00  2.87653096861863e-01
9.82500000000000e+00  2.70840149312327e-01
9.85000000000000e+00  2.54050188674058e-01
9.87500000000000e+00  2.37320090717639e-01
9.90000000000000e+00  2.20681925857799e-01
9.92500000000000e+00  2.04162951375627e-01
9.95000000000000e+00  1.87785603640774e-01
9.97500000000000e+00  1.71567490333660e-01
1.00000000000000e+01  1.55521382667692e-01
