0.00000000000000e+00  -2.23680139276529e-01
2.50000000000000e-02  -2.45772679618677e-01
5.00000000000000e-02  -2.67879108352012e-01
7.50000000000000e-02  -2.89972103331695e-01
1.00000000000000e-01  -3.12015117599142e-01
1.25000000000000e-01  -3.33962990964020e-01
1.50000000000000e-01  -3.55762561586222e-01
1.75000000000000e-01  -3.77353277557867e-01
2.00000000000000e-01  -3.98667808485287e-01
2.25000000000000e-01  -4.19632657071015e-01
2.50000000000000e-01  -4.40168770695777e-01
2.75000000000000e-01  -4.60192153000479e-01
3.00000000000000e-01  -4.79614475468198e-01
3.25000000000000e-01  -4.98343689006175e-01
3.50000000000000e-01  -5.16284635527799e-01
3.75000000000000e-01  -5.33339659534600e-01
4.00000000000000e-01  -5.49409219698238e-01
4.25000000000000e-01  -5.64392500442492e-01
4.50000000000000e-01  -5.78188023525254e-01
4.75000000000000e-01  -5.90694259620511e-01
5.00000000000000e-01  -6.01810239900340e-01
5.25000000000000e-01  -6.11436167616899e-01
5.50000000000000e-01  -6.19474029684411e-01
5.75000000000000e-01  -6.25828208261159e-01
6.00000000000000e-01  -6.30406092331473e-01
6.25000000000000e-01  -6.33116569157866e-01
6.50000000000000e-01  -6.33929778511083e-01
6.75000000000000e-01  -6.32735099589123e-01
7.00000000000000e-01  -6.29477164440317e-01
7.25000000000000e-01  -6.24108205376525e-01
7.50000000000000e-01  -6.16589157003381e-01
7.75000000000000e-01  -6.06890758250542e-01
8.00000000000000e-01  -5.94994654401935e-01
8.25000000000000e-01  -5.80894499125999e-01
8.50000000000000e-01  -5.64597056505940e-01
8.75000000000000e-01  -5.46123303069972e-01
9.00000000000000e-01  -5.25509529821563e-01
9.25000000000000e-01  -5.02808444269689e-01
9.50000000000000e-01  -4.78084469902998e-01
9.75000000000000e-01  -4.51418915686986e-01
1.00000000000000e+00  -4.22910593113720e-01
1.02500000000000e+00  -3.92669451949064e-01
1.05000000000000e+00  -3.60822746439767e-01
1.07500000000000e+00  -3.27513924041197e-01
1.10000000000000e+00  -2.92901514145081e-01
1.12500000000000e+00  -2.57158016807240e-01
1.15000000000000e+00  -2.20468791475324e-01
1.17500000000000e+00  -1.83030945716548e-01
1.20000000000000e+00  -1.45052223945428e-01
1.22500000000000e+00  -1.06749896151520e-01
1.25000000000000e+00  -6.83684743360077e-02
1.27500000000000e+00  -3.01223826553570e-02
1.30000000000000e+00  7.73190170677766e-03
1.32500000000000e+00  4.49495699793704e-02
1.35000000000000e+00  8.12817984122271e-02
1.37500000000000e+00  1.16478239363799e-01
1.40000000000000e+00  1.50289512388976e-01
1.42500000000000e+00  1.82469695326894e-01
1.45000000000000e+00  2.12778815388737e-01
1.47500000000000e+00  2.40985340245536e-01
1.50000000000000e+00  2.66868669115974e-01
1.52500000000000e+00  2.90221623854186e-01
1.55000000000000e+00  3.10852940037565e-01
1.57500000000000e+00  3.28586200375736e-01
1.60000000000000e+00  3.43261559174329e-01
1.62500000000000e+00  3.54746724787490e-01
1.65000000000000e+00  3.62921628868095e-01
1.67500000000000e+00  3.67694349443981e-01
1.70000000000000e+00  3.69001385402847e-01
1.72500000000000e+00  3.66807930977161e-01
1.75000000000000e+00  3.61108150229057e-01
1.77500000000000e+00  3.51925451535245e-01
1.80000000000000e+00  3.39312762071911e-01
1.82500000000000e+00  3.23352802299618e-01
1.85000000000000e+00  3.04158360448214e-01
1.87500000000000e+00  2.81862272818149e-01
1.90000000000000e+00  2.56711390296574e-01
1.92500000000000e+00  2.28823207366224e-01
1.95000000000000e+00  1.98437842705463e-01
1.97500000000000e+00  1.65821627863876e-01
2.00000000000000e+00  1.31263997305229e-01
2.02500000000000e+00  9.50743784504322e-02
2.05000000000000e+00  5.75790817204993e-02
2.07500000000000e+00  1.91181905795137e-02
2.10000000000000e+00  -1.99575484224158e-02
2.12500000000000e+00  -5.92898356061877e-02
2.15000000000000e+00  -9.85159281207487e-02
2.17500000000000e+00  -1.37271749900133e-01
2.20000000000000e+00  -1.75204469808236e-01
2.22500000000000e+00  -2.11925401046760e-01
2.25000000000000e+00  -2.47089918963554e-01
2.27500000000000e+00  -2.80343371062269e-01
2.30000000000000e+00  -3.11351539026730e-01
2.32500000000000e+00  -3.39803736820616e-01
2.35000000000000e+00  -3.65415908787147e-01
2.37500000000000e+00  -3.87933727748763e-01
2.40000000000000e+00  -4.07135693106808e-01
2.42500000000000e+00  -4.22836228941205e-01
2.45000000000000e+00  -4.34888782110146e-01
2.47500000000000e+00  -4.43188920349771e-01
2.50000000000000e+00  -4.47698082861087e-01
2.52500000000000e+00  -4.48182862208718e-01
2.55000000000000e+00  -4.44839484422722e-01
2.57500000000000e+00  -4.37646189714426e-01
2.60000000000000e+00  -4.26672115146048e-01
2.62500000000000e+00  -4.12053207378237e-01
2.65000000000000e+00  -3.93968135417621e-01
2.67500000000000e+00  -3.72624666756476e-01
2.70000000000000e+00  -3.48254725512202e-01
2.72500000000000e+00  -3.21113320742530e-01
2.75000000000000e+00  -2.91483344325339e-01
2.77500000000000e+00  -2.59683946658334e-01
2.80000000000000e+00  -2.26079352361633e-01
2.82500000000000e+00  -1.91013209725280e-01
2.85000000000000e+00  -1.54866542872795e-01
2.87500000000000e+00  -1.18019173983468e-01
2.90000000000000e+00  -8.08785867922141e-02
2.92500000000000e+00  -4.38437727388571e-02
2.95000000000000e+00  -7.30345865747637e-03
2.97500000000000e+00  2.83656655342519e-02
3.00000000000000e+00  6.28007191457123e-02
3.02500000000000e+00  9.56544030240080e-02
3.05000000000000e+00  1.26596771864618e-01
3.07500000000000e+00  1.55317006522053e-01
3.10000000000000e+00  1.81525186320517e-01
3.12500000000000e+00  2.05088796350350e-01
3.15000000000000e+00  2.25510733550863e-01
3.17500000000000e+00  2.42852154154009e-01
3.20000000000000e+00  2.56938650945110e-01
3.22500000000000e+00  2.67647890556410e-01
3.25000000000000e+00  2.74907199929225e-01
3.27500000000000e+00  2.78691152776107e-01
3.30000000000000e+00  2.79019156042994e-01
3.32500000000000e+00  2.75953036371374e-01
3.35000000000000e+00  2.69594626560441e-01
3.37500000000000e+00  2.60083352029248e-01
3.40000000000000e+00  2.47593817278871e-01
3.42500000000000e+00  2.32333392354562e-01
3.45000000000000e+00  2.14545282873334e-01
3.47500000000000e+00  1.94504980839005e-01
3.50000000000000e+00  1.72506589530839e-01
3.52500000000000e+00  1.48871731832812e-01
3.55000000000000e+00  1.23938309880856e-01
3.57500000000000e+00  9.80572895552638e-02
3.60000000000000e+00  7.15894849730937e-02
3.62500000000000e+00  4.49023429805764e-02
3.65000000000000e+00  1.83667276455200e-02
3.67500000000000e+00  -7.64629525028451e-03
3.70000000000000e+00  -3.27686737186578e-02
3.72500000000000e+00  -5.66385850726263e-02
3.75000000000000e+00  -7.88850184872074e-02
3.77500000000000e+00  -9.94456498535718e-02
3.80000000000000e+00  -1.17793421913440e-01
3.82500000000000e+00  -1.33698340606302e-01
3.85000000000000e+00  -1.46960753536008e-01
3.87500000000000e+00  -1.57412876182911e-01
3.90000000000000e+00  -1.64920318116003e-01
3.92500000000000e+00  -1.69383609205054e-01
3.95000000000000e+00  -1.70739725832752e-01
3.97500000000000e+00  -1.68963617106841e-01
4.00000000000000e+00  -1.64069731072261e-01
4.02500000000000e+00  -1.56113540923283e-01
4.05000000000000e+00  -1.45193071215652e-01
4.07500000000000e+00  -1.31444007159221e-01
4.10000000000000e+00  -1.15060911519640e-01
4.12500000000000e+00  -9.62613933051593e-02
4.15000000000000e+00  -7.53073658315376e-02
4.17500000000000e+00  -5.24939456871230e-02
4.20000000000000e+00  -2.81422558154356e-02
4.22500000000000e+00  -2.59222859775889e-03
4.25000000000000e+00  2.38045910642769e-02
4.27500000000000e+00  5.06922426661112e-02
4.30000000000000e+00  7.77175470176613e-02
4.32500000000000e+00  1.04537303160742e-01
4.35000000000000e+00  1.30825485286472e-01
4.37500000000000e+00  1.55965587389704e-01
4.40000000000000e+00  1.80211385210105e-01
4.42500000000000e+00  2.02661465319934e-01
4.45000000000000e+00  2.23092263618280e-01
4.47500000000000e+00  2.41284019786288e-01
4.50000000000000e+00  2.57025837997042e-01
4.52500000000000e+00  2.70120747625449e-01
4.55000000000000e+00  2.80390763958113e-01
4.57500000000000e+00  2.87681948903223e-01
4.60000000000000e+00  2.91869471700427e-01
4.62500000000000e+00  2.92862669630719e-01
4.65000000000000e+00  2.90610108726315e-01
4.67500000000000e+00  2.85104644480534e-01
4.70000000000000e+00  2.76396555834001e-01
4.72500000000000e+00  2.64561909219889e-01
4.75000000000000e+00  2.49725328255052e-01
4.77500000000000e+00  2.32059715838031e-01
4.80000000000000e+00  2.11767175964574e-01
4.82500000000000e+00  1.89074932171968e-01
4.85000000000000e+00  1.64231245983382e-01
4.87500000000000e+00  1.37501335352207e-01
4.90000000000000e+00  1.09163293106389e-01
4.92500000000000e+00  7.95040053927732e-02
4.95000000000000e+00  4.88150701214423e-02
4.97500000000000e+00  1.73887154100502e-02
5.00000000000000e+00  -1.42004516813237e-02
5.02500000000000e+00  -4.60645419612414e-02
5.05000000000000e+00  -7.74541164983933e-02
5.07500000000000e+00  -1.08082631458314e-01
5.10000000000000e+00  -1.37660661562297e-01
5.12500000000000e+00  -1.65899891718570e-01
5.15000000000000e+00  -1.92517108653483e-01
5.17500000000000e+00  -2.17238192542688e-01
5.20000000000000e+00  -2.39802108642321e-01
5.22500000000000e+00  -2.59964898920184e-01
5.25000000000000e+00  -2.77503673686926e-01
5.27500000000000e+00  -2.92220603227228e-01
5.30000000000000e+00  -3.03946909430983e-01
5.32500000000000e+00  -3.12565209500366e-01
5.35000000000000e+00  -3.17992708257372e-01
5.37500000000000e+00  -3.20191635262907e-01
5.40000000000000e+00  -3.19170270327017e-01
5.42500000000000e+00  -3.14980736298544e-01
5.45000000000000e+00  -3.07713879433206e-01
5.47500000000000e+00  -2.97494149761690e-01
5.50000000000000e+00  -2.84474481457733e-01
5.52500000000000e+00  -2.68831173206214e-01
5.55000000000000e+00  -2.50758768571239e-01
5.57500000000000e+00  -2.30464936364229e-01
5.60000000000000e+00  -2.08165351012003e-01
5.62500000000000e+00  -1.84382171275271e-01
5.65000000000000e+00  -1.59116704504499e-01
5.67500000000000e+00  -1.32999973736219e-01
5.70000000000000e+00  -1.06335290074110e-01
5.72500000000000e+00  -7.94496156900821e-02
5.75000000000000e+00  -5.26863252001550e-02
5.77500000000000e+00  -2.63979670403110e-02
5.80000000000000e+00  -9.39024842366169e-04
5.82500000000000e+00  2.33413211901613e-02
5.85000000000000e+00  4.61064329061934e-02
5.87500000000000e+00  6.70394528312184e-02
5.90000000000000e+00  8.58505427914330e-02
5.92500000000000e+00  1.02284122537871e-01
5.95000000000000e+00  1.16122701388383e-01
5.97500000000000e+00  1.27175709986920e-01
6.00000000000000e+00  1.35299857749880e-01
6.02500000000000e+00  1.40389471675299e-01
6.05000000000000e+00  1.42381571249364e-01
6.07500000000000e+00  1.41254756827000e-01
6.10000000000000e+00  1.37028098012448e-01
6.12500000000000e+00  1.29760022039847e-01
6.15000000000000e+00  1.19547202153812e-01
6.17500000000000e+00  1.06523445990024e-01
6.20000000000000e+00  9.08585839558010e-02
6.22500000000000e+00  7.27573576106851e-02
6.25000000000000e+00  5.24713226524954e-02
6.27500000000000e+00  3.03983261187668e-02
6.30000000000000e+00  6.71011622878992e-03
6.32500000000000e+00  -1.82481273295408e-02
6.35000000000000e+00  -4.41188951775719e-02
6.37500000000000e+00  -7.05361193808033e-02
6.40000000000000e+00  -9.71289445838187e-02
6.42500000000000e+00  -1.23525499145196e-01
6.45000000000000e+00  -1.49356666272436e-01
6.47500000000000e+00  -1.74259855156881e-01
6.50000000000000e+00  -1.97882772108630e-01
6.52500000000000e+00  -2.19887191691468e-01
6.55000000000000e+00  -2.39952727857779e-01
6.57500000000000e+00  -2.57770914251869e-01
6.60000000000000e+00  -2.73072022029135e-01
6.62500000000000e+00  -2.85605172484625e-01
6.65000000000000e+00  -2.95152106680522e-01
6.67500000000000e+00  -3.01531868233041e-01
6.70000000000000e+00  -3.04601842689052e-01
6.72500000000000e+00  -3.04258796902692e-01
6.75000000000000e+00  -3.00439918411993e-01
6.77500000000000e+00  -2.93123854815491e-01
6.80000000000000e+00  -2.82331753148853e-01
6.82500000000000e+00  -2.68128299261489e-01
6.85000000000000e+00  -2.50622757193176e-01
6.87500000000000e+00  -2.29949683594661e-01
6.90000000000000e+00  -2.06233389025967e-01
6.92500000000000e+00  -1.79757538506920e-01
6.95000000000000e+00  -1.50764633150701e-01
6.97500000000000e+00  -1.19528081845174e-01
7.00000000000000e+00  -8.63492439684670e-02
7.02500000000000e+00  -5.15544721045373e-02
7.05000000000000e+00  -1.54921547587579e-02
7.07500000000000e+00  2.14702409265197e-02
7.10000000000000e+00  5.89491264563861e-02
7.12500000000000e+00  9.65477492677944e-02
7.15000000000000e+00  1.33859150013998e-01
7.17500000000000e+00  1.70469119848962e-01
7.20000000000000e+00  2.06003531735611e-01
7.22500000000000e+00  2.40065415815054e-01
7.25000000000000e+00  2.72293368864058e-01
7.27500000000000e+00  3.02351998883175e-01
7.30000000000000e+00  3.29926617595934e-01
7.32500000000000e+00  3.54725842480376e-01
7.35000000000000e+00  3.76484198800611e-01
7.37500000000000e+00  3.94964721638351e-01
7.40000000000000e+00  4.09961557924464e-01
7.42500000000000e+00  4.21302568470513e-01
7.45000000000000e+00  4.28851930000300e-01
7.47500000000000e+00  4.32512737181417e-01
7.50000000000000e+00  4.32286157947969e-01
7.52500000000000e+00  4.28080652271524e-01
7.55000000000000e+00  4.20048259435708e-01
7.57500000000000e+00  4.08249454261443e-01
7.60000000000000e+00  3.92790029712666e-01
7.62500000000000e+00  3.73818030931227e-01
7.65000000000000e+00  3.51520689271796e-01
7.67500000000000e+00  3.26121356336763e-01
7.70000000000000e+00  2.97876438011138e-01
7.72500000000000e+00  2.67072328497450e-01
7.75000000000000e+00  2.34022344350659e-01
7.77500000000000e+00  1.99063658513045e-01
7.80000000000000e+00  1.62554234349120e-01
7.82500000000000e+00  1.24852909323785e-01
7.85000000000000e+00  8.63137023585689e-02
7.87500000000000e+00  4.73195619219025e-02
7.90000000000000e+00  8.23165835463526e-03
7.92500000000000e+00  -3.05887655892072e-02
7.95000000000000e+00  -6.87838497433334e-02
7.97500000000000e+00  -1.06002571530113e-01
8.00000000000000e+00  -1.41904200961477e-01
8.02500000000000e+00  -1.76161755639847e-01
8.05000000000000e+00  -2.08465455759037e-01
8.07500000000000e+00  -2.38526179105177e-01
8.10000000000000e+00  -2.66078916057623e-01
8.12500000000000e+00  -2.90894192549335e-01
8.15000000000000e+00  -3.12829435456195e-01
8.17500000000000e+00  -3.31662668878460e-01
8.20000000000000e+00  -3.47253696837433e-01
8.22500000000000e+00  -3.59492455934077e-01
8.25000000000000e+00  -3.68298722913004e-01
8.27500000000000e+00  -3.73621822226458e-01
8.30000000000000e+00  -3.75440333598300e-01
8.32500000000000e+00  -3.73761799587998e-01
8.35000000000000e+00  -3.68622433154608e-01
8.37500000000000e+00  -3.60086825220761e-01
8.40000000000000e+00  -3.48247652236652e-01
8.42500000000000e+00  -3.33225383744023e-01
8.45000000000000e+00  -3.15154541126869e-01
8.47500000000000e+00  -2.94195231431411e-01
8.50000000000000e+00  -2.70525833410054e-01
8.52500000000000e+00  -2.44339563693391e-01
8.55000000000000e+00  -2.15845161005044e-01
8.57500000000000e+00  -1.85264399044762e-01
8.60000000000000e+00  -1.52829599371505e-01
8.62500000000000e+00  -1.18781144286516e-01
8.65000000000000e+00  -8.33649897164266e-02
8.67500000000000e+00  -4.68301780963293e-02
8.70000000000000e+00  -9.42635125286966e-03
8.72500000000000e+00  2.85987367126747e-02
8.75000000000000e+00  6.69779205032859e-02
8.77500000000000e+00  1.05514558252258e-01
8.80000000000000e+00  1.43935555670576e-01
8.82500000000000e+00  1.82015932414595e-01
8.85000000000000e+00  2.19539158683699e-01
8.87500000000000e+00  2.56298258042633e-01
8.90000000000000e+00  2.92096910243800e-01
8.92500000000000e+00  3.26750554049589e-01
8.95000000000000e+00  3.60087490054699e-01
8.97500000000000e+00  3.91949983508446e-01
9.00000000000000e+00  4.22195367137095e-01
9.02500000000000e+00  4.50697143966162e-01
9.05000000000000e+00  4.77346090142744e-01
9.07500000000000e+00  5.02044403702038e-01
9.10000000000000e+00  5.24711713101773e-01
9.12500000000000e+00  5.45284520364808e-01
9.15000000000000e+00  5.63711234029522e-01
9.17500000000000e+00  5.79956616837060e-01
9.20000000000000e+00  5.94000683012261e-01
9.22500000000000e+00  6.05837595544603e-01
9.25000000000000e+00  6.15474563469141e-01
9.27500000000000e+00  6.22930739147439e-01
9.30000000000000e+00  6.28236115548513e-01
9.32500000000000e+00  6.31430423529765e-01
9.35000000000000e+00  6.32562029117926e-01
9.37500000000000e+00  6.31689372338408e-01
9.40000000000000e+00  6.28918190178245e-01
9.42500000000000e+00  6.24284713493654e-01
9.45000000000000e+00  6.17878641393925e-01
9.47500000000000e+00  6.09793239518092e-01
9.50000000000000e+00  6.00124727908483e-01
9.52500000000000e+00  5.88971668884253e-01
9.55000000000000e+00  5.76434354914930e-01
9.57500000000000e+00  5.62614196493949e-01
9.60000000000000e+00  5.47613110012201e-01
9.62500000000000e+00  5.31532905631564e-01
9.65000000000000e+00  5.14474675158446e-01
9.67500000000000e+00  4.96538179917330e-01
9.70000000000000e+00  4.77821238624310e-01
9.72500000000000e+00  4.58419115260632e-01
9.75000000000000e+00  4.38423906946233e-01
9.77500000000000e+00  4.17923931813282e-01
9.80000000000000e+00  3.97003116879722e-01
9.82500000000000e+00  3.75740385922810e-01
9.85000000000000e+00  3.54209047352654e-01
9.87500000000000e+00  3.32476182085759e-01
9.90000000000000e+00  3.10602031418556e-01
9.92500000000000e+00  2.88639384900959e-01
9.95000000000000e+00  2.66632968209892e-01
9.97500000000000e+00  2.44618831022833e-01
1.00000000000000e+01  2.22623734891365e-01
