0.00000000000000e+00  1.72167983643146e-01
2.50000000000000e-02  1.88966335616310e-01
5.00000000000000e-02  2.05621971277003e-01
7.50000000000000e-02  2.22070689732732e-01
1.00000000000000e-01  2.38237114226502e-01
1.25000000000000e-01  2.54036178831645e-01
1.50000000000000e-01  2.69374615146647e-01
1.75000000000000e-01  2.84152438989975e-01
2.00000000000000e-01  2.98264437094915e-01
2.25000000000000e-01  3.11601653804393e-01
2.50000000000000e-01  3.24052877765814e-01
2.75000000000000e-01  3.35506128625883e-01
3.00000000000000e-01  3.45850143725442e-01
3.25000000000000e-01  3.54978746769992e-01
3.50000000000000e-01  3.62789860067527e-01
3.75000000000000e-01  3.69187716297463e-01
4.00000000000000e-01  3.74081907139558e-01
4.25000000000000e-01  3.77390716725608e-01
4.50000000000000e-01  3.79040402379047e-01
4.75000000000000e-01  3.78964475354538e-01
5.00000000000000e-01  3.77102981577581e-01
5.25000000000000e-01  3.73401782384100e-01
5.50000000000000e-01  3.67811835260051e-01
5.75000000000000e-01  3.60288474581014e-01
6.00000000000000e-01  3.50790692351791e-01
6.25000000000000e-01  3.39553322562985e-01
6.50000000000000e-01  3.26007816941583e-01
6.75000000000000e-01  3.10724053873290e-01
7.00000000000000e-01  2.93679219141573e-01
7.25000000000000e-01  2.74885417324645e-01
7.50000000000000e-01  2.54387494828287e-01
7.75000000000000e-01  2.32260862918682e-01
8.00000000000000e-01  2.08609320755234e-01
8.25000000000000e-01  1.83562878423397e-01
8.50000000000000e-01  1.57275579967503e-01
8.75000000000000e-01  1.29923326423587e-01
9.00000000000000e-01  1.01701698852211e-01
9.25000000000000e-01  7.28237813712977e-02
9.50000000000000e-01  4.34972580701639e-02
9.75000000000000e-01  1.39474190836593e-02
1.00000000000000e+00  -1.55952254821709e-02
1.02500000000000e+00  -4.49046712760147e-02
1.05000000000000e+00  -7.37496418924331e-02
1.07500000000000e+00  -1.01892336788369e-01
1.10000000000000e+00  -1.29087179199644e-01
1.12500000000000e+00  -1.55079564057476e-01
1.15000000000000e+00  -1.79604605904973e-01
1.17500000000000e+00  -2.02385886813647e-01
1.20000000000000e+00  -2.23134204299917e-01
1.22500000000000e+00  -2.41546319241613e-01
1.25000000000000e+00  -2.57872204017746e-01
1.27500000000000e+00  -2.70775007118849e-01
1.30000000000000e+00  -2.81134663620167e-01
1.32500000000000e+00  -2.88636896229722e-01
1.35000000000000e+00  -2.93032554556381e-01
1.37500000000000e+00  -2.94134013088536e-01
1.40000000000000e+00  -2.91811569172785e-01
1.42500000000000e+00  -2.85989840992609e-01
1.45000000000000e+00  -2.76644165547052e-01
1.47500000000000e+00  -2.63796996629402e-01
1.50000000000000e+00  -2.47514302805869e-01
1.52500000000000e+00  -2.27901965394266e-01
1.55000000000000e+00  -2.05102176442688e-01
1.57500000000000e+00  -1.79269327426095e-01
1.60000000000000e+00  -1.50610731466059e-01
1.62500000000000e+00  -1.19344675297661e-01
1.65000000000000e+00  -8.57220298946298e-02
1.67500000000000e+00  -5.00186532137923e-02
1.70000000000000e+00  -1.25400866838478e-02
1.72500000000000e+00  2.63737483058425e-02
1.75000000000000e+00  6.63438539164852e-02
1.77500000000000e+00  1.06947459371067e-01
1.80000000000000e+00  1.47713324465577e-01
1.82500000000000e+00  1.88117043080227e-01
1.85000000000000e+00  2.27576346690669e-01
1.87500000000000e+00  2.66054495450491e-01
1.90000000000000e+00  3.02629389722327e-01
1.92500000000000e+00  3.37231484338644e-01
1.95000000000000e+00  3.69360542317738e-01
1.97500000000000e+00  3.98554385419215e-01
2.00000000000000e+00  4.24392307010258e-01
2.02500000000000e+00  4.46498484931886e-01
2.05000000000000e+00  4.64544439910897e-01
2.07500000000000e+00  4.78250692012306e-01
2.10000000000000e+00  4.87387333061448e-01
2.12500000000000e+00  4.91774370720248e-01
2.15000000000000e+00  4.91280266079956e-01
2.17500000000000e+00  4.85820219659363e-01
2.20000000000000e+00  4.75354824601928e-01
2.22500000000000e+00  4.59942768326604e-01
2.25000000000000e+00  4.39724771782607e-01
2.27500000000000e+00  4.14796744724184e-01
2.30000000000000e+00  3.85378597486367e-01
2.32500000000000e+00  3.51779765187584e-01
2.35000000000000e+00  3.14367339773889e-01
2.37500000000000e+00  2.73552737463670e-01
2.40000000000000e+00  2.29782885509008e-01
2.42500000000000e+00  1.83543153395355e-01
2.45000000000000e+00  1.35371989714958e-01
2.47500000000000e+00  8.58900210585068e-02
2.50000000000000e+00  3.56369140882033e-02
2.52500000000000e+00  -1.46557203319895e-02
2.55000000000000e+00  -6.44750238684976e-02
2.57500000000000e+00  -1.13180288447560e-01
2.60000000000000e+00  -1.60138893862682e-01
2.62500000000000e+00  -2.04733965951279e-01
2.65000000000000e+00  -2.46372034771330e-01
2.67500000000000e+00  -2.84491542760194e-01
2.70000000000000e+00  -3.18573849251583e-01
2.72500000000000e+00  -3.48153268380230e-01
2.75000000000000e+00  -3.72831389178775e-01
2.77500000000000e+00  -3.92287321987075e-01
2.80000000000000e+00  -4.06287161785850e-01
2.82500000000000e+00  -4.14632058793315e-01
2.85000000000000e+00  -4.17214653903274e-01
2.87500000000000e+00  -4.14042546254051e-01
2.90000000000000e+00  -4.05134730236602e-01
2.92500000000000e+00  -3.90619988898232e-01
2.95000000000000e+00  -3.70720922857055e-01
2.97500000000000e+00  -3.45740186954426e-01
3.00000000000000e+00  -3.16062681501912e-01
3.02500000000000e+00  -2.82151741997794e-01
3.05000000000000e+00  -2.44554292232951e-01
3.07500000000000e+00  -2.03903342660757e-01
3.10000000000000e+00  -1.60906751349978e-01
3.12500000000000e+00  -1.15884639743245e-01
3.15000000000000e+00  -7.05243519676667e-02
3.17500000000000e+00  -2.46128567297984e-02
3.20000000000000e+00  2.09457283640825e-02
3.22500000000000e+00  6.52828934273029e-02
3.25000000000000e+00  1.07572597571114e-01
3.27500000000000e+00  1.47038130183004e-01
3.30000000000000e+00  1.82963284142229e-01
3.32500000000000e+00  2.14702863605367e-01
3.35000000000000e+00  2.41684507690768e-01
3.37500000000000e+00  2.63413313476867e-01
3.40000000000000e+00  2.79461046872132e-01
3.42500000000000e+00  2.89453216521190e-01
3.45000000000000e+00  2.93120943617821e-01
3.47500000000000e+00  2.90284024399706e-01
3.50000000000000e+00  2.80823161243149e-01
3.52500000000000e+00  2.64751317966098e-01
3.55000000000000e+00  2.42176782496403e-01
3.57500000000000e+00  2.13309809523977e-01
3.60000000000000e+00  1.78469874365919e-01
3.62500000000000e+00  1.38094525416130e-01
3.65000000000000e+00  9.27342691125009e-02
3.67500000000000e+00  4.30439236366933e-02
3.70000000000000e+00  -1.02408202378426e-02
3.72500000000000e+00  -6.63419390799002e-02
3.75000000000000e+00  -1.25412330223128e-01
3.77500000000000e+00  -1.84040344877047e-01
3.80000000000000e+00  -2.43583358065143e-01
3.82500000000000e+00  -3.02930806772827e-01
3.85000000000000e+00  -3.60981764831078e-01
3.87500000000000e+00  -4.16680326107641e-01
3.90000000000000e+00  -4.69050987698214e-01
3.92500000000000e+00  -5.17225692487349e-01
3.95000000000000e+00  -5.60450877763742e-01
3.97500000000000e+00  -5.98083357165408e-01
4.00000000000000e+00  -6.29564811668534e-01
4.02500000000000e+00  -6.54390220508564e-01
4.05000000000000e+00  -6.72076517265533e-01
4.07500000000000e+00  -6.82407612241928e-01
4.10000000000000e+00  -6.85177742747580e-01
4.12500000000000e+00  -6.80151689985336e-01
4.15000000000000e+00  -6.67499512829029e-01
4.17500000000000e+00  -6.47360832590241e-01
4.20000000000000e+00  -6.19925569530900e-01
4.22500000000000e+00  -5.85508485590386e-01
4.25000000000000e+00  -5.44583639550488e-01
4.27500000000000e+00  -4.97810050143505e-01
4.30000000000000e+00  -4.46032629323342e-01
4.32500000000000e+00  -3.90254351190272e-01
4.35000000000000e+00  -3.31561040225029e-01
4.37500000000000e+00  -2.68993163642647e-01
4.40000000000000e+00  -2.07354420386363e-01
4.42500000000000e+00  -1.44334691125247e-01
4.45000000000000e+00  -8.13903017083364e-02
4.47500000000000e+00  -1.98278854249298e-02
4.50000000000000e+00  3.91946223547282e-02
4.52500000000000e+00  9.46669895387500e-02
4.55000000000000e+00  1.45718204809632e-01
4.57500000000000e+00  1.91603833644713e-01
4.60000000000000e+00  2.31692491564523e-01
4.62500000000000e+00  2.65449127840645e-01
4.65000000000000e+00  2.92417865377732e-01
4.67500000000000e+00  3.12204782701522e-01
4.70000000000000e+00  3.24632904529275e-01
4.72500000000000e+00  3.29616178390777e-01
4.75000000000000e+00  3.27060952774742e-01
4.77500000000000e+00  3.17209208926412e-01
4.80000000000000e+00  3.00334155941892e-01
4.82500000000000e+00  2.76793027900414e-01
4.85000000000000e+00  2.47075159993590e-01
4.87500000000000e+00  2.11816654196205e-01
4.90000000000000e+00  1.71810246535017e-01
4.92500000000000e+00  1.27994838385592e-01
4.95000000000000e+00  8.14283405527829e-02
4.97500000000000e+00  3.32409010745253e-02
5.00000000000000e+00  -1.70953813849846e-02
5.02500000000000e+00  -6.57050461544700e-02
5.05000000000000e+00  -1.13780858628449e-01
5.07500000000000e+00  -1.60169022515033e-01
5.10000000000000e+00  -2.03738815387307e-01
5.12500000000000e+00  -2.43430664545112e-01
5.15000000000000e+00  -2.78304222876857e-01
5.17500000000000e+00  -3.07566681498197e-01
5.20000000000000e+00  -3.30583502293824e-01
5.22500000000000e+00  -3.46868235479536e-01
5.25000000000000e+00  -3.56066534329597e-01
5.27500000000000e+00  -3.57906388718198e-01
5.30000000000000e+00  -3.52143644262947e-01
5.32500000000000e+00  -3.38883009691217e-01
5.35000000000000e+00  -3.18213641276390e-01
5.37500000000000e+00  -2.90294706304102e-01
5.40000000000000e+00  -2.55539383173572e-01
5.42500000000000e+00  -2.14409626007506e-01
5.45000000000000e+00  -1.67438569981064e-01
5.47500000000000e+00  -1.15253158440423e-01
5.50000000000000e+00  -5.85977912937364e-02
5.52500000000000e+00  1.65108285456599e-03
5.55000000000000e+00  6.44717131263170e-02
5.57500000000000e+00  1.28694451427251e-01
5.60000000000000e+00  1.93017265510702e-01
5.62500000000000e+00  2.58072867809700e-01
5.65000000000000e+00  3.19938880063250e-01
5.67500000000000e+00  3.80017761715106e-01
5.70000000000000e+00  4.37201918569764e-01
5.72500000000000e+00  4.90400452312342e-01
5.75000000000000e+00  5.38609341358488e-01
5.77500000000000e+00  5.80981621704325e-01
5.80000000000000e+00  6.16855018858845e-01
5.82500000000000e+00  6.45752762490255e-01
5.85000000000000e+00  6.67357611807947e-01
5.87500000000000e+00  6.81479687878759e-01
5.90000000000000e+00  6.87979802471246e-01
5.92500000000000e+00  6.86685966091627e-01
5.95000000000000e+00  6.77829702523347e-01
5.97500000000000e+00  6.61624738710440e-01
6.00000000000000e+00  6.38242632869984e-01
6.02500000000000e+00  6.08215002751843e-01
6.05000000000000e+00  5.72050146842275e-01
6.07500000000000e+00  5.30289769169094e-01
6.10000000000000e+00  4.83562858616009e-01
6.12500000000000e+00  4.32616271755294e-01
6.15000000000000e+00  3.78324550216316e-01
6.17500000000000e+00  3.21680416639864e-01
6.20000000000000e+00  2.63755322962340e-01
6.22500000000000e+00  2.05624168473525e-01
6.25000000000000e+00  1.47334755521797e-01
6.27500000000000e+00  9.06414166094926e-02
6.30000000000000e+00  3.58898200372664e-02
6.32500000000000e+00  -1.60811933658014e-02
6.35000000000000e+00  -6.44763618573265e-02
6.37500000000000e+00  -1.08563110019379e-01
6.40000000000000e+00  -1.47690655996273e-01
6.42500000000000e+00  -1.81307750025471e-01
6.45000000000000e+00  -2.08976922756354e-01
6.47500000000000e+00  -2.30376666225926e-01
6.50000000000000e+00  -2.45305607466223e-01
6.52500000000000e+00  -2.53664892306231e-01
6.55000000000000e+00  -2.55437509177144e-01
6.57500000000000e+00  -2.50737250054564e-01
6.60000000000000e+00  -2.39761436747651e-01
6.62500000000000e+00  -2.22790834165767e-01
6.65000000000000e+00  -2.00173896461626e-01
6.67500000000000e+00  -1.72341565387032e-01
6.70000000000000e+00  -1.39800707783862e-01
6.72500000000000e+00  -1.03128076818938e-01
6.75000000000000e+00  -6.29678069599390e-02
6.77500000000000e+00  -2.00287836606059e-02
6.80000000000000e+00  2.49159732199105e-02
6.82500000000000e+00  7.10287620034145e-02
6.85000000000000e+00  1.17405275302978e-01
6.87500000000000e+00  1.63729559343202e-01
6.90000000000000e+00  2.08576572833831e-01
6.92500000000000e+00  2.51861098828256e-01
6.95000000000000e+00  2.92777614473295e-01
6.97500000000000e+00  3.30599876375386e-01
7.00000000000000e+00  3.64684754510685e-01
7.02500000000000e+00  3.94476066135189e-01
7.05000000000000e+00  4.19505516398566e-01
7.07500000000000e+00  4.39393016830657e-01
7.10000000000000e+00  4.53845522196277e-01
7.12500000000000e+00  4.62656210478117e-01
7.15000000000000e+00  4.65700127994003e-01
7.17500000000000e+00  4.62929293648427e-01
7.20000000000000e+00  4.54365650980496e-01
7.22500000000000e+00  4.40113347690224e-01
7.25000000000000e+00  4.20331745306550e-01
7.27500000000000e+00  3.95311956542655e-01
7.30000000000000e+00  3.65379028113820e-01
7.32500000000000e+00  3.30912396109326e-01
7.35000000000000e+00  2.92362799913714e-01
7.37500000000000e+00  2.50245432247980e-01
7.40000000000000e+00  2.05135562305685e-01
7.42500000000000e+00  1.57651148157826e-01
7.45000000000000e+00  1.08429955840867e-01
7.47500000000000e+00  5.80993141726966e-02
7.50000000000000e+00  7.05885876744269e-03
7.52500000000000e+00  -4.36045976794710e-02
7.55000000000000e+00  -9.36998809735611e-02
7.57500000000000e+00  -1.42490024399069e-01
7.60000000000000e+00  -1.89353674909595e-01
7.62500000000000e+00  -2.33754090902567e-01
7.65000000000000e+00  -2.75208139993745e-01
7.67500000000000e+00  -3.13269738014194e-01
7.70000000000000e+00  -3.47526096527525e-01
7.72500000000000e+00  -3.77607066567922e-01
7.75000000000000e+00  -4.03199871789933e-01
7.77500000000000e+00  -4.24084076901874e-01
7.80000000000000e+00  -4.40169341233617e-01
7.82500000000000e+00  -4.51309117768537e-01
7.85000000000000e+00  -4.57443627887208e-01
7.87500000000000e+00  -4.58612818009097e-01
7.90000000000000e+00  -4.54900731896542e-01
7.92500000000000e+00  -4.46438512717377e-01
7.95000000000000e+00  -4.33406017904640e-01
7.97500000000000e+00  -4.16033169105204e-01
8.00000000000000e+00  -3.94599381232032e-01
8.02500000000000e+00  -3.69432770404027e-01
8.05000000000000e+00  -3.40908208271218e-01
8.07500000000000e+00  -3.09444578264614e-01
8.10000000000000e+00  -2.75501157526524e-01
8.12500000000000e+00  -2.38989238990389e-01
8.15000000000000e+00  -2.01760592153854e-01
8.17500000000000e+00  -1.62950146179842e-01
8.20000000000000e+00  -1.23197165766599e-01
8.22500000000000e+00  -8.30802218954925e-02
8.25000000000000e+00  -4.31215543731876e-02
8.27500000000000e+00  -3.79143437385351e-03
8.30000000000000e+00  3.44874730186614e-02
8.32500000000000e+00  7.13357462686462e-02
8.35000000000000e+00  1.06412844846327e-01
8.37500000000000e+00  1.39412746685699e-01
8.40000000000000e+00  1.70059585642320e-01
8.42500000000000e+00  1.98103288951135e-01
8.45000000000000e+00  2.23324954685310e-01
8.47500000000000e+00  2.45517701941818e-01
8.50000000000000e+00  2.64527946129191e-01
8.52500000000000e+00  2.80213749876096e-01
8.55000000000000e+00  2.92469876392782e-01
8.57500000000000e+00  3.01231210613673e-01
8.60000000000000e+00  3.06476180339982e-01
8.62500000000000e+00  3.08230177382313e-01
8.65000000000000e+00  3.06568978703266e-01
8.67500000000000e+00  3.01622167560045e-01
8.70000000000000e+00  2.93576554647061e-01
8.72500000000000e+00  2.82679599238537e-01
8.75000000000000e+00  2.68682610585751e-01
8.77500000000000e+00  2.52400981200076e-01
8.80000000000000e+00  2.33477163580365e-01
8.82500000000000e+00  2.12228974345326e-01
8.85000000000000e+00  1.88959246576698e-01
8.87500000000000e+00  1.63957031723273e-01
8.90000000000000e+00  1.37498801504941e-01
8.92500000000000e+00  1.09849649816720e-01
8.95000000000000e+00  8.12644946327806e-02
8.97500000000000e+00  5.19892799104956e-02
9.00000000000000e+00  2.22621774944533e-02
9.02500000000000e+00  -7.68521097949063e-03
9.05000000000000e+00  -3.76266521801903e-02
9.07500000000000e+00  -6.73314040814648e-02
9.10000000000000e+00  -9.65739873506296e-02
9.12500000000000e+00  -1.25146657740096e-01
9.15000000000000e+00  -1.52836307656625e-01
9.17500000000000e+00  -1.79447378264519e-01
9.20000000000000e+00  -2.04804018543894e-01
9.22500000000000e+00  -2.28752244348957e-01
9.25000000000000e+00  -2.51162097466300e-01
9.27500000000000e+00  -2.71929804673159e-01
9.30000000000000e+00  -2.90979936795709e-01
9.32500000000000e+00  -3.08267567767337e-01
9.35000000000000e+00  -3.23780433686925e-01
9.37500000000000e+00  -3.37267274682985e-01
9.40000000000000e+00  -3.48984144360273e-01
9.42500000000000e+00  -3.58674468742037e-01
9.45000000000000e+00  -3.66377455930842e-01
9.47500000000000e+00  -3.72135015396350e-01
9.50000000000000e+00  -3.75992515260466e-01
9.52500000000000e+00  -3.77999539582463e-01
9.55000000000000e+00  -3.78210645644132e-01
9.57500000000000e+00  -3.76686121234908e-01
9.60000000000000e+00  -3.73492741937018e-01
9.62500000000000e+00  -3.68704528410610e-01
9.65000000000000e+00  -3.62403503678894e-01
9.67500000000000e+00  -3.54680450413281e-01
9.70000000000000e+00  -3.45631412061351e-01
9.72500000000000e+00  -3.35358810244616e-01
9.75000000000000e+00  -3.23969183708334e-01
9.77500000000000e+00  -3.11574113546474e-01
9.80000000000000e+00  -2.98285888362266e-01
9.82500000000000e+00  -2.84215988206286e-01
9.85000000000000e+00  -2.69473568514537e-01
9.87500000000000e+00  -2.54163944046536e-01
9.90000000000000e+00  -2.38387072823392e-01
9.92500000000000e+00  -2.22236040065896e-01
9.95000000000000e+00  -2.05795542132602e-01
9.97500000000000e+00  -1.89140370457904e-01
1.00000000000000e+01  -1.72333895490141e-01
