0.00000000000000e+00  -1.90520263613368e-01
2.50000000000000e-02  -2.04196652826827e-01
5.00000000000000e-02  -2.17250540545772e-01
7.50000000000000e-02  -2.29684841042678e-01
1.00000000000000e-01  -2.41514796649695e-01
1.25000000000000e-01  -2.52765417792827e-01
1.50000000000000e-01  -2.63468923026110e-01
1.75000000000000e-01  -2.73662179065791e-01
2.00000000000000e-01  -2.83384140824511e-01
2.25000000000000e-01  -2.92673291445479e-01
2.50000000000000e-01  -3.01565082336656e-01
2.75000000000000e-01  -3.10089373204934e-01
3.00000000000000e-01  -3.18267872090314e-01
3.25000000000000e-01  -3.26109221597175e-01
3.50000000000000e-01  -3.33610174596153e-01
3.75000000000000e-01  -3.40753057048488e-01
4.00000000000000e-01  -3.47514183762993e-01
4.25000000000000e-01  -3.53855471972032e-01
4.50000000000000e-01  -3.59730435167334e-01
4.75000000000000e-01  -3.65090176935820e-01
5.00000000000000e-01  -3.69889384795427e-01
5.25000000000000e-01  -3.74092324030925e-01
5.50000000000000e-01  -3.77678831529744e-01
5.75000000000000e-01  -3.80650309617797e-01
6.00000000000000e-01  -3.83035719895300e-01
6.25000000000000e-01  -3.84039775544391e-01
6.50000000000000e-01  -3.85444136780145e-01
6.75000000000000e-01  -3.85498760895299e-01
7.00000000000000e-01  -3.84359808286637e-01
7.25000000000000e-01  -3.82129032488606e-01
7.50000000000000e-01  -3.78860965909081e-01
7.75000000000000e-01  -3.74570105565123e-01
8.00000000000000e-01  -3.69238098818733e-01
8.25000000000000e-01  -3.62820929112611e-01
8.50000000000000e-01  -3.55256101705918e-01
8.75000000000000e-01  -3.46469829410032e-01
9.00000000000000e-01  -3.36384218324305e-01
9.25000000000000e-01  -3.24924453571823e-01
9.50000000000000e-01  -3.12069794824070e-01
9.75000000000000e-01  -2.97794636197482e-01
1.00000000000000e+00  -2.82104838777926e-01
1.02500000000000e+00  -2.65044372003524e-01
1.05000000000000e+00  -2.46678035238937e-01
1.07500000000000e+00  -2.27079511475660e-01
1.10000000000000e+00  -2.06319421032327e-01
1.12500000000000e+00  -1.84453375255005e-01
1.15000000000000e+00  -1.61510030217499e-01
1.17500000000000e+00  -1.37479140421653e-01
1.20000000000000e+00  -1.12299612497643e-01
1.22500000000000e+00  -8.58475589042831e-02
1.25000000000000e+00  -5.97347884286228e-02
1.27500000000000e+00  -3.04570758908243e-02
1.30000000000000e+00  -1.51974506929719e-03
1.32500000000000e+00  2.74048786778306e-02
1.35000000000000e+00  5.65068693274091e-02
1.37500000000000e+00  8.58570715054866e-02
1.40000000000000e+00  1.15425471801518e-01
1.42500000000000e+00  1.45099570082575e-01
1.45000000000000e+00  1.74702750807569e-01
1.47500000000000e+00  2.04012654341451e-01
1.50000000000000e+00  2.32779548269432e-01
1.52500000000000e+00  2.60744698711195e-01
1.55000000000000e+00  2.87658741635104e-01
1.57500000000000e+00  3.13328333321582e-01
1.60000000000000e+00  3.37520368300416e-01
1.62500000000000e+00  3.60093810242200e-01
1.65000000000000e+00  3.80892023382120e-01
1.67500000000000e+00  3.99802143041545e-01
1.70000000000000e+00  4.16729980521384e-01
1.72500000000000e+00  4.31574927995448e-01
1.75000000000000e+00  4.44204863403811e-01
1.77500000000000e+00  4.54431055346171e-01
1.80000000000000e+00  4.61983067975212e-01
1.82500000000000e+00  4.66483665889964e-01
1.85000000000000e+00  4.67423719029162e-01
1.87500000000000e+00  4.66076072338523e-01
1.90000000000000e+00  4.60805442031666e-01
1.92500000000000e+00  4.52843091733684e-01
1.95000000000000e+00  4.41948303337695e-01
1.97500000000000e+00  4.27983291902798e-01
2.00000000000000e+00  4.10900787573319e-01
2.02500000000000e+00  3.90731617498073e-01
2.05000000000000e+00  3.67572287749607e-01
2.07500000000000e+00  3.41572565243462e-01
2.10000000000000e+00  3.12923059657420e-01
2.12500000000000e+00  2.81842805350758e-01
2.15000000000000e+00  2.48566843283506e-01
2.17500000000000e+00  2.13333802935690e-01
2.20000000000000e+00  1.76353221942072e-01
2.22500000000000e+00  1.37979898323049e-01
2.25000000000000e+00  9.86555924281413e-02
2.27500000000000e+00  5.85016790705447e-02
2.30000000000000e+00  1.78517289047326e-02
2.32500000000000e+00  -2.28570078149806e-02
2.35000000000000e+00  -6.31825482920669e-02
2.37500000000000e+00  -1.02710399742851e-01
2.40000000000000e+00  -1.41073495440588e-01
2.42500000000000e+00  -1.77931271787832e-01
2.45000000000000e+00  -2.12910334131626e-01
2.47500000000000e+00  -2.45494852125210e-01
2.50000000000000e+00  -2.75626405083809e-01
2.52500000000000e+00  -3.02349025223443e-01
2.55000000000000e+00  -3.25972406064539e-01
2.57500000000000e+00  -3.46157570205124e-01
2.60000000000000e+00  -3.62625094079332e-01
2.62500000000000e+00  -3.75148404790495e-01
2.65000000000000e+00  -3.83547076944231e-01
2.67500000000000e+00  -3.87685258798265e-01
2.70000000000000e+00  -3.87478013039738e-01
2.72500000000000e+00  -3.82899368676834e-01
2.75000000000000e+00  -3.73999703461304e-01
2.77500000000000e+00  -3.60920922851765e-01
2.80000000000000e+00  -3.43910921383283e-01
2.82500000000000e+00  -3.23142921155136e-01
2.85000000000000e+00  -2.98871455832781e-01
2.87500000000000e+00  -2.71485911799759e-01
2.90000000000000e+00  -2.41234920251281e-01
2.92500000000000e+00  -2.08460759523961e-01
2.95000000000000e+00  -1.73562101922684e-01
2.97500000000000e+00  -1.36962944517814e-01
3.00000000000000e+00  -9.91257382782822e-02
3.02500000000000e+00  -6.05515253723588e-02
3.05000000000000e+00  -2.18048777707439e-02
3.07500000000000e+00  1.64638643853947e-02
3.10000000000000e+00  5.35215976495005e-02
3.12500000000000e+00  9.01867261302863e-02
3.15000000000000e+00  1.22579680557564e-01
3.17500000000000e+00  1.53541634537482e-01
3.20000000000000e+00  1.82111050865904e-01
3.22500000000000e+00  2.07508182141192e-01
3.25000000000000e+00  2.29114423608818e-01
3.27500000000000e+00  2.46451666005961e-01
3.30000000000000e+00  2.59176134768005e-01
3.32500000000000e+00  2.67072384260122e-01
3.35000000000000e+00  2.70029450785783e-01
3.37500000000000e+00  2.68022645440348e-01
3.40000000000000e+00  2.61064473553845e-01
3.42500000000000e+00  2.49151423430561e-01
3.45000000000000e+00  2.32381681686036e-01
3.47500000000000e+00  2.10890313591707e-01
3.50000000000000e+00  1.84768775192375e-01
3.52500000000000e+00  1.54253768002980e-01
3.55000000000000e+00  1.19608465158371e-01
3.57500000000000e+00  8.11485467057941e-02
3.60000000000000e+00  3.92688433687907e-02
3.62500000000000e+00  -5.53106439273069e-03
3.65000000000000e+00  -5.26488626065937e-02
3.67500000000000e+00  -1.01391104043129e-01
3.70000000000000e+00  -1.51015530689758e-01
3.72500000000000e+00  -2.00803989296057e-01
3.75000000000000e+00  -2.52958453260561e-01
3.77500000000000e+00  -2.99471944533736e-01
3.80000000000000e+00  -3.46117666309592e-01
3.82500000000000e+00  -3.91697195617500e-01
3.85000000000000e+00  -4.35031967992297e-01
3.87500000000000e+00  -4.75047082152913e-01
3.90000000000000e+00  -5.10855104680978e-01
3.92500000000000e+00  -5.41805627969973e-01
3.95000000000000e+00  -5.67477322401396e-01
3.97500000000000e+00  -5.87634089181870e-01
4.00000000000000e+00  -6.02126698965454e-01
4.02500000000000e+00  -6.10765178053967e-01
4.05000000000000e+00  -6.13189558283643e-01
4.07500000000000e+00  -6.09603953210036e-01
4.10000000000000e+00  -5.99962524780710e-01
4.12500000000000e+00  -5.83875832696686e-01
4.15000000000000e+00  -5.61878413726615e-01
4.17500000000000e+00  -5.34128188319866e-01
4.20000000000000e+00  -5.00657685638838e-01
4.22500000000000e+00  -4.61608129378904e-01
4.25000000000000e+00  -4.17350536274803e-01
4.27500000000000e+00  -3.68574496812953e-01
4.30000000000000e+00  -3.16304723489193e-01
4.32500000000000e+00  -2.61829696908792e-01
4.35000000000000e+00  -2.06492022082685e-01
4.37500000000000e+00  -1.45723911758891e-01
4.40000000000000e+00  -9.11624475646675e-02
4.42500000000000e+00  -3.42420800450910e-02
4.45000000000000e+00  2.28664894514319e-02
4.47500000000000e+00  7.84418477082688e-02
4.50000000000000e+00  1.31150959351102e-01
4.52500000000000e+00  1.79988256558452e-01
4.55000000000000e+00  2.24214728772198e-01
4.57500000000000e+00  2.63297012408115e-01
4.60000000000000e+00  2.96846480566394e-01
4.62500000000000e+00  3.24558332742165e-01
4.65000000000000e+00  3.46150684536038e-01
4.67500000000000e+00  3.61303657364612e-01
4.70000000000000e+00  3.69962588068971e-01
4.72500000000000e+00  3.72116312776420e-01
4.75000000000000e+00  3.67448342830363e-01
4.77500000000000e+00  3.56338451460781e-01
4.80000000000000e+00  3.38980646496502e-01
4.82500000000000e+00  3.15555785077338e-01
4.85000000000000e+00  2.86391430480386e-01
4.87500000000000e+00  2.52028873264354e-01
4.90000000000000e+00  2.13270831321095e-01
4.92500000000000e+00  1.71170552449566e-01
4.95000000000000e+00  1.26970300347264e-01
4.97500000000000e+00  8.19848085432253e-02
5.00000000000000e+00  3.28507608650344e-02
5.02500000000000e+00  -1.16439264325717e-02
5.05000000000000e+00  -5.66442683035150e-02
5.07500000000000e+00  -1.00885946193879e-01
5.10000000000000e+00  -1.43053020082976e-01
5.12500000000000e+00  -1.81898310148623e-01
5.15000000000000e+00  -2.16363778432452e-01
5.17500000000000e+00  -2.45645039691850e-01
5.20000000000000e+00  -2.69202980549974e-01
5.22500000000000e+00  -2.86715108814389e-01
5.25000000000000e+00  -2.98005321905525e-01
5.27500000000000e+00  -3.02879345806182e-01
5.30000000000000e+00  -3.00947329015318e-01
5.32500000000000e+00  -2.92558547585038e-01
5.35000000000000e+00  -2.77723827913248e-01
5.37500000000000e+00  -2.56433164995386e-01
5.40000000000000e+00  -2.29068208532510e-01
5.42500000000000e+00  -1.95924525740408e-01
5.45000000000000e+00  -1.57292059166578e-01
5.47500000000000e+00  -1.13536185213709e-01
5.50000000000000e+00  -6.51816549567728e-02
5.52500000000000e+00  -1.29774118228679e-02
5.55000000000000e+00  4.20410964566052e-02
5.57500000000000e+00  9.85116771209811e-02
5.60000000000000e+00  1.54742057154055e-01
5.62500000000000e+00  2.14431609847750e-01
5.65000000000000e+00  2.68686062206955e-01
5.67500000000000e+00  3.23244852662826e-01
5.70000000000000e+00  3.76912904254201e-01
5.72500000000000e+00  4.28345590816942e-01
5.75000000000000e+00  4.76254648553972e-01
5.77500000000000e+00  5.19614087605346e-01
5.80000000000000e+00  5.57733406677610e-01
5.82500000000000e+00  5.90244302342871e-01
5.85000000000000e+00  6.17010615879157e-01
5.87500000000000e+00  6.38009090786892e-01
5.90000000000000e+00  6.53088448338970e-01
5.92500000000000e+00  6.61710105584414e-01
5.95000000000000e+00  6.64267137330352e-01
5.97500000000000e+00  6.60825322927726e-01
6.00000000000000e+00  6.51102443870673e-01
6.02500000000000e+00  6.35558584367269e-01
6.05000000000000e+00  6.14395084298822e-01
6.07500000000000e+00  5.87733690591668e-01
6.10000000000000e+00  5.55787932426973e-01
6.12500000000000e+00  5.18970973278046e-01
6.15000000000000e+00  4.77950797804435e-01
6.17500000000000e+00  4.33653557964912e-01
6.20000000000000e+00  3.87190097794196e-01
6.22500000000000e+00  3.39693525130145e-01
6.25000000000000e+00  2.89310319871754e-01
6.27500000000000e+00  2.39271250094344e-01
6.30000000000000e+00  1.88695071315327e-01
6.32500000000000e+00  1.38273849818811e-01
6.35000000000000e+00  8.87509046240597e-02
6.37500000000000e+00  4.08726326291232e-02
6.40000000000000e+00  -4.65966624557238e-03
6.42500000000000e+00  -4.72300701984579e-02
6.45000000000000e+00  -8.63380664618274e-02
6.47500000000000e+00  -1.21590451292529e-01
6.50000000000000e+00  -1.52702806862892e-01
6.52500000000000e+00  -1.79429922686486e-01
6.55000000000000e+00  -2.01485946108326e-01
6.57500000000000e+00  -2.18791061158909e-01
6.60000000000000e+00  -2.31251251456120e-01
6.62500000000000e+00  -2.38793921373465e-01
6.65000000000000e+00  -2.41349000548529e-01
6.67500000000000e+00  -2.38906332004625e-01
6.70000000000000e+00  -2.31518846925378e-01
6.72500000000000e+00  -2.19308193466684e-01
6.75000000000000e+00  -2.02486683659908e-01
6.77500000000000e+00  -1.81378622305387e-01
6.80000000000000e+00  -1.56450715172664e-01
6.82500000000000e+00  -1.28348022305778e-01
6.85000000000000e+00  -9.79380445286676e-02
6.87500000000000e+00  -6.42416729610546e-02
6.90000000000000e+00  -2.99497751399454e-02
6.92500000000000e+00  6.51339908551664e-03
6.95000000000000e+00  4.42614756719216e-02
6.97500000000000e+00  8.25183634925445e-02
7.00000000000000e+00  1.20606415883552e-01
7.02500000000000e+00  1.57934592190236e-01
7.05000000000000e+00  1.93986619313218e-01
7.07500000000000e+00  2.28309153254678e-01
7.10000000000000e+00  2.60499940664572e-01
7.12500000000000e+00  2.90195980386843e-01
7.15000000000000e+00  3.17061685005653e-01
7.17500000000000e+00  3.40777042391590e-01
7.20000000000000e+00  3.61022096814929e-01
7.22500000000000e+00  3.77524599483431e-01
7.25000000000000e+00  3.90017450606422e-01
7.27500000000000e+00  3.98384875237141e-01
7.30000000000000e+00  4.02489641515832e-01
7.32500000000000e+00  4.02230869014677e-01
7.35000000000000e+00  3.97594551400663e-01
7.37500000000000e+00  3.88654467657780e-01
7.40000000000000e+00  3.75577240001349e-01
7.42500000000000e+00  3.58599695328170e-01
7.45000000000000e+00  3.37994532388694e-01
7.47500000000000e+00  3.14022275283122e-01
7.50000000000000e+00  2.86190938557757e-01
7.52500000000000e+00  2.56312492569409e-01
7.55000000000000e+00  2.23298188844370e-01
7.57500000000000e+00  1.87924627595932e-01
7.60000000000000e+00  1.50705779259279e-01
7.62500000000000e+00  1.12007403813222e-01
7.65000000000000e+00  7.21614701018973e-02
7.67500000000000e+00  3.15302273570906e-02
7.70000000000000e+00  -9.47094909985500e-03
7.72500000000000e+00  -5.03948093661103e-02
7.75000000000000e+00  -9.07980277044487e-02
7.77500000000000e+00  -1.30347708054839e-01
7.80000000000000e+00  -1.68937865373935e-01
7.82500000000000e+00  -2.06114584375802e-01
7.85000000000000e+00  -2.41522591276743e-01
7.87500000000000e+00  -2.74956168394183e-01
7.90000000000000e+00  -3.06176843483267e-01
7.92500000000000e+00  -3.34951085140658e-01
7.95000000000000e+00  -3.61062103108330e-01
7.97500000000000e+00  -3.84321648577384e-01
8.00000000000000e+00  -4.04581814491841e-01
8.02500000000000e+00  -4.21746835852450e-01
8.05000000000000e+00  -4.35784890020487e-01
8.07500000000000e+00  -4.46739897021558e-01
8.10000000000000e+00  -4.54743319849405e-01
8.12500000000000e+00  -4.58148683041745e-01
8.15000000000000e+00  -4.61439192826971e-01
8.17500000000000e+00  -4.60527254582462e-01
8.20000000000000e+00  -4.56066862393847e-01
8.22500000000000e+00  -4.48559616437564e-01
8.25000000000000e+00  -4.38378999023647e-01
8.27500000000000e+00  -4.25794650638517e-01
8.30000000000000e+00  -4.10996645987766e-01
8.32500000000000e+00  -3.94119770038942e-01
8.35000000000000e+00  -3.75267794064343e-01
8.37500000000000e+00  -3.54537751683794e-01
8.40000000000000e+00  -3.32044214907444e-01
8.42500000000000e+00  -3.07943570178550e-01
8.45000000000000e+00  -2.82379449629170e-01
8.47500000000000e+00  -2.55585104661777e-01
8.50000000000000e+00  -2.27753122475403e-01
8.52500000000000e+00  -1.99132948617658e-01
8.55000000000000e+00  -1.69982493784559e-01
8.57500000000000e+00  -1.40550186251772e-01
8.60000000000000e+00  -1.11057024305836e-01
8.62500000000000e+00  -8.16786286753835e-02
8.65000000000000e+00  -5.25272949623885e-02
8.67500000000000e+00  -2.36340460733821e-02
8.70000000000000e+00  5.06931534931177e-03
8.72500000000000e+00  3.37681544963522e-02
8.75000000000000e+00  6.09991577424643e-02
8.77500000000000e+00  8.86531949389132e-02
8.80000000000000e+00  1.14837036847212e-01
8.82500000000000e+00  1.39747131930204e-01
8.85000000000000e+00  1.63506191700913e-01
8.87500000000000e+00  1.86174978963024e-01
8.90000000000000e+00  2.07764096051334e-01
8.92500000000000e+00  2.28245773072229e-01
8.95000000000000e+00  2.47565656144154e-01
8.97500000000000e+00  2.65654595638072e-01
9.00000000000000e+00  2.82440434417944e-01
9.02500000000000e+00  2.97859796081186e-01
9.05000000000000e+00  3.11869873199141e-01
9.07500000000000e+00  3.24466119139566e-01
9.10000000000000e+00  3.35675326677347e-01
9.12500000000000e+00  3.45519041220998e-01
9.15000000000000e+00  3.54072892296893e-01
9.17500000000000e+00  3.61415454452483e-01
9.20000000000000e+00  3.67621117928144e-01
9.22500000000000e+00  3.72752959329026e-01
9.25000000000000e+00  3.76855612296910e-01
9.27500000000000e+00  3.79948138182053e-01
9.30000000000000e+00  3.82016896715047e-01
9.32500000000000e+00  3.83008416678661e-01
9.35000000000000e+00  3.82822266579703e-01
9.37500000000000e+00  3.82163150684056e-01
9.40000000000000e+00  3.80190458254098e-01
9.42500000000000e+00  3.77712734708416e-01
9.45000000000000e+00  3.74665242240658e-01
9.47500000000000e+00  3.71017360945069e-01
9.50000000000000e+00  3.66766500112804e-01
9.52500000000000e+00  3.61932009528246e-01
9.55000000000000e+00  3.56549090765312e-01
9.57500000000000e+00  3.50662708483774e-01
9.60000000000000e+00  3.44321501725569e-01
9.62500000000000e+00  3.37571695211111e-01
9.65000000000000e+00  3.30451010635608e-01
9.67500000000000e+00  3.22982577965372e-01
9.70000000000000e+00  3.15183709491087e-01
9.72500000000000e+00  3.07057098431039e-01
9.75000000000000e+00  2.98593472425312e-01
9.77500000000000e+00  2.89770551014747e-01
9.80000000000000e+00  2.80557897460870e-01
9.82500000000000e+00  2.70919547881210e-01
9.85000000000000e+00  2.60816640384605e-01
9.87500000000000e+00  2.50210044206528e-01
9.90000000000000e+00  2.39062988844390e-01
9.92500000000000e+00  2.27343693192860e-01
9.95000000000000e+00  2.15027994679181e-01
9.97500000000000e+00  2.02101978398477e-01
1.00000000000000e+01  1.88564606249085e-01
