0.00000000000000e+00  -1.55430869476228e-01
2.50000000000000e-02  -1.71468753087453e-01
5.00000000000000e-02  -1.87676767874524e-01
7.50000000000000e-02  -2.04042092641241e-01
1.00000000000000e-01  -2.20547033844996e-01
1.25000000000000e-01  -2.37169039151568e-01
1.50000000000000e-01  -2.53880710989926e-01
1.75000000000000e-01  -2.70649820107022e-01
2.00000000000000e-01  -2.87439319122603e-01
2.25000000000000e-01  -3.04207356083998e-01
2.50000000000000e-01  -3.20907288020928e-01
2.75000000000000e-01  -3.37487694500304e-01
3.00000000000000e-01  -3.53892391181024e-01
3.25000000000000e-01  -3.70060935944986e-01
3.50000000000000e-01  -3.85928425054043e-01
3.75000000000000e-01  -4.01425584334981e-01
4.00000000000000e-01  -4.16479745558635e-01
4.25000000000000e-01  -4.31014371012539e-01
4.50000000000000e-01  -4.44949540401033e-01
4.75000000000000e-01  -4.58202437745360e-01
5.00000000000000e-01  -4.70687838283775e-01
5.25000000000000e-01  -4.82318595371636e-01
5.50000000000000e-01  -4.93006127381517e-01
5.75000000000000e-01  -5.02660904603305e-01
6.00000000000000e-01  -5.11192936144303e-01
6.25000000000000e-01  -5.18512546318752e-01
6.50000000000000e-01  -5.24531501635476e-01
6.75000000000000e-01  -5.29163266131490e-01
7.00000000000000e-01  -5.32323897561786e-01
7.25000000000000e-01  -5.33932846285819e-01
7.50000000000000e-01  -5.33913840188533e-01
7.75000000000000e-01  -5.32195769601380e-01
8.00000000000000e-01  -5.28713572223349e-01
8.25000000000000e-01  -5.23409118041981e-01
8.50000000000000e-01  -5.16232094254396e-01
8.75000000000000e-01  -5.07140890188315e-01
9.00000000000000e-01  -4.96103482223084e-01
9.25000000000000e-01  -4.83098318710695e-01
9.50000000000000e-01  -4.68114975554997e-01
9.75000000000000e-01  -4.51155088206781e-01
1.00000000000000e+00  -4.32233600158733e-01
1.02500000000000e+00  -4.11377518843080e-01
1.05000000000000e+00  -3.88628422893260e-01
1.07500000000000e+00  -3.64042564433975e-01
1.10000000000000e+00  -3.37690971371245e-01
1.12500000000000e+00  -3.09659549682461e-01
1.15000000000000e+00  -2.80049185706435e-01
1.17500000000000e+00  -2.48975848433459e-01
1.20000000000000e+00  -2.16570691795350e-01
1.22500000000000e+00  -1.82980156955510e-01
1.25000000000000e+00  -1.48359277750452e-01
1.27500000000000e+00  -1.12893916536439e-01
1.30000000000000e+00  -7.67653639386262e-02
1.32500000000000e+00  -4.01726157032968e-02
1.35000000000000e+00  -3.32664678372962e-03
1.37500000000000e+00  3.35513342616617e-02
1.40000000000000e+00  7.02316308711703e-02
1.42500000000000e+00  1.06477804081644e-01
1.45000000000000e+00  1.42048418130338e-01
1.47500000000000e+00  1.76698786056758e-01
1.50000000000000e+00  2.10182715304510e-01
1.52500000000000e+00  2.42254253323150e-01
1.55000000000000e+00  2.72669433170029e-01
1.57500000000000e+00  3.01190682888360e-01
1.60000000000000e+00  3.27586735494025e-01
1.62500000000000e+00  3.51636660047563e-01
1.65000000000000e+00  3.73130268469260e-01
1.67500000000000e+00  3.91872235985594e-01
1.70000000000000e+00  4.07684152940365e-01
1.72500000000000e+00  4.20406576605821e-01
1.75000000000000e+00  4.29901082993786e-01
1.77500000000000e+00  4.36052318666790e-01
1.80000000000000e+00  4.38770052549193e-01
1.82500000000000e+00  4.37991227738316e-01
1.85000000000000e+00  4.33682013315568e-01
1.87500000000000e+00  4.25838657463039e-01
1.90000000000000e+00  4.14478897443634e-01
1.92500000000000e+00  3.99669586289531e-01
1.95000000000000e+00  3.81495776714300e-01
1.97500000000000e+00  3.60077950712962e-01
2.00000000000000e+00  3.35570375131756e-01
2.02500000000000e+00  3.08159457237930e-01
2.05000000000000e+00  2.78062100289514e-01
2.07500000000000e+00  2.45524059105102e-01
2.10000000000000e+00  2.10818295633628e-01
2.12500000000000e+00  1.74243334524151e-01
2.15000000000000e+00  1.36121618695631e-01
2.17500000000000e+00  9.67978649067063e-02
2.20000000000000e+00  5.66549723392873e-02
2.22500000000000e+00  1.60455665258323e-02
2.25000000000000e+00  -2.46366321525468e-02
2.27500000000000e+00  -6.49867638044605e-02
2.30000000000000e+00  -1.04602864611373e-01
2.32500000000000e+00  -1.43086517231428e-01
2.35000000000000e+00  -1.80043828226937e-01
2.37500000000000e+00  -2.15088584896737e-01
2.40000000000000e+00  -2.47845961577362e-01
2.42500000000000e+00  -2.77957538650965e-01
2.45000000000000e+00  -3.05087926366973e-01
2.47500000000000e+00  -3.28933721738365e-01
2.50000000000000e+00  -3.49201678883998e-01
2.52500000000000e+00  -3.65714769639517e-01
2.55000000000000e+00  -3.78181584418608e-01
2.57500000000000e+00  -3.86473835387648e-01
2.60000000000000e+00  -3.90480697902532e-01
2.62500000000000e+00  -3.90122699098133e-01
2.65000000000000e+00  -3.85365606477757e-01
2.67500000000000e+00  -3.76226930000603e-01
2.70000000000000e+00  -3.62779199346326e-01
2.72500000000000e+00  -3.45147527707634e-01
2.75000000000000e+00  -3.23508949048789e-01
2.77500000000000e+00  -2.98080227473178e-01
2.80000000000000e+00  -2.69103815302859e-01
2.82500000000000e+00  -2.36903098743936e-01
2.85000000000000e+00  -2.01831852030901e-01
2.87500000000000e+00  -1.64280193211062e-01
2.90000000000000e+00  -1.24659740509853e-01
2.92500000000000e+00  -8.34216968942426e-02
2.95000000000000e+00  -4.10453925803886e-02
2.97500000000000e+00  1.97245625111014e-03
3.00000000000000e+00  4.51237962838091e-02
3.02500000000000e+00  8.78961574193643e-02
3.05000000000000e+00  1.29777220824493e-01
3.07500000000000e+00  1.70258605525816e-01
3.10000000000000e+00  2.08838131845629e-01
3.12500000000000e+00  2.45018841774409e-01
3.15000000000000e+00  2.78382650915238e-01
3.17500000000000e+00  3.08486524447089e-01
3.20000000000000e+00  3.34939518924699e-01
3.22500000000000e+00  3.57396689928889e-01
3.25000000000000e+00  3.75561872492598e-01
3.27500000000000e+00  3.89190461526923e-01
3.30000000000000e+00  3.98092192247153e-01
3.32500000000000e+00  4.02133920598810e-01
3.35000000000000e+00  4.01242403683683e-01
3.37500000000000e+00  3.95407080185866e-01
3.40000000000000e+00  3.84682850797795e-01
3.42500000000000e+00  3.69192858646285e-01
3.45000000000000e+00  3.49113917990289e-01
3.47500000000000e+00  3.24688711180712e-01
3.50000000000000e+00  2.96220563966126e-01
3.52500000000000e+00  2.64062756982541e-01
3.55000000000000e+00  2.28622507058290e-01
3.57500000000000e+00  1.90354166575756e-01
3.60000000000000e+00  1.49752422833109e-01
3.62500000000000e+00  1.07345497406029e-01
3.65000000000000e+00  6.36883455094428e-02
3.67500000000000e+00  1.93558553592498e-02
3.70000000000000e+00  -2.50639524659449e-02
3.72500000000000e+00  -6.89767256631011e-02
3.75000000000000e+00  -1.11790523110432e-01
3.77500000000000e+00  -1.52929878457685e-01
3.80000000000000e+00  -1.91837517865046e-01
3.82500000000000e+00  -2.27976980289337e-01
3.85000000000000e+00  -2.60851414252928e-01
3.87500000000000e+00  -2.90008304773114e-01
3.90000000000000e+00  -3.15044200291492e-01
3.92500000000000e+00  -3.35609439603349e-01
3.95000000000000e+00  -3.51412878787036e-01
3.97500000000000e+00  -3.62226618133353e-01
4.00000000000000e+00  -3.67890729074928e-01
4.02500000000000e+00  -3.68317981115595e-01
4.05000000000000e+00  -3.63498568759781e-01
4.07500000000000e+00  -3.53486878107116e-01
4.10000000000000e+00  -3.38414805977604e-01
4.12500000000000e+00  -3.18489260349627e-01
4.15000000000000e+00  -2.93978428894451e-01
4.17500000000000e+00  -2.65220408718204e-01
4.20000000000000e+00  -2.32616059167885e-01
4.22500000000000e+00  -1.96621854637392e-01
4.25000000000000e+00  -1.57742737373527e-01
4.27500000000000e+00  -1.16524970282015e-01
4.30000000000000e+00  -7.35489897335262e-02
4.32500000000000e+00  -2.94222583696819e-02
4.35000000000000e+00  1.52278820909172e-02
4.37500000000000e+00  5.97543519774842e-02
4.40000000000000e+00  1.03531077531312e-01
4.42500000000000e+00  1.45928626819844e-01
4.45000000000000e+00  1.86331860607084e-01
4.47500000000000e+00  2.24157181231237e-01
4.50000000000000e+00  2.58858680085293e-01
4.52500000000000e+00  2.89934285097591e-01
4.55000000000000e+00  3.16931908212389e-01
4.57500000000000e+00  3.39455592870441e-01
4.60000000000000e+00  3.57171661489560e-01
4.62500000000000e+00  3.69814862945193e-01
4.65000000000000e+00  3.77194520050993e-01
4.67500000000000e+00  3.79200677039386e-01
4.70000000000000e+00  3.75791483653163e-01
4.72500000000000e+00  3.67007137143938e-01
4.75000000000000e+00  3.52970759153467e-01
4.77500000000000e+00  3.33872190944240e-01
4.80000000000000e+00  3.09979415744767e-01
4.82500000000000e+00  2.81631770384747e-01
4.85000000000000e+00  2.49233156930230e-01
4.87500000000000e+00  2.13245254318799e-01
4.90000000000000e+00  1.74180729994727e-01
4.92500000000000e+00  1.32596451544154e-01
4.95000000000000e+00  8.90866983302582e-02
4.97500000000000e+00  4.42763731284155e-02
5.00000000000000e+00  -1.18838848237031e-03
5.02500000000000e+00  -4.66581822489037e-02
5.05000000000000e+00  -9.14849674478202e-02
5.07500000000000e+00  -1.35020469818505e-01
5.10000000000000e+00  -1.76639968350552e-01
5.12500000000000e+00  -2.15749118405263e-01
5.15000000000000e+00  -2.51790774837181e-01
5.17500000000000e+00  -2.84251815115594e-01
5.20000000000000e+00  -3.12669962446048e-01
5.22500000000000e+00  -3.36640608891872e-01
5.25000000000000e+00  -3.55823638495686e-01
5.27500000000000e+00  -3.69950250400917e-01
5.30000000000000e+00  -3.78829781973314e-01
5.32500000000000e+00  -3.82338983251816e-01
5.35000000000000e+00  -3.80436064186908e-01
5.37500000000000e+00  -3.73163214654668e-01
5.40000000000000e+00  -3.60628707696614e-01
5.42500000000000e+00  -3.43022226208804e-01
5.45000000000000e+00  -3.20608471674724e-01
5.47500000000000e+00  -2.93720772898177e-01
5.50000000000000e+00  -2.62754694736184e-01
5.52500000000000e+00  -2.28161646831863e-01
5.55000000000000e+00  -1.90442492347336e-01
5.57500000000000e+00  -1.50141156696607e-01
5.60000000000000e+00  -1.07838236278462e-01
5.62500000000000e+00  -6.41627538638604e-02
5.65000000000000e+00  -1.97327753179949e-02
5.67500000000000e+00  2.48309380315135e-02
5.70000000000000e+00  6.88754427012686e-02
5.72500000000000e+00  1.11769737680438e-01
5.75000000000000e+00  1.52907768720531e-01
5.77500000000000e+00  1.91711432625205e-01
5.80000000000000e+00  2.27635813925318e-01
5.82500000000000e+00  2.60175264035581e-01
5.85000000000000e+00  2.88871440142504e-01
5.87500000000000e+00  3.13320470223545e-01
5.90000000000000e+00  3.33184312535179e-01
5.92500000000000e+00  3.48202779939944e-01
5.95000000000000e+00  3.58166033340852e-01
5.97500000000000e+00  3.62941953841911e-01
6.00000000000000e+00  3.62448567718364e-01
6.02500000000000e+00  3.56732661643925e-01
6.05000000000000e+00  3.45882207974878e-01
6.07500000000000e+00  3.30044029586198e-01
6.10000000000000e+00  3.09438364936466e-01
6.12500000000000e+00  2.84353900392195e-01
6.15000000000000e+00  2.55147164855248e-01
6.17500000000000e+00  2.22232426469543e-01
6.20000000000000e+00  1.86068129595874e-01
6.22500000000000e+00  1.47135282761695e-01
6.25000000000000e+00  1.05948355823492e-01
6.27500000000000e+00  6.31021576977818e-02
6.30000000000000e+00  1.91584572859181e-02
6.32500000000000e+00  -2.52892768214191e-02
6.35000000000000e+00  -6.96469092495243e-02
6.37500000000000e+00  -1.13326465532752e-01
6.40000000000000e+00  -1.55752959807634e-01
6.42500000000000e+00  -1.96371222505961e-01
6.45000000000000e+00  -2.34652728047898e-01
6.47500000000000e+00  -2.70102422535081e-01
6.50000000000000e+00  -3.02265551443705e-01
6.52500000000000e+00  -3.30734487317644e-01
6.55000000000000e+00  -3.55155557461535e-01
6.57500000000000e+00  -3.75226515469785e-01
6.60000000000000e+00  -3.90701727244345e-01
6.62500000000000e+00  -4.01405794972502e-01
6.65000000000000e+00  -4.07215722588411e-01
6.67500000000000e+00  -4.08076565936790e-01
6.70000000000000e+00  -4.03998739863372e-01
6.72500000000000e+00  -3.95055325305372e-01
6.75000000000000e+00  -3.81379376381939e-01
6.77500000000000e+00  -3.63161227484620e-01
6.80000000000000e+00  -3.40645800367815e-01
6.82500000000000e+00  -3.14129911239242e-01
6.85000000000000e+00  -2.83959577850385e-01
6.87500000000000e+00  -2.50532058618288e-01
6.90000000000000e+00  -2.14255529870208e-01
6.92500000000000e+00  -1.75595202467474e-01
6.95000000000000e+00  -1.35030668191323e-01
6.97500000000000e+00  -9.30594317953806e-02
7.00000000000000e+00  -5.01907915452351e-02
7.02500000000000e+00  -6.93971975798638e-03
7.05000000000000e+00  3.61792566581785e-02
7.07500000000000e+00  7.86581756644365e-02
7.10000000000000e+00  1.20001759551761e-01
7.12500000000000e+00  1.59733534401353e-01
7.15000000000000e+00  1.97401949545096e-01
7.17500000000000e+00  2.32586497025977e-01
7.20000000000000e+00  2.64897535361978e-01
7.22500000000000e+00  2.93984774783746e-01
7.25000000000000e+00  3.19542089357382e-01
7.27500000000000e+00  3.41301587637134e-01
7.30000000000000e+00  3.59045097128185e-01
7.32500000000000e+00  3.72603864520518e-01
7.35000000000000e+00  3.81858255922784e-01
7.37500000000000e+00  3.86737457096164e-01
7.40000000000000e+00  3.87219173688233e-01
7.42500000000000e+00  3.83329331466826e-01
7.45000000000000e+00  3.75141776553904e-01
7.47500000000000e+00  3.62777975659412e-01
7.50000000000000e+00  3.46407264038698e-01
7.52500000000000e+00  3.26227861569436e-01
7.55000000000000e+00  3.02485060636406e-01
7.57500000000000e+00  2.75455071063980e-01
7.60000000000000e+00  2.45444888197463e-01
7.62500000000000e+00  2.12787961041713e-01
7.65000000000000e+00  1.77839860399722e-01
7.67500000000000e+00  1.40973947011239e-01
7.70000000000000e+00  1.02577039691358e-01
7.72500000000000e+00  6.30450834691222e-02
7.75000000000000e+00  2.27788177261396e-02
7.77500000000000e+00  -1.78205556648335e-02
7.80000000000000e+00  -5.83557042012749e-02
7.82500000000000e+00  -9.84366670904745e-02
7.85000000000000e+00  -1.37685300259223e-01
7.87500000000000e+00  -1.75739785645175e-01
7.90000000000000e+00  -2.12252997365207e-01
7.92500000000000e+00  -2.46900949793666e-01
7.95000000000000e+00  -2.79384262114946e-01
7.97500000000000e+00  -3.09429622876084e-01
8.00000000000000e+00  -3.36791254539326e-01
8.02500000000000e+00  -3.61252378034726e-01
8.05000000000000e+00  -3.82626677312717e-01
8.07500000000000e+00  -4.00759763896700e-01
8.10000000000000e+00  -4.15530641435624e-01
8.12500000000000e+00  -4.26854339617402e-01
8.15000000000000e+00  -4.34662532206205e-01
8.17500000000000e+00  -4.38939185496962e-01
8.20000000000000e+00  -4.39686873780443e-01
8.22500000000000e+00  -4.36939386631141e-01
8.25000000000000e+00  -4.30759689130261e-01
8.27500000000000e+00  -4.21237882088717e-01
8.30000000000000e+00  -4.08489162270124e-01
8.32500000000000e+00  -3.92651782613787e-01
8.35000000000000e+00  -3.73885012457696e-01
8.37500000000000e+00  -3.52367097761518e-01
8.40000000000000e+00  -3.28293221329589e-01
8.42500000000000e+00  -3.01873463033909e-01
8.45000000000000e+00  -2.73328710002464e-01
8.47500000000000e+00  -2.42889974353742e-01
8.50000000000000e+00  -2.10794924397148e-01
8.52500000000000e+00  -1.77287480823709e-01
8.55000000000000e+00  -1.42613575415355e-01
8.57500000000000e+00  -1.07019397966348e-01
8.60000000000000e+00  -7.07496432046904e-02
8.62500000000000e+00  -3.40457577135346e-02
8.65000000000000e+00  2.85581314738372e-03
8.67500000000000e+00  3.97253783203420e-02
8.70000000000000e+00  7.63417541282096e-02
8.72500000000000e+00  1.12494017353037e-01
8.75000000000000e+00  1.47989615976921e-01
8.77500000000000e+00  1.82626977225301e-01
8.80000000000000e+00  2.16240526346671e-01
8.82500000000000e+00  2.48668373352924e-01
8.85000000000000e+00  2.79764016249169e-01
8.87500000000000e+00  3.09396239752669e-01
8.90000000000000e+00  3.37449014011739e-01
8.92500000000000e+00  3.63821393324681e-01
8.95000000000000e+00  3.88427414858707e-01
8.97500000000000e+00  4.11195997368845e-01
9.00000000000000e+00  4.32070839916878e-01
9.02500000000000e+00  4.51010320590250e-01
9.05000000000000e+00  4.67987395220991e-01
9.07500000000000e+00  4.82987089120158e-01
9.10000000000000e+00  4.96007742248188e-01
9.12500000000000e+00  5.07059760438410e-01
9.15000000000000e+00  5.16164683886716e-01
9.17500000000000e+00  5.23354530622451e-01
9.20000000000000e+00  5.28670911241125e-01
9.22500000000000e+00  5.32164143637126e-01
9.25000000000000e+00  5.33892367736446e-01
9.27500000000000e+00  5.33920660229386e-01
9.30000000000000e+00  5.32320149303283e-01
9.32500000000000e+00  5.29167129375217e-01
9.35000000000000e+00  5.24542175824735e-01
9.37500000000000e+00  5.18528960497357e-01
9.40000000000000e+00  5.11214965747889e-01
9.42500000000000e+00  5.02687547615199e-01
9.45000000000000e+00  4.93036713663637e-01
9.47500000000000e+00  4.82352496368157e-01
9.50000000000000e+00  4.70724466199004e-01
9.52500000000000e+00  4.58241244706416e-01
9.55000000000000e+00  4.44990017605314e-01
9.57500000000000e+00  4.31056047859994e-01
9.60000000000000e+00  4.16522188768824e-01
9.62500000000000e+00  4.01468397048940e-01
9.65000000000000e+00  3.85971245920929e-01
9.67500000000000e+00  3.70103438193536e-01
9.70000000000000e+00  3.53934280721439e-01
9.72500000000000e+00  3.37528708758322e-01
9.75000000000000e+00  3.20947194363241e-01
9.77500000000000e+00  3.04245949923995e-01
9.80000000000000e+00  2.87476422047083e-01
9.82500000000000e+00  2.70685277844081e-01
9.85000000000000e+00  2.53914391218017e-01
9.87500000000000e+00  2.37200829149747e-01
9.90000000000000e+00  2.20576837984325e-01
9.92500000000000e+00  2.04069829717386e-01
9.95000000000000e+00  1.87702368281516e-01
9.97500000000000e+00  1.71492155832626e-01
1.00000000000000e+01  1.55452019036341e-01
