0.00000000000000e+00  -1.56004803538736e-01
2.50000000000000e-02  -1.72125377931249e-01
5.00000000000000e-02  -1.88422507323611e-01
7.50000000000000e-02  -2.04883288709529e-01
1.00000000000000e-01  -2.21490037974091e-01
1.25000000000000e-01  -2.38220289897938e-01
1.50000000000000e-01  -2.55046798161435e-01
1.75000000000000e-01  -2.71937535348836e-01
2.00000000000000e-01  -2.88855692952466e-01
2.25000000000000e-01  -3.05759681376882e-01
2.50000000000000e-01  -3.22603129943051e-01
2.75000000000000e-01  -3.39334886892519e-01
3.00000000000000e-01  -3.55899019391582e-01
3.25000000000000e-01  -3.72235326398754e-01
3.50000000000000e-01  -3.88279114448285e-01
3.75000000000000e-01  -4.03961275763180e-01
4.00000000000000e-01  -4.19209318820150e-01
4.25000000000000e-01  -4.33946840314898e-01
4.50000000000000e-01  -4.48094032764568e-01
4.75000000000000e-01  -4.61568192110193e-01
5.00000000000000e-01  -4.74284225319146e-01
5.25000000000000e-01  -4.86155157987586e-01
5.50000000000000e-01  -4.97092641942906e-01
5.75000000000000e-01  -5.07007462846188e-01
6.00000000000000e-01  -5.15810047794642e-01
6.25000000000000e-01  -5.23409761046839e-01
6.50000000000000e-01  -5.29720032679743e-01
6.75000000000000e-01  -5.34653098838912e-01
7.00000000000000e-01  -5.38125295421391e-01
7.25000000000000e-01  -5.40056289764649e-01
7.50000000000000e-01  -5.40369974479998e-01
7.75000000000000e-01  -5.38995361286017e-01
8.00000000000000e-01  -5.35867474841975e-01
8.25000000000000e-01  -5.30928246581256e-01
8.50000000000000e-01  -5.24127408544782e-01
8.75000000000000e-01  -5.15423387214431e-01
9.00000000000000e-01  -5.04784197346470e-01
9.25000000000000e-01  -4.92188335804970e-01
9.50000000000000e-01  -4.77625431336975e-01
9.75000000000000e-01  -4.61097191161661e-01
1.00000000000000e+00  -4.42618668496922e-01
1.02500000000000e+00  -4.22216959423143e-01
1.05000000000000e+00  -3.99933768610225e-01
1.07500000000000e+00  -3.75825497548276e-01
1.10000000000000e+00  -3.49963332778312e-01
1.12500000000000e+00  -3.22433334122949e-01
1.15000000000000e+00  -2.93336522917099e-01
1.17500000000000e+00  -2.62788970238666e-01
1.20000000000000e+00  -2.30921885139237e-01
1.22500000000000e+00  -1.97881702874786e-01
1.25000000000000e+00  -1.63826910277544e-01
1.27500000000000e+00  -1.28933795378481e-01
1.30000000000000e+00  -9.33930503711094e-02
1.32500000000000e+00  -5.74025826909014e-02
1.35000000000000e+00  -2.11726476981876e-02
1.37500000000000e+00  1.50759724384935e-02
1.40000000000000e+00  5.11137898590281e-02
1.42500000000000e+00  8.67044321283656e-02
1.45000000000000e+00  1.21606463353163e-01
1.47500000000000e+00  1.55575205298417e-01
1.50000000000000e+00  1.88364558504107e-01
1.52500000000000e+00  2.19728823401833e-01
1.55000000000000e+00  2.49424521431451e-01
1.57500000000000e+00  2.77213116810262e-01
1.60000000000000e+00  3.02865635133089e-01
1.62500000000000e+00  3.26161497157664e-01
1.65000000000000e+00  3.46891333215844e-01
1.67500000000000e+00  3.64860997626103e-01
1.70000000000000e+00  3.79893536463297e-01
1.72500000000000e+00  3.91831155328413e-01
1.75000000000000e+00  4.00537187118336e-01
1.77500000000000e+00  4.05898059795596e-01
1.80000000000000e+00  4.07825264158133e-01
1.82500000000000e+00  4.06257321609048e-01
1.85000000000000e+00  4.01161751926367e-01
1.87500000000000e+00  3.92541677403111e-01
1.90000000000000e+00  3.80412041568556e-01
1.92500000000000e+00  3.64846634132273e-01
1.95000000000000e+00  3.45933682938641e-01
1.97500000000000e+00  3.23796765305173e-01
2.00000000000000e+00  2.98593267958121e-01
2.02500000000000e+00  2.70512846968099e-01
2.05000000000000e+00  2.39775887685694e-01
2.07500000000000e+00  2.06631964677083e-01
2.10000000000000e+00  1.71358301659648e-01
2.12500000000000e+00  1.34258231437595e-01
2.15000000000000e+00  9.56596558375645e-02
2.17500000000000e+00  5.59135056442487e-02
2.20000000000000e+00  1.53854203071197e-02
2.22500000000000e+00  -2.55430261207406e-02
2.25000000000000e+00  -6.64781062943324e-02
2.27500000000000e+00  -1.07019138084444e-01
2.30000000000000e+00  -1.46761787382857e-01
2.32500000000000e+00  -1.85302404056936e-01
2.35000000000000e+00  -2.22242357904222e-01
2.37500000000000e+00  -2.57192374607023e-01
2.40000000000000e+00  -2.89776871687002e-01
2.42500000000000e+00  -3.19638294459771e-01
2.45000000000000e+00  -3.46441451989478e-01
2.47500000000000e+00  -3.69877853043403e-01
2.50000000000000e+00  -3.89674508755728e-01
2.52500000000000e+00  -4.05577028764986e-01
2.55000000000000e+00  -4.17394508216268e-01
2.57500000000000e+00  -4.24957545357095e-01
2.60000000000000e+00  -4.28144823326297e-01
2.62500000000000e+00  -4.26883342423952e-01
2.65000000000000e+00  -4.21148652381324e-01
2.67500000000000e+00  -4.10965084630796e-01
2.70000000000000e+00  -3.96405984575809e-01
2.72500000000000e+00  -3.77593943860796e-01
2.75000000000000e+00  -3.54701032641120e-01
2.77500000000000e+00  -3.27949031853009e-01
2.80000000000000e+00  -2.97609665483496e-01
2.82500000000000e+00  -2.63988489718744e-01
2.85000000000000e+00  -2.27454479246427e-01
2.87500000000000e+00  -1.88389898317649e-01
2.90000000000000e+00  -1.47221298740007e-01
2.92500000000000e+00  -1.04405807735072e-01
2.95000000000000e+00  -6.04251525246269e-02
2.97500000000000e+00  -1.57796849168879e-02
3.00000000000000e+00  2.90175941072641e-02
3.02500000000000e+00  7.34470098080558e-02
3.05000000000000e+00  1.16988189100593e-01
3.07500000000000e+00  1.59126035968634e-01
3.10000000000000e+00  1.99356706878359e-01
3.12500000000000e+00  2.37195324559081e-01
3.15000000000000e+00  2.72176553514383e-01
3.17500000000000e+00  3.03882781056115e-01
3.20000000000000e+00  3.31915435987376e-01
3.22500000000000e+00  3.55923161543747e-01
3.25000000000000e+00  3.75604419339200e-01
3.27500000000000e+00  3.90710093312015e-01
3.30000000000000e+00  4.01046093670693e-01
3.32500000000000e+00  4.06475960839879e-01
3.35000000000000e+00  4.06923469406267e-01
3.37500000000000e+00  4.02375232064523e-01
3.40000000000000e+00  3.92883303563198e-01
3.42500000000000e+00  3.78567784650643e-01
3.45000000000000e+00  3.59604152675327e-01
3.47500000000000e+00  3.36232532827177e-01
3.50000000000000e+00  3.08754792267230e-01
3.52500000000000e+00  2.77522553752745e-01
3.55000000000000e+00  2.42941615033293e-01
3.57500000000000e+00  2.05465113807631e-01
3.60000000000000e+00  1.65586692680579e-01
3.62500000000000e+00  1.23833664119886e-01
3.65000000000000e+00  8.07601754131108e-02
3.67500000000000e+00  3.69403736244916e-02
3.70000000000000e+00  -7.03842944817978e-03
3.72500000000000e+00  -5.05825923166840e-02
3.75000000000000e+00  -9.31040717821898e-02
3.77500000000000e+00  -1.34016955708035e-01
3.80000000000000e+00  -1.72776059421146e-01
3.82500000000000e+00  -2.08843813183095e-01
3.85000000000000e+00  -2.41722875525659e-01
3.87500000000000e+00  -2.70960737896992e-01
3.90000000000000e+00  -2.96154329307792e-01
3.92500000000000e+00  -3.16954620977466e-01
3.95000000000000e+00  -3.33071230980306e-01
3.97500000000000e+00  -3.44277028891651e-01
4.00000000000000e+00  -3.50412740434059e-01
4.02500000000000e+00  -3.51391552123473e-01
4.05000000000000e+00  -3.47203715915390e-01
4.07500000000000e+00  -3.37904656598269e-01
4.10000000000000e+00  -3.23625906961390e-01
4.12500000000000e+00  -3.04565739347592e-01
4.15000000000000e+00  -2.81002045280030e-01
4.17500000000000e+00  -2.53271771923726e-01
4.20000000000000e+00  -2.21770214488433e-01
4.22500000000000e+00  -1.86949413214328e-01
4.25000000000000e+00  -1.49310884623894e-01
4.27500000000000e+00  -1.09399687944509e-01
4.30000000000000e+00  -6.77958295616993e-02
4.32500000000000e+00  -2.51047695755044e-02
4.35000000000000e+00  1.80544530696746e-02
4.37500000000000e+00  6.10428096255268e-02
4.40000000000000e+00  1.03259398793974e-01
4.42500000000000e+00  1.44039980739699e-01
4.45000000000000e+00  1.82798157606231e-01
4.47500000000000e+00  2.18964544191413e-01
4.50000000000000e+00  2.51999008550220e-01
4.52500000000000e+00  2.81402912597571e-01
4.55000000000000e+00  3.06729913377093e-01
4.57500000000000e+00  3.27594586640376e-01
4.60000000000000e+00  3.43677291585481e-01
4.62500000000000e+00  3.54728323469397e-01
4.65000000000000e+00  3.60566009148752e-01
4.67500000000000e+00  3.61074003347669e-01
4.70000000000000e+00  3.56231788232157e-01
4.72500000000000e+00  3.46091275611620e-01
4.75000000000000e+00  3.30781898656606e-01
4.77500000000000e+00  3.10502511316522e-01
4.80000000000000e+00  2.85529836266351e-01
4.82500000000000e+00  2.56211477947326e-01
4.85000000000000e+00  2.22958935607595e-01
4.87500000000000e+00  1.86240616342908e-01
4.90000000000000e+00  1.46574848137274e-01
4.92500000000000e+00  1.04522892903644e-01
4.95000000000000e+00  6.06819595245862e-02
4.97500000000000e+00  1.56782168929460e-02
5.00000000000000e+00  -2.98283974679361e-02
5.02500000000000e+00  -7.51948896531038e-02
5.05000000000000e+00  -1.19783347545028e-01
5.07500000000000e+00  -1.62937085441323e-01
5.10000000000000e+00  -2.04030388791347e-01
5.12500000000000e+00  -2.42472983872307e-01
5.15000000000000e+00  -2.77714507465395e-01
5.17500000000000e+00  -3.09248652513623e-01
5.20000000000000e+00  -3.36618500267618e-01
5.22500000000000e+00  -3.59423599738669e-01
5.25000000000000e+00  -3.77328169778803e-01
5.27500000000000e+00  -3.90071720799126e-01
5.30000000000000e+00  -3.97479910408833e-01
5.32500000000000e+00  -3.99435432270548e-01
5.35000000000000e+00  -3.95904944722510e-01
5.37500000000000e+00  -3.86922683727322e-01
5.40000000000000e+00  -3.72631604546354e-01
5.42500000000000e+00  -3.53232696765258e-01
5.45000000000000e+00  -3.28992276247487e-01
5.47500000000000e+00  -3.00247707344061e-01
5.50000000000000e+00  -2.67402578541212e-01
5.52500000000000e+00  -2.30922753600863e-01
5.55000000000000e+00  -1.91326595892628e-01
5.57500000000000e+00  -1.49172453274508e-01
5.60000000000000e+00  -1.05042533750922e-01
5.62500000000000e+00  -5.95549456436016e-02
5.65000000000000e+00  -1.33302874854161e-02
5.67500000000000e+00  3.29515163608750e-02
5.70000000000000e+00  7.86633288507926e-02
5.72500000000000e+00  1.23177645822357e-01
5.75000000000000e+00  1.65879248579211e-01
5.77500000000000e+00  2.06177856473776e-01
5.80000000000000e+00  2.43519633206340e-01
5.82500000000000e+00  2.77396964941762e-01
5.85000000000000e+00  3.07354311212916e-01
5.87500000000000e+00  3.32994061902673e-01
5.90000000000000e+00  3.53975611032581e-01
5.92500000000000e+00  3.70013500532831e-01
5.95000000000000e+00  3.80910386431181e-01
5.97500000000000e+00  3.86534710911856e-01
6.00000000000000e+00  3.86836171588439e-01
6.02500000000000e+00  3.81816707987710e-01
6.05000000000000e+00  3.71563796226341e-01
6.07500000000000e+00  3.56240885387401e-01
6.10000000000000e+00  3.36078460188710e-01
6.12500000000000e+00  3.11369195022147e-01
6.15000000000000e+00  2.82462446845460e-01
6.17500000000000e+00  2.49760782106830e-01
6.20000000000000e+00  2.13717326789834e-01
6.22500000000000e+00  1.74834776561653e-01
6.25000000000000e+00  1.33658587418049e-01
6.27500000000000e+00  9.07276938068253e-02
6.30000000000000e+00  4.66293315892792e-02
6.32500000000000e+00  1.95754496846659e-03
6.35000000000000e+00  -4.26928834338251e-02
6.37500000000000e+00  -8.67332963159347e-02
6.40000000000000e+00  -1.29588025435215e-01
6.42500000000000e+00  -1.70701255346891e-01
6.45000000000000e+00  -2.09543887142943e-01
6.47500000000000e+00  -2.45620402190975e-01
6.50000000000000e+00  -2.78475725873081e-01
6.52500000000000e+00  -3.07702091324728e-01
6.55000000000000e+00  -3.32945903173619e-01
6.57500000000000e+00  -3.53902518756043e-01
6.60000000000000e+00  -3.70328952468459e-01
6.62500000000000e+00  -3.82046576392610e-01
6.65000000000000e+00  -3.88931888813256e-01
6.67500000000000e+00  -3.90928900092722e-01
6.70000000000000e+00  -3.88046534963602e-01
6.72500000000000e+00  -3.80356034821469e-01
6.75000000000000e+00  -3.67988360017576e-01
6.77500000000000e+00  -3.51131592151563e-01
6.80000000000000e+00  -3.30028336364165e-01
6.82500000000000e+00  -3.04973123629915e-01
6.85000000000000e+00  -2.76309813049852e-01
6.87500000000000e+00  -2.44428790821469e-01
6.90000000000000e+00  -2.09738161320460e-01
6.92500000000000e+00  -1.72694262615997e-01
6.95000000000000e+00  -1.33773263350890e-01
6.97500000000000e+00  -9.34685218961210e-02
7.00000000000000e+00  -5.22845761967338e-02
7.02500000000000e+00  -1.07311336176995e-02
7.05000000000000e+00  3.06829392101939e-02
7.07500000000000e+00  7.14556265444774e-02
7.10000000000000e+00  1.11097773685117e-01
7.12500000000000e+00  1.49139097128634e-01
7.15000000000000e+00  1.85134194722238e-01
7.17500000000000e+00  2.18668555817936e-01
7.20000000000000e+00  2.49358636009990e-01
7.22500000000000e+00  2.76860009669851e-01
7.25000000000000e+00  3.00872152124339e-01
7.27500000000000e+00  3.21133068329096e-01
7.30000000000000e+00  3.37430034840858e-01
7.32500000000000e+00  3.49599353887907e-01
7.35000000000000e+00  3.57526107440523e-01
7.37500000000000e+00  3.61143911281431e-01
7.40000000000000e+00  3.60434669076253e-01
7.42500000000000e+00  3.55428326443954e-01
7.45000000000000e+00  3.46202625027298e-01
7.47500000000000e+00  3.32882856563293e-01
7.50000000000000e+00  3.15636532305866e-01
7.52500000000000e+00  2.94665177762307e-01
7.55000000000000e+00  2.70217421866378e-01
7.57500000000000e+00  2.42570061167350e-01
7.60000000000000e+00  2.12030265822061e-01
7.62500000000000e+00  1.78931256030460e-01
7.65000000000000e+00  1.43627978471146e-01
7.67500000000000e+00  1.06492782736920e-01
7.70000000000000e+00  6.79110977703152e-02
7.72500000000000e+00  2.82771082991493e-02
7.75000000000000e+00  -1.20105687279322e-02
7.77500000000000e+00  -5.25532077059226e-02
7.80000000000000e+00  -9.29562979378995e-02
7.82500000000000e+00  -1.32833321981949e-01
7.85000000000000e+00  -1.71808159457548e-01
7.87500000000000e+00  -2.09530771357778e-01
7.90000000000000e+00  -2.45649029273887e-01
7.92500000000000e+00  -2.79842777681173e-01
7.95000000000000e+00  -3.11820224705265e-01
7.97500000000000e+00  -3.41314934579126e-01
8.00000000000000e+00  -3.68086611467715e-01
8.02500000000000e+00  -3.91921578494709e-01
8.05000000000000e+00  -4.12635229831132e-01
8.07500000000000e+00  -4.30075844389232e-01
8.10000000000000e+00  -4.44131142752483e-01
8.12500000000000e+00  -4.54727661805870e-01
8.15000000000000e+00  -4.61792364569043e-01
8.17500000000000e+00  -4.65316108732396e-01
8.20000000000000e+00  -4.65305948238460e-01
8.22500000000000e+00  -4.61799897354183e-01
8.25000000000000e+00  -4.54864885616386e-01
8.27500000000000e+00  -4.44594712777221e-01
8.30000000000000e+00  -4.31108003749620e-01
8.32500000000000e+00  -4.14546163552754e-01
8.35000000000000e+00  -3.95071332257485e-01
8.37500000000000e+00  -3.72864339931816e-01
8.40000000000000e+00  -3.48122661586353e-01
8.42500000000000e+00  -3.21058372119756e-01
8.45000000000000e+00  -2.91888357370007e-01
8.47500000000000e+00  -2.60860099818123e-01
8.50000000000000e+00  -2.28200374830944e-01
8.52500000000000e+00  -1.94155169965696e-01
8.55000000000000e+00  -1.58971709449402e-01
8.57500000000000e+00  -1.22896812783603e-01
8.60000000000000e+00  -8.61752533490557e-02
8.62500000000000e+00  -4.90481170104312e-02
8.65000000000000e+00  -1.17511607210403e-02
8.67500000000000e+00  2.54868288724730e-02
8.70000000000000e+00  6.24456768254213e-02
8.72500000000000e+00  9.89154612903712e-02
8.75000000000000e+00  1.34705528066902e-01
8.77500000000000e+00  1.69613169869695e-01
8.80000000000000e+00  2.03476918081882e-01
8.82500000000000e+00  2.36136162907165e-01
8.85000000000000e+00  2.67445847589136e-01
8.87500000000000e+00  2.97276331752234e-01
8.90000000000000e+00  3.25513254742680e-01
8.92500000000000e+00  3.52057398969425e-01
8.95000000000000e+00  3.76824553245101e-01
8.97500000000000e+00  3.99745376126959e-01
9.00000000000000e+00  4.20765259257824e-01
9.02500000000000e+00  4.39844190707029e-01
9.05000000000000e+00  4.56956618311370e-01
9.07500000000000e+00  4.72089095106651e-01
9.10000000000000e+00  4.85241316107735e-01
9.12500000000000e+00  4.96424895671154e-01
9.15000000000000e+00  5.05662564674366e-01
9.17500000000000e+00  5.12987366695503e-01
9.20000000000000e+00  5.18441796978296e-01
9.22500000000000e+00  5.22076941397014e-01
9.25000000000000e+00  5.23951615421399e-01
9.27500000000000e+00  5.24131503081596e-01
9.30000000000000e+00  5.22688295933092e-01
9.32500000000000e+00  5.19698832021649e-01
9.35000000000000e+00  5.15244234848237e-01
9.37500000000000e+00  5.09406877601329e-01
9.40000000000000e+00  5.02277318295365e-01
9.42500000000000e+00  4.93940333129563e-01
9.45000000000000e+00  4.84486256012868e-01
9.47500000000000e+00  4.74005258951750e-01
9.50000000000000e+00  4.62586892212334e-01
9.52500000000000e+00  4.50319624482531e-01
9.55000000000000e+00  4.37290383034169e-01
9.57500000000000e+00  4.23584093885117e-01
9.60000000000000e+00  4.09283221961423e-01
9.62500000000000e+00  3.94467311259439e-01
9.65000000000000e+00  3.79212525007945e-01
9.67500000000000e+00  3.63591185830291e-01
9.70000000000000e+00  3.47672163826954e-01
9.72500000000000e+00  3.31520002171760e-01
9.75000000000000e+00  3.15194803648843e-01
9.77500000000000e+00  2.98752411137638e-01
9.80000000000000e+00  2.82243925310891e-01
9.82500000000000e+00  2.65715684459121e-01
9.85000000000000e+00  2.49209244315080e-01
9.87500000000000e+00  2.32761357878218e-01
9.90000000000000e+00  2.16403955239136e-01
9.92500000000000e+00  2.00164123404058e-01
9.95000000000000e+00  1.84064086119287e-01
9.97500000000000e+00  1.68121183695664e-01
1.00000000000000e+01  1.52347852833041e-01
