0.00000000000000e+00  -1.53396678136748e-01
2.50000000000000e-02  -1.69244504559841e-01
5.00000000000000e-02  -1.85262408383650e-01
7.50000000000000e-02  -2.01438202670884e-01
1.00000000000000e-01  -2.17754742696258e-01
1.25000000000000e-01  -2.34189951698956e-01
1.50000000000000e-01  -2.50716846635100e-01
1.75000000000000e-01  -2.67303563930219e-01
2.00000000000000e-01  -2.83913385231716e-01
2.25000000000000e-01  -3.00504763161340e-01
2.50000000000000e-01  -3.17031347067652e-01
2.75000000000000e-01  -3.33442008778494e-01
3.00000000000000e-01  -3.49680868353457e-01
3.25000000000000e-01  -3.65687782058012e-01
3.50000000000000e-01  -3.81398161617008e-01
3.75000000000000e-01  -3.96743073709821e-01
4.00000000000000e-01  -4.11650164085239e-01
4.25000000000000e-01  -4.26043225430934e-01
4.50000000000000e-01  -4.39842664313331e-01
4.75000000000000e-01  -4.52965968117478e-01
5.00000000000000e-01  -4.65328171986925e-01
5.25000000000000e-01  -4.76842325763590e-01
5.50000000000000e-01  -4.87419960927634e-01
5.75000000000000e-01  -4.96971557537335e-01
6.00000000000000e-01  -5.05407011168958e-01
6.25000000000000e-01  -5.12637948717112e-01
6.50000000000000e-01  -5.18572951439839e-01
6.75000000000000e-01  -5.23128070944060e-01
7.00000000000000e-01  -5.26218751418104e-01
7.25000000000000e-01  -5.27763823855364e-01
7.50000000000000e-01  -5.27686378515293e-01
7.75000000000000e-01  -5.25914637384404e-01
8.00000000000000e-01  -5.22382826637261e-01
8.25000000000000e-01  -5.17032049097481e-01
8.50000000000000e-01  -5.09811156698730e-01
8.75000000000000e-01  -5.00677622945717e-01
9.00000000000000e-01  -4.89598415375192e-01
9.25000000000000e-01  -4.76550868016946e-01
9.50000000000000e-01  -4.61523349654944e-01
9.75000000000000e-01  -4.44516182178741e-01
1.00000000000000e+00  -4.25542892926094e-01
1.02500000000000e+00  -4.04629012019842e-01
1.05000000000000e+00  -3.81814553440563e-01
1.07500000000000e+00  -3.57154149292559e-01
1.10000000000000e+00  -3.30717184069854e-01
1.12500000000000e+00  -3.02587928922180e-01
1.15000000000000e+00  -2.72865675920968e-01
1.17500000000000e+00  -2.41664872325344e-01
1.20000000000000e+00  -2.09115254848111e-01
1.22500000000000e+00  -1.75361983921751e-01
1.25000000000000e+00  -1.40552710346939e-01
1.27500000000000e+00  -1.04888549271518e-01
1.30000000000000e+00  -6.85334046454364e-02
1.32500000000000e+00  -3.16868784762583e-02
1.35000000000000e+00  5.43998889966054e-03
1.37500000000000e+00  4.26263605456146e-02
1.40000000000000e+00  7.96432446529732e-02
1.42500000000000e+00  1.16255136269612e-01
1.45000000000000e+00  1.52221659028347e-01
1.47500000000000e+00  1.87299206875362e-01
1.50000000000000e+00  2.21242585798640e-01
1.52500000000000e+00  2.53806655556396e-01
1.55000000000000e+00  2.84747971405504e-01
1.57500000000000e+00  3.13828978094979e-01
1.60000000000000e+00  3.40819000043647e-01
1.62500000000000e+00  3.65496777437301e-01
1.65000000000000e+00  3.87651833043232e-01
1.67500000000000e+00  4.07088056481824e-01
1.70000000000000e+00  4.23625904947216e-01
1.72500000000000e+00  4.37104603927971e-01
1.75000000000000e+00  4.47384347927742e-01
1.77500000000000e+00  4.54348501185935e-01
1.80000000000000e+00  4.57905798398381e-01
1.82500000000000e+00  4.57992545437996e-01
1.85000000000000e+00  4.54574820075450e-01
1.87500000000000e+00  4.47639099102082e-01
1.90000000000000e+00  4.37211519037840e-01
1.92500000000000e+00  4.23346873739987e-01
1.95000000000000e+00  4.06129628297658e-01
1.97500000000000e+00  3.85678557017499e-01
2.00000000000000e+00  3.62145371858555e-01
2.02500000000000e+00  3.35713350867154e-01
2.05000000000000e+00  3.06595966611794e-01
2.07500000000000e+00  2.75035514618027e-01
2.10000000000000e+00  2.41301741803344e-01
2.12500000000000e+00  2.05690474912066e-01
2.15000000000000e+00  1.68522248950224e-01
2.17500000000000e+00  1.30140935620444e-01
2.20000000000000e+00  9.09037845951294e-02
2.22500000000000e+00  5.11881790759920e-02
2.25000000000000e+00  1.13814111854610e-02
2.27500000000000e+00  -2.81213417270948e-02
2.30000000000000e+00  -6.69208296582604e-02
2.32500000000000e+00  -1.04618059892260e-01
2.35000000000000e+00  -1.40818626942645e-01
2.37500000000000e+00  -1.75137042493978e-01
2.40000000000000e+00  -2.07201065343520e-01
2.42500000000000e+00  -2.36656031342914e-01
2.45000000000000e+00  -2.63169183339871e-01
2.47500000000000e+00  -2.86434001119860e-01
2.50000000000000e+00  -3.06162747317292e-01
2.52500000000000e+00  -3.22142141966934e-01
2.55000000000000e+00  -3.34143159344830e-01
2.57500000000000e+00  -3.41999473226596e-01
2.60000000000000e+00  -3.45590995966847e-01
2.62500000000000e+00  -3.44844308642395e-01
2.65000000000000e+00  -3.39733091195440e-01
2.67500000000000e+00  -3.30278552576774e-01
2.70000000000000e+00  -3.16549860888967e-01
2.72500000000000e+00  -2.98664573529570e-01
2.75000000000000e+00  -2.76789067334304e-01
2.77500000000000e+00  -2.51138968720261e-01
2.80000000000000e+00  -2.21979583829096e-01
2.82500000000000e+00  -1.89613211655479e-01
2.85000000000000e+00  -1.54396390798668e-01
2.87500000000000e+00  -1.16710271686479e-01
2.90000000000000e+00  -7.69756222017023e-02
2.92500000000000e+00  -3.56442383748055e-02
2.95000000000000e+00  6.80725163559038e-03
2.97500000000000e+00  4.98835835622333e-02
3.00000000000000e+00  9.30770530487630e-02
3.02500000000000e+00  1.35873711669234e-01
3.05000000000000e+00  1.77759562947639e-01
3.07500000000000e+00  2.18226758377431e-01
3.10000000000000e+00  2.56779793441047e-01
3.12500000000000e+00  2.92917519567938e-01
3.15000000000000e+00  3.26221240405556e-01
3.17500000000000e+00  3.56235627773123e-01
3.20000000000000e+00  3.82572515620880e-01
3.22500000000000e+00  4.04888465155631e-01
3.25000000000000e+00  4.22887742668438e-01
3.27500000000000e+00  4.36325297362306e-01
3.30000000000000e+00  4.45009739179877e-01
3.32500000000000e+00  4.48806316631117e-01
3.35000000000000e+00  4.47639894621013e-01
3.37500000000000e+00  4.41497932277253e-01
3.40000000000000e+00  4.30433460777927e-01
3.42500000000000e+00  4.14568061179212e-01
3.45000000000000e+00  3.94078061538990e-01
3.47500000000000e+00  3.69206060245229e-01
3.50000000000000e+00  3.40254869234293e-01
3.52500000000000e+00  3.07578459966901e-01
3.55000000000000e+00  2.71584909466822e-01
3.57500000000000e+00  2.32729513178036e-01
3.60000000000000e+00  1.91507897821905e-01
3.62500000000000e+00  1.48449134254342e-01
3.65000000000000e+00  1.04108850322976e-01
3.67500000000000e+00  5.90623437243204e-02
3.70000000000000e+00  1.38976948609427e-02
3.72500000000000e+00  -3.07911203013702e-02
3.75000000000000e+00  -7.43930188764167e-02
3.77500000000000e+00  -1.16366061659180e-01
3.80000000000000e+00  -1.56120214861715e-01
3.82500000000000e+00  -1.93120091913966e-01
3.85000000000000e+00  -2.26868679874284e-01
3.87500000000000e+00  -2.56912262702064e-01
3.90000000000000e+00  -2.82845344530371e-01
3.92500000000000e+00  -3.04315572938571e-01
3.95000000000000e+00  -3.21028662224964e-01
3.97500000000000e+00  -3.32753316679414e-01
4.00000000000000e+00  -3.39326153855980e-01
4.02500000000000e+00  -3.40656627845546e-01
4.05000000000000e+00  -3.36731952548450e-01
4.07500000000000e+00  -3.27602290862537e-01
4.10000000000000e+00  -3.13397762787698e-01
4.12500000000000e+00  -2.94328726856312e-01
4.15000000000000e+00  -2.70652940225659e-01
4.17500000000000e+00  -2.42707211015420e-01
4.20000000000000e+00  -2.10894682422699e-01
4.22500000000000e+00  -1.75672779696088e-01
4.25000000000000e+00  -1.37545458442271e-01
4.27500000000000e+00  -9.70560965780013e-02
4.30000000000000e+00  -5.47828949078681e-02
4.32500000000000e+00  -1.13369102757689e-02
4.35000000000000e+00  3.26352658882364e-02
4.37500000000000e+00  7.65717850195675e-02
4.40000000000000e+00  1.19769111661742e-01
4.42500000000000e+00  1.61599912983073e-01
4.45000000000000e+00  2.01455129792176e-01
4.47500000000000e+00  2.38754967359854e-01
4.50000000000000e+00  2.72955413509666e-01
4.52500000000000e+00  3.03554756708479e-01
4.55000000000000e+00  3.30100104157027e-01
4.57500000000000e+00  3.52193899880469e-01
4.60000000000000e+00  3.69500442818945e-01
4.62500000000000e+00  3.81752404918134e-01
4.65000000000000e+00  3.88757349219814e-01
4.67500000000000e+00  3.90404247952418e-01
4.70000000000000e+00  3.86617789014398e-01
4.72500000000000e+00  3.77452489859034e-01
4.75000000000000e+00  3.63224284276153e-01
4.77500000000000e+00  3.43849817180081e-01
4.80000000000000e+00  3.19588461203176e-01
4.82500000000000e+00  2.90878077818874e-01
4.85000000000000e+00  2.58187898289059e-01
4.87500000000000e+00  2.21993495390251e-01
4.90000000000000e+00  1.82749408568523e-01
4.92500000000000e+00  1.40928703726200e-01
4.95000000000000e+00  9.70968851049702e-02
4.97500000000000e+00  5.20159679168206e-02
5.00000000000000e+00  6.32747841835888e-03
5.02500000000000e+00  -3.93139418999538e-02
5.05000000000000e+00  -8.43728669551418e-02
5.07500000000000e+00  -1.28131416994008e-01
5.10000000000000e+00  -1.69946504511987e-01
5.12500000000000e+00  -2.09233479810582e-01
5.15000000000000e+00  -2.45449776554833e-01
5.17500000000000e+00  -2.78092464924390e-01
5.20000000000000e+00  -3.06696296530003e-01
5.22500000000000e+00  -3.30849731654448e-01
5.25000000000000e+00  -3.50192225073194e-01
5.27500000000000e+00  -3.64452897429728e-01
5.30000000000000e+00  -3.73496391145485e-01
5.32500000000000e+00  -3.77120256002516e-01
5.35000000000000e+00  -3.75300158350031e-01
5.37500000000000e+00  -3.68325224563690e-01
5.40000000000000e+00  -3.55967508017568e-01
5.42500000000000e+00  -3.38403617652053e-01
5.45000000000000e+00  -3.16020964938457e-01
5.47500000000000e+00  -2.89242225350267e-01
5.50000000000000e+00  -2.58483553787545e-01
5.52500000000000e+00  -2.24122811336817e-01
5.55000000000000e+00  -1.86552852557090e-01
5.57500000000000e+00  -1.46278040953144e-01
5.60000000000000e+00  -1.04038900978839e-01
5.62500000000000e+00  -6.03758197257938e-02
5.65000000000000e+00  -1.62850278101478e-02
5.67500000000000e+00  2.81833716248941e-02
5.70000000000000e+00  7.21432911145160e-02
5.72500000000000e+00  1.14895439852767e-01
5.75000000000000e+00  1.55855782506272e-01
5.77500000000000e+00  1.94483998027969e-01
5.80000000000000e+00  2.30262132020889e-01
5.82500000000000e+00  2.62675337729384e-01
5.85000000000000e+00  2.91246043234313e-01
5.87500000000000e+00  3.15511184791437e-01
5.90000000000000e+00  3.35127004633721e-01
5.92500000000000e+00  3.49995889386211e-01
5.95000000000000e+00  3.59755285280433e-01
5.97500000000000e+00  3.64293812446146e-01
6.00000000000000e+00  3.63720308602890e-01
6.02500000000000e+00  3.57833097515140e-01
6.05000000000000e+00  3.46703664113339e-01
6.07500000000000e+00  3.30569335775562e-01
6.10000000000000e+00  3.09729619675970e-01
6.12500000000000e+00  2.84489355616772e-01
6.15000000000000e+00  2.55145430650051e-01
6.17500000000000e+00  2.22022633913838e-01
6.20000000000000e+00  1.85546939156992e-01
6.22500000000000e+00  1.46312809671204e-01
6.25000000000000e+00  1.04987932396288e-01
6.27500000000000e+00  6.18297504608562e-02
6.30000000000000e+00  1.77344905005814e-02
6.32500000000000e+00  -2.68744563245166e-02
6.35000000000000e+00  -7.14497440793258e-02
6.37500000000000e+00  -1.15378157742500e-01
6.40000000000000e+00  -1.58038698895346e-01
6.42500000000000e+00  -1.98843550980335e-01
6.45000000000000e+00  -2.37272725803695e-01
6.47500000000000e+00  -2.72860577928990e-01
6.50000000000000e+00  -3.05211856514417e-01
6.52500000000000e+00  -3.33918411454581e-01
6.55000000000000e+00  -3.58460284386988e-01
6.57500000000000e+00  -3.78654190124592e-01
6.60000000000000e+00  -3.94260188645881e-01
6.62500000000000e+00  -4.05084547674235e-01
6.65000000000000e+00  -4.11004785548228e-01
6.67500000000000e+00  -4.11966672800932e-01
6.70000000000000e+00  -4.07981451829237e-01
6.72500000000000e+00  -3.99123056563161e-01
6.75000000000000e+00  -3.85525332135172e-01
6.77500000000000e+00  -3.67379254549502e-01
6.80000000000000e+00  -3.44930150351464e-01
6.82500000000000e+00  -3.18474916296770e-01
6.85000000000000e+00  -2.88359239020842e-01
6.87500000000000e+00  -2.55083368160714e-01
6.90000000000000e+00  -2.18794467917295e-01
6.92500000000000e+00  -1.80158791696905e-01
6.95000000000000e+00  -1.39638918806454e-01
6.97500000000000e+00  -9.77214102171074e-02
7.00000000000000e+00  -5.49095268934435e-02
7.02500000000000e+00  -1.17159481225839e-02
7.05000000000000e+00  3.13445101566458e-02
7.07500000000000e+00  7.37621770245844e-02
7.10000000000000e+00  1.15039808251584e-01
7.12500000000000e+00  1.54699867968858e-01
7.15000000000000e+00  1.92291810339351e-01
7.17500000000000e+00  2.27399361228579e-01
7.20000000000000e+00  2.59628849805532e-01
7.22500000000000e+00  2.88631618953531e-01
7.25000000000000e+00  3.14102398806549e-01
7.27500000000000e+00  3.35774485421647e-01
7.30000000000000e+00  3.53430885329600e-01
7.32500000000000e+00  3.66904030142801e-01
7.35000000000000e+00  3.76075491163171e-01
7.37500000000000e+00  3.80875693990060e-01
7.40000000000000e+00  3.81283633128157e-01
7.42500000000000e+00  3.77326586595391e-01
7.45000000000000e+00  3.69079830530840e-01
7.47500000000000e+00  3.56666353802636e-01
7.50000000000000e+00  3.40257410997274e-01
7.52500000000000e+00  3.20050273099406e-01
7.55000000000000e+00  2.96293680598978e-01
7.57500000000000e+00  2.69264597479152e-01
7.60000000000000e+00  2.39270688104012e-01
7.62500000000000e+00  2.06645971081397e-01
7.65000000000000e+00  1.71746473125715e-01
7.67500000000000e+00  1.34945882920781e-01
7.70000000000000e+00  9.66312049826271e-02
7.72500000000000e+00  5.71984135223352e-02
7.75000000000000e+00  1.70481063088637e-02
7.77500000000000e+00  -2.34188414681387e-02
7.80000000000000e+00  -6.38056233354968e-02
7.82500000000000e+00  -1.03722803217652e-01
7.85000000000000e+00  -1.42793625625066e-01
7.87500000000000e+00  -1.80656982145396e-01
7.90000000000000e+00  -2.16966899144856e-01
7.92500000000000e+00  -2.51400799100710e-01
7.95000000000000e+00  -2.83660885431391e-01
7.97500000000000e+00  -3.13475527326644e-01
8.00000000000000e+00  -3.40600644577642e-01
8.02500000000000e+00  -3.64821092407131e-01
8.05000000000000e+00  -3.85952046299545e-01
8.07500000000000e+00  -4.03840386831144e-01
8.10000000000000e+00  -4.18366084500145e-01
8.12500000000000e+00  -4.29455550605664e-01
8.15000000000000e+00  -4.37016106734433e-01
8.17500000000000e+00  -4.41057358952089e-01
8.20000000000000e+00  -4.41580046994475e-01
8.22500000000000e+00  -4.38617092719406e-01
8.25000000000000e+00  -4.32231385062772e-01
8.27500000000000e+00  -4.22513564994655e-01
8.30000000000000e+00  -4.09579810475438e-01
8.32500000000000e+00  -3.93569621411910e-01
8.35000000000000e+00  -3.74643604613387e-01
8.37500000000000e+00  -3.52981258747808e-01
8.40000000000000e+00  -3.28778759297861e-01
8.42500000000000e+00  -3.02246743517082e-01
8.45000000000000e+00  -2.73606791971043e-01
8.47500000000000e+00  -2.43090146807614e-01
8.50000000000000e+00  -2.10934428256503e-01
8.52500000000000e+00  -1.77383367462598e-01
8.55000000000000e+00  -1.42682491954768e-01
8.57500000000000e+00  -1.07077471632117e-01
8.60000000000000e+00  -7.08124647502162e-02
8.62500000000000e+00  -3.41284639073301e-02
8.65000000000000e+00  2.73835796932411e-03
8.67500000000000e+00  3.95583016373533e-02
8.70000000000000e+00  7.61097955529457e-02
8.72500000000000e+00  1.12181049884638e-01
8.75000000000000e+00  1.47585248562224e-01
8.77500000000000e+00  1.82118812545644e-01
8.80000000000000e+00  2.15618765516151e-01
8.82500000000000e+00  2.47923933261820e-01
8.85000000000000e+00  2.78888691656117e-01
8.87500000000000e+00  3.08382840612691e-01
8.90000000000000e+00  3.36291478040137e-01
8.92500000000000e+00  3.62514873796787e-01
8.95000000000000e+00  3.86968343645492e-01
8.97500000000000e+00  4.09582123208394e-01
9.00000000000000e+00  4.30301241921720e-01
9.02500000000000e+00  4.49085396990549e-01
9.05000000000000e+00  4.65908827343599e-01
9.07500000000000e+00  4.80757758498461e-01
9.10000000000000e+00  4.93631682103893e-01
9.12500000000000e+00  5.04542082657069e-01
9.15000000000000e+00  5.13511482566264e-01
9.17500000000000e+00  5.20572806179131e-01
9.20000000000000e+00  5.25768499232863e-01
9.22500000000000e+00  5.29149648304375e-01
9.25000000000000e+00  5.30775100260474e-01
9.27500000000000e+00  5.30710581708033e-01
9.30000000000000e+00  5.29027818444159e-01
9.32500000000000e+00  5.25803654906377e-01
9.35000000000000e+00  5.21119173622792e-01
9.37500000000000e+00  5.15057231526722e-01
9.40000000000000e+00  5.07707257412962e-01
9.42500000000000e+00  4.99155028511175e-01
9.45000000000000e+00  4.89490752623242e-01
9.47500000000000e+00  4.78804509198956e-01
9.50000000000000e+00  4.67185782689547e-01
9.52500000000000e+00  4.54722995901214e-01
9.55000000000000e+00  4.41503043348655e-01
9.57500000000000e+00  4.27610824608592e-01
9.60000000000000e+00  4.13128777673304e-01
9.62500000000000e+00  3.98136412304156e-01
9.65000000000000e+00  3.82709843385122e-01
9.67500000000000e+00  3.66921324276323e-01
9.70000000000000e+00  3.50839685673956e-01
9.72500000000000e+00  3.34529405374063e-01
9.75000000000000e+00  3.18050512237402e-01
9.77500000000000e+00  3.01458766607253e-01
9.80000000000000e+00  2.84805173216564e-01
9.82500000000000e+00  2.68135955113421e-01
9.85000000000000e+00  2.51492527586502e-01
9.87500000000000e+00  2.34911472090540e-01
9.90000000000000e+00  2.18424510171781e-01
9.92500000000000e+00  2.02058477393449e-01
9.95000000000000e+00  1.85835297261207e-01
9.97500000000000e+00  1.69771955148608e-01
1.00000000000000e+01  1.53880472222576e-01
