0.00000000000000e+00  -1.55470866731438e-01
2.50000000000000e-02  -1.71513935206475e-01
5.00000000000000e-02  -1.87728454625740e-01
7.50000000000000e-02  -2.04101695531553e-01
1.00000000000000e-01  -2.20616068509007e-01
1.25000000000000e-01  -2.37249134428049e-01
1.50000000000000e-01  -2.53973614685568e-01
1.75000000000000e-01  -2.70757401447474e-01
2.00000000000000e-01  -2.87563567890796e-01
2.25000000000000e-01  -3.04350378445758e-01
2.50000000000000e-01  -3.21071299037873e-01
2.75000000000000e-01  -3.37675007330023e-01
3.00000000000000e-01  -3.54105402964549e-01
3.25000000000000e-01  -3.70302115195039e-01
3.50000000000000e-01  -3.86200294733410e-01
3.75000000000000e-01  -4.01730701562406e-01
4.00000000000000e-01  -4.16820696114692e-01
4.25000000000000e-01  -4.31393750465597e-01
4.50000000000000e-01  -4.45369941283810e-01
4.75000000000000e-01  -4.58666442782075e-01
5.00000000000000e-01  -4.71198019667889e-01
5.25000000000000e-01  -4.82877520094192e-01
5.50000000000000e-01  -4.93616368610070e-01
5.75000000000000e-01  -5.03325059111450e-01
6.00000000000000e-01  -5.11913647791792e-01
6.25000000000000e-01  -5.19291826455861e-01
6.50000000000000e-01  -5.25372805439293e-01
6.75000000000000e-01  -5.30068690102825e-01
7.00000000000000e-01  -5.33295684057669e-01
7.25000000000000e-01  -5.34973343390848e-01
7.50000000000000e-01  -5.35025467367074e-01
7.75000000000000e-01  -5.33380989130620e-01
8.00000000000000e-01  -5.29974866407190e-01
8.25000000000000e-01  -5.24748972205796e-01
8.50000000000000e-01  -5.17652985520633e-01
8.75000000000000e-01  -5.08645282032946e-01
9.00000000000000e-01  -4.97693824812911e-01
9.25000000000000e-01  -4.84777055021503e-01
9.50000000000000e-01  -4.69884568917670e-01
9.75000000000000e-01  -4.53018036771249e-01
1.00000000000000e+00  -4.34192447384545e-01
1.02500000000000e+00  -4.13434880109784e-01
1.05000000000000e+00  -3.90786998237509e-01
1.07500000000000e+00  -3.66305141614115e-01
1.10000000000000e+00  -3.40060419259392e-01
1.12500000000000e+00  -3.12138801984064e-01
1.15000000000000e+00  -2.82641215007325e-01
1.17500000000000e+00  -2.51683630574384e-01
1.20000000000000e+00  -2.19397160573999e-01
1.22500000000000e+00  -1.85928149156021e-01
1.25000000000000e+00  -1.51434963179876e-01
1.27500000000000e+00  -1.16094026887052e-01
1.30000000000000e+00  -8.00956747769663e-02
1.32500000000000e+00  -4.36378445885838e-02
1.35000000000000e+00  -6.93079491278557e-03
1.37500000000000e+00  2.98046882415914e-02
1.40000000000000e+00  6.63390848817001e-02
1.42500000000000e+00  1.02435934464635e-01
1.45000000000000e+00  1.37853629331391e-01
1.47500000000000e+00  1.72347208140803e-01
1.50000000000000e+00  2.05670149303508e-01
1.52500000000000e+00  2.37576164415894e-01
1.55000000000000e+00  2.67820991694049e-01
1.57500000000000e+00  2.96166602732950e-01
1.60000000000000e+00  3.22381661100415e-01
1.62500000000000e+00  3.46245081312494e-01
1.65000000000000e+00  3.67546457605704e-01
1.67500000000000e+00  3.86090399105007e-01
1.70000000000000e+00  4.01698504915908e-01
1.72500000000000e+00  4.14211339216559e-01
1.75000000000000e+00  4.23490406349854e-01
1.77500000000000e+00  4.29420125915534e-01
1.80000000000000e+00  4.31909807862284e-01
1.82500000000000e+00  4.30895627579834e-01
1.85000000000000e+00  4.26342600991059e-01
1.87500000000000e+00  4.18249750401841e-01
1.90000000000000e+00  4.06633795198652e-01
1.92500000000000e+00  3.91561236126346e-01
1.95000000000000e+00  3.73118064343205e-01
1.97500000000000e+00  3.51425182481962e-01
2.00000000000000e+00  3.26636966053901e-01
2.02500000000000e+00  2.98939824852963e-01
2.05000000000000e+00  2.68550764359856e-01
2.07500000000000e+00  2.35715947146157e-01
2.10000000000000e+00  2.00709254278421e-01
2.12500000000000e+00  1.63830846722286e-01
2.15000000000000e+00  1.25405726746579e-01
2.17500000000000e+00  8.57822993274218e-02
2.20000000000000e+00  4.53165267877175e-02
2.22500000000000e+00  4.39552235787721e-03
2.25000000000000e+00  -3.65930361130436e-02
2.27500000000000e+00  -7.72509985884871e-02
2.30000000000000e+00  -1.17176345798839e-01
2.32500000000000e+00  -1.55967519087411e-01
2.35000000000000e+00  -1.93227750256430e-01
2.37500000000000e+00  -2.28569391413018e-01
2.40000000000000e+00  -2.61618244815175e-01
2.42500000000000e+00  -2.92017892717765e-01
2.45000000000000e+00  -3.19434027218502e-01
2.47500000000000e+00  -3.43558780103928e-01
2.50000000000000e+00  -3.64125350797075e-01
2.52500000000000e+00  -3.80854939614982e-01
2.55000000000000e+00  -3.93586365366105e-01
2.57500000000000e+00  -4.02136389980225e-01
2.60000000000000e+00  -4.06378557940951e-01
2.62500000000000e+00  -4.06239479188411e-01
2.65000000000000e+00  -4.01695112021942e-01
2.67500000000000e+00  -3.92768659475736e-01
2.70000000000000e+00  -3.79529799172035e-01
2.72500000000000e+00  -3.62095608293809e-01
2.75000000000000e+00  -3.40631833430543e-01
2.77500000000000e+00  -3.15356954779215e-01
2.80000000000000e+00  -2.86546648636779e-01
2.82500000000000e+00  -2.54500558451867e-01
2.85000000000000e+00  -2.19568281974506e-01
2.87500000000000e+00  -1.82140002098492e-01
2.90000000000000e+00  -1.42635897064297e-01
2.92500000000000e+00  -1.01506976307411e-01
2.95000000000000e+00  -5.92290829710917e-02
2.97500000000000e+00  -1.62968964191128e-02
3.00000000000000e+00  2.67820652514842e-02
3.02500000000000e+00  6.94934426976413e-02
3.05000000000000e+00  1.11322032817533e-01
3.07500000000000e+00  1.51757786237819e-01
3.10000000000000e+00  1.90301804800889e-01
3.12500000000000e+00  2.26482811806567e-01
3.15000000000000e+00  2.59821169475264e-01
3.17500000000000e+00  2.89918755069706e-01
3.20000000000000e+00  3.16380104713850e-01
3.22500000000000e+00  3.38857210654606e-01
3.25000000000000e+00  3.57052042595342e-01
3.27500000000000e+00  3.70719069029377e-01
3.30000000000000e+00  3.79667778573486e-01
3.32500000000000e+00  3.83765201301400e-01
3.35000000000000e+00  3.82938430077305e-01
3.37500000000000e+00  3.77177141889342e-01
3.40000000000000e+00  3.66536119183108e-01
3.42500000000000e+00  3.51137771195156e-01
3.45000000000000e+00  3.31159860233411e-01
3.47500000000000e+00  3.06844574321846e-01
3.50000000000000e+00  2.78495276679369e-01
3.52500000000000e+00  2.46465138392850e-01
3.55000000000000e+00  2.11161345047703e-01
3.57500000000000e+00  1.73038306334496e-01
3.60000000000000e+00  1.32590865655579e-01
3.62500000000000e+00  9.03475097316970e-02
3.65000000000000e+00  4.68635782086082e-02
3.67500000000000e+00  2.71447326370624e-03
3.70000000000000e+00  -4.15111307873634e-02
3.72500000000000e+00  -8.52180778840843e-02
3.75000000000000e+00  -1.27823751570927e-01
3.77500000000000e+00  -1.68728765678251e-01
3.80000000000000e+00  -2.07395863608692e-01
3.82500000000000e+00  -2.43285844320995e-01
3.85000000000000e+00  -2.75899872923253e-01
3.87500000000000e+00  -3.04784105045699e-01
3.90000000000000e+00  -3.29534311213486e-01
3.92500000000000e+00  -3.49800501219478e-01
3.95000000000000e+00  -3.65291548497035e-01
3.97500000000000e+00  -3.75779814492804e-01
4.00000000000000e+00  -3.81105773039501e-01
4.02500000000000e+00  -3.81182634728703e-01
4.05000000000000e+00  -3.76000971283630e-01
4.07500000000000e+00  -3.65615888513492e-01
4.10000000000000e+00  -3.50159321329660e-01
4.12500000000000e+00  -3.29838710941777e-01
4.15000000000000e+00  -3.04922476790514e-01
4.17500000000000e+00  -2.75748893619984e-01
4.20000000000000e+00  -2.42719034349390e-01
4.22500000000000e+00  -2.06289712944696e-01
4.25000000000000e+00  -1.66966427290278e-01
4.27500000000000e+00  -1.25296302060587e-01
4.30000000000000e+00  -8.18610315918061e-02
4.32500000000000e+00  -3.72698227535112e-02
4.35000000000000e+00  7.84766217966569e-03
4.37500000000000e+00  5.28532390015900e-02
4.40000000000000e+00  9.70967740805477e-02
4.42500000000000e+00  1.39971178381889e-01
4.45000000000000e+00  1.80856934960479e-01
4.47500000000000e+00  2.19167271610665e-01
4.50000000000000e+00  2.54354121829660e-01
4.52500000000000e+00  2.85914085780912e-01
4.55000000000000e+00  3.13394391257474e-01
4.57500000000000e+00  3.36398854645385e-01
4.60000000000000e+00  3.54593841887037e-01
4.62500000000000e+00  3.67714229444548e-01
4.65000000000000e+00  3.75569365263141e-01
4.67500000000000e+00  3.78049029734513e-01
4.70000000000000e+00  3.75112857699852e-01
4.72500000000000e+00  3.66800737619368e-01
4.75000000000000e+00  3.53226068282506e-01
4.77500000000000e+00  3.34590869666996e-01
4.80000000000000e+00  3.11163541886776e-01
4.82500000000000e+00  2.83278966204713e-01
4.85000000000000e+00  2.51337937092312e-01
4.87500000000000e+00  2.15801642983855e-01
4.90000000000000e+00  1.77185885778738e-01
4.92500000000000e+00  1.36052274673739e-01
4.95000000000000e+00  9.29979603917857e-02
4.97500000000000e+00  4.86445583347651e-02
5.00000000000000e+00  3.61925717033385e-03
5.02500000000000e+00  -4.13921385542839e-02
5.05000000000000e+00  -8.57651916532294e-02
5.07500000000000e+00  -1.28849066120322e-01
5.10000000000000e+00  -1.70017155215707e-01
5.12500000000000e+00  -2.08673819531822e-01
5.15000000000000e+00  -2.44261125059386e-01
5.17500000000000e+00  -2.76265581253372e-01
5.20000000000000e+00  -3.04224879098981e-01
5.22500000000000e+00  -3.27734629177629e-01
5.25000000000000e+00  -3.46455099732916e-01
5.27500000000000e+00  -3.60117954736610e-01
5.30000000000000e+00  -3.68532991954620e-01
5.32500000000000e+00  -3.71576490084486e-01
5.35000000000000e+00  -3.69207329446843e-01
5.37500000000000e+00  -3.61473260608277e-01
5.40000000000000e+00  -3.48475207284298e-01
5.42500000000000e+00  -3.30403086525568e-01
5.45000000000000e+00  -3.07524435558380e-01
5.47500000000000e+00  -2.80173864730050e-01
5.50000000000000e+00  -2.48747523289792e-01
5.52500000000000e+00  -2.13695984447054e-01
5.55000000000000e+00  -1.75519537051902e-01
5.57500000000000e+00  -1.34763952837501e-01
5.60000000000000e+00  -9.20181712977933e-02
5.62500000000000e+00  -4.78961259043080e-02
5.65000000000000e+00  -3.03308596456713e-03
5.67500000000000e+00  4.19530002367552e-02
5.70000000000000e+00  8.64173656060295e-02
5.72500000000000e+00  1.29729271062287e-01
5.75000000000000e+00  1.71278944795926e-01
5.77500000000000e+00  2.10484521527446e-01
5.80000000000000e+00  2.46798981766162e-01
5.82500000000000e+00  2.79717091068921e-01
5.85000000000000e+00  3.08782339298832e-01
5.87500000000000e+00  3.33593879883973e-01
5.90000000000000e+00  3.53813469076129e-01
5.92500000000000e+00  3.69172405209494e-01
5.95000000000000e+00  3.79465249185604e-01
5.97500000000000e+00  3.84559416928437e-01
6.00000000000000e+00  3.84389855590058e-01
6.02500000000000e+00  3.78979595088901e-01
6.05000000000000e+00  3.68416201460413e-01
6.07500000000000e+00  3.52854327713426e-01
6.10000000000000e+00  3.32517688340437e-01
6.12500000000000e+00  3.07696478490389e-01
6.15000000000000e+00  2.78743673779123e-01
6.17500000000000e+00  2.46068152351301e-01
6.20000000000000e+00  2.10125769263280e-01
6.22500000000000e+00  1.71409337957688e-01
6.25000000000000e+00  1.30439248865549e-01
6.27500000000000e+00  8.77974733086209e-02
6.30000000000000e+00  4.40461529301065e-02
6.32500000000000e+00  -2.20231644639216e-04
6.35000000000000e+00  -4.44067929808895e-02
6.37500000000000e+00  -8.79250438705245e-02
6.40000000000000e+00  -1.30199704368038e-01
6.42500000000000e+00  -1.70675508826514e-01
6.45000000000000e+00  -2.08824012933631e-01
6.47500000000000e+00  -2.44150400747647e-01
6.50000000000000e+00  -2.76200291733390e-01
6.52500000000000e+00  -3.04566547798256e-01
6.55000000000000e+00  -3.28896080328193e-01
6.57500000000000e+00  -3.48884736449941e-01
6.60000000000000e+00  -3.64292599420780e-01
6.62500000000000e+00  -3.74940250173785e-01
6.65000000000000e+00  -3.80705379990976e-01
6.67500000000000e+00  -3.81533333529199e-01
6.70000000000000e+00  -3.77434566410998e-01
6.72500000000000e+00  -3.68482102815475e-01
6.75000000000000e+00  -3.54808993069166e-01
6.77500000000000e+00  -3.36605771236897e-01
6.80000000000000e+00  -3.14117912712662e-01
6.82500000000000e+00  -2.87643291810484e-01
6.85000000000000e+00  -2.57529639355283e-01
6.87500000000000e+00  -2.24164649937441e-01
6.90000000000000e+00  -1.87975791477943e-01
6.92500000000000e+00  -1.49411057628395e-01
6.95000000000000e+00  -1.08952585543499e-01
6.97500000000000e+00  -6.70996047734561e-02
7.00000000000000e+00  -2.43624479779532e-02
7.02500000000000e+00  1.87434383598674e-02
7.05000000000000e+00  6.17034832194125e-02
7.07500000000000e+00  1.04009980328671e-01
7.10000000000000e+00  1.45168077450224e-01
7.12500000000000e+00  1.84701765667263e-01
7.15000000000000e+00  2.22159868669618e-01
7.17500000000000e+00  2.57122032039765e-01
7.20000000000000e+00  2.89198917031630e-01
7.22500000000000e+00  3.18040355390856e-01
7.25000000000000e+00  3.43340295603331e-01
7.27500000000000e+00  3.64830779251628e-01
7.30000000000000e+00  3.82293594839282e-01
7.32500000000000e+00  3.95560018184789e-01
7.35000000000000e+00  4.04510552815619e-01
7.37500000000000e+00  4.09074670362217e-01
7.40000000000000e+00  4.09230550952012e-01
7.42500000000000e+00  4.05004823603418e-01
7.45000000000000e+00  3.96472306619843e-01
7.47500000000000e+00  3.83755747983695e-01
7.50000000000000e+00  3.67021735438875e-01
7.52500000000000e+00  3.46471803216753e-01
7.55000000000000e+00  3.22350070987449e-01
7.57500000000000e+00  2.94933588349515e-01
7.60000000000000e+00  2.64530174596013e-01
7.62500000000000e+00  2.31474091879032e-01
7.65000000000000e+00  1.96121718374185e-01
7.67500000000000e+00  1.58847221445123e-01
7.70000000000000e+00  1.20038230808033e-01
7.72500000000000e+00  8.00915116961518e-02
7.75000000000000e+00  3.94086380242717e-02
7.77500000000000e+00  -1.60833444675992e-03
7.80000000000000e+00  -4.25611949455239e-02
7.82500000000000e+00  -8.30592467330142e-02
7.85000000000000e+00  -1.22723251670987e-01
7.87500000000000e+00  -1.61190738829260e-01
7.90000000000000e+00  -1.98113814991054e-01
7.92500000000000e+00  -2.33167705491376e-01
7.95000000000000e+00  -2.66052254751903e-01
7.97500000000000e+00  -2.96493426815881e-01
8.00000000000000e+00  -3.24244805883000e-01
8.02500000000000e+00  -3.49089096844295e-01
8.05000000000000e+00  -3.70839625817028e-01
8.07500000000000e+00  -3.89341840679574e-01
8.10000000000000e+00  -4.04474811606316e-01
8.12500000000000e+00  -4.16148792930939e-01
8.15000000000000e+00  -4.24307197678993e-01
8.17500000000000e+00  -4.28922914852618e-01
8.20000000000000e+00  -4.29999989153236e-01
8.22500000000000e+00  -4.27573256776984e-01
8.25000000000000e+00  -4.21706376649543e-01
8.27500000000000e+00  -4.12489861660974e-01
8.30000000000000e+00  -4.00039109900544e-01
8.32500000000000e+00  -3.84492435891556e-01
8.35000000000000e+00  -3.66009101826187e-01
8.37500000000000e+00  -3.44767348800305e-01
8.40000000000000e+00  -3.20962428048315e-01
8.42500000000000e+00  -2.94804632177980e-01
8.45000000000000e+00  -2.66514926662728e-01
8.47500000000000e+00  -2.36324551813398e-01
8.50000000000000e+00  -2.04471463562514e-01
8.52500000000000e+00  -1.71199854450468e-01
8.55000000000000e+00  -1.36755963033837e-01
8.57500000000000e+00  -1.01386276467989e-01
8.60000000000000e+00  -6.53357330896680e-02
8.62500000000000e+00  -2.88459249995832e-02
8.65000000000000e+00  7.84669935498455e-03
8.67500000000000e+00  4.45126325975997e-02
8.70000000000000e+00  8.09311058400751e-02
8.72500000000000e+00  1.16891886099883e-01
8.75000000000000e+00  1.52200150653892e-01
8.77500000000000e+00  1.86655770684751e-01
8.80000000000000e+00  2.20092071972895e-01
8.82500000000000e+00  2.52347364458041e-01
8.85000000000000e+00  2.83275269403170e-01
8.87500000000000e+00  3.12744629218532e-01
8.90000000000000e+00  3.40639417285632e-01
8.92500000000000e+00  3.66858647781242e-01
8.95000000000000e+00  3.91316285501400e-01
8.97500000000000e+00  4.13941155685401e-01
9.00000000000000e+00  4.34676853839814e-01
9.02500000000000e+00  4.53481655562462e-01
9.05000000000000e+00  4.70328426366437e-01
9.07500000000000e+00  4.85202112435667e-01
9.10000000000000e+00  4.98100986755681e-01
9.12500000000000e+00  5.09035400863802e-01
9.15000000000000e+00  5.18026857623044e-01
9.17500000000000e+00  5.25107343172709e-01
9.20000000000000e+00  5.30318435105428e-01
9.22500000000000e+00  5.33710410644210e-01
9.25000000000000e+00  5.35341354819486e-01
9.27500000000000e+00  5.35276268646157e-01
9.30000000000000e+00  5.33586177300636e-01
9.32500000000000e+00  5.30347238297902e-01
9.35000000000000e+00  5.25639849668535e-01
9.37500000000000e+00  5.19548269630155e-01
9.40000000000000e+00  5.12158979858427e-01
9.42500000000000e+00  5.03560104854864e-01
9.45000000000000e+00  4.93841494551241e-01
9.47500000000000e+00  4.83093060887305e-01
9.50000000000000e+00  4.71404283886563e-01
9.52500000000000e+00  4.58863717732079e-01
9.55000000000000e+00  4.45558496842266e-01
9.57500000000000e+00  4.31573841946678e-01
9.60000000000000e+00  4.16992566161805e-01
9.62500000000000e+00  4.01894581066865e-01
9.65000000000000e+00  3.86356402779596e-01
9.67500000000000e+00  3.70450658032053e-01
9.70000000000000e+00  3.54246577437964e-01
9.72500000000000e+00  3.37808999280476e-01
9.75000000000000e+00  3.21198282859564e-01
9.77500000000000e+00  3.04470518393472e-01
9.80000000000000e+00  2.87677017635290e-01
9.82500000000000e+00  2.70864304024240e-01
9.85000000000000e+00  2.54074102836962e-01
9.87500000000000e+00  2.37343331338803e-01
9.90000000000000e+00  2.20704088935101e-01
9.92500000000000e+00  2.04183647322476e-01
9.95000000000000e+00  1.87804440640114e-01
9.97500000000000e+00  1.71584055621055e-01
1.00000000000000e+01  1.55535221743488e-01
