0.00000000000000e+00  2.44429195971018e-01
2.50000000000000e-02  2.68091329011160e-01
5.00000000000000e-02  2.91767244908565e-01
7.50000000000000e-02  3.15406042273325e-01
1.00000000000000e-01  3.38951818958901e-01
1.25000000000000e-01  3.62343612466957e-01
1.50000000000000e-01  3.85515340352180e-01
1.75000000000000e-01  4.08395740627126e-01
2.00000000000000e-01  4.30908312167050e-01
2.25000000000000e-01  4.52971255114738e-01
2.50000000000000e-01  4.74497411285346e-01
2.75000000000000e-01  4.95394204571230e-01
3.00000000000000e-01  5.15563581346780e-01
3.25000000000000e-01  5.34904827184891e-01
3.50000000000000e-01  5.53313216028519e-01
3.75000000000000e-01  5.70681908855952e-01
4.00000000000000e-01  5.86901321766313e-01
4.25000000000000e-01  6.01861566819744e-01
4.50000000000000e-01  6.15453177512459e-01
4.75000000000000e-01  6.27567834251802e-01
5.00000000000000e-01  6.38099089831305e-01
5.25000000000000e-01  6.46943094905738e-01
5.50000000000000e-01  6.53999323466171e-01
5.75000000000000e-01  6.59171298315027e-01
6.00000000000000e-01  6.62367316541140e-01
6.25000000000000e-01  6.63488163321205e-01
6.50000000000000e-01  6.62503092641808e-01
6.75000000000000e-01  6.59308429996670e-01
7.00000000000000e-01  6.53849964510324e-01
7.25000000000000e-01  6.46084491951260e-01
7.50000000000000e-01  6.35980573555599e-01
7.75000000000000e-01  6.23519294850753e-01
8.00000000000000e-01  6.08695024479095e-01
8.25000000000000e-01  5.91516173021620e-01
8.50000000000000e-01  5.72005951821618e-01
8.75000000000000e-01  5.50203131808332e-01
9.00000000000000e-01  5.26162802320628e-01
9.25000000000000e-01  4.99957129930664e-01
9.50000000000000e-01  4.71675157392352e-01
9.75000000000000e-01  4.41423766872399e-01
1.00000000000000e+00  4.09329025298485e-01
1.02500000000000e+00  3.75531169711525e-01
1.05000000000000e+00  3.40189327966669e-01
1.07500000000000e+00  3.03479789613042e-01
1.10000000000000e+00  2.65594276773492e-01
1.12500000000000e+00  2.26738215024330e-01
1.15000000000000e+00  1.87129004275075e-01
1.17500000000000e+00  1.46994289648202e-01
1.20000000000000e+00  1.06570232358875e-01
1.22500000000000e+00  6.60997805947012e-02
1.25000000000000e+00  2.59576186689990e-02
1.27500000000000e+00  -1.39214018756639e-02
1.30000000000000e+00  -5.29676410201880e-02
1.32500000000000e+00  -9.09510146440121e-02
1.35000000000000e+00  -1.27631325557991e-01
1.37500000000000e+00  -1.62762286879646e-01
1.40000000000000e+00  -1.96095545408397e-01
1.42500000000000e+00  -2.27384705000806e-01
1.45000000000000e+00  -2.56389349945816e-01
1.47500000000000e+00  -2.82879068339987e-01
1.50000000000000e+00  -3.06637475462740e-01
1.52500000000000e+00  -3.27466237151594e-01
1.55000000000000e+00  -3.45189093177406e-01
1.57500000000000e+00  -3.59649443984627e-01
1.60000000000000e+00  -3.70719361841796e-01
1.62500000000000e+00  -3.78304047185323e-01
1.65000000000000e+00  -3.82325605640764e-01
1.67500000000000e+00  -3.82742882472777e-01
1.70000000000000e+00  -3.79548519749372e-01
1.72500000000000e+00  -3.72766013506173e-01
1.75000000000000e+00  -3.62446770910662e-01
1.77500000000000e+00  -3.48667167426444e-01
1.80000000000000e+00  -3.31525603977495e-01
1.82500000000000e+00  -3.11139564112417e-01
1.85000000000000e+00  -2.87642671168694e-01
1.87500000000000e+00  -2.61345995116023e-01
1.90000000000000e+00  -2.32404476323379e-01
1.92500000000000e+00  -2.01118691462021e-01
1.95000000000000e+00  -1.67756494858015e-01
1.97500000000000e+00  -1.32614074995950e-01
2.00000000000000e+00  -9.60113998914369e-02
2.02500000000000e+00  -5.82876624636257e-02
2.05000000000000e+00  -1.97967259077149e-02
2.07500000000000e+00  1.90974309325362e-02
2.10000000000000e+00  5.80252681923007e-02
2.12500000000000e+00  9.66162396131686e-02
2.15000000000000e+00  1.34503347170638e-01
2.17500000000000e+00  1.71327695701606e-01
2.20000000000000e+00  2.06710860107701e-01
2.22500000000000e+00  2.40344315062525e-01
2.25000000000000e+00  2.71858918097653e-01
2.27500000000000e+00  3.00985745353156e-01
2.30000000000000e+00  3.27443752373475e-01
2.32500000000000e+00  3.50962605840332e-01
2.35000000000000e+00  3.71303809614845e-01
2.37500000000000e+00  3.88269294326861e-01
2.40000000000000e+00  4.01707187425203e-01
2.42500000000000e+00  4.11509571877296e-01
2.45000000000000e+00  4.17603368403639e-01
2.47500000000000e+00  4.19933496978600e-01
2.50000000000000e+00  4.18454110187762e-01
2.52500000000000e+00  4.13270518436349e-01
2.55000000000000e+00  4.04410616158121e-01
2.57500000000000e+00  3.92000476697817e-01
2.60000000000000e+00  3.76200388423399e-01
2.62500000000000e+00  3.57203092094327e-01
2.65000000000000e+00  3.35232018229827e-01
2.67500000000000e+00  3.10539524477166e-01
2.70000000000000e+00  2.83405132979915e-01
2.72500000000000e+00  2.54133767746228e-01
2.75000000000000e+00  2.23053992017107e-01
2.77500000000000e+00  1.90516245634675e-01
2.80000000000000e+00  1.56891082410446e-01
2.82500000000000e+00  1.22556448725244e-01
2.85000000000000e+00  8.78590763528599e-02
2.87500000000000e+00  5.31985993012064e-02
2.90000000000000e+00  1.89439168789731e-02
2.92500000000000e+00  -1.45484991841388e-02
2.95000000000000e+00  -4.69368630526206e-02
2.97500000000000e+00  -7.78963331003605e-02
3.00000000000000e+00  -1.07121270225847e-01
3.02500000000000e+00  -1.34327496167375e-01
3.05000000000000e+00  -1.59254551818246e-01
3.07500000000000e+00  -1.81667955541977e-01
3.10000000000000e+00  -2.01361461487500e-01
3.12500000000000e+00  -2.18325897691162e-01
3.15000000000000e+00  -2.32048715520123e-01
3.17500000000000e+00  -2.42856371530285e-01
3.20000000000000e+00  -2.50629620858664e-01
3.22500000000000e+00  -2.55322474757530e-01
3.25000000000000e+00  -2.56952936837953e-01
3.27500000000000e+00  -2.55593739313340e-01
3.30000000000000e+00  -2.51360886145505e-01
3.32500000000000e+00  -2.44402528705325e-01
3.35000000000000e+00  -2.34897234045371e-01
3.37500000000000e+00  -2.23047724595850e-01
3.40000000000000e+00  -2.09092717624166e-01
3.42500000000000e+00  -1.93321406105254e-01
3.45000000000000e+00  -1.75996882637995e-01
3.47500000000000e+00  -1.57396559350152e-01
3.50000000000000e+00  -1.37829217259567e-01
3.52500000000000e+00  -1.17599016952003e-01
3.55000000000000e+00  -9.70131670729416e-02
3.57500000000000e+00  -7.63790097681797e-02
3.60000000000000e+00  -5.60011061244263e-02
3.62500000000000e+00  -3.61783216098994e-02
3.65000000000000e+00  -1.72009115149238e-02
3.67500000000000e+00  6.52393607472818e-04
3.70000000000000e+00  1.71173025009620e-02
3.72500000000000e+00  3.19468777653179e-02
3.75000000000000e+00  4.52326165999136e-02
3.77500000000000e+00  5.60687178808004e-02
3.80000000000000e+00  6.49611488636912e-02
3.82500000000000e+00  7.17060956836383e-02
3.85000000000000e+00  7.61618681430821e-02
3.87500000000000e+00  7.82433061710139e-02
3.90000000000000e+00  7.79161862821388e-02
3.92500000000000e+00  7.51916280360395e-02
3.95000000000000e+00  7.01205004963388e-02
3.97500000000000e+00  6.27878286898624e-02
4.00000000000000e+00  5.33072000658028e-02
4.02500000000000e+00  4.18151709548815e-02
4.05000000000000e+00  2.84656730285135e-02
4.07500000000000e+00  1.34584417137572e-02
4.10000000000000e+00  -3.02159912635454e-03
4.12500000000000e+00  -2.07475166150042e-02
4.15000000000000e+00  -3.95053638428679e-02
4.17500000000000e+00  -5.90590615736679e-02
4.20000000000000e+00  -7.91605340459130e-02
4.22500000000000e+00  -9.95589376440920e-02
4.25000000000000e+00  -1.20002541806173e-01
4.27500000000000e+00  -1.40238489811600e-01
4.30000000000000e+00  -1.60007324882418e-01
4.32500000000000e+00  -1.79033492260650e-01
4.35000000000000e+00  -1.97014109532278e-01
4.37500000000000e+00  -2.14055793726727e-01
4.40000000000000e+00  -2.29346102266506e-01
4.42500000000000e+00  -2.43224102897093e-01
4.45000000000000e+00  -2.55442006353010e-01
4.47500000000000e+00  -2.65800486099919e-01
4.50000000000000e+00  -2.74144167911709e-01
4.52500000000000e+00  -2.80357119447592e-01
4.55000000000000e+00  -2.84358339829198e-01
4.57500000000000e+00  -2.86097249217663e-01
4.60000000000000e+00  -2.85549178390728e-01
4.62500000000000e+00  -2.82710858319826e-01
4.65000000000000e+00  -2.77595909747181e-01
4.67500000000000e+00  -2.70230332762898e-01
4.70000000000000e+00  -2.60679925609893e-01
4.72500000000000e+00  -2.49023610984476e-01
4.75000000000000e+00  -2.35352975453317e-01
4.77500000000000e+00  -2.19788398386753e-01
4.80000000000000e+00  -2.02462415173083e-01
4.82500000000000e+00  -1.83520636024562e-01
4.85000000000000e+00  -1.63122664783375e-01
4.87500000000000e+00  -1.41443017727627e-01
4.90000000000000e+00  -1.18672042377325e-01
4.92500000000000e+00  -9.50168363003639e-02
4.95000000000000e+00  -7.07021659185095e-02
4.97500000000000e+00  -4.59713853133809e-02
5.00000000000000e+00  -2.07955159524305e-02
5.02500000000000e+00  4.11967006980975e-03
5.05000000000000e+00  2.89614421901258e-02
5.07500000000000e+00  5.34643183737203e-02
5.10000000000000e+00  7.73827111974005e-02
5.12500000000000e+00  1.00489900616867e-01
5.15000000000000e+00  1.22577006734015e-01
5.17500000000000e+00  1.43451962564229e-01
5.20000000000000e+00  1.62938486803673e-01
5.22500000000000e+00  1.80875056596594e-01
5.25000000000000e+00  1.97113880302611e-01
5.27500000000000e+00  2.11519870264015e-01
5.30000000000000e+00  2.23969615573058e-01
5.32500000000000e+00  2.34369615778932e-01
5.35000000000000e+00  2.42647363613880e-01
5.37500000000000e+00  2.48704492071574e-01
5.40000000000000e+00  2.52540379793333e-01
5.42500000000000e+00  2.54140921006973e-01
5.45000000000000e+00  2.53497944783413e-01
5.47500000000000e+00  2.50626808897113e-01
5.50000000000000e+00  2.45572919325627e-01
5.52500000000000e+00  2.38419333482442e-01
5.55000000000000e+00  2.29289162622403e-01
5.57500000000000e+00  2.18343791847409e-01
5.60000000000000e+00  2.05770086043400e-01
5.62500000000000e+00  1.91314467714939e-01
5.65000000000000e+00  1.76075079415698e-01
5.67500000000000e+00  1.59479896214905e-01
5.70000000000000e+00  1.41846887170401e-01
5.72500000000000e+00  1.23475515816996e-01
5.75000000000000e+00  1.04649015524895e-01
5.77500000000000e+00  8.56366648580963e-02
5.80000000000000e+00  6.66960629328147e-02
5.82500000000000e+00  4.80754047758918e-02
5.85000000000000e+00  3.00157566832047e-02
5.87500000000000e+00  1.27533315780856e-02
5.90000000000000e+00  -3.47823563027245e-03
5.92500000000000e+00  -1.84456126883967e-02
5.95000000000000e+00  -3.19359053669923e-02
5.97500000000000e+00  -4.37722156163133e-02
6.00000000000000e+00  -5.37548728783327e-02
6.02500000000000e+00  -6.17313889701146e-02
6.05000000000000e+00  -6.75654920771519e-02
6.07500000000000e+00  -7.11435208028198e-02
6.10000000000000e+00  -7.23808182178325e-02
6.12500000000000e+00  -7.12281259096982e-02
6.15000000000000e+00  -6.76779780321747e-02
6.17500000000000e+00  -6.17710953547253e-02
6.20000000000000e+00  -5.36027793119742e-02
6.22500000000000e+00  -4.33293060531615e-02
6.25000000000000e+00  -3.07215447346154e-02
6.27500000000000e+00  -1.65265144778614e-02
6.30000000000000e+00  -4.01905096979902e-04
6.32500000000000e+00  1.73480025111207e-02
6.35000000000000e+00  3.64454394866071e-02
6.37500000000000e+00  5.66217196019055e-02
6.40000000000000e+00  7.75998098568971e-02
6.42500000000000e+00  9.90890823940705e-02
6.45000000000000e+00  1.20788143613822e-01
6.47500000000000e+00  1.42387242356569e-01
6.50000000000000e+00  1.63578154362404e-01
6.52500000000000e+00  1.84059853988611e-01
6.55000000000000e+00  2.03543518147828e-01
6.57500000000000e+00  2.21704064245503e-01
6.60000000000000e+00  2.38267533443324e-01
6.62500000000000e+00  2.52969698446390e-01
6.65000000000000e+00  2.65524228345735e-01
6.67500000000000e+00  2.75689897222379e-01
6.70000000000000e+00  2.83260432465529e-01
6.72500000000000e+00  2.88056369669292e-01
6.75000000000000e+00  2.89930262633488e-01
6.77500000000000e+00  2.88769882490769e-01
6.80000000000000e+00  2.84508359896004e-01
6.82500000000000e+00  2.77136782327186e-01
6.85000000000000e+00  2.66720542226550e-01
6.87500000000000e+00  2.53151325265429e-01
6.90000000000000e+00  2.36661504892283e-01
6.92500000000000e+00  2.17236708454456e-01
6.95000000000000e+00  1.95056916661806e-01
6.97500000000000e+00  1.70331177564603e-01
7.00000000000000e+00  1.43295629674525e-01
7.02500000000000e+00  1.14211525085641e-01
7.05000000000000e+00  8.33632525954145e-02
7.07500000000000e+00  5.10563608256845e-02
7.10000000000000e+00  1.76155813436616e-02
7.12500000000000e+00  -1.66171482170758e-02
7.15000000000000e+00  -5.12846610356006e-02
7.17500000000000e+00  -8.60165379826340e-02
7.20000000000000e+00  -1.20407707730071e-01
7.22500000000000e+00  -1.54114599953689e-01
7.25000000000000e+00  -1.86786327667812e-01
7.27500000000000e+00  -2.18015582429194e-01
7.30000000000000e+00  -2.47450495767716e-01
7.32500000000000e+00  -2.74775534885732e-01
7.35000000000000e+00  -2.99694803907339e-01
7.37500000000000e+00  -3.21931266078115e-01
7.40000000000000e+00  -3.41224884548395e-01
7.42500000000000e+00  -3.57339541013423e-01
7.45000000000000e+00  -3.70075260008468e-01
7.47500000000000e+00  -3.79286928571841e-01
7.50000000000000e+00  -3.84875416035094e-01
7.52500000000000e+00  -3.86765618076056e-01
7.55000000000000e+00  -3.84856043649283e-01
7.57500000000000e+00  -3.79214404076976e-01
7.60000000000000e+00  -3.69893616035536e-01
7.62500000000000e+00  -3.56957522259174e-01
7.65000000000000e+00  -3.40506612243503e-01
7.67500000000000e+00  -3.20689320850672e-01
7.70000000000000e+00  -2.97704046229324e-01
7.72500000000000e+00  -2.71791586623065e-01
7.75000000000000e+00  -2.43225035744929e-01
7.77500000000000e+00  -2.12283262065627e-01
7.80000000000000e+00  -1.79221960641647e-01
7.82500000000000e+00  -1.44398306293898e-01
7.85000000000000e+00  -1.08174022709552e-01
7.87500000000000e+00  -7.08795472040207e-02
7.90000000000000e+00  -3.28770716554651e-02
7.92500000000000e+00  5.46549362104219e-03
7.95000000000000e+00  4.37783222959100e-02
7.97500000000000e+00  8.16934744474424e-02
8.00000000000000e+00  1.18848698984226e-01
8.02500000000000e+00  1.54891236067545e-01
8.05000000000000e+00  1.89481619533771e-01
8.07500000000000e+00  2.22297479316766e-01
8.10000000000000e+00  2.53037343870291e-01
8.12500000000000e+00  2.81290488153512e-01
8.15000000000000e+00  3.07221481562882e-01
8.17500000000000e+00  3.30205263196534e-01
8.20000000000000e+00  3.50091915590373e-01
8.22500000000000e+00  3.66745717941685e-01
8.25000000000000e+00  3.80047906349740e-01
8.27500000000000e+00  3.89899434056390e-01
8.30000000000000e+00  3.96223731686672e-01
8.32500000000000e+00  3.98969467489412e-01
8.35000000000000e+00  3.98113307577824e-01
8.37500000000000e+00  3.93662676170112e-01
8.40000000000000e+00  3.85658515830076e-01
8.42500000000000e+00  3.74178047707707e-01
8.45000000000000e+00  3.59314940793501e-01
8.47500000000000e+00  3.41199815570340e-01
8.50000000000000e+00  3.19986116130835e-01
8.52500000000000e+00  2.95850077302509e-01
8.55000000000000e+00  2.68989680851977e-01
8.57500000000000e+00  2.39620785807783e-01
8.60000000000000e+00  2.07973258783233e-01
8.62500000000000e+00  1.74287104299219e-01
8.65000000000000e+00  1.38808595107071e-01
8.67500000000000e+00  1.01786402511376e-01
8.70000000000000e+00  6.34677266928207e-02
8.72500000000000e+00  2.40944270310149e-02
8.75000000000000e+00  -1.59866037179857e-02
8.77500000000000e+00  -5.65683920212418e-02
8.80000000000000e+00  -9.73501493248993e-02
8.82500000000000e+00  -1.38082096748811e-01
8.85000000000000e+00  -1.78520028608604e-01
8.87500000000000e+00  -2.18426957656911e-01
8.90000000000000e+00  -2.57574760324564e-01
8.92500000000000e+00  -2.95745821961827e-01
8.95000000000000e+00  -3.32734682079613e-01
8.97500000000000e+00  -3.68349679590687e-01
9.00000000000000e+00  -4.02414598050906e-01
9.02500000000000e+00  -4.34770310900411e-01
9.05000000000000e+00  -4.65276426704859e-01
9.07500000000000e+00  -4.93806924020927e-01
9.10000000000000e+00  -5.20254793318716e-01
9.12500000000000e+00  -5.44530769632184e-01
9.15000000000000e+00  -5.66562549271134e-01
9.17500000000000e+00  -5.86294845330730e-01
9.20000000000000e+00  -6.03688686465217e-01
9.22500000000000e+00  -6.18720715661652e-01
9.25000000000000e+00  -6.31382489013631e-01
9.27500000000000e+00  -6.41679774495010e-01
9.30000000000000e+00  -6.49631850733636e-01
9.32500000000000e+00  -6.55270805785071e-01
9.35000000000000e+00  -6.58640835906319e-01
9.37500000000000e+00  -6.59807685799097e-01
9.40000000000000e+00  -6.58834482105651e-01
9.42500000000000e+00  -6.55793587587514e-01
9.45000000000000e+00  -6.50771117946241e-01
9.47500000000000e+00  -6.43858783257833e-01
9.50000000000000e+00  -6.35153148183853e-01
9.52500000000000e+00  -6.24754892182550e-01
9.55000000000000e+00  -6.12768069719973e-01
9.57500000000000e+00  -5.99299370481086e-01
9.60000000000000e+00  -5.84457379580895e-01
9.62500000000000e+00  -5.68351837775562e-01
9.65000000000000e+00  -5.51092901673517e-01
9.67500000000000e+00  -5.32790403946588e-01
9.70000000000000e+00  -5.13551397691006e-01
9.72500000000000e+00  -4.93480800324242e-01
9.75000000000000e+00  -4.72679484018609e-01
9.77500000000000e+00  -4.51245626879041e-01
9.80000000000000e+00  -4.29271902012417e-01
9.82500000000000e+00  -4.06845545686315e-01
9.85000000000000e+00  -3.84048425487763e-01
9.87500000000000e+00  -3.60957108481998e-01
9.90000000000000e+00  -3.37642929371207e-01
9.92500000000000e+00  -3.14172058653296e-01
9.95000000000000e+00  -2.90605570780637e-01
9.97500000000000e+00  -2.66999512318814e-01
1.00000000000000e+01  -2.43404970105402e-01
