0.00000000000000e+00  1.63078130442105e-01
2.50000000000000e-02  1.79038220045925e-01
5.00000000000000e-02  1.94781069532231e-01
7.50000000000000e-02  2.10237487871177e-01
1.00000000000000e-01  2.25332125726598e-01
1.25000000000000e-01  2.39984281320733e-01
1.50000000000000e-01  2.54108706298967e-01
1.75000000000000e-01  2.67616411594557e-01
2.00000000000000e-01  2.80415473293379e-01
2.25000000000000e-01  2.92411838498653e-01
2.50000000000000e-01  3.03510131195684e-01
2.75000000000000e-01  3.13614458116594e-01
3.00000000000000e-01  3.22629214605059e-01
3.25000000000000e-01  3.30462358016172e-01
3.50000000000000e-01  3.37024511004055e-01
3.75000000000000e-01  3.42230862074700e-01
4.00000000000000e-01  3.46001006332487e-01
4.25000000000000e-01  3.48261206699856e-01
4.50000000000000e-01  3.48944686340621e-01
4.75000000000000e-01  3.47991921083297e-01
5.00000000000000e-01  3.45350931844420e-01
5.25000000000000e-01  3.40977577051867e-01
5.50000000000000e-01  3.34835845068179e-01
5.75000000000000e-01  3.26898146613879e-01
6.00000000000000e-01  3.17145607190801e-01
6.25000000000000e-01  3.05645956899503e-01
6.50000000000000e-01  2.92281170949514e-01
6.75000000000000e-01  2.77215877107247e-01
7.00000000000000e-01  2.60481498921598e-01
7.25000000000000e-01  2.42130345286100e-01
7.50000000000000e-01  2.22234986601449e-01
7.75000000000000e-01  2.00887630938036e-01
8.00000000000000e-01  1.78199500198478e-01
8.25000000000000e-01  1.54300206280141e-01
8.50000000000000e-01  1.29337127237676e-01
8.75000000000000e-01  1.03474783445544e-01
9.00000000000000e-01  7.68942137605457e-02
9.25000000000000e-01  4.97923516843545e-02
9.50000000000000e-01  2.23712269298792e-02
9.75000000000000e-01  -5.15534215365767e-03
1.00000000000000e+00  -3.25632819132596e-02
1.02500000000000e+00  -5.96267882103504e-02
1.05000000000000e+00  -8.61139694740645e-02
1.07500000000000e+00  -1.11788175228455e-01
1.10000000000000e+00  -1.36409324619693e-01
1.12500000000000e+00  -1.59735234943279e-01
1.15000000000000e+00  -1.81522950171243e-01
1.17500000000000e+00  -2.01530069479355e-01
1.20000000000000e+00  -2.19516075774326e-01
1.22500000000000e+00  -2.35243664221017e-01
1.25000000000000e+00  -2.48642019072427e-01
1.27500000000000e+00  -2.59150660508510e-01
1.30000000000000e+00  -2.66983869545563e-01
1.32500000000000e+00  -2.71938042330488e-01
1.35000000000000e+00  -2.73849198530453e-01
1.37500000000000e+00  -2.72592657884568e-01
1.40000000000000e+00  -2.68082716755561e-01
1.42500000000000e+00  -2.60272324681448e-01
1.45000000000000e+00  -2.49152760927212e-01
1.47500000000000e+00  -2.34753311036475e-01
1.50000000000000e+00  -2.17140943383177e-01
1.52500000000000e+00  -1.96419985723244e-01
1.55000000000000e+00  -1.72731801746269e-01
1.57500000000000e+00  -1.46241677773067e-01
1.60000000000000e+00  -1.17153718233060e-01
1.62500000000000e+00  -8.56988070343680e-02
1.65000000000000e+00  -5.21378196318922e-02
1.67500000000000e+00  -1.67589429438283e-02
1.70000000000000e+00  2.01220173100897e-02
1.72500000000000e+00  5.81613292703260e-02
1.75000000000000e+00  9.69870275993018e-02
1.77500000000000e+00  1.36198606143136e-01
1.80000000000000e+00  1.75366710593395e-01
1.82500000000000e+00  2.14032831148845e-01
1.85000000000000e+00  2.51708995177189e-01
1.87500000000000e+00  2.88111893086107e-01
1.90000000000000e+00  3.22702972447763e-01
1.92500000000000e+00  3.55143916616202e-01
1.95000000000000e+00  3.85008161551504e-01
1.97500000000000e+00  4.11896442819932e-01
2.00000000000000e+00  4.35440112738422e-01
2.02500000000000e+00  4.55304457519064e-01
2.05000000000000e+00  4.71192014413589e-01
2.07500000000000e+00  4.82845888857851e-01
2.10000000000000e+00  4.90053071616313e-01
2.12500000000000e+00  4.92647755926533e-01
2.15000000000000e+00  4.90514654643644e-01
2.17500000000000e+00  4.83592317384843e-01
2.20000000000000e+00  4.71863153724318e-01
2.22500000000000e+00  4.55389607622518e-01
2.25000000000000e+00  4.34305679693706e-01
2.27500000000000e+00  4.08749094947073e-01
2.30000000000000e+00  3.78947526288455e-01
2.32500000000000e+00  3.45199618783812e-01
2.35000000000000e+00  3.07857253784767e-01
2.37500000000000e+00  2.67316577475226e-01
2.40000000000000e+00  2.24012034167656e-01
2.42500000000000e+00  1.78416117288393e-01
2.45000000000000e+00  1.31045879251819e-01
2.47500000000000e+00  8.24784575987493e-02
2.50000000000000e+00  3.34227504482793e-02
2.52500000000000e+00  -1.59302453811216e-02
2.55000000000000e+00  -6.46317086931558e-02
2.57500000000000e+00  -1.12123663625105e-01
2.60000000000000e+00  -1.57838364347841e-01
2.62500000000000e+00  -2.01209869346870e-01
2.65000000000000e+00  -2.41685615703374e-01
2.67500000000000e+00  -2.78737993375261e-01
2.70000000000000e+00  -3.11875919478209e-01
2.72500000000000e+00  -3.40656412566709e-01
2.75000000000000e+00  -3.64696166915111e-01
2.77500000000000e+00  -3.83683126798669e-01
2.80000000000000e+00  -3.97388060774587e-01
2.82500000000000e+00  -4.05622086231874e-01
2.85000000000000e+00  -4.08287072944139e-01
2.87500000000000e+00  -4.05392937414580e-01
2.90000000000000e+00  -3.96974882599847e-01
2.92500000000000e+00  -3.83170664941312e-01
2.95000000000000e+00  -3.64211891816338e-01
2.97500000000000e+00  -3.40415318989549e-01
3.00000000000000e+00  -3.12174148064106e-01
3.02500000000000e+00  -2.79949323932973e-01
3.05000000000000e+00  -2.44260832230187e-01
3.07500000000000e+00  -2.05678996782134e-01
3.10000000000000e+00  -1.64815777058813e-01
3.12500000000000e+00  -1.22490931551052e-01
3.15000000000000e+00  -7.92698773563275e-02
3.17500000000000e+00  -3.59453308803022e-02
3.20000000000000e+00  6.74113596251827e-03
3.22500000000000e+00  4.80377475146929e-02
3.25000000000000e+00  8.71970227923141e-02
3.27500000000000e+00  1.23490273901469e-01
3.30000000000000e+00  1.56225203931859e-01
3.32500000000000e+00  1.84762717182572e-01
3.35000000000000e+00  2.08527186355718e-01
3.37500000000000e+00  2.27018284475438e-01
3.40000000000000e+00  2.39811473321015e-01
3.42500000000000e+00  2.46556950597215e-01
3.45000000000000e+00  2.46995025832704e-01
3.47500000000000e+00  2.40968072337515e-01
3.50000000000000e+00  2.28387397491848e-01
3.52500000000000e+00  2.09301239946092e-01
3.55000000000000e+00  1.83851370278683e-01
3.57500000000000e+00  1.52279483302055e-01
3.60000000000000e+00  1.14933143197269e-01
3.62500000000000e+00  7.22672870576671e-02
3.65000000000000e+00  2.48369938601191e-02
3.67500000000000e+00  -2.67150876741440e-02
3.70000000000000e+00  -8.16828258574083e-02
3.72500000000000e+00  -1.39333428095782e-01
3.75000000000000e+00  -1.99788022980646e-01
3.77500000000000e+00  -2.59237755272796e-01
3.80000000000000e+00  -3.19476326611471e-01
3.82500000000000e+00  -3.79325601301516e-01
3.85000000000000e+00  -4.37658307898712e-01
3.87500000000000e+00  -4.93420734817557e-01
3.90000000000000e+00  -5.45655425939026e-01
3.92500000000000e+00  -5.93516546134208e-01
3.95000000000000e+00  -6.36271826622251e-01
3.97500000000000e+00  -6.73298291465464e-01
4.00000000000000e+00  -7.04063566233564e-01
4.02500000000000e+00  -7.28105285004953e-01
4.05000000000000e+00  -7.45010890724098e-01
4.07500000000000e+00  -7.54573625902564e-01
4.10000000000000e+00  -7.56627302781756e-01
4.12500000000000e+00  -7.51017469429621e-01
4.15000000000000e+00  -7.37890794777545e-01
4.17500000000000e+00  -7.17403312683129e-01
4.20000000000000e+00  -6.89776082489252e-01
4.22500000000000e+00  -6.55347425956158e-01
4.25000000000000e+00  -6.14602396598885e-01
4.27500000000000e+00  -5.68197507506459e-01
4.30000000000000e+00  -5.16971146293491e-01
4.32500000000000e+00  -4.61938737633625e-01
4.35000000000000e+00  -4.04265423404814e-01
4.37500000000000e+00  -3.42491396963095e-01
4.40000000000000e+00  -2.82615620068032e-01
4.42500000000000e+00  -2.21110841316663e-01
4.45000000000000e+00  -1.59570466278044e-01
4.47500000000000e+00  -9.93744317157620e-02
4.50000000000000e+00  -4.17031109925535e-02
4.52500000000000e+00  1.24487805250621e-02
4.55000000000000e+00  6.22534868338293e-02
4.57500000000000e+00  1.07028840114877e-01
4.60000000000000e+00  1.46214188561726e-01
4.62500000000000e+00  1.79345662304007e-01
4.65000000000000e+00  2.06026753854451e-01
4.67500000000000e+00  2.25898186404053e-01
4.70000000000000e+00  2.38824963231399e-01
4.72500000000000e+00  2.44736438210212e-01
4.75000000000000e+00  2.43559671963609e-01
4.77500000000000e+00  2.35507538054938e-01
4.80000000000000e+00  2.20830322158077e-01
4.82500000000000e+00  1.99862493025888e-01
4.85000000000000e+00  1.73065667573563e-01
4.87500000000000e+00  1.41044985180588e-01
4.90000000000000e+00  1.04562249401942e-01
4.92500000000000e+00  6.45330208371282e-02
4.95000000000000e+00  2.20108617137510e-02
4.97500000000000e+00  -2.18443936049683e-02
5.00000000000000e+00  -6.81281690617769e-02
5.02500000000000e+00  -1.12007447867600e-01
5.05000000000000e+00  -1.55657691889608e-01
5.07500000000000e+00  -1.97839756695076e-01
5.10000000000000e+00  -2.37392502499092e-01
5.12500000000000e+00  -2.73263250734978e-01
5.15000000000000e+00  -3.04538240624739e-01
5.17500000000000e+00  -3.30457875727856e-01
5.20000000000000e+00  -3.50419124510890e-01
5.22500000000000e+00  -3.63962599277820e-01
5.25000000000000e+00  -3.70755617302578e-01
5.27500000000000e+00  -3.70550448281414e-01
5.30000000000000e+00  -3.63139060866006e-01
5.32500000000000e+00  -3.48605994608328e-01
5.35000000000000e+00  -3.27020216639542e-01
5.37500000000000e+00  -2.98503240218685e-01
5.40000000000000e+00  -2.63437930585157e-01
5.42500000000000e+00  -2.22227928385793e-01
5.45000000000000e+00  -1.75335578984998e-01
5.47500000000000e+00  -1.23318899018605e-01
5.50000000000000e+00  -6.68619067778472e-02
5.52500000000000e+00  -6.80010096688328e-03
5.55000000000000e+00  5.58587871832459e-02
5.57500000000000e+00  1.19922556710666e-01
5.60000000000000e+00  1.84016379443990e-01
5.62500000000000e+00  2.49308997092558e-01
5.65000000000000e+00  3.11061154629274e-01
5.67500000000000e+00  3.71504028760710e-01
5.70000000000000e+00  4.29357714594432e-01
5.72500000000000e+00  4.83455448218859e-01
5.75000000000000e+00  5.32775262838499e-01
5.77500000000000e+00  5.76471644909211e-01
5.80000000000000e+00  6.13882609733927e-01
5.82500000000000e+00  6.44519982351394e-01
5.85000000000000e+00  6.68044091175811e-01
5.87500000000000e+00  6.84233019371213e-01
5.90000000000000e+00  6.92927157762076e-01
5.92500000000000e+00  6.93970058920734e-01
5.95000000000000e+00  6.87512468649606e-01
5.97500000000000e+00  6.73725719170148e-01
6.00000000000000e+00  6.52790162749733e-01
6.02500000000000e+00  6.25140461225921e-01
6.05000000000000e+00  5.91237743381695e-01
6.07500000000000e+00  5.51602991901198e-01
6.10000000000000e+00  5.06849201443931e-01
6.12500000000000e+00  4.57702575468843e-01
6.15000000000000e+00  4.05009705093522e-01
6.17500000000000e+00  3.49734265768579e-01
6.20000000000000e+00  2.92935019522173e-01
6.22500000000000e+00  2.35721924946789e-01
6.25000000000000e+00  1.78234195047965e-01
6.27500000000000e+00  1.21764635348089e-01
6.30000000000000e+00  6.70606416908868e-02
6.32500000000000e+00  1.49523368045471e-02
6.35000000000000e+00  -3.37840925789951e-02
6.37500000000000e+00  -7.84367500540575e-02
6.40000000000000e+00  -1.18368383871241e-01
6.42500000000000e+00  -1.53028158877857e-01
6.45000000000000e+00  -1.81962525637327e-01
6.47500000000000e+00  -2.04821539659325e-01
6.50000000000000e+00  -2.21365724235652e-01
6.52500000000000e+00  -2.31465066166845e-01
6.55000000000000e+00  -2.35096966199116e-01
6.57500000000000e+00  -2.32332361563906e-01
6.60000000000000e+00  -2.23345323122582e-01
6.62500000000000e+00  -2.08395715987774e-01
6.65000000000000e+00  -1.87822959760252e-01
6.67500000000000e+00  -1.62051890774925e-01
6.70000000000000e+00  -1.31585038247106e-01
6.72500000000000e+00  -9.69949004187709e-02
6.75000000000000e+00  -5.89162207048289e-02
6.77500000000000e+00  -1.80382638393754e-02
6.80000000000000e+00  2.49029079780333e-02
6.82500000000000e+00  6.91321589361218e-02
6.85000000000000e+00  1.13843003465637e-01
6.87500000000000e+00  1.58437090039863e-01
6.90000000000000e+00  2.01963409827124e-01
6.92500000000000e+00  2.43937545281723e-01
6.95000000000000e+00  2.83628475347863e-01
6.97500000000000e+00  3.20367364964669e-01
7.00000000000000e+00  3.53551170932016e-01
7.02500000000000e+00  3.82646247776389e-01
7.05000000000000e+00  4.07191953616707e-01
7.07500000000000e+00  4.26804256030179e-01
7.10000000000000e+00  4.41179337918142e-01
7.12500000000000e+00  4.50097203371897e-01
7.15000000000000e+00  4.53425283538561e-01
7.17500000000000e+00  4.51122042486901e-01
7.20000000000000e+00  4.43196006570244e-01
7.22500000000000e+00  4.29739760544438e-01
7.25000000000000e+00  4.10919716577506e-01
7.27500000000000e+00  3.86997145377407e-01
7.30000000000000e+00  3.58282775070667e-01
7.32500000000000e+00  3.25145200323643e-01
7.35000000000000e+00  2.88017273404208e-01
7.37500000000000e+00  2.47388619075551e-01
7.40000000000000e+00  2.03799402174851e-01
7.42500000000000e+00  1.57826310989088e-01
7.45000000000000e+00  1.10065592404452e-01
7.47500000000000e+00  6.11131837677683e-02
7.50000000000000e+00  1.14946993421790e-02
7.52500000000000e+00  -3.80251817523552e-02
7.55000000000000e+00  -8.70321637702713e-02
7.57500000000000e+00  -1.34864313635929e-01
7.60000000000000e+00  -1.80943198853828e-01
7.62500000000000e+00  -2.24754621697784e-01
7.65000000000000e+00  -2.65829353400138e-01
7.67500000000000e+00  -3.03733732736302e-01
7.70000000000000e+00  -3.38068725138586e-01
7.72500000000000e+00  -3.68476954209383e-01
7.75000000000000e+00  -3.94653582596848e-01
7.77500000000000e+00  -4.16369321354860e-01
7.80000000000000e+00  -4.33495102794227e-01
7.82500000000000e+00  -4.45886628444138e-01
7.85000000000000e+00  -4.53479962807532e-01
7.87500000000000e+00  -4.56292955105235e-01
7.90000000000000e+00  -4.54385670948702e-01
7.92500000000000e+00  -4.47872753850599e-01
7.95000000000000e+00  -4.36919749367142e-01
7.97500000000000e+00  -4.21739429240426e-01
8.00000000000000e+00  -4.02588115540767e-01
8.02500000000000e+00  -3.79762004809026e-01
8.05000000000000e+00  -3.53593492198954e-01
8.07500000000000e+00  -3.24447495619521e-01
8.10000000000000e+00  -2.92717779877249e-01
8.12500000000000e+00  -2.58635058120036e-01
8.15000000000000e+00  -2.23152170337169e-01
8.17500000000000e+00  -1.86183431981811e-01
8.20000000000000e+00  -1.48234689665228e-01
8.22500000000000e+00  -1.09785757670098e-01
8.25000000000000e+00  -7.12901030679452e-02
8.27500000000000e+00  -3.31745308365984e-02
8.30000000000000e+00  4.16113102237250e-03
8.32500000000000e+00  4.03443463662178e-02
8.35000000000000e+00  7.50301857935508e-02
8.37500000000000e+00  1.07901641526923e-01
8.40000000000000e+00  1.38669942295358e-01
8.42500000000000e+00  1.67074868216925e-01
8.45000000000000e+00  1.92884742957767e-01
8.47500000000000e+00  2.15895911644260e-01
8.50000000000000e+00  2.35944540751417e-01
8.52500000000000e+00  2.52890263111722e-01
8.55000000000000e+00  2.66630172904968e-01
8.57500000000000e+00  2.77098824134608e-01
8.60000000000000e+00  2.84268229104111e-01
8.62500000000000e+00  2.88147856893318e-01
8.65000000000000e+00  2.88784631834800e-01
8.67500000000000e+00  2.86262931990207e-01
8.70000000000000e+00  2.80704587626634e-01
8.72500000000000e+00  2.72268879692965e-01
8.75000000000000e+00  2.61014101208378e-01
8.77500000000000e+00  2.47196784816989e-01
8.80000000000000e+00  2.30901447360513e-01
8.82500000000000e+00  2.12360586533510e-01
8.85000000000000e+00  1.91811398358853e-01
8.87500000000000e+00  1.69494425912757e-01
8.90000000000000e+00  1.45652208049843e-01
8.92500000000000e+00  1.20527928128167e-01
8.95000000000000e+00  9.43640627342667e-02
8.97500000000000e+00  6.74010304082099e-02
9.00000000000000e+00  3.98758403686261e-02
9.02500000000000e+00  1.20207412377648e-02
9.05000000000000e+00  -1.59381302334706e-02
9.07500000000000e+00  -4.37765328112965e-02
9.10000000000000e+00  -7.12804748281085e-02
9.12500000000000e+00  -9.82477770341265e-02
9.15000000000000e+00  -1.24481529734896e-01
9.17500000000000e+00  -1.49800716772604e-01
9.20000000000000e+00  -1.74040840915267e-01
9.22500000000000e+00  -1.97054549245921e-01
9.25000000000000e+00  -2.18712258551831e-01
9.27500000000000e+00  -2.38902780713666e-01
9.30000000000000e+00  -2.57533948094704e-01
9.32500000000000e+00  -2.74533238930024e-01
9.35000000000000e+00  -2.89848402715701e-01
9.37500000000000e+00  -3.03367567522404e-01
9.40000000000000e+00  -3.15169815578603e-01
9.42500000000000e+00  -3.25130836395315e-01
9.45000000000000e+00  -3.33262087883697e-01
9.47500000000000e+00  -3.39583660059115e-01
9.50000000000000e+00  -3.44124044589591e-01
9.52500000000000e+00  -3.46919904344239e-01
9.55000000000000e+00  -3.48015842941709e-01
9.57500000000000e+00  -3.47464174298630e-01
9.60000000000000e+00  -3.45324692178049e-01
9.62500000000000e+00  -3.41664439737874e-01
9.65000000000000e+00  -3.36557479079317e-01
9.67500000000000e+00  -3.30084660795331e-01
9.70000000000000e+00  -3.22331082067514e-01
9.72500000000000e+00  -3.13386537955851e-01
9.75000000000000e+00  -3.03343536389156e-01
9.77500000000000e+00  -2.92298100232229e-01
9.80000000000000e+00  -2.80346556691823e-01
9.82500000000000e+00  -2.67584693382967e-01
9.85000000000000e+00  -2.54106914395294e-01
9.87500000000000e+00  -2.40005396359360e-01
9.90000000000000e+00  -2.25369244512968e-01
9.92500000000000e+00  -2.10283648767498e-01
9.95000000000000e+00  -1.94829039774225e-01
9.97500000000000e+00  -1.79080244990644e-01
1.00000000000000e+01  -1.63105644746803e-01
