0.00000000000000e+00  -1.56344693250269e-01
2.50000000000000e-02  -1.72448589526391e-01
5.00000000000000e-02  -1.88721621242527e-01
7.50000000000000e-02  -2.05151044266858e-01
1.00000000000000e-01  -2.21719197477565e-01
1.25000000000000e-01  -2.38403519575833e-01
1.50000000000000e-01  -2.55176565898868e-01
1.75000000000000e-01  -2.72006025232907e-01
2.00000000000000e-01  -2.88854736626238e-01
2.25000000000000e-01  -3.05680706202205e-01
2.50000000000000e-01  -3.22437123972232e-01
2.75000000000000e-01  -3.39072380648829e-01
3.00000000000000e-01  -3.55530084458609e-01
3.25000000000000e-01  -3.71749573950229e-01
3.50000000000000e-01  -3.87665716505934e-01
3.75000000000000e-01  -4.03209003802153e-01
4.00000000000000e-01  -4.18306535644852e-01
4.25000000000000e-01  -4.32881546626172e-01
4.50000000000000e-01  -4.46853898715195e-01
4.75000000000000e-01  -4.60140573848714e-01
5.00000000000000e-01  -4.72656166522011e-01
5.25000000000000e-01  -4.84313376379624e-01
5.50000000000000e-01  -4.95023500806123e-01
5.75000000000000e-01  -5.04696927516880e-01
6.00000000000000e-01  -5.13243627148840e-01
6.25000000000000e-01  -5.20573752849749e-01
6.50000000000000e-01  -5.26599505824019e-01
6.75000000000000e-01  -5.31234067415607e-01
7.00000000000000e-01  -5.34393663818215e-01
7.25000000000000e-01  -5.35997956468980e-01
7.50000000000000e-01  -5.35970927335526e-01
7.75000000000000e-01  -5.34241764203016e-01
8.00000000000000e-01  -5.30745745961201e-01
8.25000000000000e-01  -5.25425127891471e-01
8.50000000000000e-01  -5.18230026953911e-01
8.75000000000000e-01  -5.09119307074343e-01
9.00000000000000e-01  -4.98061464431388e-01
9.25000000000000e-01  -4.85035512743508e-01
9.50000000000000e-01  -4.70031624421253e-01
9.75000000000000e-01  -4.53052069683962e-01
1.00000000000000e+00  -4.34112459186258e-01
1.02500000000000e+00  -4.13240484336100e-01
1.05000000000000e+00  -3.90478429085395e-01
1.07500000000000e+00  -3.65883261605124e-01
1.10000000000000e+00  -3.39526725960480e-01
1.12500000000000e+00  -3.11495433785995e-01
1.15000000000000e+00  -2.81890955960674e-01
1.17500000000000e+00  -2.50829914283131e-01
1.20000000000000e+00  -2.18444073146711e-01
1.22500000000000e+00  -1.84880431214632e-01
1.25000000000000e+00  -1.50295391725085e-01
1.27500000000000e+00  -1.14873242732931e-01
1.30000000000000e+00  -7.87975839671685e-02
1.32500000000000e+00  -4.22675660790532e-02
1.35000000000000e+00  -5.49432404115111e-03
1.37500000000000e+00  3.13007865753424e-02
1.40000000000000e+00  6.78879533232681e-02
1.42500000000000e+00  1.04030670602175e-01
1.45000000000000e+00  1.39487503380997e-01
1.47500000000000e+00  1.74013850920717e-01
1.50000000000000e+00  2.07363710497046e-01
1.52500000000000e+00  2.39291441123090e-01
1.55000000000000e+00  2.69553527272021e-01
1.57500000000000e+00  2.97912216048000e-01
1.60000000000000e+00  3.24137635831630e-01
1.62500000000000e+00  3.48009275358617e-01
1.65000000000000e+00  3.69317712372524e-01
1.67500000000000e+00  3.87868511934816e-01
1.70000000000000e+00  4.03484252911809e-01
1.72500000000000e+00  4.16006554461602e-01
1.75000000000000e+00  4.25298102521025e-01
1.77500000000000e+00  4.31244676292575e-01
1.80000000000000e+00  4.33757174731360e-01
1.82500000000000e+00  4.32773643032038e-01
1.85000000000000e+00  4.28261299115759e-01
1.87500000000000e+00  4.20217561596835e-01
1.90000000000000e+00  4.08663253074842e-01
1.92500000000000e+00  3.93664020679676e-01
1.95000000000000e+00  3.75307105241882e-01
1.97500000000000e+00  3.53714538832225e-01
2.00000000000000e+00  3.29041679297109e-01
2.02500000000000e+00  3.01475744794000e-01
2.05000000000000e+00  2.71234348326849e-01
2.07500000000000e+00  2.38564032281510e-01
2.10000000000000e+00  2.03738802961162e-01
2.12500000000000e+00  1.67058665121731e-01
2.15000000000000e+00  1.28848156507311e-01
2.17500000000000e+00  8.94548823855864e-02
2.20000000000000e+00  4.92396290256622e-02
2.22500000000000e+00  8.58229149939922e-03
2.25000000000000e+00  -3.21276671044210e-02
2.27500000000000e+00  -7.24930245146196e-02
2.30000000000000e+00  -1.12112792190244e-01
2.32500000000000e+00  -1.50586543181634e-01
2.35000000000000e+00  -1.87518739991493e-01
2.37500000000000e+00  -2.22523062435956e-01
2.40000000000000e+00  -2.55226735505652e-01
2.42500000000000e+00  -2.85274857226778e-01
2.45000000000000e+00  -3.12334726522160e-01
2.47500000000000e+00  -3.36100171072329e-01
2.50000000000000e+00  -3.56293561697697e-01
2.52500000000000e+00  -3.72677062908063e-01
2.55000000000000e+00  -3.85047129510343e-01
2.57500000000000e+00  -3.93236383349482e-01
2.60000000000000e+00  -3.97124605510453e-01
2.62500000000000e+00  -3.96639045210101e-01
2.65000000000000e+00  -3.91754728688981e-01
2.67500000000000e+00  -3.82494768103200e-01
2.70000000000000e+00  -3.68930670416251e-01
2.72500000000000e+00  -3.51182646290858e-01
2.75000000000000e+00  -3.29419918980811e-01
2.77500000000000e+00  -3.03861033222807e-01
2.80000000000000e+00  -2.74774164128292e-01
2.82500000000000e+00  -2.42466013140619e-01
2.85000000000000e+00  -2.07286680217352e-01
2.87500000000000e+00  -1.69626213917012e-01
2.90000000000000e+00  -1.29905183348917e-01
2.92500000000000e+00  -8.85751816379100e-02
2.95000000000000e+00  -4.61126702097000e-02
2.97500000000000e+00  -3.01282307620712e-03
3.00000000000000e+00  4.02166288790921e-02
3.02500000000000e+00  8.30615536158196e-02
3.05000000000000e+00  1.25007573651351e-01
3.07500000000000e+00  1.65546221775472e-01
3.10000000000000e+00  2.04181096765031e-01
3.12500000000000e+00  2.40427517542601e-01
3.15000000000000e+00  2.73833510840652e-01
3.17500000000000e+00  3.03979305970711e-01
3.20000000000000e+00  3.30473059560533e-01
3.22500000000000e+00  3.52969454079328e-01
3.25000000000000e+00  3.71172370738891e-01
3.27500000000000e+00  3.84837562394738e-01
3.30000000000000e+00  3.93775326447234e-01
3.32500000000000e+00  3.97853177742731e-01
3.35000000000000e+00  3.96998521474696e-01
3.37500000000000e+00  3.91201326084848e-01
3.40000000000000e+00  3.80516796164284e-01
3.42500000000000e+00  3.65068045354619e-01
3.45000000000000e+00  3.45030641702767e-01
3.47500000000000e+00  3.20649577462624e-01
3.50000000000000e+00  2.92227339128308e-01
3.52500000000000e+00  2.60117081358273e-01
3.55000000000000e+00  2.24725742530082e-01
3.57500000000000e+00  1.86507223373075e-01
3.60000000000000e+00  1.45955565601032e-01
3.62500000000000e+00  1.03598130544846e-01
3.65000000000000e+00  5.99887777851843e-02
3.67500000000000e+00  1.57010437851587e-02
3.70000000000000e+00  -2.86786794770081e-02
3.72500000000000e+00  -7.25579658753155e-02
3.75000000000000e+00  -1.15340908565215e-01
3.77500000000000e+00  -1.56466568970254e-01
3.80000000000000e+00  -1.95368061720372e-01
3.82500000000000e+00  -2.31511924745455e-01
3.85000000000000e+00  -2.64403915479396e-01
3.87500000000000e+00  -2.93593752324297e-01
3.90000000000000e+00  -3.18679856114655e-01
3.92500000000000e+00  -3.39314091581555e-01
3.95000000000000e+00  -3.55206508816866e-01
3.97500000000000e+00  -3.66130084737431e-01
4.00000000000000e+00  -3.71925464549261e-01
4.02500000000000e+00  -3.72505703211726e-01
4.05000000000000e+00  -3.67861006901747e-01
4.07500000000000e+00  -3.58045930707178e-01
4.10000000000000e+00  -3.43191925841444e-01
4.12500000000000e+00  -3.23505307030073e-01
4.15000000000000e+00  -2.99253741821401e-01
4.17500000000000e+00  -2.70774526500303e-01
4.20000000000000e+00  -2.38467423284447e-01
4.22500000000000e+00  -2.02787497520558e-01
4.25000000000000e+00  -1.64237954880676e-01
4.27500000000000e+00  -1.23362978558412e-01
4.30000000000000e+00  -8.07405664652135e-02
4.32500000000000e+00  -3.69753684266170e-02
4.35000000000000e+00  7.30847662148267e-03
4.37500000000000e+00  5.14616459849774e-02
4.40000000000000e+00  9.48762078429369e-02
4.42500000000000e+00  1.36907443578757e-01
4.45000000000000e+00  1.76945495648382e-01
4.47500000000000e+00  2.14411103132208e-01
4.50000000000000e+00  2.48761870389581e-01
4.52500000000000e+00  2.79498535713292e-01
4.55000000000000e+00  3.06171239984068e-01
4.57500000000000e+00  3.28385795325069e-01
4.60000000000000e+00  3.45809953756384e-01
4.62500000000000e+00  3.58179675849521e-01
4.65000000000000e+00  3.65305399381907e-01
4.67500000000000e+00  3.67078307991377e-01
4.70000000000000e+00  3.63457964676146e-01
4.72500000000000e+00  3.54485792565076e-01
4.75000000000000e+00  3.40285219830181e-01
4.77500000000000e+00  3.21047089916220e-01
4.80000000000000e+00  2.97040292066241e-01
4.82500000000000e+00  2.68604892237505e-01
4.85000000000000e+00  2.36145264017407e-01
4.87500000000000e+00  2.00123219539402e-01
4.90000000000000e+00  1.61051140398921e-01
4.92500000000000e+00  1.19485108569297e-01
4.95000000000000e+00  7.60180373176907e-02
4.97500000000000e+00  3.12728021210034e-02
5.00000000000000e+00  -1.40948629758131e-02
5.02500000000000e+00  -5.94527680493874e-02
5.05000000000000e+00  -1.04140530166551e-01
5.07500000000000e+00  -1.47512389326488e-01
5.10000000000000e+00  -1.88945779478218e-01
5.12500000000000e+00  -2.27848197582962e-01
5.15000000000000e+00  -2.63664072676528e-01
5.17500000000000e+00  -2.95881634931680e-01
5.20000000000000e+00  -3.24039784720517e-01
5.22500000000000e+00  -3.47734961676852e-01
5.25000000000000e+00  -3.66628013758581e-01
5.27500000000000e+00  -3.80451066310068e-01
5.30000000000000e+00  -3.89014391124514e-01
5.32500000000000e+00  -3.92195754089473e-01
5.35000000000000e+00  -3.89954589026495e-01
5.37500000000000e+00  -3.82333146956618e-01
5.40000000000000e+00  -3.69441664000043e-01
5.42500000000000e+00  -3.51471128180545e-01
5.45000000000000e+00  -3.28687026882528e-01
5.47500000000000e+00  -3.01423094308062e-01
5.50000000000000e+00  -2.70075058933942e-01
5.52500000000000e+00  -2.35094390968724e-01
5.55000000000000e+00  -1.96982049809784e-01
5.57500000000000e+00  -1.56282231500356e-01
5.60000000000000e+00  -1.13576116186581e-01
5.62500000000000e+00  -6.94909360309746e-02
5.65000000000000e+00  -2.46227305624302e-02
5.67500000000000e+00  2.03698962675767e-02
5.70000000000000e+00  6.48500409088861e-02
5.72500000000000e+00  1.08192815709783e-01
5.75000000000000e+00  1.49792574405446e-01
5.77500000000000e+00  1.89070137606428e-01
5.80000000000000e+00  2.25480018287111e-01
5.82500000000000e+00  2.58517647274168e-01
5.85000000000000e+00  2.87726598735035e-01
5.87500000000000e+00  3.12705815666366e-01
5.90000000000000e+00  3.33116835382507e-01
5.92500000000000e+00  3.48691015003949e-01
5.95000000000000e+00  3.59220713378649e-01
5.97500000000000e+00  3.64573447271207e-01
6.00000000000000e+00  3.64693740041574e-01
6.02500000000000e+00  3.59590391950172e-01
6.05000000000000e+00  3.49349434337374e-01
6.07500000000000e+00  3.34129358408588e-01
6.10000000000000e+00  3.14156344019328e-01
6.12500000000000e+00  2.89719488460302e-01
6.15000000000000e+00  2.61166035242481e-01
6.17500000000000e+00  2.28896602882184e-01
6.20000000000000e+00  1.93360413686157e-01
6.22500000000000e+00  1.55050522536647e-01
6.25000000000000e+00  1.14500461449511e-01
6.27500000000000e+00  7.22758598279606e-02
6.30000000000000e+00  2.89386154978842e-02
6.32500000000000e+00  -1.49191214153714e-02
6.35000000000000e+00  -5.87047527537294e-02
6.37500000000000e+00  -1.01831989865742e-01
6.40000000000000e+00  -1.43727611145977e-01
6.42500000000000e+00  -1.83838219574377e-01
6.45000000000000e+00  -2.21637000255643e-01
6.47500000000000e+00  -2.56630477958603e-01
6.50000000000000e+00  -2.88365274655578e-01
6.52500000000000e+00  -3.16434867061765e-01
6.55000000000000e+00  -3.40486344174602e-01
6.57500000000000e+00  -3.60216973851945e-01
6.60000000000000e+00  -3.75383702875149e-01
6.62500000000000e+00  -3.85809078799151e-01
6.65000000000000e+00  -3.91370155545548e-01
6.67500000000000e+00  -3.92011519256171e-01
6.70000000000000e+00  -3.87742732625067e-01
6.72500000000000e+00  -3.78635779230484e-01
6.75000000000000e+00  -3.64822507866852e-01
6.77500000000000e+00  -3.46492076876766e-01
6.80000000000000e+00  -3.23888398482968e-01
6.82500000000000e+00  -2.97307583120335e-01
6.85000000000000e+00  -2.67095383767855e-01
6.87500000000000e+00  -2.33634232016710e-01
6.90000000000000e+00  -1.97361287224751e-01
6.92500000000000e+00  -1.58714577504439e-01
6.95000000000000e+00  -1.18175390726107e-01
6.97500000000000e+00  -7.62418900908990e-02
7.00000000000000e+00  -3.34231970552578e-02
7.02500000000000e+00  9.76652574460191e-03
7.05000000000000e+00  5.28139915682001e-02
7.07500000000000e+00  9.52127066463225e-02
7.10000000000000e+00  1.36468887256534e-01
7.12500000000000e+00  1.76107376798690e-01
7.15000000000000e+00  2.13677562870470e-01
7.17500000000000e+00  2.48759294342882e-01
7.20000000000000e+00  2.80964170432727e-01
7.22500000000000e+00  3.09942194462644e-01
7.25000000000000e+00  3.35387464403749e-01
7.27500000000000e+00  3.57032292065456e-01
7.30000000000000e+00  3.74658477711220e-01
7.32500000000000e+00  3.88097085365412e-01
7.35000000000000e+00  3.97228218120178e-01
7.37500000000000e+00  4.01980793442308e-01
7.40000000000000e+00  4.02332318480102e-01
7.42500000000000e+00  3.98308665370231e-01
7.45000000000000e+00  3.89983846544608e-01
7.47500000000000e+00  3.77479790037248e-01
7.50000000000000e+00  3.60963424970073e-01
7.52500000000000e+00  3.40630447098385e-01
7.55000000000000e+00  3.16728457335104e-01
7.57500000000000e+00  2.89532750342059e-01
7.60000000000000e+00  2.59349542930487e-01
7.62500000000000e+00  2.26511635318370e-01
7.65000000000000e+00  1.91374072387765e-01
7.67500000000000e+00  1.54309804942146e-01
7.70000000000000e+00  1.15705350963725e-01
7.72500000000000e+00  7.59564568707965e-02
7.75000000000000e+00  3.54637587750749e-02
7.77500000000000e+00  -5.37155626098547e-03
7.80000000000000e+00  -4.61520889668417e-02
7.82500000000000e+00  -8.64876602481675e-02
7.85000000000000e+00  -1.25999890639104e-01
7.87500000000000e+00  -1.64326592454450e-01
7.90000000000000e+00  -2.01120166096676e-01
7.92500000000000e+00  -2.36056084185855e-01
7.95000000000000e+00  -2.68834348176840e-01
7.97500000000000e+00  -2.99180944976460e-01
8.00000000000000e+00  -3.26849303560696e-01
8.02500000000000e+00  -3.51621751591877e-01
8.05000000000000e+00  -3.73310972035858e-01
8.07500000000000e+00  -3.91761459779208e-01
8.10000000000000e+00  -4.06850978246398e-01
8.12500000000000e+00  -4.18495301921368e-01
8.15000000000000e+00  -4.26621152842690e-01
8.17500000000000e+00  -4.31215023400491e-01
8.20000000000000e+00  -4.32277955167495e-01
8.22500000000000e+00  -4.29842390732910e-01
8.25000000000000e+00  -4.23970114732994e-01
8.27500000000000e+00  -4.14750194881628e-01
8.30000000000000e+00  -4.02296923000880e-01
8.32500000000000e+00  -3.86747756051576e-01
8.35000000000000e+00  -3.68261257163873e-01
8.37500000000000e+00  -3.47015036667814e-01
8.40000000000000e+00  -3.23203693123917e-01
8.42500000000000e+00  -2.97036754353726e-01
8.45000000000000e+00  -2.68734639066935e-01
8.47500000000000e+00  -2.38527927271686e-01
8.50000000000000e+00  -2.06653910615278e-01
8.52500000000000e+00  -1.73356182764150e-01
8.55000000000000e+00  -1.38880419893902e-01
8.57500000000000e+00  -1.03472636944692e-01
8.60000000000000e+00  -6.73774438766113e-02
8.62500000000000e+00  -3.08363019250553e-02
8.65000000000000e+00  5.91422014387822e-03
8.67500000000000e+00  4.26441897780207e-02
8.70000000000000e+00  7.91320543837473e-02
8.72500000000000e+00  1.15166385070602e-01
8.75000000000000e+00  1.50554779435506e-01
8.77500000000000e+00  1.85095561793493e-01
8.80000000000000e+00  2.18622271200687e-01
8.82500000000000e+00  2.50972583784380e-01
8.85000000000000e+00  2.81999512564825e-01
8.87500000000000e+00  3.11571313368214e-01
8.90000000000000e+00  3.39571390739620e-01
8.92500000000000e+00  3.65898203855977e-01
8.95000000000000e+00  3.90465172439044e-01
8.97500000000000e+00  4.13200582668358e-01
9.00000000000000e+00  4.34047493094214e-01
9.02500000000000e+00  4.52963640550615e-01
9.05000000000000e+00  4.69921346068245e-01
9.07500000000000e+00  4.84905007897675e-01
9.10000000000000e+00  4.97912355733465e-01
9.12500000000000e+00  5.08953209307510e-01
9.15000000000000e+00  5.18048539915518e-01
9.17500000000000e+00  5.25229829326570e-01
9.20000000000000e+00  5.30538185396711e-01
9.22500000000000e+00  5.34023457682547e-01
9.25000000000000e+00  5.35743353054835e-01
9.27500000000000e+00  5.35762551312080e-01
9.30000000000000e+00  5.34151820794127e-01
9.32500000000000e+00  5.30987133995755e-01
9.35000000000000e+00  5.26348783180271e-01
9.37500000000000e+00  5.20320399920699e-01
9.40000000000000e+00  5.12988893423442e-01
9.42500000000000e+00  5.04441851176934e-01
9.45000000000000e+00  4.94769136840304e-01
9.47500000000000e+00  4.84060696921856e-01
9.50000000000000e+00  4.72406067384064e-01
9.52500000000000e+00  4.59893880248578e-01
9.55000000000000e+00  4.46611370201220e-01
9.57500000000000e+00  4.32643881196982e-01
9.60000000000000e+00  4.18074373065032e-01
9.62500000000000e+00  4.02982928113709e-01
9.65000000000000e+00  3.87446257735517e-01
9.67500000000000e+00  3.71537209012136e-01
9.70000000000000e+00  3.55325240774377e-01
9.72500000000000e+00  3.38875437103713e-01
9.75000000000000e+00  3.22248412734999e-01
9.77500000000000e+00  3.05500515308674e-01
9.80000000000000e+00  2.88683312432148e-01
9.82500000000000e+00  2.71843575448101e-01
9.85000000000000e+00  2.55023263202778e-01
9.87500000000000e+00  2.38259505814278e-01
9.90000000000000e+00  2.21584588440852e-01
9.92500000000000e+00  2.05025935049197e-01
9.95000000000000e+00  1.88606092182749e-01
9.97500000000000e+00  1.72342712729975e-01
1.00000000000000e+01  1.56248539692680e-01
