0.00000000000000e+00  -1.55306153602055e-01
2.50000000000000e-02  -1.71316329705744e-01
5.00000000000000e-02  -1.87493551630389e-01
7.50000000000000e-02  -2.03826342945622e-01
1.00000000000000e-01  -2.20298002824423e-01
1.25000000000000e-01  -2.36886669293215e-01
1.50000000000000e-01  -2.53565382481950e-01
1.75000000000000e-01  -2.70302147874213e-01
2.00000000000000e-01  -2.87059999557309e-01
2.25000000000000e-01  -3.03797063472363e-01
2.50000000000000e-01  -3.20466620664412e-01
2.75000000000000e-01  -3.37017170532499e-01
3.00000000000000e-01  -3.53392494079768e-01
3.25000000000000e-01  -3.69532058402716e-01
3.50000000000000e-01  -3.85370947791590e-01
3.75000000000000e-01  -4.00840030568555e-01
4.00000000000000e-01  -4.15866613703746e-01
4.25000000000000e-01  -4.30374269533674e-01
4.50000000000000e-01  -4.44283245772458e-01
4.75000000000000e-01  -4.57510875523049e-01
5.00000000000000e-01  -4.69971987288465e-01
5.25000000000000e-01  -4.81579314983021e-01
5.50000000000000e-01  -4.92243907943554e-01
5.75000000000000e-01  -5.01875540940659e-01
6.00000000000000e-01  -5.10383124189917e-01
6.25000000000000e-01  -5.17678470766229e-01
6.50000000000000e-01  -5.23674828129409e-01
6.75000000000000e-01  -5.28283851595953e-01
7.00000000000000e-01  -5.31421703322632e-01
7.25000000000000e-01  -5.33007912015903e-01
7.50000000000000e-01  -5.32966263078037e-01
7.75000000000000e-01  -5.31225688753226e-01
8.00000000000000e-01  -5.27721158273698e-01
8.25000000000000e-01  -5.22394568005839e-01
8.50000000000000e-01  -5.15195631596301e-01
8.75000000000000e-01  -5.06082770118119e-01
9.00000000000000e-01  -4.95024002216829e-01
9.25000000000000e-01  -4.81997834256580e-01
9.50000000000000e-01  -4.66993875933734e-01
9.75000000000000e-01  -4.50013806597778e-01
1.00000000000000e+00  -4.31072632103231e-01
1.02500000000000e+00  -4.10197377739097e-01
1.05000000000000e+00  -3.87429646158940e-01
1.07500000000000e+00  -3.62825708648210e-01
1.10000000000000e+00  -3.36456596391586e-01
1.12500000000000e+00  -3.08408191740307e-01
1.15000000000000e+00  -2.78781319479503e-01
1.17500000000000e+00  -2.47691838095541e-01
1.20000000000000e+00  -2.15270731043348e-01
1.22500000000000e+00  -1.81664198013751e-01
1.25000000000000e+00  -1.47030837516169e-01
1.27500000000000e+00  -1.11545458239678e-01
1.30000000000000e+00  -7.53993471600135e-02
1.32500000000000e+00  -3.87901236322871e-02
1.35000000000000e+00  -1.92775270949208e-03
1.37500000000000e+00  3.49672442320397e-02
1.40000000000000e+00  7.16655788671641e-02
1.42500000000000e+00  1.07930985296458e-01
1.45000000000000e+00  1.43522009420756e-01
1.47500000000000e+00  1.78193798315676e-01
1.50000000000000e+00  2.11699889606159e-01
1.52500000000000e+00  2.43794000840998e-01
1.55000000000000e+00  2.74231818867367e-01
1.57500000000000e+00  3.02775994762834e-01
1.60000000000000e+00  3.29194078621016e-01
1.62500000000000e+00  3.53265095144544e-01
1.65000000000000e+00  3.74778295892236e-01
1.67500000000000e+00  3.93537915057696e-01
1.70000000000000e+00  4.09365126847627e-01
1.72500000000000e+00  4.22100002860135e-01
1.75000000000000e+00  4.31603469463040e-01
1.77500000000000e+00  4.37759265172177e-01
1.80000000000000e+00  4.40475898029707e-01
1.82500000000000e+00  4.39688602982422e-01
1.85000000000000e+00  4.35361299260054e-01
1.87500000000000e+00  4.27493627622214e-01
1.90000000000000e+00  4.16097529128410e-01
1.92500000000000e+00  4.01241613014056e-01
1.95000000000000e+00  3.83010378360787e-01
1.97500000000000e+00  3.61523251781562e-01
2.00000000000000e+00  3.36933163879651e-01
2.02500000000000e+00  3.09425125707627e-01
2.05000000000000e+00  2.79214805226355e-01
2.07500000000000e+00  2.46547103763982e-01
2.10000000000000e+00  2.11694732474929e-01
2.12500000000000e+00  1.74956788798878e-01
2.15000000000000e+00  1.36657332919768e-01
2.17500000000000e+00  9.71439642247778e-02
2.20000000000000e+00  5.67688042346380e-02
2.22500000000000e+00  1.59215948311211e-02
2.25000000000000e+00  -2.50126721829947e-02
2.27500000000000e+00  -6.56367759978407e-02
2.30000000000000e+00  -1.05549576214669e-01
2.32500000000000e+00  -1.44350315067014e-01
2.35000000000000e+00  -1.81642919641847e-01
2.37500000000000e+00  -2.17040304100742e-01
2.40000000000000e+00  -2.50168671901028e-01
2.42500000000000e+00  -2.80671818016952e-01
2.45000000000000e+00  -3.08215431160834e-01
2.47500000000000e+00  -3.32491396004231e-01
2.50000000000000e+00  -3.53239481952387e-01
2.52500000000000e+00  -3.70160888317431e-01
2.55000000000000e+00  -3.83117193835022e-01
2.57500000000000e+00  -3.91916211375567e-01
2.60000000000000e+00  -3.96428528579042e-01
2.62500000000000e+00  -3.96580995236916e-01
2.65000000000000e+00  -3.92350210674080e-01
2.67500000000000e+00  -3.83759348789772e-01
2.70000000000000e+00  -3.70876910780097e-01
2.72500000000000e+00  -3.53818160650392e-01
2.75000000000000e+00  -3.32746430902060e-01
2.77500000000000e+00  -3.07879348802612e-01
2.80000000000000e+00  -2.79495823222396e-01
2.82500000000000e+00  -2.47896742038935e-01
2.85000000000000e+00  -2.13417572755186e-01
2.87500000000000e+00  -1.76456612008138e-01
2.90000000000000e+00  -1.37432447544570e-01
2.92500000000000e+00  -9.67943694619931e-02
2.95000000000000e+00  -5.50164929861734e-02
2.97500000000000e+00  -1.25918812486637e-02
3.00000000000000e+00  2.99733319356725e-02
3.02500000000000e+00  7.21658192911340e-02
3.05000000000000e+00  1.13470937303655e-01
3.07500000000000e+00  1.53378603443280e-01
3.10000000000000e+00  1.91389173386635e-01
3.12500000000000e+00  2.27049121513103e-01
3.15000000000000e+00  2.59859031231150e-01
3.17500000000000e+00  2.89430657686411e-01
3.20000000000000e+00  3.15369560294531e-01
3.22500000000000e+00  3.37328813507835e-01
3.25000000000000e+00  3.55011514932947e-01
3.27500000000000e+00  3.68173293448408e-01
3.30000000000000e+00  3.76624817322301e-01
3.32500000000000e+00  3.80234302329864e-01
3.35000000000000e+00  3.78930019871115e-01
3.37500000000000e+00  3.72702805088467e-01
3.40000000000000e+00  3.61608564984353e-01
3.42500000000000e+00  3.45770786538839e-01
3.45000000000000e+00  3.25364140743688e-01
3.47500000000000e+00  3.00634232788326e-01
3.50000000000000e+00  2.71907818587725e-01
3.52500000000000e+00  2.39506757916020e-01
3.55000000000000e+00  2.03838651028459e-01
3.57500000000000e+00  1.65370627188132e-01
3.60000000000000e+00  1.24605475302839e-01
3.62500000000000e+00  8.20739613431485e-02
3.65000000000000e+00  3.83251730570223e-02
3.67500000000000e+00  -6.07433973858777e-03
3.70000000000000e+00  -5.05387466583091e-02
3.72500000000000e+00  -9.44589156899004e-02
3.75000000000000e+00  -1.37249447774231e-01
3.77500000000000e+00  -1.78292347717949e-01
3.80000000000000e+00  -2.17097348913810e-01
3.82500000000000e+00  -2.53101911037086e-01
3.85000000000000e+00  -2.85799256287872e-01
3.87500000000000e+00  -3.14737287535242e-01
3.90000000000000e+00  -3.39517506461408e-01
3.92500000000000e+00  -3.59793839132342e-01
3.95000000000000e+00  -3.75274343388062e-01
3.97500000000000e+00  -3.85726542368236e-01
4.00000000000000e+00  -3.90985385168449e-01
4.02500000000000e+00  -3.90965625211018e-01
4.05000000000000e+00  -3.85674628030304e-01
4.07500000000000e+00  -3.75155517395092e-01
4.10000000000000e+00  -3.59540324538562e-01
4.12500000000000e+00  -3.39044009569305e-01
4.15000000000000e+00  -3.13927842509172e-01
4.17500000000000e+00  -2.84530711189032e-01
4.20000000000000e+00  -2.51257317657796e-01
4.22500000000000e+00  -2.14566944263567e-01
4.25000000000000e+00  -1.74966134226277e-01
4.27500000000000e+00  -1.33001221945256e-01
4.30000000000000e+00  -8.92530827078821e-02
4.32500000000000e+00  -4.43329341156749e-02
4.35000000000000e+00  1.12046408247132e-03
4.37500000000000e+00  4.65106983370279e-02
4.40000000000000e+00  9.10901266228237e-02
4.42500000000000e+00  1.34338812734701e-01
4.45000000000000e+00  1.75610381589925e-01
4.47500000000000e+00  2.14307321690713e-01
4.50000000000000e+00  2.49880746294294e-01
4.52500000000000e+00  2.81830154582956e-01
4.55000000000000e+00  3.09704205434219e-01
4.57500000000000e+00  3.33103798366533e-01
4.60000000000000e+00  3.51688972553223e-01
4.62500000000000e+00  3.65186855513646e-01
4.65000000000000e+00  3.73405397502014e-01
4.67500000000000e+00  3.76247845055089e-01
4.70000000000000e+00  3.73654590686222e-01
4.72500000000000e+00  3.65664121209526e-01
4.75000000000000e+00  3.52427342017400e-01
4.77500000000000e+00  3.34091226165527e-01
4.80000000000000e+00  3.10920734698817e-01
4.82500000000000e+00  2.83267313262179e-01
4.85000000000000e+00  2.51540815874073e-01
4.87500000000000e+00  2.16203376681016e-01
4.90000000000000e+00  1.77758445276238e-01
4.92500000000000e+00  1.36750770352628e-01
4.95000000000000e+00  9.37697386407989e-02
4.97500000000000e+00  4.94596457758814e-02
5.00000000000000e+00  4.47673398785113e-03
5.02500000000000e+00  -4.05667329002962e-02
5.05000000000000e+00  -8.49854250576964e-02
5.07500000000000e+00  -1.28154581636987e-01
5.10000000000000e+00  -1.69454378713303e-01
5.12500000000000e+00  -2.08285140576221e-01
5.15000000000000e+00  -2.44082551021744e-01
5.17500000000000e+00  -2.76328657520329e-01
5.20000000000000e+00  -3.04561478631659e-01
5.22500000000000e+00  -3.28379282294439e-01
5.25000000000000e+00  -3.47448107842232e-01
5.27500000000000e+00  -3.61497836277081e-01
5.30000000000000e+00  -3.70316419794769e-01
5.32500000000000e+00  -3.73792030098457e-01
5.35000000000000e+00  -3.71880350694537e-01
5.37500000000000e+00  -3.64638401956313e-01
5.40000000000000e+00  -3.52147653326731e-01
5.42500000000000e+00  -3.34595288840136e-01
5.45000000000000e+00  -3.12251803357264e-01
5.47500000000000e+00  -2.85451392922172e-01
5.50000000000000e+00  -2.54588665289481e-01
5.52500000000000e+00  -2.20108941145261e-01
5.55000000000000e+00  -1.82505814988685e-01
5.57500000000000e+00  -1.42319853874183e-01
5.60000000000000e+00  -1.00144638951466e-01
5.62500000000000e+00  -5.65967163165965e-02
5.65000000000000e+00  -1.23121436685157e-02
5.67500000000000e+00  3.21246228780309e-02
5.70000000000000e+00  7.60488537790529e-02
5.72500000000000e+00  1.18825331960465e-01
5.75000000000000e+00  1.59848870532703e-01
5.77500000000000e+00  1.98544830505366e-01
5.80000000000000e+00  2.34371478799491e-01
5.82500000000000e+00  2.66823930163035e-01
5.85000000000000e+00  2.95442794042080e-01
5.87500000000000e+00  3.19821809607235e-01
5.90000000000000e+00  3.39624159164917e-01
5.92500000000000e+00  3.54600048153911e-01
5.95000000000000e+00  3.64530586984924e-01
5.97500000000000e+00  3.69285440455396e-01
6.00000000000000e+00  3.68797695008642e-01
6.02500000000000e+00  3.63093393214766e-01
6.05000000000000e+00  3.52258661146661e-01
6.07500000000000e+00  3.36447155939661e-01
6.10000000000000e+00  3.15884986272267e-01
6.12500000000000e+00  2.90861859212078e-01
6.15000000000000e+00  2.61729736198297e-01
6.17500000000000e+00  2.28896364461546e-01
6.20000000000000e+00  1.92819062150164e-01
6.22500000000000e+00  1.53990548576281e-01
6.25000000000000e+00  1.12897924599878e-01
6.27500000000000e+00  7.02286167629620e-02
6.30000000000000e+00  2.64262216897609e-02
6.32500000000000e+00  -1.78722387640786e-02
6.35000000000000e+00  -6.20575317980941e-02
6.37500000000000e+00  -1.05544143661686e-01
6.40000000000000e+00  -1.47766209648827e-01
6.42500000000000e+00  -1.88175376526429e-01
6.45000000000000e+00  -2.26241526712263e-01
6.47500000000000e+00  -2.61462365588249e-01
6.50000000000000e+00  -2.93371386274186e-01
6.52500000000000e+00  -3.21561817509246e-01
6.55000000000000e+00  -3.45712860849098e-01
6.57500000000000e+00  -3.65497847300446e-01
6.60000000000000e+00  -3.80674346765112e-01
6.62500000000000e+00  -3.91067716918316e-01
6.65000000000000e+00  -3.96555704096129e-01
6.67500000000000e+00  -3.97084024927018e-01
6.70000000000000e+00  -3.92663748406095e-01
6.72500000000000e+00  -3.83368677969366e-01
6.75000000000000e+00  -3.69332733567986e-01
6.77500000000000e+00  -3.50747333742506e-01
6.80000000000000e+00  -3.27858777697122e-01
6.82500000000000e+00  -3.00965627373933e-01
6.85000000000000e+00  -2.70416089527181e-01
6.87500000000000e+00  -2.36598604400210e-01
6.90000000000000e+00  -1.99948210961514e-01
6.92500000000000e+00  -1.60910244754427e-01
6.95000000000000e+00  -1.19968472334141e-01
6.97500000000000e+00  -7.76237797869761e-02
7.00000000000000e+00  -3.43881841246471e-02
7.02500000000000e+00  9.22115532150166e-03
7.05000000000000e+00  5.26879255062300e-02
7.07500000000000e+00  9.55026482761647e-02
7.10000000000000e+00  1.37168668975543e-01
7.12500000000000e+00  1.77208145051955e-01
7.15000000000000e+00  2.15168034662108e-01
7.17500000000000e+00  2.50626085277562e-01
7.20000000000000e+00  2.83190755198250e-01
7.22500000000000e+00  3.12512581638183e-01
7.25000000000000e+00  3.38282633469085e-01
7.27500000000000e+00  3.60231773883661e-01
7.30000000000000e+00  3.78140805126166e-01
7.32500000000000e+00  3.91840156407672e-01
7.35000000000000e+00  4.01209571821331e-01
7.37500000000000e+00  4.06177798257638e-01
7.40000000000000e+00  4.06722273319693e-01
7.42500000000000e+00  4.02868813238463e-01
7.45000000000000e+00  3.94691300788047e-01
7.47500000000000e+00  3.82311373200938e-01
7.50000000000000e+00  3.65900292363409e-01
7.52500000000000e+00  3.45652699761775e-01
7.55000000000000e+00  3.21817241877193e-01
7.57500000000000e+00  2.94670498352565e-01
7.60000000000000e+00  2.64520126741845e-01
7.62500000000000e+00  2.31700476733758e-01
7.65000000000000e+00  1.96568204375517e-01
7.67500000000000e+00  1.59497886296550e-01
7.70000000000000e+00  1.20877633932207e-01
7.72500000000000e+00  8.11047077474867e-02
7.75000000000000e+00  4.05811314607583e-02
7.77500000000000e+00  -2.90693732529959e-04
7.80000000000000e+00  -4.11123749361200e-02
7.82500000000000e+00  -8.14892140043213e-02
7.85000000000000e+00  -1.21051191987734e-01
7.87500000000000e+00  -1.59412313058412e-01
7.90000000000000e+00  -1.96246273434916e-01
7.92500000000000e+00  -2.31229543237164e-01
7.95000000000000e+00  -2.64054497246467e-01
7.97500000000000e+00  -2.94441208808963e-01
8.00000000000000e+00  -3.22140852344967e-01
8.02500000000000e+00  -3.46939387547688e-01
8.05000000000000e+00  -3.68656789372969e-01
8.07500000000000e+00  -3.87142735160112e-01
8.10000000000000e+00  -4.02265150807525e-01
8.12500000000000e+00  -4.13920867777789e-01
8.15000000000000e+00  -4.22071078257864e-01
8.17500000000000e+00  -4.26686017850266e-01
8.20000000000000e+00  -4.27768398538147e-01
8.22500000000000e+00  -4.25352030833919e-01
8.25000000000000e+00  -4.19499805623303e-01
8.27500000000000e+00  -4.10301676009403e-01
8.30000000000000e+00  -3.97872639156755e-01
8.32500000000000e+00  -3.82350718135395e-01
8.35000000000000e+00  -3.63894943764915e-01
8.37500000000000e+00  -3.42683336458523e-01
8.40000000000000e+00  -3.18910888067107e-01
8.42500000000000e+00  -2.92787543723295e-01
8.45000000000000e+00  -2.64547477584858e-01
8.47500000000000e+00  -2.34385906811969e-01
8.50000000000000e+00  -2.02568708004440e-01
8.52500000000000e+00  -1.69336617650752e-01
8.55000000000000e+00  -1.34933574872592e-01
8.57500000000000e+00  -9.96047102392541e-02
8.60000000000000e+00  -6.35943345820251e-02
8.62500000000000e+00  -2.71439278085651e-02
8.65000000000000e+00  9.50987228268544e-03
8.67500000000000e+00  4.61372811881287e-02
8.70000000000000e+00  8.25173788846151e-02
8.72500000000000e+00  1.18440121015059e-01
8.75000000000000e+00  1.53710314292665e-01
8.77500000000000e+00  1.88132386540039e-01
8.80000000000000e+00  2.21535414213898e-01
8.82500000000000e+00  2.53758139525562e-01
8.85000000000000e+00  2.84654461885986e-01
8.87500000000000e+00  3.14093372360595e-01
8.90000000000000e+00  3.41958888124096e-01
8.92500000000000e+00  3.68149986915311e-01
8.95000000000000e+00  3.92580541492011e-01
8.97500000000000e+00  4.15179254085727e-01
9.00000000000000e+00  4.35889590856592e-01
9.02500000000000e+00  4.54669716348156e-01
9.05000000000000e+00  4.71492427942215e-01
9.07500000000000e+00  4.86342435972101e-01
9.10000000000000e+00  4.99217910479064e-01
9.12500000000000e+00  5.10129119843582e-01
9.15000000000000e+00  5.19097442717862e-01
9.17500000000000e+00  5.26154796716381e-01
9.20000000000000e+00  5.31342727997905e-01
9.22500000000000e+00  5.34711500847511e-01
9.25000000000000e+00  5.36319187258603e-01
9.27500000000000e+00  5.36230756514937e-01
9.30000000000000e+00  5.34517164772635e-01
9.32500000000000e+00  5.31254444642211e-01
9.35000000000000e+00  5.26522794770588e-01
9.37500000000000e+00  5.20407854086604e-01
9.40000000000000e+00  5.12993092821518e-01
9.42500000000000e+00  5.04369483348871e-01
9.45000000000000e+00  4.94626524494836e-01
9.47500000000000e+00  4.83853908576047e-01
9.50000000000000e+00  4.72141004894062e-01
9.52500000000000e+00  4.59576343229843e-01
9.55000000000000e+00  4.46247097338217e-01
9.57500000000000e+00  4.32238568442352e-01
9.60000000000000e+00  4.17633668728223e-01
9.62500000000000e+00  4.02512404839084e-01
9.65000000000000e+00  3.86951361369936e-01
9.67500000000000e+00  3.71023184361999e-01
9.70000000000000e+00  3.54797163197480e-01
9.72500000000000e+00  3.38338144163950e-01
9.75000000000000e+00  3.21706474219820e-01
9.77500000000000e+00  3.04958221611768e-01
9.80000000000000e+00  2.88144666016010e-01
9.82500000000000e+00  2.71312297834716e-01
9.85000000000000e+00  2.54502817492421e-01
9.87500000000000e+00  2.37753134732441e-01
9.90000000000000e+00  2.21095367913279e-01
9.92500000000000e+00  2.04556843305051e-01
9.95000000000000e+00  1.88160094385890e-01
9.97500000000000e+00  1.71922861138362e-01
1.00000000000000e+01  1.55858089345890e-01
