0.00000000000000e+00  -3.00410755469474e-03
2.50000000000000e-02  -3.42984314668240e-03
5.00000000000000e-02  -3.88061233814737e-03
7.50000000000000e-02  -4.36174684942815e-03
1.00000000000000e-01  -4.87817192383219e-03
1.25000000000000e-01  -5.43448742206478e-03
1.50000000000000e-01  -6.03504891665796e-03
1.75000000000000e-01  -6.68404878639952e-03
2.00000000000000e-01  -7.38559731076208e-03
2.25000000000000e-01  -8.14380376433192e-03
2.50000000000000e-01  -8.96285751123813e-03
2.75000000000000e-01  -9.84710909958144e-03
3.00000000000000e-01  -1.08011513558633e-02
3.25000000000000e-01  -1.18300022992564e-02
3.50000000000000e-01  -1.29390558355939e-02
3.75000000000000e-01  -1.41341406294149e-02
4.00000000000000e-01  -1.54213792720912e-02
4.25000000000000e-01  -1.68073692846408e-02
4.50000000000000e-01  -1.82990342449031e-02
4.75000000000000e-01  -1.99034749147129e-02
5.00000000000000e-01  -2.16278203670759e-02
5.25000000000000e-01  -2.34790791133425e-02
5.50000000000000e-01  -2.54639902303834e-02
5.75000000000000e-01  -2.75888744877640e-02
6.00000000000000e-01  -2.98594854749187e-02
6.25000000000000e-01  -3.22974153185479e-02
6.50000000000000e-01  -3.48804891639867e-02
6.75000000000000e-01  -3.76460386580888e-02
7.00000000000000e-01  -4.05991551116643e-02
7.25000000000000e-01  -4.37457909406168e-02
7.50000000000000e-01  -4.70926911644214e-02
7.75000000000000e-01  -5.06473249046003e-02
8.00000000000000e-01  -5.44178168832009e-02
8.25000000000000e-01  -5.84128789212726e-02
8.50000000000000e-01  -6.26417414373434e-02
8.75000000000000e-01  -6.71140849458974e-02
9.00000000000000e-01  -7.18399715558514e-02
9.25000000000000e-01  -7.68297764690317e-02
9.50000000000000e-01  -8.20916536449372e-02
9.75000000000000e-01  -8.76335389078019e-02
1.00000000000000e+00  -9.34636222737926e-02
1.02500000000000e+00  -9.95872647016231e-02
1.05000000000000e+00  -1.06009544825327e-01
1.07500000000000e+00  -1.12735325355246e-01
1.10000000000000e+00  -1.19769319479014e-01
1.12500000000000e+00  -1.27116157262550e-01
1.15000000000000e+00  -1.34780452051039e-01
1.17500000000000e+00  -1.42766866869922e-01
1.20000000000000e+00  -1.51080180825884e-01
1.22500000000000e+00  -1.59725355507841e-01
1.25000000000000e+00  -1.68759299857965e-01
1.27500000000000e+00  -1.77968838517428e-01
1.30000000000000e+00  -1.87551005084228e-01
1.32500000000000e+00  -1.97477377177375e-01
1.35000000000000e+00  -2.07724550444233e-01
1.37500000000000e+00  -2.18273155751160e-01
1.40000000000000e+00  -2.29106876374135e-01
1.42500000000000e+00  -2.40211465189395e-01
1.45000000000000e+00  -2.51573761864067e-01
1.47500000000000e+00  -2.63180710046803e-01
1.50000000000000e+00  -2.75018374558411e-01
1.52500000000000e+00  -2.87070958582491e-01
1.55000000000000e+00  -2.99319820856065e-01
1.57500000000000e+00  -3.11744450226405e-01
1.60000000000000e+00  -3.24319005759374e-01
1.62500000000000e+00  -3.37004439716299e-01
1.65000000000000e+00  -3.49778269366782e-01
1.67500000000000e+00  -3.62603941460750e-01
1.70000000000000e+00  -3.75437151648206e-01
1.72500000000000e+00  -3.88231831971884e-01
1.75000000000000e+00  -4.00943840307931e-01
1.77500000000000e+00  -4.13533611940935e-01
1.80000000000000e+00  -4.25967264995611e-01
1.82500000000000e+00  -4.38215585726626e-01
1.85000000000000e+00  -4.50249822054433e-01
1.87500000000000e+00  -4.61841474989965e-01
1.90000000000000e+00  -4.73316211160999e-01
1.92500000000000e+00  -4.84284913324973e-01
1.95000000000000e+00  -4.94735955697299e-01
1.97500000000000e+00  -5.04643249452111e-01
2.00000000000000e+00  -5.13968477514593e-01
2.02500000000000e+00  -5.22663329353301e-01
2.05000000000000e+00  -5.30671735772499e-01
2.07500000000000e+00  -5.37932103704480e-01
2.10000000000000e+00  -5.44379551001895e-01
2.12500000000000e+00  -5.49948141230083e-01
2.15000000000000e+00  -5.54573118459395e-01
2.17500000000000e+00  -5.58193142057525e-01
2.20000000000000e+00  -5.60751648277517e-01
2.22500000000000e+00  -5.62188492567097e-01
2.25000000000000e+00  -5.62459474835304e-01
2.27500000000000e+00  -5.61518677817333e-01
2.30000000000000e+00  -5.59326054402255e-01
2.32500000000000e+00  -5.55845785504375e-01
2.35000000000000e+00  -5.51044637934600e-01
2.37500000000000e+00  -5.44890322271795e-01
2.40000000000000e+00  -5.37349850734151e-01
2.42500000000000e+00  -5.28387895050546e-01
2.45000000000000e+00  -5.17965144331906e-01
2.47500000000000e+00  -5.06036662942566e-01
2.50000000000000e+00  -4.92771023242764e-01
2.52500000000000e+00  -4.77843897633332e-01
2.55000000000000e+00  -4.61547322655454e-01
2.57500000000000e+00  -4.43853739634940e-01
2.60000000000000e+00  -4.24756194692844e-01
2.62500000000000e+00  -4.04266372923736e-01
2.65000000000000e+00  -3.82412632573972e-01
2.67500000000000e+00  -3.59238039219970e-01
2.70000000000000e+00  -3.34798399946481e-01
2.72500000000000e+00  -3.09160297524862e-01
2.75000000000000e+00  -2.82399124591349e-01
2.77500000000000e+00  -2.54597117825333e-01
2.80000000000000e+00  -2.25841392127626e-01
2.82500000000000e+00  -1.96226902864187e-01
2.85000000000000e+00  -1.65854422034898e-01
2.87500000000000e+00  -1.34829072436090e-01
2.90000000000000e+00  -1.03260748875400e-01
2.92500000000000e+00  -7.12657310374548e-02
2.95000000000000e+00  -3.89669864443814e-02
2.97500000000000e+00  -6.49447341631725e-03
3.00000000000000e+00  2.60145559680778e-02
3.02500000000000e+00  5.84152529111097e-02
3.05000000000000e+00  9.05548689355392e-02
3.07500000000000e+00  1.22272452924071e-01
3.10000000000000e+00  1.53398548158840e-01
3.12500000000000e+00  1.83827031313178e-01
3.15000000000000e+00  2.13417117468477e-01
3.17500000000000e+00  2.41991840974084e-01
3.20000000000000e+00  2.69404335738500e-01
3.22500000000000e+00  2.95509655648708e-01
3.25000000000000e+00  3.20165845110540e-01
3.27500000000000e+00  3.43235009589046e-01
3.30000000000000e+00  3.64584386148857e-01
3.32500000000000e+00  3.84087413994551e-01
3.35000000000000e+00  4.01624805011023e-01
3.37500000000000e+00  4.17085614303846e-01
3.40000000000000e+00  4.30368310739639e-01
3.42500000000000e+00  4.41381847486433e-01
3.45000000000000e+00  4.50046452065115e-01
3.47500000000000e+00  4.56293533782065e-01
3.50000000000000e+00  4.60068130142494e-01
3.52500000000000e+00  4.61327649503013e-01
3.55000000000000e+00  4.60043877597005e-01
3.57500000000000e+00  4.56203142562519e-01
3.60000000000000e+00  4.49806479970173e-01
3.62500000000000e+00  4.40869797851052e-01
3.65000000000000e+00  4.29424041724607e-01
3.67500000000000e+00  4.15515359626559e-01
3.70000000000000e+00  3.99205267136793e-01
3.72500000000000e+00  3.80570812407260e-01
3.75000000000000e+00  3.59704255904192e-01
3.77500000000000e+00  3.36719234052293e-01
3.80000000000000e+00  3.11736405755067e-01
3.82500000000000e+00  2.84890947920330e-01
3.85000000000000e+00  2.56332120351275e-01
3.87500000000000e+00  2.26222137821327e-01
3.90000000000000e+00  1.94735042149025e-01
3.92500000000000e+00  1.62055574272877e-01
3.95000000000000e+00  1.28378046326232e-01
3.97500000000000e+00  9.39052137121451e-02
4.00000000000000e+00  5.88471471782442e-02
4.02500000000000e+00  2.34201048915971e-02
4.05000000000000e+00  -1.21545954864186e-02
4.07500000000000e+00  -4.76561269419004e-02
4.10000000000000e+00  -8.28555770495236e-02
4.12500000000000e+00  -1.17529097707954e-01
4.15000000000000e+00  -1.51452652047323e-01
4.17500000000000e+00  -1.84405312528643e-01
4.20000000000000e+00  -2.16170753340493e-01
4.22500000000000e+00  -2.46538742795675e-01
4.25000000000000e+00  -2.75306635727887e-01
4.27500000000000e+00  -3.02280865888400e-01
4.30000000000000e+00  -3.27278438342718e-01
4.32500000000000e+00  -3.50128421867256e-01
4.35000000000000e+00  -3.70673441346001e-01
4.37500000000000e+00  -3.88768805197961e-01
4.40000000000000e+00  -4.04289012877764e-01
4.42500000000000e+00  -4.17123958186076e-01
4.45000000000000e+00  -4.27179183910472e-01
4.47500000000000e+00  -4.34379709968317e-01
4.50000000000000e+00  -4.38670171344316e-01
4.52500000000000e+00  -4.40014956028065e-01
4.55000000000000e+00  -4.38398342951593e-01
4.57500000000000e+00  -4.33824639926910e-01
4.60000000000000e+00  -4.26318321583555e-01
4.62500000000000e+00  -4.15924167306144e-01
4.65000000000000e+00  -4.02707399171913e-01
4.67500000000000e+00  -3.86753819888269e-01
4.70000000000000e+00  -3.68164625722060e-01
4.72500000000000e+00  -3.47070946439908e-01
4.75000000000000e+00  -3.23601057602285e-01
4.77500000000000e+00  -2.97920862988848e-01
4.80000000000000e+00  -2.70204309041256e-01
4.82500000000000e+00  -2.40636688463066e-01
4.85000000000000e+00  -2.09417399976899e-01
4.87500000000000e+00  -1.76758930787473e-01
4.90000000000000e+00  -1.42886114706865e-01
4.92500000000000e+00  -1.08033298489399e-01
4.95000000000000e+00  -7.24406617679347e-02
4.97500000000000e+00  -3.63497201109423e-02
5.00000000000000e+00  -1.17192040188268e-06
5.02500000000000e+00  3.63497201109504e-02
5.05000000000000e+00  7.24406617679435e-02
5.07500000000000e+00  1.08033298489408e-01
5.10000000000000e+00  1.42886114706873e-01
5.12500000000000e+00  1.76758930787480e-01
5.15000000000000e+00  2.09417399976906e-01
5.17500000000000e+00  2.40636688463073e-01
5.20000000000000e+00  2.70204309041262e-01
5.22500000000000e+00  2.97920862988854e-01
5.25000000000000e+00  3.23601057602291e-01
5.27500000000000e+00  3.47070946439914e-01
5.30000000000000e+00  3.68164625722065e-01
5.32500000000000e+00  3.86753819888273e-01
5.35000000000000e+00  4.02707399171916e-01
5.37500000000000e+00  4.15924167306146e-01
5.40000000000000e+00  4.26318321583557e-01
5.42500000000000e+00  4.33824639926912e-01
5.45000000000000e+00  4.38398342951594e-01
5.47500000000000e+00  4.40014956028066e-01
5.50000000000000e+00  4.38670171344317e-01
5.52500000000000e+00  4.34379709968316e-01
5.55000000000000e+00  4.27179183910472e-01
5.57500000000000e+00  4.17123958186076e-01
5.60000000000000e+00  4.04289012877762e-01
5.62500000000000e+00  3.88771170167186e-01
5.65000000000000e+00  3.70673441345998e-01
5.67500000000000e+00  3.50128421867252e-01
5.70000000000000e+00  3.27278438342715e-01
5.72500000000000e+00  3.02280865888395e-01
5.75000000000000e+00  2.75306635727882e-01
5.77500000000000e+00  2.46538742795670e-01
5.80000000000000e+00  2.16170753340489e-01
5.82500000000000e+00  1.84405312528640e-01
5.85000000000000e+00  1.51452652047317e-01
5.87500000000000e+00  1.17529097707950e-01
5.90000000000000e+00  8.28555770495171e-02
5.92500000000000e+00  4.76561269418936e-02
5.95000000000000e+00  1.21545954864129e-02
5.97500000000000e+00  -2.34201048916030e-02
6.00000000000000e+00  -5.88471471782500e-02
6.02500000000000e+00  -9.39052137121501e-02
6.05000000000000e+00  -1.28378046326238e-01
6.07500000000000e+00  -1.62055574272882e-01
6.10000000000000e+00  -1.94735042149030e-01
6.12500000000000e+00  -2.26222137821331e-01
6.15000000000000e+00  -2.56332120351279e-01
6.17500000000000e+00  -2.84890947920336e-01
6.20000000000000e+00  -3.11736405755071e-01
6.22500000000000e+00  -3.36719234052296e-01
6.25000000000000e+00  -3.59704741189883e-01
6.27500000000000e+00  -3.80570812407264e-01
6.30000000000000e+00  -3.99205267136796e-01
6.32500000000000e+00  -4.15515359626562e-01
6.35000000000000e+00  -4.29424041724610e-01
6.37500000000000e+00  -4.40869797851054e-01
6.40000000000000e+00  -4.49806479970175e-01
6.42500000000000e+00  -4.56203142562521e-01
6.45000000000000e+00  -4.60043877597006e-01
6.47500000000000e+00  -4.61327649503013e-01
6.50000000000000e+00  -4.60068130142493e-01
6.52500000000000e+00  -4.56293533782064e-01
6.55000000000000e+00  -4.50046452065114e-01
6.57500000000000e+00  -4.41381847486431e-01
6.60000000000000e+00  -4.30368310739636e-01
6.62500000000000e+00  -4.17085614303843e-01
6.65000000000000e+00  -4.01624805011020e-01
6.67500000000000e+00  -3.84087413994547e-01
6.70000000000000e+00  -3.64584386148852e-01
6.72500000000000e+00  -3.43235009589041e-01
6.75000000000000e+00  -3.20165845110536e-01
6.77500000000000e+00  -2.95509655648703e-01
6.80000000000000e+00  -2.69404335738494e-01
6.82500000000000e+00  -2.41991840974078e-01
6.85000000000000e+00  -2.13417117468471e-01
6.87500000000000e+00  -1.83754889360897e-01
6.90000000000000e+00  -1.53398548158833e-01
6.92500000000000e+00  -1.22272452924063e-01
6.95000000000000e+00  -9.05548689355327e-02
6.97500000000000e+00  -5.84152529111025e-02
7.00000000000000e+00  -2.60145559680715e-02
7.02500000000000e+00  6.49447341632398e-03
7.05000000000000e+00  3.89669864443872e-02
7.07500000000000e+00  7.12657310374596e-02
7.10000000000000e+00  1.03260748875405e-01
7.12500000000000e+00  1.34829072436094e-01
7.15000000000000e+00  1.65854422034903e-01
7.17500000000000e+00  1.96226902864192e-01
7.20000000000000e+00  2.25841392127630e-01
7.22500000000000e+00  2.54597117825338e-01
7.25000000000000e+00  2.82399124591354e-01
7.27500000000000e+00  3.09160297524865e-01
7.30000000000000e+00  3.34798399946485e-01
7.32500000000000e+00  3.59238039219973e-01
7.35000000000000e+00  3.82412632573975e-01
7.37500000000000e+00  4.04266372923738e-01
7.40000000000000e+00  4.24756194692846e-01
7.42500000000000e+00  4.43853739634942e-01
7.45000000000000e+00  4.61547322655455e-01
7.47500000000000e+00  4.77843897633333e-01
7.50000000000000e+00  4.92550248371638e-01
7.52500000000000e+00  5.06036662942565e-01
7.55000000000000e+00  5.17965144331905e-01
7.57500000000000e+00  5.28387895050545e-01
7.60000000000000e+00  5.37349850734150e-01
7.62500000000000e+00  5.44890322271793e-01
7.65000000000000e+00  5.51044637934597e-01
7.67500000000000e+00  5.55845785504373e-01
7.70000000000000e+00  5.59326054402252e-01
7.72500000000000e+00  5.61518677817330e-01
7.75000000000000e+00  5.62459474835301e-01
7.77500000000000e+00  5.62188492567094e-01
7.80000000000000e+00  5.60751648277513e-01
7.82500000000000e+00  5.58193142057521e-01
7.85000000000000e+00  5.54573118459391e-01
7.87500000000000e+00  5.49948141230079e-01
7.90000000000000e+00  5.44379551001891e-01
7.92500000000000e+00  5.37932103704476e-01
7.95000000000000e+00  5.30671735772495e-01
7.97500000000000e+00  5.22663329353297e-01
8.00000000000000e+00  5.13968477514588e-01
8.02500000000000e+00  5.04643249452107e-01
8.05000000000000e+00  4.94735955697294e-01
8.07500000000000e+00  4.84284913324968e-01
8.10000000000000e+00  4.73316211160995e-01
8.12500000000000e+00  4.62037477101114e-01
8.15000000000000e+00  4.50249822054429e-01
8.17500000000000e+00  4.38215585726621e-01
8.20000000000000e+00  4.25967264995606e-01
8.22500000000000e+00  4.13533611940930e-01
8.25000000000000e+00  4.00943840307926e-01
8.27500000000000e+00  3.88231831971879e-01
8.30000000000000e+00  3.75437151648202e-01
8.32500000000000e+00  3.62603941460746e-01
8.35000000000000e+00  3.49778269366779e-01
8.37500000000000e+00  3.37004439716295e-01
8.40000000000000e+00  3.24319005759369e-01
8.42500000000000e+00  3.11744450226401e-01
8.45000000000000e+00  2.99319820856061e-01
8.47500000000000e+00  2.87070958582487e-01
8.50000000000000e+00  2.75018374558407e-01
8.52500000000000e+00  2.63180710046799e-01
8.55000000000000e+00  2.51573761864063e-01
8.57500000000000e+00  2.40211465189391e-01
8.60000000000000e+00  2.29106876374132e-01
8.62500000000000e+00  2.18273155751157e-01
8.65000000000000e+00  2.07724550444230e-01
8.67500000000000e+00  1.97477377177371e-01
8.70000000000000e+00  1.87551005084225e-01
8.72500000000000e+00  1.77968838517425e-01
8.75000000000000e+00  1.68707601387925e-01
8.77500000000000e+00  1.59725355507839e-01
8.80000000000000e+00  1.51080180825882e-01
8.82500000000000e+00  1.42766866869919e-01
8.85000000000000e+00  1.34780452051037e-01
8.87500000000000e+00  1.27116157262548e-01
8.90000000000000e+00  1.19769319479013e-01
8.92500000000000e+00  1.12735325355244e-01
8.95000000000000e+00  1.06009544825325e-01
8.97500000000000e+00  9.95872647016219e-02
9.00000000000000e+00  9.34636222737915e-02
9.02500000000000e+00  8.76335389078009e-02
9.05000000000000e+00  8.20916536449360e-02
9.07500000000000e+00  7.68297764690307e-02
9.10000000000000e+00  7.18399715558506e-02
9.12500000000000e+00  6.71140849458967e-02
9.15000000000000e+00  6.26417414373429e-02
9.17500000000000e+00  5.84128789212720e-02
9.20000000000000e+00  5.44178168832003e-02
9.22500000000000e+00  5.06473249046000e-02
9.25000000000000e+00  4.70926911644211e-02
9.27500000000000e+00  4.37457909406166e-02
9.30000000000000e+00  4.05991551116640e-02
9.32500000000000e+00  3.76460386580886e-02
9.35000000000000e+00  3.48804891639866e-02
9.37500000000000e+00  3.22808607283265e-02
9.40000000000000e+00  2.98594854749188e-02
9.42500000000000e+00  2.75888744877641e-02
9.45000000000000e+00  2.54639902303835e-02
9.47500000000000e+00  2.34790791133427e-02
9.50000000000000e+00  2.16278203670761e-02
9.52500000000000e+00  1.99034749147131e-02
9.55000000000000e+00  1.82990342449033e-02
9.57500000000000e+00  1.68073692846410e-02
9.60000000000000e+00  1.54213792720913e-02
9.62500000000000e+00  1.41341406294151e-02
9.65000000000000e+00  1.29390558355941e-02
9.67500000000000e+00  1.18300022992565e-02
9.70000000000000e+00  1.08011513558633e-02
9.72500000000000e+00  9.84710909958144e-03
9.75000000000000e+00  8.96285751123809e-03
9.77500000000000e+00  8.14380376433182e-03
9.80000000000000e+00  7.38559731076185e-03
9.82500000000000e+00  6.68404878639917e-03
9.85000000000000e+00  6.03504891665747e-03
9.87500000000000e+00  5.43448742206422e-03
9.90000000000000e+00  4.87817192383151e-03
9.92500000000000e+00  4.36174684942733e-03
9.95000000000000e+00  3.88061233814646e-03
9.97500000000000e+00  3.42984314668139e-03
1.00000000000000e+01  3.00410755469368e-03
