0.00000000000000e+00  -3.01690811065947e-03
2.50000000000000e-02  -3.45252802106621e-03
5.00000000000000e-02  -3.90808323224787e-03
7.50000000000000e-02  -4.39122524915862e-03
1.00000000000000e-01  -4.90850375638058e-03
1.25000000000000e-01  -5.46555360036797e-03
1.50000000000000e-01  -6.06728177169108e-03
1.75000000000000e-01  -6.71805438728051e-03
2.00000000000000e-01  -7.42188367267131e-03
2.25000000000000e-01  -8.18261494424704e-03
2.50000000000000e-01  -9.00411359148404e-03
2.75000000000000e-01  -9.89045205919542e-03
3.00000000000000e-01  -1.08460968297753e-02
3.25000000000000e-01  -1.18757796618213e-02
3.50000000000000e-01  -1.29848028306651e-02
3.75000000000000e-01  -1.41793504049908e-02
4.00000000000000e-01  -1.54653632773392e-02
4.25000000000000e-01  -1.68496446260905e-02
4.50000000000000e-01  -1.83395261312707e-02
4.75000000000000e-01  -1.99425341903576e-02
5.00000000000000e-01  -2.16660561340873e-02
5.25000000000000e-01  -2.35170064422605e-02
5.50000000000000e-01  -2.55014929595486e-02
5.75000000000000e-01  -2.76244831113004e-02
6.00000000000000e-01  -2.98894701193481e-02
6.25000000000000e-01  -3.23335263184061e-02
6.50000000000000e-01  -3.49003066661270e-02
6.75000000000000e-01  -3.76579010281290e-02
7.00000000000000e-01  -4.06076929818830e-02
7.25000000000000e-01  -4.37529287178337e-02
7.50000000000000e-01  -4.70985240369078e-02
7.75000000000000e-01  -5.06508713480200e-02
8.00000000000000e-01  -5.44176466655808e-02
8.25000000000000e-01  -5.84076166070037e-02
8.50000000000000e-01  -6.26304453902117e-02
8.75000000000000e-01  -6.70965018311453e-02
9.00000000000000e-01  -7.18166663412685e-02
9.25000000000000e-01  -7.68021379250765e-02
9.50000000000000e-01  -8.20612404428581e-02
9.75000000000000e-01  -8.76019636800380e-02
1.00000000000000e+00  -9.34327245143576e-02
1.02500000000000e+00  -9.95584549621013e-02
1.05000000000000e+00  -1.05983529219843e-01
1.07500000000000e+00  -1.12712057165337e-01
1.10000000000000e+00  -1.19748177858416e-01
1.12500000000000e+00  -1.27096353041876e-01
1.15000000000000e+00  -1.34761660642376e-01
1.17500000000000e+00  -1.42750088271327e-01
1.20000000000000e+00  -1.51068826725787e-01
1.22500000000000e+00  -1.59726563489351e-01
1.25000000000000e+00  -1.68851232350818e-01
1.27500000000000e+00  -1.77989479823561e-01
1.30000000000000e+00  -1.87557298727790e-01
1.32500000000000e+00  -1.97499416394097e-01
1.35000000000000e+00  -2.07774028529362e-01
1.37500000000000e+00  -2.18350403963552e-01
1.40000000000000e+00  -2.29206489396525e-01
1.42500000000000e+00  -2.40326514144822e-01
1.45000000000000e+00  -2.51698594888471e-01
1.47500000000000e+00  -2.63312340417783e-01
1.50000000000000e+00  -2.75156456380153e-01
1.52500000000000e+00  -2.87216350026858e-01
1.55000000000000e+00  -2.99471734959855e-01
1.57500000000000e+00  -3.11906439923192e-01
1.60000000000000e+00  -3.24494503080480e-01
1.62500000000000e+00  -3.37190861336868e-01
1.65000000000000e+00  -3.49978183382973e-01
1.67500000000000e+00  -3.62818388963673e-01
1.70000000000000e+00  -3.75662485417431e-01
1.72500000000000e+00  -3.88459752535334e-01
1.75000000000000e+00  -4.01162621656836e-01
1.77500000000000e+00  -4.13731885290530e-01
1.80000000000000e+00  -4.26139578239532e-01
1.82500000000000e+00  -4.38370592882404e-01
1.85000000000000e+00  -4.50422324472316e-01
1.87500000000000e+00  -4.61880425782450e-01
1.90000000000000e+00  -4.73473717617897e-01
1.92500000000000e+00  -4.84465077365993e-01
1.95000000000000e+00  -4.94889856362779e-01
1.97500000000000e+00  -5.04753485938489e-01
2.00000000000000e+00  -5.14036411876620e-01
2.02500000000000e+00  -5.22699028872992e-01
2.05000000000000e+00  -5.30686614994817e-01
2.07500000000000e+00  -5.37934266139760e-01
2.10000000000000e+00  -5.44371830495005e-01
2.12500000000000e+00  -5.49928842996320e-01
2.15000000000000e+00  -5.54539459787123e-01
2.17500000000000e+00  -5.58147392677543e-01
2.20000000000000e+00  -5.60690549366297e-01
2.22500000000000e+00  -5.62106222144176e-01
2.25000000000000e+00  -5.62359882279985e-01
2.27500000000000e+00  -5.61400306494221e-01
2.30000000000000e+00  -5.59188612341910e-01
2.32500000000000e+00  -5.55693821859035e-01
2.35000000000000e+00  -5.50888425208955e-01
2.37500000000000e+00  -5.44743944328828e-01
2.40000000000000e+00  -5.37226496576036e-01
2.42500000000000e+00  -5.28292358374608e-01
2.45000000000000e+00  -5.17883528861641e-01
2.47500000000000e+00  -5.05923293533726e-01
2.50000000000000e+00  -4.92770462219283e-01
2.52500000000000e+00  -4.77737481317403e-01
2.55000000000000e+00  -4.61419424948837e-01
2.57500000000000e+00  -4.43745691534478e-01
2.60000000000000e+00  -4.24680913430431e-01
2.62500000000000e+00  -4.04220362659826e-01
2.65000000000000e+00  -3.82385356644613e-01
2.67500000000000e+00  -3.59218663937372e-01
2.70000000000000e+00  -3.34779909953116e-01
2.72500000000000e+00  -3.09140982701093e-01
2.75000000000000e+00  -2.82381438516594e-01
2.77500000000000e+00  -2.54583907792753e-01
2.80000000000000e+00  -2.25829500712356e-01
2.82500000000000e+00  -1.96219881967758e-01
2.85000000000000e+00  -1.65856047909058e-01
2.87500000000000e+00  -1.34837727252006e-01
2.90000000000000e+00  -1.03277732938767e-01
2.92500000000000e+00  -7.12916771065967e-02
2.95000000000000e+00  -3.89999128583526e-02
2.97500000000000e+00  -6.52947603299906e-03
3.00000000000000e+00  2.59839730238825e-02
3.02500000000000e+00  5.83942076895861e-02
3.05000000000000e+00  9.05424932937724e-02
3.07500000000000e+00  1.22255645347961e-01
3.10000000000000e+00  1.53344087775022e-01
3.12500000000000e+00  1.83755761677339e-01
3.15000000000000e+00  2.13335495867445e-01
3.17500000000000e+00  2.41895155923396e-01
3.20000000000000e+00  2.69289402425022e-01
3.22500000000000e+00  2.95374431051328e-01
3.25000000000000e+00  3.20009122910251e-01
3.27500000000000e+00  3.43056194868410e-01
3.30000000000000e+00  3.64383349880863e-01
3.32500000000000e+00  3.83864427320856e-01
3.35000000000000e+00  4.01380553309583e-01
3.37500000000000e+00  4.16821291045936e-01
3.40000000000000e+00  4.30085791136256e-01
3.42500000000000e+00  4.41083941924091e-01
3.45000000000000e+00  4.49736815393977e-01
3.47500000000000e+00  4.55975865047093e-01
3.50000000000000e+00  4.59746989535352e-01
3.52500000000000e+00  4.61007942755344e-01
3.55000000000000e+00  4.59730879632597e-01
3.57500000000000e+00  4.55902456902936e-01
3.60000000000000e+00  4.49523933893838e-01
3.62500000000000e+00  4.40611273305789e-01
3.65000000000000e+00  4.29195241993642e-01
3.67500000000000e+00  4.15321511747971e-01
3.70000000000000e+00  3.99050760076430e-01
3.72500000000000e+00  3.80458770985109e-01
3.75000000000000e+00  3.59638401087125e-01
3.77500000000000e+00  3.36702936131981e-01
3.80000000000000e+00  3.11770900112355e-01
3.82500000000000e+00  2.84976651678694e-01
3.85000000000000e+00  2.56468495686261e-01
3.87500000000000e+00  2.26407609019772e-01
3.90000000000000e+00  1.94966966418039e-01
3.92500000000000e+00  1.62330266298608e-01
3.95000000000000e+00  1.28690856582401e-01
3.97500000000000e+00  9.42506605183485e-02
4.00000000000000e+00  5.92191025080407e-02
4.02500000000000e+00  2.38120339303583e-02
4.05000000000000e+00  -1.17493410338810e-02
4.07500000000000e+00  -4.72476591821320e-02
4.10000000000000e+00  -8.24497449105027e-02
4.12500000000000e+00  -1.17133731729934e-01
4.15000000000000e+00  -1.51075317104963e-01
4.17500000000000e+00  -1.84053123641698e-01
4.20000000000000e+00  -2.15850222189319e-01
4.22500000000000e+00  -2.46255654941568e-01
4.25000000000000e+00  -2.75065958538247e-01
4.27500000000000e+00  -3.02086687166715e-01
4.30000000000000e+00  -3.27133935663380e-01
4.32500000000000e+00  -3.50035862615197e-01
4.35000000000000e+00  -3.70634213461160e-01
4.37500000000000e+00  -3.88782449276662e-01
4.40000000000000e+00  -4.04355004240130e-01
4.42500000000000e+00  -4.17240385487040e-01
4.45000000000000e+00  -4.27343252009104e-01
4.47500000000000e+00  -4.34587844147801e-01
4.50000000000000e+00  -4.38918123960510e-01
4.52500000000000e+00  -4.40297915586639e-01
4.55000000000000e+00  -4.38711045613754e-01
4.57500000000000e+00  -4.34161483443708e-01
4.60000000000000e+00  -4.26673481658769e-01
4.62500000000000e+00  -4.16291716387750e-01
4.65000000000000e+00  -4.03081427672137e-01
4.67500000000000e+00  -3.87128559832221e-01
4.70000000000000e+00  -3.68534093599497e-01
4.72500000000000e+00  -3.47430719289355e-01
4.75000000000000e+00  -3.23943036273862e-01
4.77500000000000e+00  -2.98241603767357e-01
4.80000000000000e+00  -2.70500892335662e-01
4.82500000000000e+00  -2.40905284085044e-01
4.85000000000000e+00  -2.09654069066289e-01
4.87500000000000e+00  -1.76959937206353e-01
4.90000000000000e+00  -1.43048852316110e-01
4.92500000000000e+00  -1.08156644322808e-01
4.95000000000000e+00  -7.25246594238159e-02
4.97500000000000e+00  -3.63936629292776e-02
5.00000000000000e+00  -2.25789520859294e-06
5.02500000000000e+00  3.63936629292862e-02
5.05000000000000e+00  7.25246594238253e-02
5.07500000000000e+00  1.08156644322817e-01
5.10000000000000e+00  1.43048852316119e-01
5.12500000000000e+00  1.76959937206361e-01
5.15000000000000e+00  2.09654069066298e-01
5.17500000000000e+00  2.40905284085052e-01
5.20000000000000e+00  2.70500892335669e-01
5.22500000000000e+00  2.98241603767364e-01
5.25000000000000e+00  3.23943036273868e-01
5.27500000000000e+00  3.47430719289362e-01
5.30000000000000e+00  3.68534093599504e-01
5.32500000000000e+00  3.87128559832226e-01
5.35000000000000e+00  4.03081427672142e-01
5.37500000000000e+00  4.16291716387754e-01
5.40000000000000e+00  4.26673481658773e-01
5.42500000000000e+00  4.34161483443711e-01
5.45000000000000e+00  4.38711045613756e-01
5.47500000000000e+00  4.40297915586640e-01
5.50000000000000e+00  4.38918123960510e-01
5.52500000000000e+00  4.34587844147801e-01
5.55000000000000e+00  4.27343252009104e-01
5.57500000000000e+00  4.17240385487040e-01
5.60000000000000e+00  4.04355004240128e-01
5.62500000000000e+00  3.88785843593796e-01
5.65000000000000e+00  3.70634213461156e-01
5.67500000000000e+00  3.50035862615193e-01
5.70000000000000e+00  3.27133935663377e-01
5.72500000000000e+00  3.02086687166710e-01
5.75000000000000e+00  2.75065958538242e-01
5.77500000000000e+00  2.46255654941563e-01
5.80000000000000e+00  2.15850222189314e-01
5.82500000000000e+00  1.84053123641694e-01
5.85000000000000e+00  1.51075317104957e-01
5.87500000000000e+00  1.17133731729929e-01
5.90000000000000e+00  8.24497449104957e-02
5.92500000000000e+00  4.72476591821246e-02
5.95000000000000e+00  1.17493410338744e-02
5.97500000000000e+00  -2.38120339303650e-02
6.00000000000000e+00  -5.92191025080476e-02
6.02500000000000e+00  -9.42506605183546e-02
6.05000000000000e+00  -1.28690856582407e-01
6.07500000000000e+00  -1.62330266298615e-01
6.10000000000000e+00  -1.94966966418046e-01
6.12500000000000e+00  -2.26407609019778e-01
6.15000000000000e+00  -2.56468495686267e-01
6.17500000000000e+00  -2.84976651678700e-01
6.20000000000000e+00  -3.11770900112360e-01
6.22500000000000e+00  -3.36702936131985e-01
6.25000000000000e+00  -3.59636535759893e-01
6.27500000000000e+00  -3.80458770985113e-01
6.30000000000000e+00  -3.99050760076434e-01
6.32500000000000e+00  -4.15321511747975e-01
6.35000000000000e+00  -4.29195241993645e-01
6.37500000000000e+00  -4.40611273305792e-01
6.40000000000000e+00  -4.49523933893840e-01
6.42500000000000e+00  -4.55902456902937e-01
6.45000000000000e+00  -4.59730879632598e-01
6.47500000000000e+00  -4.61007942755344e-01
6.50000000000000e+00  -4.59746989535352e-01
6.52500000000000e+00  -4.55975865047093e-01
6.55000000000000e+00  -4.49736815393976e-01
6.57500000000000e+00  -4.41083941924089e-01
6.60000000000000e+00  -4.30085791136253e-01
6.62500000000000e+00  -4.16821291045933e-01
6.65000000000000e+00  -4.01380553309580e-01
6.67500000000000e+00  -3.83864427320852e-01
6.70000000000000e+00  -3.64383349880859e-01
6.72500000000000e+00  -3.43056194868406e-01
6.75000000000000e+00  -3.20009122910247e-01
6.77500000000000e+00  -2.95374431051323e-01
6.80000000000000e+00  -2.69289402425016e-01
6.82500000000000e+00  -2.41895155923390e-01
6.85000000000000e+00  -2.13335495867439e-01
6.87500000000000e+00  -1.83599911138660e-01
6.90000000000000e+00  -1.53344087775015e-01
6.92500000000000e+00  -1.22255645347954e-01
6.95000000000000e+00  -9.05424932937662e-02
6.97500000000000e+00  -5.83942076895791e-02
7.00000000000000e+00  -2.59839730238764e-02
7.02500000000000e+00  6.52947603300574e-03
7.05000000000000e+00  3.89999128583584e-02
7.07500000000000e+00  7.12916771066016e-02
7.10000000000000e+00  1.03277732938772e-01
7.12500000000000e+00  1.34837727252011e-01
7.15000000000000e+00  1.65856047909063e-01
7.17500000000000e+00  1.96219881967764e-01
7.20000000000000e+00  2.25829500712360e-01
7.22500000000000e+00  2.54583907792758e-01
7.25000000000000e+00  2.82381438516598e-01
7.27500000000000e+00  3.09140982701096e-01
7.30000000000000e+00  3.34779909953119e-01
7.32500000000000e+00  3.59218663937375e-01
7.35000000000000e+00  3.82385356644616e-01
7.37500000000000e+00  4.04220362659828e-01
7.40000000000000e+00  4.24680913430433e-01
7.42500000000000e+00  4.43745691534479e-01
7.45000000000000e+00  4.61419424948838e-01
7.47500000000000e+00  4.77737481317403e-01
7.50000000000000e+00  4.92311787893365e-01
7.52500000000000e+00  5.05923293533724e-01
7.55000000000000e+00  5.17883528861640e-01
7.57500000000000e+00  5.28292358374606e-01
7.60000000000000e+00  5.37226496576034e-01
7.62500000000000e+00  5.44743944328826e-01
7.65000000000000e+00  5.50888425208953e-01
7.67500000000000e+00  5.55693821859033e-01
7.70000000000000e+00  5.59188612341907e-01
7.72500000000000e+00  5.61400306494218e-01
7.75000000000000e+00  5.62359882279982e-01
7.77500000000000e+00  5.62106222144173e-01
7.80000000000000e+00  5.60690549366293e-01
7.82500000000000e+00  5.58147392677538e-01
7.85000000000000e+00  5.54539459787118e-01
7.87500000000000e+00  5.49928842996316e-01
7.90000000000000e+00  5.44371830495000e-01
7.92500000000000e+00  5.37934266139755e-01
7.95000000000000e+00  5.30686614994812e-01
7.97500000000000e+00  5.22699028872987e-01
8.00000000000000e+00  5.14036411876615e-01
8.02500000000000e+00  5.04753485938484e-01
8.05000000000000e+00  4.94889856362774e-01
8.07500000000000e+00  4.84465077365988e-01
8.10000000000000e+00  4.73473717617892e-01
8.12500000000000e+00  4.62304316436219e-01
8.15000000000000e+00  4.50422324472311e-01
8.17500000000000e+00  4.38370592882398e-01
8.20000000000000e+00  4.26139578239526e-01
8.22500000000000e+00  4.13731885290525e-01
8.25000000000000e+00  4.01162621656832e-01
8.27500000000000e+00  3.88459752535328e-01
8.30000000000000e+00  3.75662485417426e-01
8.32500000000000e+00  3.62818388963668e-01
8.35000000000000e+00  3.49978183382969e-01
8.37500000000000e+00  3.37190861336864e-01
8.40000000000000e+00  3.24494503080476e-01
8.42500000000000e+00  3.11906439923187e-01
8.45000000000000e+00  2.99471734959849e-01
8.47500000000000e+00  2.87216350026853e-01
8.50000000000000e+00  2.75156456380149e-01
8.52500000000000e+00  2.63312340417779e-01
8.55000000000000e+00  2.51698594888467e-01
8.57500000000000e+00  2.40326514144818e-01
8.60000000000000e+00  2.29206489396522e-01
8.62500000000000e+00  2.18350403963549e-01
8.65000000000000e+00  2.07774028529358e-01
8.67500000000000e+00  1.97499416394093e-01
8.70000000000000e+00  1.87557298727787e-01
8.72500000000000e+00  1.77989479823558e-01
8.75000000000000e+00  1.68733776233045e-01
8.77500000000000e+00  1.59726563489349e-01
8.80000000000000e+00  1.51068826725785e-01
8.82500000000000e+00  1.42750088271325e-01
8.85000000000000e+00  1.34761660642374e-01
8.87500000000000e+00  1.27096353041874e-01
8.90000000000000e+00  1.19748177858414e-01
8.92500000000000e+00  1.12712057165335e-01
8.95000000000000e+00  1.05983529219841e-01
8.97500000000000e+00  9.95584549620997e-02
9.00000000000000e+00  9.34327245143560e-02
9.02500000000000e+00  8.76019636800364e-02
9.05000000000000e+00  8.20612404428564e-02
9.07500000000000e+00  7.68021379250748e-02
9.10000000000000e+00  7.18166663412671e-02
9.12500000000000e+00  6.70965018311440e-02
9.15000000000000e+00  6.26304453902106e-02
9.17500000000000e+00  5.84076166070025e-02
9.20000000000000e+00  5.44176466655796e-02
9.22500000000000e+00  5.06508713480191e-02
9.25000000000000e+00  4.70985240369069e-02
9.27500000000000e+00  4.37529287178329e-02
9.30000000000000e+00  4.06076929818821e-02
9.32500000000000e+00  3.76579010281283e-02
9.35000000000000e+00  3.49003066661264e-02
9.37500000000000e+00  3.22981392178133e-02
9.40000000000000e+00  2.98894701193478e-02
9.42500000000000e+00  2.76244831113001e-02
9.45000000000000e+00  2.55014929595484e-02
9.47500000000000e+00  2.35170064422605e-02
9.50000000000000e+00  2.16660561340873e-02
9.52500000000000e+00  1.99425341903577e-02
9.55000000000000e+00  1.83395261312709e-02
9.57500000000000e+00  1.68496446260907e-02
9.60000000000000e+00  1.54653632773394e-02
9.62500000000000e+00  1.41793504049911e-02
9.65000000000000e+00  1.29848028306655e-02
9.67500000000000e+00  1.18757796618217e-02
9.70000000000000e+00  1.08460968297757e-02
9.72500000000000e+00  9.89045205919582e-03
9.75000000000000e+00  9.00411359148446e-03
9.77500000000000e+00  8.18261494424746e-03
9.80000000000000e+00  7.42188367267164e-03
9.82500000000000e+00  6.71805438728075e-03
9.85000000000000e+00  6.06728177169119e-03
9.87500000000000e+00  5.46555360036799e-03
9.90000000000000e+00  4.90850375638044e-03
9.92500000000000e+00  4.39122524915827e-03
9.95000000000000e+00  3.90808323224733e-03
9.97500000000000e+00  3.45252802106541e-03
1.00000000000000e+01  3.01690811065845e-03
