0.00000000000000e+00  -2.08476197949674e-04
2.50000000000000e-02  -2.38995035927071e-04
5.00000000000000e-02  -2.73106839005292e-04
7.50000000000000e-02  -3.11553426621685e-04
1.00000000000000e-01  -3.55083541928993e-04
1.25000000000000e-01  -4.04472418340376e-04
1.50000000000000e-01  -4.60541346074419e-04
1.75000000000000e-01  -5.24177238700163e-04
2.00000000000000e-01  -5.96352199682132e-04
2.25000000000000e-01  -6.78143088925339e-04
2.50000000000000e-01  -7.70751089320330e-04
2.75000000000000e-01  -8.75521273288188e-04
3.00000000000000e-01  -9.93962169325560e-04
3.25000000000000e-01  -1.12776532854970e-03
3.50000000000000e-01  -1.27882489124344e-03
3.75000000000000e-01  -1.44925715340029e-03
4.00000000000000e-01  -1.64142013326938e-03
4.25000000000000e-01  -1.85793313790053e-03
4.50000000000000e-01  -2.10169632968927e-03
4.75000000000000e-01  -2.37591029292185e-03
5.00000000000000e-01  -2.68409560032027e-03
5.25000000000000e-01  -3.03011237958729e-03
5.50000000000000e-01  -3.41817987995144e-03
5.75000000000000e-01  -3.85289603871213e-03
6.00000000000000e-01  -4.33925704778453e-03
6.25000000000000e-01  -4.88617101586460e-03
6.50000000000000e-01  -5.49033325724966e-03
6.75000000000000e-01  -6.16705940412686e-03
7.00000000000000e-01  -6.92253117387497e-03
7.25000000000000e-01  -7.76386710647688e-03
7.50000000000000e-01  -8.69910408481385e-03
7.75000000000000e-01  -9.73717885495940e-03
8.00000000000000e-01  -1.08879095464735e-02
8.25000000000000e-01  -1.21619771926967e-02
8.50000000000000e-01  -1.35709072510440e-02
8.75000000000000e-01  -1.51270511232992e-02
9.00000000000000e-01  -1.68435676759087e-02
9.25000000000000e-01  -1.87344047602757e-02
9.50000000000000e-01  -2.08142807330545e-02
9.75000000000000e-01  -2.30986659764439e-02
1.00000000000000e+00  -2.56037644184821e-02
1.02500000000000e+00  -2.83464950533404e-02
1.05000000000000e+00  -3.13444734616169e-02
1.07500000000000e+00  -3.46159933306314e-02
1.10000000000000e+00  -3.81800079747186e-02
1.12500000000000e+00  -4.20561118555230e-02
1.15000000000000e+00  -4.62645221022923e-02
1.17500000000000e+00  -5.08260600321716e-02
1.20000000000000e+00  -5.57621326704980e-02
1.22500000000000e+00  -6.10947142710941e-02
1.25000000000000e+00  -6.68391487571632e-02
1.27500000000000e+00  -7.30192785815033e-02
1.30000000000000e+00  -7.96565664037883e-02
1.32500000000000e+00  -8.67698282048959e-02
1.35000000000000e+00  -9.43771384547656e-02
1.37500000000000e+00  -1.02495500903496e-01
1.40000000000000e+00  -1.11140519372439e-01
1.42500000000000e+00  -1.20326068545296e-01
1.45000000000000e+00  -1.30063964759211e-01
1.47500000000000e+00  -1.40363636795870e-01
1.50000000000000e+00  -1.51231796672591e-01
1.52500000000000e+00  -1.62672110433426e-01
1.55000000000000e+00  -1.74684868940249e-01
1.57500000000000e+00  -1.87263548100166e-01
1.60000000000000e+00  -2.00403156805745e-01
1.62500000000000e+00  -2.14089224665080e-01
1.65000000000000e+00  -2.28304376240381e-01
1.67500000000000e+00  -2.43025556505869e-01
1.70000000000000e+00  -2.58223951644750e-01
1.72500000000000e+00  -2.73864909846171e-01
1.75000000000000e+00  -2.89907862102195e-01
1.77500000000000e+00  -3.06306243004759e-01
1.80000000000000e+00  -3.23007411542642e-01
1.82500000000000e+00  -3.39952571898435e-01
1.85000000000000e+00  -3.57076694245499e-01
1.87500000000000e+00  -3.74301401410897e-01
1.90000000000000e+00  -3.91557217551315e-01
1.92500000000000e+00  -4.08753592928708e-01
1.95000000000000e+00  -4.25801754410510e-01
1.97500000000000e+00  -4.42606802004040e-01
2.00000000000000e+00  -4.59068554867510e-01
2.02500000000000e+00  -4.75082397321017e-01
2.05000000000000e+00  -4.90540124857543e-01
2.07500000000000e+00  -5.05330790153956e-01
2.10000000000000e+00  -5.19341549082002e-01
2.12500000000000e+00  -5.32458506719310e-01
2.15000000000000e+00  -5.44567563360388e-01
2.17500000000000e+00  -5.55555260527617e-01
2.20000000000000e+00  -5.65306184722016e-01
2.22500000000000e+00  -5.73716940765642e-01
2.25000000000000e+00  -5.80681548052911e-01
2.27500000000000e+00  -5.86100407677186e-01
2.30000000000000e+00  -5.89880714622082e-01
2.32500000000000e+00  -5.91937342006466e-01
2.35000000000000e+00  -5.92193725329471e-01
2.37500000000000e+00  -5.90582746715498e-01
2.40000000000000e+00  -5.87047619159224e-01
2.42500000000000e+00  -5.81542770770611e-01
2.45000000000000e+00  -5.74034729019906e-01
2.47500000000000e+00  -5.64503004982657e-01
2.50000000000000e+00  -5.52950693692671e-01
2.52500000000000e+00  -5.39359970447857e-01
2.55000000000000e+00  -5.23768974678186e-01
2.57500000000000e+00  -5.06208949341188e-01
2.60000000000000e+00  -4.86726215743674e-01
2.62500000000000e+00  -4.65381313060282e-01
2.65000000000000e+00  -4.42248137852006e-01
2.67500000000000e+00  -4.17413083584741e-01
2.70000000000000e+00  -3.90974180147811e-01
2.72500000000000e+00  -3.63040233372515e-01
2.75000000000000e+00  -3.33729964550657e-01
2.77500000000000e+00  -3.03171149953084e-01
2.80000000000000e+00  -2.71499760348227e-01
2.82500000000000e+00  -2.38861233751650e-01
2.85000000000000e+00  -2.05395419974587e-01
2.87500000000000e+00  -1.71258736542703e-01
2.90000000000000e+00  -1.36605691720409e-01
2.92500000000000e+00  -1.01592190127263e-01
2.95000000000000e+00  -6.63747062453461e-02
2.97500000000000e+00  -3.11094579266416e-02
3.00000000000000e+00  4.04842009959158e-03
3.02500000000000e+00  3.89457027194416e-02
3.05000000000000e+00  7.34319009269680e-02
3.07500000000000e+00  1.07360088316825e-01
3.10000000000000e+00  1.40587727576887e-01
3.12500000000000e+00  1.72975064800276e-01
3.15000000000000e+00  2.04390868951327e-01
3.17500000000000e+00  2.34705971249485e-01
3.20000000000000e+00  2.63795708055650e-01
3.22500000000000e+00  2.91539981194764e-01
3.25000000000000e+00  3.17823171527465e-01
3.27500000000000e+00  3.42534052521723e-01
3.30000000000000e+00  3.65565703824480e-01
3.32500000000000e+00  3.86815424833299e-01
3.35000000000000e+00  4.06184648268006e-01
3.37500000000000e+00  4.23578853742326e-01
3.40000000000000e+00  4.38907481335534e-01
3.42500000000000e+00  4.52083845164088e-01
3.45000000000000e+00  4.63022500698257e-01
3.47500000000000e+00  4.71650145618198e-01
3.50000000000000e+00  4.77893110098170e-01
3.52500000000000e+00  4.81685994419774e-01
3.55000000000000e+00  4.82970260994588e-01
3.57500000000000e+00  4.81695590126684e-01
3.60000000000000e+00  4.77821235775145e-01
3.62500000000000e+00  4.71317381316583e-01
3.65000000000000e+00  4.62166495307650e-01
3.67500000000000e+00  4.50364687247564e-01
3.70000000000000e+00  4.35923063340617e-01
3.72500000000000e+00  4.18869082258696e-01
3.75000000000000e+00  3.99245749697239e-01
3.77500000000000e+00  3.77116091734115e-01
3.80000000000000e+00  3.52569930674773e-01
3.82500000000000e+00  3.25707728274238e-01
3.85000000000000e+00  2.96653844842883e-01
3.87500000000000e+00  2.65555426918250e-01
3.90000000000000e+00  2.32581294936879e-01
3.92500000000000e+00  1.97920830906125e-01
3.95000000000000e+00  1.61782866075986e-01
3.97500000000000e+00  1.24394568610920e-01
4.00000000000000e+00  8.60003312616731e-02
4.02500000000000e+00  4.68606590371017e-02
4.05000000000000e+00  7.25105687599687e-03
4.07500000000000e+00  -3.25441895289457e-02
4.10000000000000e+00  -7.22376953821312e-02
4.12500000000000e+00  -1.11530075754866e-01
4.15000000000000e+00  -1.50122795084775e-01
4.17500000000000e+00  -1.87719841993257e-01
4.20000000000000e+00  -2.24030745507554e-01
4.22500000000000e+00  -2.58773591282819e-01
4.25000000000000e+00  -2.91678037824180e-01
4.27500000000000e+00  -3.22488332708813e-01
4.30000000000000e+00  -3.50966328808003e-01
4.32500000000000e+00  -3.76894500509215e-01
4.35000000000000e+00  -4.00078959938157e-01
4.37500000000000e+00  -4.20351475158197e-01
4.40000000000000e+00  -4.37563636967498e-01
4.42500000000000e+00  -4.51604735639382e-01
4.45000000000000e+00  -4.62383808734540e-01
4.47500000000000e+00  -4.69840525003139e-01
4.50000000000000e+00  -4.73943848335479e-01
4.52500000000000e+00  -4.74690701712628e-01
4.55000000000000e+00  -4.72104631157074e-01
4.57500000000000e+00  -4.66234469683358e-01
4.60000000000000e+00  -4.57153001248729e-01
4.62500000000000e+00  -4.44955624703781e-01
4.65000000000000e+00  -4.29759017743100e-01
4.67500000000000e+00  -4.11699800855907e-01
4.70000000000000e+00  -3.90928766509711e-01
4.72500000000000e+00  -3.67612566558462e-01
4.75000000000000e+00  -3.41929604250489e-01
4.77500000000000e+00  -3.14070744921934e-01
4.80000000000000e+00  -2.84234764901667e-01
4.82500000000000e+00  -2.52627300886057e-01
4.85000000000000e+00  -2.19459799313732e-01
4.87500000000000e+00  -1.84948465740364e-01
4.90000000000000e+00  -1.49313214213423e-01
4.92500000000000e+00  -1.12776616646955e-01
4.95000000000000e+00  -7.55628521963528e-02
4.97500000000000e+00  -3.78966566331161e-02
5.00000000000000e+00  2.27171964586689e-06
5.02500000000000e+00  3.78966566331317e-02
5.05000000000000e+00  7.55628521963691e-02
5.07500000000000e+00  1.12776616646971e-01
5.10000000000000e+00  1.49313214213439e-01
5.12500000000000e+00  1.84948465740379e-01
5.15000000000000e+00  2.19459799313746e-01
5.17500000000000e+00  2.52627300886070e-01
5.20000000000000e+00  2.84234764901680e-01
5.22500000000000e+00  3.14070744921946e-01
5.25000000000000e+00  3.41929604250500e-01
5.27500000000000e+00  3.67612566558473e-01
5.30000000000000e+00  3.90928766509721e-01
5.32500000000000e+00  4.11699800855916e-01
5.35000000000000e+00  4.29759017743108e-01
5.37500000000000e+00  4.44955624703788e-01
5.40000000000000e+00  4.57153001248735e-01
5.42500000000000e+00  4.66234469683363e-01
5.45000000000000e+00  4.72104631157078e-01
5.47500000000000e+00  4.74690701712632e-01
5.50000000000000e+00  4.73943848335481e-01
5.52500000000000e+00  4.69840525003140e-01
5.55000000000000e+00  4.62383808734540e-01
5.57500000000000e+00  4.51604735639382e-01
5.60000000000000e+00  4.37563636967496e-01
5.62500000000000e+00  4.20352473180849e-01
5.65000000000000e+00  4.00078959938153e-01
5.67500000000000e+00  3.76894500509210e-01
5.70000000000000e+00  3.50966328807997e-01
5.72500000000000e+00  3.22488332708805e-01
5.75000000000000e+00  2.91678037824171e-01
5.77500000000000e+00  2.58773591282809e-01
5.80000000000000e+00  2.24030745507543e-01
5.82500000000000e+00  1.87719841993246e-01
5.85000000000000e+00  1.50122795084762e-01
5.87500000000000e+00  1.11530075754853e-01
5.90000000000000e+00  7.22376953821151e-02
5.92500000000000e+00  3.25441895289287e-02
5.95000000000000e+00  -7.25105687601385e-03
5.97500000000000e+00  -4.68606590371195e-02
6.00000000000000e+00  -8.60003312616915e-02
6.02500000000000e+00  -1.24394568610938e-01
6.05000000000000e+00  -1.61782866076005e-01
6.07500000000000e+00  -1.97920830906145e-01
6.10000000000000e+00  -2.32581294936899e-01
6.12500000000000e+00  -2.65555426918270e-01
6.15000000000000e+00  -2.96653844842902e-01
6.17500000000000e+00  -3.25707728274258e-01
6.20000000000000e+00  -3.52569930674792e-01
6.22500000000000e+00  -3.77116091734133e-01
6.25000000000000e+00  -3.99247910903817e-01
6.27500000000000e+00  -4.18869082258712e-01
6.30000000000000e+00  -4.35923063340632e-01
6.32500000000000e+00  -4.50364687247577e-01
6.35000000000000e+00  -4.62166495307662e-01
6.37500000000000e+00  -4.71317381316592e-01
6.40000000000000e+00  -4.77821235775153e-01
6.42500000000000e+00  -4.81695590126689e-01
6.45000000000000e+00  -4.82970260994591e-01
6.47500000000000e+00  -4.81685994419775e-01
6.50000000000000e+00  -4.77893110098169e-01
6.52500000000000e+00  -4.71650145618194e-01
6.55000000000000e+00  -4.63022500698251e-01
6.57500000000000e+00  -4.52083845164081e-01
6.60000000000000e+00  -4.38907481335524e-01
6.62500000000000e+00  -4.23578853742315e-01
6.65000000000000e+00  -4.06184648267993e-01
6.67500000000000e+00  -3.86815424833284e-01
6.70000000000000e+00  -3.65565703824463e-01
6.72500000000000e+00  -3.42534052521703e-01
6.75000000000000e+00  -3.17823171527445e-01
6.77500000000000e+00  -2.91539981194742e-01
6.80000000000000e+00  -2.63795708055625e-01
6.82500000000000e+00  -2.34705971249460e-01
6.85000000000000e+00  -2.04390868951302e-01
6.87500000000000e+00  -1.72977496980845e-01
6.90000000000000e+00  -1.40587727576861e-01
6.92500000000000e+00  -1.07360088316798e-01
6.95000000000000e+00  -7.34319009269413e-02
6.97500000000000e+00  -3.89457027194142e-02
7.00000000000000e+00  -4.04842009956505e-03
7.02500000000000e+00  3.11094579266686e-02
7.05000000000000e+00  6.63747062453719e-02
7.07500000000000e+00  1.01592190127287e-01
7.10000000000000e+00  1.36605691720433e-01
7.12500000000000e+00  1.71258736542725e-01
7.15000000000000e+00  2.05395419974608e-01
7.17500000000000e+00  2.38861233751671e-01
7.20000000000000e+00  2.71499760348244e-01
7.22500000000000e+00  3.03171149953101e-01
7.25000000000000e+00  3.33729964550671e-01
7.27500000000000e+00  3.63040233372526e-01
7.30000000000000e+00  3.90974180147821e-01
7.32500000000000e+00  4.17413083584747e-01
7.35000000000000e+00  4.42248137852011e-01
7.37500000000000e+00  4.65381313060284e-01
7.40000000000000e+00  4.86726215743675e-01
7.42500000000000e+00  5.06208949341187e-01
7.45000000000000e+00  5.23768974678183e-01
7.47500000000000e+00  5.39359970447851e-01
7.50000000000000e+00  5.52940977584703e-01
7.52500000000000e+00  5.64503004982646e-01
7.55000000000000e+00  5.74034729019894e-01
7.57500000000000e+00  5.81542770770597e-01
7.60000000000000e+00  5.87047619159209e-01
7.62500000000000e+00  5.90582746715481e-01
7.65000000000000e+00  5.92193725329453e-01
7.67500000000000e+00  5.91937342006446e-01
7.70000000000000e+00  5.89880714622061e-01
7.72500000000000e+00  5.86100407677165e-01
7.75000000000000e+00  5.80681548052888e-01
7.77500000000000e+00  5.73716940765619e-01
7.80000000000000e+00  5.65306184721993e-01
7.82500000000000e+00  5.55555260527594e-01
7.85000000000000e+00  5.44567563360364e-01
7.87500000000000e+00  5.32458506719287e-01
7.90000000000000e+00  5.19341549081979e-01
7.92500000000000e+00  5.05330790153932e-01
7.95000000000000e+00  4.90540124857520e-01
7.97500000000000e+00  4.75082397320993e-01
8.00000000000000e+00  4.59068554867487e-01
8.02500000000000e+00  4.42606802004017e-01
8.05000000000000e+00  4.25801754410487e-01
8.07500000000000e+00  4.08753592928686e-01
8.10000000000000e+00  3.91557217551293e-01
8.12500000000000e+00  3.74308435544913e-01
8.15000000000000e+00  3.57076694245478e-01
8.17500000000000e+00  3.39952571898415e-01
8.20000000000000e+00  3.23007411542622e-01
8.22500000000000e+00  3.06306243004740e-01
8.25000000000000e+00  2.89907862102176e-01
8.27500000000000e+00  2.73864909846153e-01
8.30000000000000e+00  2.58223951644732e-01
8.32500000000000e+00  2.43025556505852e-01
8.35000000000000e+00  2.28304376240365e-01
8.37500000000000e+00  2.14089224665065e-01
8.40000000000000e+00  2.00403156805730e-01
8.42500000000000e+00  1.87263548100152e-01
8.45000000000000e+00  1.74684868940235e-01
8.47500000000000e+00  1.62672110433413e-01
8.50000000000000e+00  1.51231796672579e-01
8.52500000000000e+00  1.40363636795858e-01
8.55000000000000e+00  1.30063964759200e-01
8.57500000000000e+00  1.20326068545285e-01
8.60000000000000e+00  1.11140519372429e-01
8.62500000000000e+00  1.02495500903487e-01
8.65000000000000e+00  9.43771384547564e-02
8.67500000000000e+00  8.67698282048869e-02
8.70000000000000e+00  7.96565664037802e-02
8.72500000000000e+00  7.30192785814958e-02
8.75000000000000e+00  6.68463278365550e-02
8.77500000000000e+00  6.10947142710874e-02
8.80000000000000e+00  5.57621326704917e-02
8.82500000000000e+00  5.08260600321657e-02
8.85000000000000e+00  4.62645221022871e-02
8.87500000000000e+00  4.20561118555182e-02
8.90000000000000e+00  3.81800079747142e-02
8.92500000000000e+00  3.46159933306274e-02
8.95000000000000e+00  3.13444734616132e-02
8.97500000000000e+00  2.83464950533372e-02
9.00000000000000e+00  2.56037644184793e-02
9.02500000000000e+00  2.30986659764413e-02
9.05000000000000e+00  2.08142807330521e-02
9.07500000000000e+00  1.87344047602737e-02
9.10000000000000e+00  1.68435676759070e-02
9.12500000000000e+00  1.51270511232978e-02
9.15000000000000e+00  1.35709072510429e-02
9.17500000000000e+00  1.21619771926957e-02
9.20000000000000e+00  1.08879095464728e-02
9.22500000000000e+00  9.73717885495896e-03
9.25000000000000e+00  8.69910408481361e-03
9.27500000000000e+00  7.76386710647684e-03
9.30000000000000e+00  6.92253117387510e-03
9.32500000000000e+00  6.16705940412720e-03
9.35000000000000e+00  5.49033325725017e-03
9.37500000000000e+00  4.88267692024544e-03
9.40000000000000e+00  4.33925704778537e-03
9.42500000000000e+00  3.85289603871309e-03
9.45000000000000e+00  3.41817987995252e-03
9.47500000000000e+00  3.03011237958850e-03
9.50000000000000e+00  2.68409560032159e-03
9.52500000000000e+00  2.37591029292327e-03
9.55000000000000e+00  2.10169632969078e-03
9.57500000000000e+00  1.85793313790211e-03
9.60000000000000e+00  1.64142013327102e-03
9.62500000000000e+00  1.44925715340200e-03
9.65000000000000e+00  1.27882489124520e-03
9.67500000000000e+00  1.12776532855149e-03
9.70000000000000e+00  9.93962169327383e-04
9.72500000000000e+00  8.75521273290032e-04
9.75000000000000e+00  7.70751089322190e-04
9.77500000000000e+00  6.78143088927206e-04
9.80000000000000e+00  5.96352199683992e-04
9.82500000000000e+00  5.24177238702011e-04
9.85000000000000e+00  4.60541346076244e-04
9.87500000000000e+00  4.04472418342177e-04
9.90000000000000e+00  3.55083541930755e-04
9.92500000000000e+00  3.11553426623398e-04
9.95000000000000e+00  2.73106839006947e-04
9.97500000000000e+00  2.38995035928654e-04
1.00000000000000e+01  2.08476197951173e-04
