0.00000000000000e+00  -5.74261470934153e+00
2.50000000000000e-02  -5.74261499062296e+00
5.00000000000000e-02  -5.74261525456269e+00
7.50000000000000e-02  -5.74261551075868e+00
1.00000000000000e-01  -5.74261576781240e+00
1.25000000000000e-01  -5.74261603342204e+00
1.50000000000000e-01  -5.74261631447575e+00
1.75000000000000e-01  -5.74261661714487e+00
2.00000000000000e-01  -5.74261694697711e+00
2.25000000000000e-01  -5.74261730898981e+00
2.50000000000000e-01  -5.74261770776314e+00
2.75000000000000e-01  -5.74261814753332e+00
3.00000000000000e-01  -5.74261863228586e+00
3.25000000000000e-01  -5.74261916584876e+00
3.50000000000000e-01  -5.74261975198573e+00
3.75000000000000e-01  -5.74262039448943e+00
4.00000000000000e-01  -5.74262109727466e+00
4.25000000000000e-01  -5.74262186447164e+00
4.50000000000000e-01  -5.74262270051913e+00
4.75000000000000e-01  -5.74262361025776e+00
5.00000000000000e-01  -5.74262459902318e+00
5.25000000000000e-01  -5.74262567273929e+00
5.50000000000000e-01  -5.74262683801150e+00
5.75000000000000e-01  -5.74262810221990e+00
6.00000000000000e-01  -5.74262947361251e+00
6.25000000000000e-01  -5.74263096139848e+00
6.50000000000000e-01  -5.74263257584135e+00
6.75000000000000e-01  -5.74263432835223e+00
7.00000000000000e-01  -5.74263623158302e+00
7.25000000000000e-01  -5.74263829951967e+00
7.50000000000000e-01  -5.74264054757535e+00
7.75000000000000e-01  -5.74264299268373e+00
8.00000000000000e-01  -5.74264565339214e+00
8.25000000000000e-01  -5.74264854995482e+00
8.50000000000000e-01  -5.74265170442614e+00
8.75000000000000e-01  -5.74265514075383e+00
9.00000000000000e-01  -5.74265888487217e+00
9.25000000000000e-01  -5.74266296479524e+00
9.50000000000000e-01  -5.74266741071013e+00
9.75000000000000e-01  -5.74267225507016e+00
1.00000000000000e+00  -5.74267753268809e+00
1.02500000000000e+00  -5.74268328082937e+00
1.05000000000000e+00  -5.74268953930532e+00
1.07500000000000e+00  -5.74269635056640e+00
1.10000000000000e+00  -5.74270375979537e+00
1.12500000000000e+00  -5.74271181500058e+00
1.15000000000000e+00  -5.74272056710911e+00
1.17500000000000e+00  -5.74273007006007e+00
1.20000000000000e+00  -5.74274038089778e+00
1.22500000000000e+00  -5.74275155986498e+00
1.25000000000000e+00  -5.74276376035126e+00
1.27500000000000e+00  -5.74277720604349e+00
1.30000000000000e+00  -5.74279177670151e+00
1.32500000000000e+00  -5.74280759717541e+00
1.35000000000000e+00  -5.74282479534811e+00
1.37500000000000e+00  -5.74284350401432e+00
1.40000000000000e+00  -5.74286386275962e+00
1.42500000000000e+00  -5.74288601983950e+00
1.45000000000000e+00  -5.74291013405838e+00
1.47500000000000e+00  -5.74293637664867e+00
1.50000000000000e+00  -5.74296493314979e+00
1.52500000000000e+00  -5.74299600528723e+00
1.55000000000000e+00  -5.74302981285156e+00
1.57500000000000e+00  -5.74306659557753e+00
1.60000000000000e+00  -5.74310661502301e+00
1.62500000000000e+00  -5.74315015644813e+00
1.65000000000000e+00  -5.74319753069426e+00
1.67500000000000e+00  -5.74324907606308e+00
1.70000000000000e+00  -5.74330516019558e+00
1.72500000000000e+00  -5.74336618195115e+00
1.75000000000000e+00  -5.74343257328658e+00
1.77500000000000e+00  -5.74350480113512e+00
1.80000000000000e+00  -5.74358336928552e+00
1.82500000000000e+00  -5.74366882026104e+00
1.85000000000000e+00  -5.74376173719855e+00
1.87500000000000e+00  -5.74386254610438e+00
1.90000000000000e+00  -5.74397275623564e+00
1.92500000000000e+00  -5.74409237623738e+00
1.95000000000000e+00  -5.74422233821465e+00
1.97500000000000e+00  -5.74436361353264e+00
2.00000000000000e+00  -5.74451722471047e+00
2.02500000000000e+00  -5.74468425731502e+00
2.05000000000000e+00  -5.74486587185475e+00
2.07500000000000e+00  -5.74506331567355e+00
2.10000000000000e+00  -5.74527793484451e+00
2.12500000000000e+00  -5.74551118606379e+00
2.15000000000000e+00  -5.74576464854441e+00
2.17500000000000e+00  -5.74604003591008e+00
2.20000000000000e+00  -5.74633920808905e+00
2.22500000000000e+00  -5.74666418320788e+00
2.25000000000000e+00  -5.74701714948532e+00
2.27500000000000e+00  -5.74740047712607e+00
2.30000000000000e+00  -5.74781673021467e+00
2.32500000000000e+00  -5.74826867860926e+00
2.35000000000000e+00  -5.74875930983543e+00
2.37500000000000e+00  -5.74929184098006e+00
2.40000000000000e+00  -5.74986973058511e+00
2.42500000000000e+00  -5.75049669054144e+00
2.45000000000000e+00  -5.75117669798268e+00
2.47500000000000e+00  -5.75191400717900e+00
2.50000000000000e+00  -5.75271168513975e+00
2.52500000000000e+00  -5.75357677963043e+00
2.55000000000000e+00  -5.75451467621998e+00
2.57500000000000e+00  -5.75553089538889e+00
2.60000000000000e+00  -5.75663143416684e+00
2.62500000000000e+00  -5.75782278229356e+00
2.65000000000000e+00  -5.75911193837987e+00
2.67500000000000e+00  -5.76050642606851e+00
2.70000000000000e+00  -5.76201431019519e+00
2.72500000000000e+00  -5.76364421294945e+00
2.75000000000000e+00  -5.76540533003566e+00
2.77500000000000e+00  -5.76730744683394e+00
2.80000000000000e+00  -5.76936095456108e+00
2.82500000000000e+00  -5.77157686643153e+00
2.85000000000000e+00  -5.77396683381831e+00
2.87500000000000e+00  -5.77654316241397e+00
2.90000000000000e+00  -5.77931882839150e+00
2.92500000000000e+00  -5.78230749456532e+00
2.95000000000000e+00  -5.78552352655220e+00
2.97500000000000e+00  -5.78898200893220e+00
3.00000000000000e+00  -5.79269876140961e+00
3.02500000000000e+00  -5.79669035497390e+00
3.05000000000000e+00  -5.80097412806068e+00
3.07500000000000e+00  -5.80556820271260e+00
3.10000000000000e+00  -5.81049150074033e+00
3.12500000000000e+00  -5.81576232599900e+00
3.15000000000000e+00  -5.82140069657119e+00
3.17500000000000e+00  -5.82742703259645e+00
3.20000000000000e+00  -5.83386182686789e+00
3.22500000000000e+00  -5.84072603163661e+00
3.25000000000000e+00  -5.84804088206201e+00
3.27500000000000e+00  -5.85582771966220e+00
3.30000000000000e+00  -5.86410781576428e+00
3.32500000000000e+00  -5.87290219495474e+00
3.35000000000000e+00  -5.88223145852977e+00
3.37500000000000e+00  -5.89211560794564e+00
3.40000000000000e+00  -5.90257386826902e+00
3.42500000000000e+00  -5.91362451162734e+00
3.45000000000000e+00  -5.92528423761424e+00
3.47500000000000e+00  -5.93756821187384e+00
3.50000000000000e+00  -5.95048968597916e+00
3.52500000000000e+00  -5.96405949078684e+00
3.55000000000000e+00  -5.97828585275719e+00
3.57500000000000e+00  -5.99317396347778e+00
3.60000000000000e+00  -6.00872554918700e+00
3.62500000000000e+00  -6.02493844029767e+00
3.65000000000000e+00  -6.04180614092063e+00
3.67500000000000e+00  -6.05931739838829e+00
3.70000000000000e+00  -6.07745577277826e+00
3.72500000000000e+00  -6.09619920643690e+00
3.75000000000000e+00  -6.11552055400993e+00
3.77500000000000e+00  -6.13538300817594e+00
3.80000000000000e+00  -6.15574504251347e+00
3.82500000000000e+00  -6.17655824355786e+00
3.85000000000000e+00  -6.19776596126631e+00
3.87500000000000e+00  -6.21930325668123e+00
3.90000000000000e+00  -6.24109684959351e+00
3.92500000000000e+00  -6.26306506620588e+00
3.95000000000000e+00  -6.28511778679623e+00
3.97500000000000e+00  -6.30715639338091e+00
4.00000000000000e+00  -6.32907371737809e+00
4.02500000000000e+00  -6.35075398727106e+00
4.05000000000000e+00  -6.37207277627152e+00
4.07500000000000e+00  -6.39289883644147e+00
4.10000000000000e+00  -6.41309319468276e+00
4.12500000000000e+00  -6.43250970199132e+00
4.15000000000000e+00  -6.45099756695457e+00
4.17500000000000e+00  -6.46840039455595e+00
4.20000000000000e+00  -6.48455763688750e+00
4.22500000000000e+00  -6.49930604386252e+00
4.25000000000000e+00  -6.51248111392810e+00
4.27500000000000e+00  -6.52391854477780e+00
4.30000000000000e+00  -6.53345568406424e+00
4.32500000000000e+00  -6.54093298011166e+00
4.35000000000000e+00  -6.54619543262859e+00
4.37500000000000e+00  -6.54909526619411e+00
4.40000000000000e+00  -6.54949110995356e+00
4.42500000000000e+00  -6.54725683960014e+00
4.45000000000000e+00  -6.54227405390923e+00
4.47500000000000e+00  -6.53443952615142e+00
4.50000000000000e+00  -6.52366643267565e+00
4.52500000000000e+00  -6.50988558149245e+00
4.55000000000000e+00  -6.49304664085705e+00
4.57500000000000e+00  -6.47311936785260e+00
4.60000000000000e+00  -6.45009483697331e+00
4.62500000000000e+00  -6.42398666870765e+00
4.65000000000000e+00  -6.39483225812151e+00
4.67500000000000e+00  -6.36269400344141e+00
4.70000000000000e+00  -6.32765636033198e+00
4.72500000000000e+00  -6.28982886416972e+00
4.75000000000000e+00  -6.24934593355915e+00
4.77500000000000e+00  -6.20636267412232e+00
4.80000000000000e+00  -6.16105772481272e+00
4.82500000000000e+00  -6.11363120127001e+00
4.85000000000000e+00  -6.06430263917475e+00
4.87500000000000e+00  -6.01330893760314e+00
4.90000000000000e+00  -5.96090230238173e+00
4.92500000000000e+00  -5.90734818944221e+00
4.95000000000000e+00  -5.85292324817605e+00
4.97500000000000e+00  -5.79791326478933e+00
5.00000000000000e+00  -5.74261400110445e+00
5.02500000000000e+00  -5.68731184197253e+00
5.05000000000000e+00  -5.63230185858581e+00
5.07500000000000e+00  -5.57787691731966e+00
5.10000000000000e+00  -5.52432280438013e+00
5.12500000000000e+00  -5.47191616915872e+00
5.15000000000000e+00  -5.42092246758711e+00
5.17500000000000e+00  -5.37159390549185e+00
5.20000000000000e+00  -5.32416738194914e+00
5.22500000000000e+00  -5.27886243263954e+00
5.25000000000000e+00  -5.23587917320271e+00
5.27500000000000e+00  -5.19539624259214e+00
5.30000000000000e+00  -5.15756874642988e+00
5.32500000000000e+00  -5.12253110332046e+00
5.35000000000000e+00  -5.09039284864035e+00
5.37500000000000e+00  -5.06123843805421e+00
5.40000000000000e+00  -5.03513026978855e+00
5.42500000000000e+00  -5.01210573890926e+00
5.45000000000000e+00  -4.99217846590481e+00
5.47500000000000e+00  -4.97533952526941e+00
5.50000000000000e+00  -4.96155867408621e+00
5.52500000000000e+00  -4.95078558061045e+00
5.55000000000000e+00  -4.94295105285263e+00
5.57500000000000e+00  -4.93796826716172e+00
5.60000000000000e+00  -4.93573399680830e+00
5.62500000000000e+00  -4.93613106334144e+00
5.65000000000000e+00  -4.93902967413327e+00
5.67500000000000e+00  -4.94429212665020e+00
5.70000000000000e+00  -4.95176942269762e+00
5.72500000000000e+00  -4.96130656198406e+00
5.75000000000000e+00  -4.97274399283377e+00
5.77500000000000e+00  -4.98591906289934e+00
5.80000000000000e+00  -5.00066746987436e+00
5.82500000000000e+00  -5.01682471220591e+00
5.85000000000000e+00  -5.03422753980729e+00
5.87500000000000e+00  -5.05271540477054e+00
5.90000000000000e+00  -5.07213191207910e+00
5.92500000000000e+00  -5.09232627032039e+00
5.95000000000000e+00  -5.11315233049033e+00
5.97500000000000e+00  -5.13447111949080e+00
6.00000000000000e+00  -5.15615138938376e+00
6.02500000000000e+00  -5.17806871338094e+00
6.05000000000000e+00  -5.20010731996563e+00
6.07500000000000e+00  -5.22216004055597e+00
6.10000000000000e+00  -5.24412825716835e+00
6.12500000000000e+00  -5.26592185008062e+00
6.15000000000000e+00  -5.28745914549554e+00
6.17500000000000e+00  -5.30866686320400e+00
6.20000000000000e+00  -5.32948006424839e+00
6.22500000000000e+00  -5.34984209858592e+00
6.25000000000000e+00  -5.36970551325893e+00
6.27500000000000e+00  -5.38902590032496e+00
6.30000000000000e+00  -5.40776933398360e+00
6.32500000000000e+00  -5.42590770837357e+00
6.35000000000000e+00  -5.44341896584123e+00
6.37500000000000e+00  -5.46028666646419e+00
6.40000000000000e+00  -5.47649955757486e+00
6.42500000000000e+00  -5.49205114328408e+00
6.45000000000000e+00  -5.50693925400467e+00
6.47500000000000e+00  -5.52116561597502e+00
6.50000000000000e+00  -5.53473542078270e+00
6.52500000000000e+00  -5.54765689488802e+00
6.55000000000000e+00  -5.55994086914762e+00
6.57500000000000e+00  -5.57160059513452e+00
6.60000000000000e+00  -5.58265123849284e+00
6.62500000000000e+00  -5.59310949881622e+00
6.65000000000000e+00  -5.60299364823208e+00
6.67500000000000e+00  -5.61232291180712e+00
6.70000000000000e+00  -5.62111729099757e+00
6.72500000000000e+00  -5.62939738709966e+00
6.75000000000000e+00  -5.63718422469984e+00
6.77500000000000e+00  -5.64449907512525e+00
6.80000000000000e+00  -5.65136327989397e+00
6.82500000000000e+00  -5.65779807416541e+00
6.85000000000000e+00  -5.66382441019067e+00
6.87500000000000e+00  -5.66946134687837e+00
6.90000000000000e+00  -5.67473360602153e+00
6.92500000000000e+00  -5.67965690404926e+00
6.95000000000000e+00  -5.68425097870118e+00
6.97500000000000e+00  -5.68853475178796e+00
7.00000000000000e+00  -5.69252634535225e+00
7.02500000000000e+00  -5.69624309782966e+00
7.05000000000000e+00  -5.69970158020966e+00
7.07500000000000e+00  -5.70291761219654e+00
7.10000000000000e+00  -5.70590627837036e+00
7.12500000000000e+00  -5.70868194434789e+00
7.15000000000000e+00  -5.71125827294354e+00
7.17500000000000e+00  -5.71364824033032e+00
7.20000000000000e+00  -5.71586415220078e+00
7.22500000000000e+00  -5.71791765992792e+00
7.25000000000000e+00  -5.71981977672619e+00
7.27500000000000e+00  -5.72158089381241e+00
7.30000000000000e+00  -5.72321079656667e+00
7.32500000000000e+00  -5.72471868069335e+00
7.35000000000000e+00  -5.72611316838199e+00
7.37500000000000e+00  -5.72740232446829e+00
7.40000000000000e+00  -5.72859367259502e+00
7.42500000000000e+00  -5.72969421137297e+00
7.45000000000000e+00  -5.73071043054188e+00
7.47500000000000e+00  -5.73164832713142e+00
7.50000000000000e+00  -5.73251194533092e+00
7.52500000000000e+00  -5.73331109958286e+00
7.55000000000000e+00  -5.73404840877918e+00
7.57500000000000e+00  -5.73472841622042e+00
7.60000000000000e+00  -5.73535537617675e+00
7.62500000000000e+00  -5.73593326578179e+00
7.65000000000000e+00  -5.73646579692642e+00
7.67500000000000e+00  -5.73695642815260e+00
7.70000000000000e+00  -5.73740837654719e+00
7.72500000000000e+00  -5.73782462963578e+00
7.75000000000000e+00  -5.73820795727654e+00
7.77500000000000e+00  -5.73856092355398e+00
7.80000000000000e+00  -5.73888589867281e+00
7.82500000000000e+00  -5.73918507085178e+00
7.85000000000000e+00  -5.73946045821745e+00
7.87500000000000e+00  -5.73971392069807e+00
7.90000000000000e+00  -5.73994717191734e+00
7.92500000000000e+00  -5.74016179108831e+00
7.95000000000000e+00  -5.74035923490710e+00
7.97500000000000e+00  -5.74054084944684e+00
8.00000000000000e+00  -5.74070788205139e+00
8.02500000000000e+00  -5.74086149322922e+00
8.05000000000000e+00  -5.74100276854721e+00
8.07500000000000e+00  -5.74113273052448e+00
8.10000000000000e+00  -5.74125235052622e+00
8.12500000000000e+00  -5.74136236103437e+00
8.15000000000000e+00  -5.74146336956331e+00
8.17500000000000e+00  -5.74155628650082e+00
8.20000000000000e+00  -5.74164173747634e+00
8.22500000000000e+00  -5.74172030562674e+00
8.25000000000000e+00  -5.74179253347528e+00
8.27500000000000e+00  -5.74185892481071e+00
8.30000000000000e+00  -5.74191994656628e+00
8.32500000000000e+00  -5.74197603069878e+00
8.35000000000000e+00  -5.74202757606760e+00
8.37500000000000e+00  -5.74207495031373e+00
8.40000000000000e+00  -5.74211849173885e+00
8.42500000000000e+00  -5.74215851118433e+00
8.45000000000000e+00  -5.74219529391030e+00
8.47500000000000e+00  -5.74222910147463e+00
8.50000000000000e+00  -5.74226017361207e+00
8.52500000000000e+00  -5.74228873011319e+00
8.55000000000000e+00  -5.74231497270348e+00
8.57500000000000e+00  -5.74233908692236e+00
8.60000000000000e+00  -5.74236124400224e+00
8.62500000000000e+00  -5.74238160274754e+00
8.65000000000000e+00  -5.74240031141375e+00
8.67500000000000e+00  -5.74241750958645e+00
8.70000000000000e+00  -5.74243333006036e+00
8.72500000000000e+00  -5.74244790071837e+00
8.75000000000000e+00  -5.74246143626578e+00
8.77500000000000e+00  -5.74247354689688e+00
8.80000000000000e+00  -5.74248472586408e+00
8.82500000000000e+00  -5.74249503670178e+00
8.85000000000000e+00  -5.74250453965275e+00
8.87500000000000e+00  -5.74251329176128e+00
8.90000000000000e+00  -5.74252134696648e+00
8.92500000000000e+00  -5.74252875619546e+00
8.95000000000000e+00  -5.74253556745654e+00
8.97500000000000e+00  -5.74254182593249e+00
9.00000000000000e+00  -5.74254757407377e+00
9.02500000000000e+00  -5.74255285169170e+00
9.05000000000000e+00  -5.74255769605173e+00
9.07500000000000e+00  -5.74256214196662e+00
9.10000000000000e+00  -5.74256622188969e+00
9.12500000000000e+00  -5.74256996600803e+00
9.15000000000000e+00  -5.74257340233572e+00
9.17500000000000e+00  -5.74257655680704e+00
9.20000000000000e+00  -5.74257945336972e+00
9.22500000000000e+00  -5.74258211407813e+00
9.25000000000000e+00  -5.74258455918651e+00
9.27500000000000e+00  -5.74258680724219e+00
9.30000000000000e+00  -5.74258887517884e+00
9.32500000000000e+00  -5.74259077840963e+00
9.35000000000000e+00  -5.74259253092051e+00
9.37500000000000e+00  -5.74259414536338e+00
9.40000000000000e+00  -5.74259563314935e+00
9.42500000000000e+00  -5.74259700454196e+00
9.45000000000000e+00  -5.74259826875036e+00
9.47500000000000e+00  -5.74259943402256e+00
9.50000000000000e+00  -5.74260050773868e+00
9.52500000000000e+00  -5.74260149650410e+00
9.55000000000000e+00  -5.74260240624273e+00
9.57500000000000e+00  -5.74260324229022e+00
9.60000000000000e+00  -5.74260400948719e+00
9.62500000000000e+00  -5.74260471227243e+00
9.65000000000000e+00  -5.74260535477613e+00
9.67500000000000e+00  -5.74260594091310e+00
9.70000000000000e+00  -5.74260647447599e+00
9.72500000000000e+00  -5.74260695922853e+00
9.75000000000000e+00  -5.74260739899872e+00
9.77500000000000e+00  -5.74260779777204e+00
9.80000000000000e+00  -5.74260815978474e+00
9.82500000000000e+00  -5.74260848961698e+00
9.85000000000000e+00  -5.74260879228610e+00
9.87500000000000e+00  -5.74260907333982e+00
9.90000000000000e+00  -5.74260933894946e+00
9.92500000000000e+00  -5.74260959600318e+00
9.95000000000000e+00  -5.74260985219917e+00
9.97500000000000e+00  -5.74261011613890e+00
1.00000000000000e+01  -5.74261039742033e+00
