0.00000000000000e+00  1.91791424840904e-03
2.50000000000000e-02  2.03632357262948e-03
5.00000000000000e-02  2.16120051123884e-03
7.50000000000000e-02  2.29312648868785e-03
1.00000000000000e-01  2.43268376726507e-03
1.25000000000000e-01  2.58045923764470e-03
1.50000000000000e-01  2.73704820943442e-03
1.75000000000000e-01  2.90305820172322e-03
2.00000000000000e-01  3.07911273362928e-03
2.25000000000000e-01  3.26585511484779e-03
2.50000000000000e-01  3.46395223619883e-03
2.75000000000000e-01  3.67409836017517e-03
3.00000000000000e-01  3.89701891149015e-03
3.25000000000000e-01  4.13347426762555e-03
3.50000000000000e-01  4.38426354937937e-03
3.75000000000000e-01  4.65022841141373e-03
4.00000000000000e-01  4.93225683280272e-03
4.25000000000000e-01  5.23128690758019e-03
4.50000000000000e-01  5.54831063528769e-03
4.75000000000000e-01  5.88437771152223e-03
5.00000000000000e-01  6.24059931848418e-03
5.25000000000000e-01  6.61815191552508e-03
5.50000000000000e-01  7.01828102969553e-03
5.75000000000000e-01  7.44230504629301e-03
6.00000000000000e-01  7.89161899940970e-03
6.25000000000000e-01  8.36769836248044e-03
6.50000000000000e-01  8.87210283883042e-03
6.75000000000000e-01  9.40648015222311e-03
7.00000000000000e-01  9.97256983740817e-03
7.25000000000000e-01  1.05722070306691e-02
7.50000000000000e-01  1.12073262603714e-02
7.75000000000000e-01  1.18799652375102e-02
8.00000000000000e-01  1.25922686462578e-02
8.25000000000000e-01  1.33464919345124e-02
8.50000000000000e-01  1.41450051044450e-02
8.75000000000000e-01  1.49902965030479e-02
9.00000000000000e-01  1.58849766126821e-02
9.25000000000000e-01  1.68317818416255e-02
9.50000000000000e-01  1.78335783146205e-02
9.75000000000000e-01  1.88933656634221e-02
1.00000000000000e+00  2.00142808173453e-02
1.02500000000000e+00  2.11996017938136e-02
1.05000000000000e+00  2.24527514889061e-02
1.07500000000000e+00  2.37773014679062e-02
1.10000000000000e+00  2.51769757558485e-02
1.12500000000000e+00  2.66556546280674e-02
1.15000000000000e+00  2.82173784007446e-02
1.17500000000000e+00  2.98663512214571e-02
1.20000000000000e+00  3.16069448597249e-02
1.22500000000000e+00  3.34437024975589e-02
1.25000000000000e+00  3.53817112775117e-02
1.27500000000000e+00  3.74244302878483e-02
1.30000000000000e+00  3.95789619374832e-02
1.32500000000000e+00  4.18501094968207e-02
1.35000000000000e+00  4.42429584794532e-02
1.37500000000000e+00  4.67628465709346e-02
1.40000000000000e+00  4.94153335575520e-02
1.42500000000000e+00  5.22061712550992e-02
1.45000000000000e+00  5.51412734376497e-02
1.47500000000000e+00  5.82266857663289e-02
1.50000000000000e+00  6.14685557180872e-02
1.52500000000000e+00  6.48731025144728e-02
1.55000000000000e+00  6.84465870504044e-02
1.57500000000000e+00  7.21952818229446e-02
1.60000000000000e+00  7.61254408600714e-02
1.62500000000000e+00  8.02432696494523e-02
1.65000000000000e+00  8.45548950672165e-02
1.67500000000000e+00  8.90663353067277e-02
1.70000000000000e+00  9.37834698073572e-02
1.72500000000000e+00  9.87120091832563e-02
1.75000000000000e+00  1.03857465152129e-01
1.77500000000000e+00  1.09225120464006e-01
1.80000000000000e+00  1.14819998830016e-01
1.82500000000000e+00  1.20646834851159e-01
1.85000000000000e+00  1.26710043947080e-01
1.87500000000000e+00  1.33010872345019e-01
1.90000000000000e+00  1.39557351054516e-01
1.92500000000000e+00  1.46347429268469e-01
1.95000000000000e+00  1.53383189521302e-01
1.97500000000000e+00  1.60665764983223e-01
2.00000000000000e+00  1.68195267895369e-01
2.02500000000000e+00  1.75970718004951e-01
2.05000000000000e+00  1.83989971000399e-01
2.07500000000000e+00  1.92249646946509e-01
2.10000000000000e+00  2.00745058719590e-01
2.12500000000000e+00  2.09470140442604e-01
2.15000000000000e+00  2.18417375920319e-01
2.17500000000000e+00  2.27577727074449e-01
2.20000000000000e+00  2.36940562378801e-01
2.22500000000000e+00  2.46493585294423e-01
2.25000000000000e+00  2.56222762704747e-01
2.27500000000000e+00  2.66112253350734e-01
2.30000000000000e+00  2.76144336266023e-01
2.32500000000000e+00  2.86299339212074e-01
2.35000000000000e+00  2.96555567113313e-01
2.37500000000000e+00  3.06889230492280e-01
2.40000000000000e+00  3.17274373904773e-01
2.42500000000000e+00  3.27682804374994e-01
2.45000000000000e+00  3.38084019830695e-01
2.47500000000000e+00  3.48445137538322e-01
2.50000000000000e+00  3.58729886653555e-01
2.52500000000000e+00  3.68913724928235e-01
2.55000000000000e+00  3.78946180208827e-01
2.57500000000000e+00  3.88789312343316e-01
2.60000000000000e+00  3.98402760599048e-01
2.62500000000000e+00  4.07744054404241e-01
2.65000000000000e+00  4.16768924089489e-01
2.67500000000000e+00  4.25431611629261e-01
2.70000000000000e+00  4.33685181383419e-01
2.72500000000000e+00  4.41481830838713e-01
2.75000000000000e+00  4.48773201350290e-01
2.77500000000000e+00  4.55510688883202e-01
2.80000000000000e+00  4.61645754753909e-01
2.82500000000000e+00  4.67130236371783e-01
2.85000000000000e+00  4.71916657980619e-01
2.87500000000000e+00  4.75958541400135e-01
2.90000000000000e+00  4.79210716767480e-01
2.92500000000000e+00  4.81629633278741e-01
2.95000000000000e+00  4.83173669930447e-01
2.97500000000000e+00  4.83803446261072e-01
3.00000000000000e+00  4.83482133092547e-01
3.02500000000000e+00  4.82175763271759e-01
3.05000000000000e+00  4.79853542412060e-01
3.07500000000000e+00  4.76488159634774e-01
3.10000000000000e+00  4.72056098310699e-01
3.12500000000000e+00  4.66537918499496e-01
3.15000000000000e+00  4.59926222394869e-01
3.17500000000000e+00  4.52204309806141e-01
3.20000000000000e+00  4.43367938483539e-01
3.22500000000000e+00  4.33417838106503e-01
3.25000000000000e+00  4.22359717255402e-01
3.27500000000000e+00  4.10204270383246e-01
3.30000000000000e+00  3.96967184787413e-01
3.32500000000000e+00  3.82669147581358e-01
3.35000000000000e+00  3.67335852666332e-01
3.37500000000000e+00  3.50998007703103e-01
3.40000000000000e+00  3.33691341083668e-01
3.42500000000000e+00  3.15456608902976e-01
3.45000000000000e+00  2.96338504824274e-01
3.47500000000000e+00  2.76386235993252e-01
3.50000000000000e+00  2.55653032872117e-01
3.52500000000000e+00  2.34195536267589e-01
3.55000000000000e+00  2.12073688908310e-01
3.57500000000000e+00  1.89350256010078e-01
3.60000000000000e+00  1.66090345841084e-01
3.62500000000000e+00  1.42360930287150e-01
3.65000000000000e+00  1.18230365416964e-01
3.67500000000000e+00  9.37679120473207e-02
3.70000000000000e+00  6.90432563083516e-02
3.72500000000000e+00  4.41260302087679e-02
3.75000000000000e+00  1.90921907348815e-02
3.77500000000000e+00  -5.99771681716363e-03
3.80000000000000e+00  -3.10726051815998e-02
3.82500000000000e+00  -5.60658076445139e-02
3.85000000000000e+00  -8.09129039975797e-02
3.87500000000000e+00  -1.05551950698667e-01
3.90000000000000e+00  -1.29923711032446e-01
3.92500000000000e+00  -1.53971885270992e-01
3.95000000000000e+00  -1.77643340834394e-01
3.97500000000000e+00  -2.00888342451363e-01
4.00000000000000e+00  -2.23660782319833e-01
4.02500000000000e+00  -2.45918410267573e-01
4.05000000000000e+00  -2.67623063912787e-01
4.07500000000000e+00  -2.88740181330640e-01
4.10000000000000e+00  -3.09239378595671e-01
4.12500000000000e+00  -3.29094402915590e-01
4.15000000000000e+00  -3.48282737569646e-01
4.17500000000000e+00  -3.66785914765859e-01
4.20000000000000e+00  -3.84589342160384e-01
4.22500000000000e+00  -4.01682129376862e-01
4.25000000000000e+00  -4.18056914525781e-01
4.27500000000000e+00  -4.33709690723837e-01
4.30000000000000e+00  -4.48639632613290e-01
4.32500000000000e+00  -4.62848922881322e-01
4.35000000000000e+00  -4.76342578779396e-01
4.37500000000000e+00  -4.89128410934690e-01
4.40000000000000e+00  -5.01215705392514e-01
4.42500000000000e+00  -5.12616784898772e-01
4.45000000000000e+00  -5.23345359175843e-01
4.47500000000000e+00  -5.33416672895875e-01
4.50000000000000e+00  -5.42847270750667e-01
4.52500000000000e+00  -5.51654762521551e-01
4.55000000000000e+00  -5.59857588149269e-01
4.57500000000000e+00  -5.67474782803853e-01
4.60000000000000e+00  -5.74525741954509e-01
4.62500000000000e+00  -5.81029986439491e-01
4.65000000000000e+00  -5.87006927535988e-01
4.67500000000000e+00  -5.92475632029997e-01
4.70000000000000e+00  -5.97454773602097e-01
4.72500000000000e+00  -6.01962322059409e-01
4.75000000000000e+00  -6.06015353268795e-01
4.77500000000000e+00  -6.09630099054338e-01
4.80000000000000e+00  -6.12821601746403e-01
4.82500000000000e+00  -6.15603632061362e-01
4.85000000000000e+00  -6.17988606981335e-01
4.87500000000000e+00  -6.19987507633919e-01
4.90000000000000e+00  -6.21609797171920e-01
4.92500000000000e+00  -6.22863338653090e-01
4.95000000000000e+00  -6.23754312919859e-01
4.97500000000000e+00  -6.24287136479065e-01
5.00000000000000e+00  -6.24464379381689e-01
5.02500000000000e+00  -6.24287136479064e-01
5.05000000000000e+00  -6.23754312919859e-01
5.07500000000000e+00  -6.22863338653090e-01
5.10000000000000e+00  -6.21609797171920e-01
5.12500000000000e+00  -6.19987507633919e-01
5.15000000000000e+00  -6.17988606981336e-01
5.17500000000000e+00  -6.15603632061362e-01
5.20000000000000e+00  -6.12821601746403e-01
5.22500000000000e+00  -6.09630099054339e-01
5.25000000000000e+00  -6.06015353268796e-01
5.27500000000000e+00  -6.01962322059410e-01
5.30000000000000e+00  -5.97454773602098e-01
5.32500000000000e+00  -5.92475632029998e-01
5.35000000000000e+00  -5.87006927535988e-01
5.37500000000000e+00  -5.81029986439492e-01
5.40000000000000e+00  -5.74525741954510e-01
5.42500000000000e+00  -5.67474782803854e-01
5.45000000000000e+00  -5.59857588149270e-01
5.47500000000000e+00  -5.51654762521552e-01
5.50000000000000e+00  -5.42847270750668e-01
5.52500000000000e+00  -5.33416672895875e-01
5.55000000000000e+00  -5.23345359175844e-01
5.57500000000000e+00  -5.12616784898774e-01
5.60000000000000e+00  -5.01215705392515e-01
5.62500000000000e+00  -4.89128278642615e-01
5.65000000000000e+00  -4.76342578779398e-01
5.67500000000000e+00  -4.62848922881323e-01
5.70000000000000e+00  -4.48639632613292e-01
5.72500000000000e+00  -4.33709690723838e-01
5.75000000000000e+00  -4.18056914525782e-01
5.77500000000000e+00  -4.01682129376863e-01
5.80000000000000e+00  -3.84589342160385e-01
5.82500000000000e+00  -3.66785914765861e-01
5.85000000000000e+00  -3.48282737569647e-01
5.87500000000000e+00  -3.29094402915591e-01
5.90000000000000e+00  -3.09239378595671e-01
5.92500000000000e+00  -2.88740181330640e-01
5.95000000000000e+00  -2.67623063912788e-01
5.97500000000000e+00  -2.45918410267574e-01
6.00000000000000e+00  -2.23660782319834e-01
6.02500000000000e+00  -2.00888342451363e-01
6.05000000000000e+00  -1.77643340834394e-01
6.07500000000000e+00  -1.53971885270992e-01
6.10000000000000e+00  -1.29923711032445e-01
6.12500000000000e+00  -1.05551950698668e-01
6.15000000000000e+00  -8.09129039975793e-02
6.17500000000000e+00  -5.60658076445123e-02
6.20000000000000e+00  -3.10726051815987e-02
6.22500000000000e+00  -5.99771681716303e-03
6.25000000000000e+00  1.90853322010943e-02
6.27500000000000e+00  4.41260302087682e-02
6.30000000000000e+00  6.90432563083525e-02
6.32500000000000e+00  9.37679120473211e-02
6.35000000000000e+00  1.18230365416965e-01
6.37500000000000e+00  1.42360930287150e-01
6.40000000000000e+00  1.66090345841085e-01
6.42500000000000e+00  1.89350256010078e-01
6.45000000000000e+00  2.12073688908310e-01
6.47500000000000e+00  2.34195536267590e-01
6.50000000000000e+00  2.55653032872117e-01
6.52500000000000e+00  2.76386235993253e-01
6.55000000000000e+00  2.96338504824275e-01
6.57500000000000e+00  3.15456608902977e-01
6.60000000000000e+00  3.33691341083669e-01
6.62500000000000e+00  3.50998007703103e-01
6.65000000000000e+00  3.67335852666332e-01
6.67500000000000e+00  3.82669147581358e-01
6.70000000000000e+00  3.96967184787414e-01
6.72500000000000e+00  4.10204270383247e-01
6.75000000000000e+00  4.22359717255402e-01
6.77500000000000e+00  4.33417838106504e-01
6.80000000000000e+00  4.43367938483540e-01
6.82500000000000e+00  4.52204309806142e-01
6.85000000000000e+00  4.59926222394870e-01
6.87500000000000e+00  4.66537946801614e-01
6.90000000000000e+00  4.72056098310700e-01
6.92500000000000e+00  4.76488159634775e-01
6.95000000000000e+00  4.79853542412061e-01
6.97500000000000e+00  4.82175763271759e-01
7.00000000000000e+00  4.83482133092547e-01
7.02500000000000e+00  4.83803446261072e-01
7.05000000000000e+00  4.83173669930447e-01
7.07500000000000e+00  4.81629633278742e-01
7.10000000000000e+00  4.79210716767480e-01
7.12500000000000e+00  4.75958541400135e-01
7.15000000000000e+00  4.71916657980619e-01
7.17500000000000e+00  4.67130236371783e-01
7.20000000000000e+00  4.61645754753909e-01
7.22500000000000e+00  4.55510688883202e-01
7.25000000000000e+00  4.48773201350291e-01
7.27500000000000e+00  4.41481830838713e-01
7.30000000000000e+00  4.33685181383419e-01
7.32500000000000e+00  4.25431611629262e-01
7.35000000000000e+00  4.16768924089489e-01
7.37500000000000e+00  4.07744054404242e-01
7.40000000000000e+00  3.98402760599048e-01
7.42500000000000e+00  3.88789312343316e-01
7.45000000000000e+00  3.78946180208827e-01
7.47500000000000e+00  3.68913724928236e-01
7.50000000000000e+00  3.58730822538164e-01
7.52500000000000e+00  3.48445137538322e-01
7.55000000000000e+00  3.38084019830694e-01
7.57500000000000e+00  3.27682804374994e-01
7.60000000000000e+00  3.17274373904772e-01
7.62500000000000e+00  3.06889230492280e-01
7.65000000000000e+00  2.96555567113312e-01
7.67500000000000e+00  2.86299339212074e-01
7.70000000000000e+00  2.76144336266023e-01
7.72500000000000e+00  2.66112253350734e-01
7.75000000000000e+00  2.56222762704747e-01
7.77500000000000e+00  2.46493585294423e-01
7.80000000000000e+00  2.36940562378801e-01
7.82500000000000e+00  2.27577727074449e-01
7.85000000000000e+00  2.18417375920319e-01
7.87500000000000e+00  2.09470140442604e-01
7.90000000000000e+00  2.00745058719590e-01
7.92500000000000e+00  1.92249646946509e-01
7.95000000000000e+00  1.83989971000399e-01
7.97500000000000e+00  1.75970718004950e-01
8.00000000000000e+00  1.68195267895369e-01
8.02500000000000e+00  1.60665764983223e-01
8.05000000000000e+00  1.53383189521301e-01
8.07500000000000e+00  1.46347429268468e-01
8.10000000000000e+00  1.39557351054516e-01
8.12500000000000e+00  1.33013692284839e-01
8.15000000000000e+00  1.26710043947080e-01
8.17500000000000e+00  1.20646834851159e-01
8.20000000000000e+00  1.14819998830016e-01
8.22500000000000e+00  1.09225120464007e-01
8.25000000000000e+00  1.03857465152129e-01
8.27500000000000e+00  9.87120091832562e-02
8.30000000000000e+00  9.37834698073573e-02
8.32500000000000e+00  8.90663353067277e-02
8.35000000000000e+00  8.45548950672167e-02
8.37500000000000e+00  8.02432696494524e-02
8.40000000000000e+00  7.61254408600714e-02
8.42500000000000e+00  7.21952818229445e-02
8.45000000000000e+00  6.84465870504044e-02
8.47500000000000e+00  6.48731025144729e-02
8.50000000000000e+00  6.14685557180872e-02
8.52500000000000e+00  5.82266857663290e-02
8.55000000000000e+00  5.51412734376498e-02
8.57500000000000e+00  5.22061712550992e-02
8.60000000000000e+00  4.94153335575521e-02
8.62500000000000e+00  4.67628465709347e-02
8.65000000000000e+00  4.42429584794534e-02
8.67500000000000e+00  4.18501094968207e-02
8.70000000000000e+00  3.95789619374833e-02
8.72500000000000e+00  3.74244302878485e-02
8.75000000000000e+00  3.53813425200089e-02
8.77500000000000e+00  3.34437024975590e-02
8.80000000000000e+00  3.16069448597249e-02
8.82500000000000e+00  2.98663512214571e-02
8.85000000000000e+00  2.82173784007447e-02
8.87500000000000e+00  2.66556546280675e-02
8.90000000000000e+00  2.51769757558485e-02
8.92500000000000e+00  2.37773014679063e-02
8.95000000000000e+00  2.24527514889062e-02
8.97500000000000e+00  2.11996017938137e-02
9.00000000000000e+00  2.00142808173454e-02
9.02500000000000e+00  1.88933656634221e-02
9.05000000000000e+00  1.78335783146206e-02
9.07500000000000e+00  1.68317818416255e-02
9.10000000000000e+00  1.58849766126822e-02
9.12500000000000e+00  1.49902965030479e-02
9.15000000000000e+00  1.41450051044451e-02
9.17500000000000e+00  1.33464919345124e-02
9.20000000000000e+00  1.25922686462578e-02
9.22500000000000e+00  1.18799652375102e-02
9.25000000000000e+00  1.12073262603714e-02
9.27500000000000e+00  1.05722070306691e-02
9.30000000000000e+00  9.97256983740812e-03
9.32500000000000e+00  9.40648015222307e-03
9.35000000000000e+00  8.87210283883038e-03
9.37500000000000e+00  8.36769836248040e-03
9.40000000000000e+00  7.89161899940965e-03
9.42500000000000e+00  7.44230504629292e-03
9.45000000000000e+00  7.01828102969543e-03
9.47500000000000e+00  6.61815191552500e-03
9.50000000000000e+00  6.24059931848408e-03
9.52500000000000e+00  5.88437771152212e-03
9.55000000000000e+00  5.54831063528757e-03
9.57500000000000e+00  5.23128690758006e-03
9.60000000000000e+00  4.93225683280256e-03
9.62500000000000e+00  4.65022841141359e-03
9.65000000000000e+00  4.38426354937921e-03
9.67500000000000e+00  4.13347426762537e-03
9.70000000000000e+00  3.89701891148996e-03
9.72500000000000e+00  3.67409836017497e-03
9.75000000000000e+00  3.46395223619863e-03
9.77500000000000e+00  3.26585511484759e-03
9.80000000000000e+00  3.07911273362906e-03
9.82500000000000e+00  2.90305820172300e-03
9.85000000000000e+00  2.73704820943419e-03
9.87500000000000e+00  2.58045923764448e-03
9.90000000000000e+00  2.43268376726485e-03
9.92500000000000e+00  2.29312648868763e-03
9.95000000000000e+00  2.16120051123863e-03
9.97500000000000e+00  2.03632357262928e-03
1.00000000000000e+01  1.91791424840887e-03
