0.00000000000000e+00  2.72223409917746e-03
2.50000000000000e-02  2.88888494984213e-03
5.00000000000000e-02  3.06491423832670e-03
7.50000000000000e-02  3.25102523422853e-03
1.00000000000000e-01  3.44793471493635e-03
1.25000000000000e-01  3.65637641766599e-03
1.50000000000000e-01  3.87710449149611e-03
1.75000000000000e-01  4.11089694940400e-03
2.00000000000000e-01  4.35855912030138e-03
2.25000000000000e-01  4.62092710107015e-03
2.50000000000000e-01  4.89887120859818e-03
2.75000000000000e-01  5.19329943181506e-03
3.00000000000000e-01  5.50516088372790e-03
3.25000000000000e-01  5.83544925345715e-03
3.50000000000000e-01  6.18520625827227e-03
3.75000000000000e-01  6.55552509562761e-03
4.00000000000000e-01  6.94755389519814e-03
4.25000000000000e-01  7.36249917091521e-03
4.50000000000000e-01  7.80162927300238e-03
4.75000000000000e-01  8.26627784001114e-03
5.00000000000000e-01  8.75784725085676e-03
5.25000000000000e-01  9.27781207685397e-03
5.50000000000000e-01  9.82772253375279e-03
5.75000000000000e-01  1.04092079337744e-02
6.00000000000000e-01  1.10239801376466e-02
6.25000000000000e-01  1.16738370066401e-02
6.50000000000000e-01  1.23606658546037e-02
6.75000000000000e-01  1.30864469000007e-02
7.00000000000000e-01  1.38532567179442e-02
7.25000000000000e-01  1.46632716922328e-02
7.50000000000000e-01  1.55187714673871e-02
7.75000000000000e-01  1.64221424006844e-02
8.00000000000000e-01  1.73758810141956e-02
8.25000000000000e-01  1.83825974468201e-02
8.50000000000000e-01  1.94450189063219e-02
8.75000000000000e-01  2.05659931213657e-02
9.00000000000000e-01  2.17484917935520e-02
9.25000000000000e-01  2.29956140494534e-02
9.50000000000000e-01  2.43105898926504e-02
9.75000000000000e-01  2.56967836557666e-02
1.00000000000000e+00  2.71576974525053e-02
1.02500000000000e+00  2.86969746296845e-02
1.05000000000000e+00  3.03184032192732e-02
1.07500000000000e+00  3.20259193904270e-02
1.10000000000000e+00  3.38236109015239e-02
1.12500000000000e+00  3.57157205521999e-02
1.15000000000000e+00  3.77066496353853e-02
1.17500000000000e+00  3.98009613893396e-02
1.20000000000000e+00  4.20033844496882e-02
1.22500000000000e+00  4.43188163014577e-02
1.25000000000000e+00  4.67522728155732e-02
1.27500000000000e+00  4.93080377650157e-02
1.30000000000000e+00  5.19937601520579e-02
1.32500000000000e+00  5.48144554470539e-02
1.35000000000000e+00  5.77754653954393e-02
1.37500000000000e+00  6.08824175824611e-02
1.40000000000000e+00  6.41411849979079e-02
1.42500000000000e+00  6.75578456008385e-02
1.45000000000000e+00  7.11386418843124e-02
1.47500000000000e+00  7.48899404401189e-02
1.50000000000000e+00  7.88181915235071e-02
1.52500000000000e+00  8.29298886179151e-02
1.55000000000000e+00  8.72315279996998e-02
1.57500000000000e+00  9.17295683028670e-02
1.60000000000000e+00  9.64303900838002e-02
1.62500000000000e+00  1.01340255385991e-01
1.65000000000000e+00  1.06465267304767e-01
1.67500000000000e+00  1.11811329552025e-01
1.70000000000000e+00  1.17384106020957e-01
1.72500000000000e+00  1.23188980350781e-01
1.75000000000000e+00  1.29231015491471e-01
1.77500000000000e+00  1.35514913268488e-01
1.80000000000000e+00  1.42044973947505e-01
1.82500000000000e+00  1.48825055799142e-01
1.85000000000000e+00  1.55858534663693e-01
1.87500000000000e+00  1.63142825933654e-01
1.90000000000000e+00  1.70691003192250e-01
1.92500000000000e+00  1.78492915411863e-01
1.95000000000000e+00  1.86549182286959e-01
1.97500000000000e+00  1.94858901428833e-01
2.00000000000000e+00  2.03419595477948e-01
2.02500000000000e+00  2.12227159216275e-01
2.05000000000000e+00  2.21275806679636e-01
2.07500000000000e+00  2.30558018270041e-01
2.10000000000000e+00  2.40064487868034e-01
2.12500000000000e+00  2.49784069945030e-01
2.15000000000000e+00  2.59703726675655e-01
2.17500000000000e+00  2.69808475050093e-01
2.20000000000000e+00  2.80081333986419e-01
2.22500000000000e+00  2.90503271442945e-01
2.25000000000000e+00  3.01053151530558e-01
2.27500000000000e+00  3.11707681625063e-01
2.30000000000000e+00  3.22441359479523e-01
2.32500000000000e+00  3.33226420336600e-01
2.35000000000000e+00  3.44032784040892e-01
2.37500000000000e+00  3.54828002151284e-01
2.40000000000000e+00  3.65577205053275e-01
2.42500000000000e+00  3.76243049071331e-01
2.45000000000000e+00  3.86785663581218e-01
2.47500000000000e+00  3.97162598122346e-01
2.50000000000000e+00  4.07335698642412e-01
2.52500000000000e+00  4.17256199046616e-01
2.55000000000000e+00  4.26879214356065e-01
2.57500000000000e+00  4.36157461079246e-01
2.60000000000000e+00  4.45042331270330e-01
2.62500000000000e+00  4.53484232972918e-01
2.65000000000000e+00  4.61432930663787e-01
2.67500000000000e+00  4.68837885696641e-01
2.70000000000000e+00  4.75648596745858e-01
2.72500000000000e+00  4.81814940250236e-01
2.75000000000000e+00  4.87287510856743e-01
2.77500000000000e+00  4.92017961864264e-01
2.80000000000000e+00  4.95959345667347e-01
2.82500000000000e+00  4.99066454199953e-01
2.85000000000000e+00  5.01296159379202e-01
2.87500000000000e+00  5.02607753549125e-01
2.90000000000000e+00  5.02963289924405e-01
2.92500000000000e+00  5.02327923034129e-01
2.95000000000000e+00  5.00670249165535e-01
2.97500000000000e+00  4.97962646807761e-01
3.00000000000000e+00  4.94181617095591e-01
3.02500000000000e+00  4.89308124253201e-01
3.05000000000000e+00  4.83327936037912e-01
3.07500000000000e+00  4.76231964183932e-01
3.10000000000000e+00  4.68016604846110e-01
3.12500000000000e+00  4.58681689951093e-01
3.15000000000000e+00  4.48230527773976e-01
3.17500000000000e+00  4.36676779053098e-01
3.20000000000000e+00  4.24036192892587e-01
3.22500000000000e+00  4.10330101941081e-01
3.25000000000000e+00  3.95585184868481e-01
3.27500000000000e+00  3.79833228842710e-01
3.30000000000000e+00  3.63110892006463e-01
3.32500000000000e+00  3.45459465953967e-01
3.35000000000000e+00  3.26924638207731e-01
3.37500000000000e+00  3.07556254695304e-01
3.40000000000000e+00  2.87408082226029e-01
3.42500000000000e+00  2.66537570967800e-01
3.45000000000000e+00  2.45004881661625e-01
3.47500000000000e+00  2.22873058459190e-01
3.50000000000000e+00  2.00207379576542e-01
3.52500000000000e+00  1.77075062407913e-01
3.55000000000000e+00  1.53544677468626e-01
3.57500000000000e+00  1.29685719957242e-01
3.60000000000000e+00  1.05568181317708e-01
3.62500000000000e+00  8.12621208015085e-02
3.65000000000000e+00  5.68372370298151e-02
3.67500000000000e+00  3.23624395556348e-02
3.70000000000000e+00  7.90542042595992e-03
3.72500000000000e+00  -1.64677742560825e-02
3.75000000000000e+00  -4.06889341423020e-02
3.77500000000000e+00  -6.47049794232679e-02
3.80000000000000e+00  -8.84531859148462e-02
3.82500000000000e+00  -1.11877348442563e-01
3.85000000000000e+00  -1.34924759416333e-01
3.87500000000000e+00  -1.57546297350768e-01
3.90000000000000e+00  -1.79696515385473e-01
3.92500000000000e+00  -2.01333729805355e-01
3.95000000000000e+00  -2.22420108560923e-01
3.97500000000000e+00  -2.42921759788596e-01
4.00000000000000e+00  -2.62808820331000e-01
4.02500000000000e+00  -2.82055544257276e-01
4.05000000000000e+00  -3.00640391383378e-01
4.07500000000000e+00  -3.18545415974956e-01
4.10000000000000e+00  -3.35756717994454e-01
4.12500000000000e+00  -3.52264231374758e-01
4.15000000000000e+00  -3.68061384367533e-01
4.17500000000000e+00  -3.83145147527376e-01
4.20000000000000e+00  -3.97515810487174e-01
4.22500000000000e+00  -4.11176758733436e-01
4.25000000000000e+00  -4.24134250381648e-01
4.27500000000000e+00  -4.36397192951615e-01
4.30000000000000e+00  -4.47976920142806e-01
4.32500000000000e+00  -4.58886968609698e-01
4.35000000000000e+00  -4.69142854737125e-01
4.37500000000000e+00  -4.78758047779182e-01
4.40000000000000e+00  -4.87763515423822e-01
4.42500000000000e+00  -4.96167775039106e-01
4.45000000000000e+00  -5.03993423411183e-01
4.47500000000000e+00  -5.11263333583402e-01
4.50000000000000e+00  -5.18000535609342e-01
4.52500000000000e+00  -5.24228097305824e-01
4.55000000000000e+00  -5.29969005005940e-01
4.57500000000000e+00  -5.35246044312068e-01
4.60000000000000e+00  -5.40081680848897e-01
4.62500000000000e+00  -5.44497941016446e-01
4.65000000000000e+00  -5.48516292743084e-01
4.67500000000000e+00  -5.52157526238553e-01
4.70000000000000e+00  -5.55441634746988e-01
4.72500000000000e+00  -5.58387695299937e-01
4.75000000000000e+00  -5.61013749469384e-01
4.77500000000000e+00  -5.63336684120767e-01
4.80000000000000e+00  -5.65372112166004e-01
4.82500000000000e+00  -5.67134253316506e-01
4.85000000000000e+00  -5.68635814836206e-01
4.87500000000000e+00  -5.69887872294575e-01
4.90000000000000e+00  -5.70899750319646e-01
4.92500000000000e+00  -5.71678903351030e-01
4.95000000000000e+00  -5.72230796392943e-01
4.97500000000000e+00  -5.72558785767223e-01
5.00000000000000e+00  -5.72663999866352e-01
5.02500000000000e+00  -5.72558785767223e-01
5.05000000000000e+00  -5.72230796392942e-01
5.07500000000000e+00  -5.71678903351030e-01
5.10000000000000e+00  -5.70899750319646e-01
5.12500000000000e+00  -5.69887872294575e-01
5.15000000000000e+00  -5.68635814836206e-01
5.17500000000000e+00  -5.67134253316506e-01
5.20000000000000e+00  -5.65372112166004e-01
5.22500000000000e+00  -5.63336684120768e-01
5.25000000000000e+00  -5.61013749469385e-01
5.27500000000000e+00  -5.58387695299938e-01
5.30000000000000e+00  -5.55441634746989e-01
5.32500000000000e+00  -5.52157526238555e-01
5.35000000000000e+00  -5.48516292743086e-01
5.37500000000000e+00  -5.44497941016448e-01
5.40000000000000e+00  -5.40081680848899e-01
5.42500000000000e+00  -5.35246044312069e-01
5.45000000000000e+00  -5.29969005005941e-01
5.47500000000000e+00  -5.24228097305825e-01
5.50000000000000e+00  -5.18000535609343e-01
5.52500000000000e+00  -5.11263333583404e-01
5.55000000000000e+00  -5.03993423411185e-01
5.57500000000000e+00  -4.96167775039108e-01
5.60000000000000e+00  -4.87763515423823e-01
5.62500000000000e+00  -4.78761851415623e-01
5.65000000000000e+00  -4.69142854737127e-01
5.67500000000000e+00  -4.58886968609700e-01
5.70000000000000e+00  -4.47976920142808e-01
5.72500000000000e+00  -4.36397192951617e-01
5.75000000000000e+00  -4.24134250381650e-01
5.77500000000000e+00  -4.11176758733438e-01
5.80000000000000e+00  -3.97515810487176e-01
5.82500000000000e+00  -3.83145147527379e-01
5.85000000000000e+00  -3.68061384367534e-01
5.87500000000000e+00  -3.52264231374760e-01
5.90000000000000e+00  -3.35756717994455e-01
5.92500000000000e+00  -3.18545415974957e-01
5.95000000000000e+00  -3.00640391383379e-01
5.97500000000000e+00  -2.82055544257277e-01
6.00000000000000e+00  -2.62808820331002e-01
6.02500000000000e+00  -2.42921759788598e-01
6.05000000000000e+00  -2.22420108560925e-01
6.07500000000000e+00  -2.01333729805356e-01
6.10000000000000e+00  -1.79696515385474e-01
6.12500000000000e+00  -1.57546297350769e-01
6.15000000000000e+00  -1.34924759416334e-01
6.17500000000000e+00  -1.11877348442563e-01
6.20000000000000e+00  -8.84531859148463e-02
6.22500000000000e+00  -6.47049794232683e-02
6.25000000000000e+00  -4.06931727690818e-02
6.27500000000000e+00  -1.64677742560825e-02
6.30000000000000e+00  7.90542042596049e-03
6.32500000000000e+00  3.23624395556349e-02
6.35000000000000e+00  5.68372370298158e-02
6.37500000000000e+00  8.12621208015087e-02
6.40000000000000e+00  1.05568181317709e-01
6.42500000000000e+00  1.29685719957243e-01
6.45000000000000e+00  1.53544677468626e-01
6.47500000000000e+00  1.77075062407914e-01
6.50000000000000e+00  2.00207379576542e-01
6.52500000000000e+00  2.22873058459191e-01
6.55000000000000e+00  2.45004881661627e-01
6.57500000000000e+00  2.66537570967801e-01
6.60000000000000e+00  2.87408082226031e-01
6.62500000000000e+00  3.07556254695305e-01
6.65000000000000e+00  3.26924638207732e-01
6.67500000000000e+00  3.45459465953969e-01
6.70000000000000e+00  3.63110892006465e-01
6.72500000000000e+00  3.79833228842712e-01
6.75000000000000e+00  3.95585184868483e-01
6.77500000000000e+00  4.10330101941083e-01
6.80000000000000e+00  4.24036192892590e-01
6.82500000000000e+00  4.36676779053101e-01
6.85000000000000e+00  4.48230527773978e-01
6.87500000000000e+00  4.58684079043678e-01
6.90000000000000e+00  4.68016604846112e-01
6.92500000000000e+00  4.76231964183935e-01
6.95000000000000e+00  4.83327936037914e-01
6.97500000000000e+00  4.89308124253204e-01
7.00000000000000e+00  4.94181617095593e-01
7.02500000000000e+00  4.97962646807764e-01
7.05000000000000e+00  5.00670249165538e-01
7.07500000000000e+00  5.02327923034131e-01
7.10000000000000e+00  5.02963289924408e-01
7.12500000000000e+00  5.02607753549128e-01
7.15000000000000e+00  5.01296159379205e-01
7.17500000000000e+00  4.99066454199956e-01
7.20000000000000e+00  4.95959345667350e-01
7.22500000000000e+00  4.92017961864267e-01
7.25000000000000e+00  4.87287510856747e-01
7.27500000000000e+00  4.81814940250240e-01
7.30000000000000e+00  4.75648596745861e-01
7.32500000000000e+00  4.68837885696644e-01
7.35000000000000e+00  4.61432930663790e-01
7.37500000000000e+00  4.53484232972921e-01
7.40000000000000e+00  4.45042331270333e-01
7.42500000000000e+00  4.36157461079248e-01
7.45000000000000e+00  4.26879214356067e-01
7.47500000000000e+00  4.17256199046619e-01
7.50000000000000e+00  4.07328769510115e-01
7.52500000000000e+00  3.97162598122349e-01
7.55000000000000e+00  3.86785663581220e-01
7.57500000000000e+00  3.76243049071333e-01
7.60000000000000e+00  3.65577205053277e-01
7.62500000000000e+00  3.54828002151286e-01
7.65000000000000e+00  3.44032784040895e-01
7.67500000000000e+00  3.33226420336602e-01
7.70000000000000e+00  3.22441359479526e-01
7.72500000000000e+00  3.11707681625065e-01
7.75000000000000e+00  3.01053151530560e-01
7.77500000000000e+00  2.90503271442947e-01
7.80000000000000e+00  2.80081333986421e-01
7.82500000000000e+00  2.69808475050095e-01
7.85000000000000e+00  2.59703726675657e-01
7.87500000000000e+00  2.49784069945031e-01
7.90000000000000e+00  2.40064487868036e-01
7.92500000000000e+00  2.30558018270043e-01
7.95000000000000e+00  2.21275806679638e-01
7.97500000000000e+00  2.12227159216277e-01
8.00000000000000e+00  2.03419595477950e-01
8.02500000000000e+00  1.94858901428834e-01
8.05000000000000e+00  1.86549182286960e-01
8.07500000000000e+00  1.78492915411864e-01
8.10000000000000e+00  1.70691003192252e-01
8.12500000000000e+00  1.63148263515858e-01
8.15000000000000e+00  1.55858534663695e-01
8.17500000000000e+00  1.48825055799143e-01
8.20000000000000e+00  1.42044973947505e-01
8.22500000000000e+00  1.35514913268489e-01
8.25000000000000e+00  1.29231015491472e-01
8.27500000000000e+00  1.23188980350782e-01
8.30000000000000e+00  1.17384106020958e-01
8.32500000000000e+00  1.11811329552026e-01
8.35000000000000e+00  1.06465267304768e-01
8.37500000000000e+00  1.01340255385992e-01
8.40000000000000e+00  9.64303900838009e-02
8.42500000000000e+00  9.17295683028676e-02
8.45000000000000e+00  8.72315279997003e-02
8.47500000000000e+00  8.29298886179157e-02
8.50000000000000e+00  7.88181915235076e-02
8.52500000000000e+00  7.48899404401195e-02
8.55000000000000e+00  7.11386418843128e-02
8.57500000000000e+00  6.75578456008389e-02
8.60000000000000e+00  6.41411849979084e-02
8.62500000000000e+00  6.08824175824616e-02
8.65000000000000e+00  5.77754653954396e-02
8.67500000000000e+00  5.48144554470542e-02
8.70000000000000e+00  5.19937601520583e-02
8.72500000000000e+00  4.93080377650161e-02
8.75000000000000e+00  4.67523267311120e-02
8.77500000000000e+00  4.43188163014581e-02
8.80000000000000e+00  4.20033844496886e-02
8.82500000000000e+00  3.98009613893399e-02
8.85000000000000e+00  3.77066496353857e-02
8.87500000000000e+00  3.57157205522003e-02
8.90000000000000e+00  3.38236109015242e-02
8.92500000000000e+00  3.20259193904274e-02
8.95000000000000e+00  3.03184032192735e-02
8.97500000000000e+00  2.86969746296849e-02
9.00000000000000e+00  2.71576974525056e-02
9.02500000000000e+00  2.56967836557670e-02
9.05000000000000e+00  2.43105898926507e-02
9.07500000000000e+00  2.29956140494537e-02
9.10000000000000e+00  2.17484917935523e-02
9.12500000000000e+00  2.05659931213659e-02
9.15000000000000e+00  1.94450189063222e-02
9.17500000000000e+00  1.83825974468203e-02
9.20000000000000e+00  1.73758810141958e-02
9.22500000000000e+00  1.64221424006847e-02
9.25000000000000e+00  1.55187714673873e-02
9.27500000000000e+00  1.46632716922331e-02
9.30000000000000e+00  1.38532567179444e-02
9.32500000000000e+00  1.30864469000010e-02
9.35000000000000e+00  1.23606658546040e-02
9.37500000000000e+00  1.16738370066403e-02
9.40000000000000e+00  1.10239801376468e-02
9.42500000000000e+00  1.04092079337745e-02
9.45000000000000e+00  9.82772253375297e-03
9.47500000000000e+00  9.27781207685418e-03
9.50000000000000e+00  8.75784725085696e-03
9.52500000000000e+00  8.26627784001133e-03
9.55000000000000e+00  7.80162927300256e-03
9.57500000000000e+00  7.36249917091537e-03
9.60000000000000e+00  6.94755389519828e-03
9.62500000000000e+00  6.55552509562777e-03
9.65000000000000e+00  6.18520625827241e-03
9.67500000000000e+00  5.83544925345727e-03
9.70000000000000e+00  5.50516088372800e-03
9.72500000000000e+00  5.19329943181514e-03
9.75000000000000e+00  4.89887120859825e-03
9.77500000000000e+00  4.62092710107021e-03
9.80000000000000e+00  4.35855912030140e-03
9.82500000000000e+00  4.11089694940399e-03
9.85000000000000e+00  3.87710449149606e-03
9.87500000000000e+00  3.65637641766592e-03
9.90000000000000e+00  3.44793471493624e-03
9.92500000000000e+00  3.25102523422836e-03
9.95000000000000e+00  3.06491423832648e-03
9.97500000000000e+00  2.88888494984186e-03
1.00000000000000e+01  2.72223409917714e-03
