0.00000000000000e+00  -2.14030085222242e+00
5.00000000000000e-02  -2.14030092665137e+00
1.00000000000000e-01  -2.14030098841127e+00
1.50000000000000e-01  -2.14030103863005e+00
2.00000000000000e-01  -2.14030107838551e+00
2.50000000000000e-01  -2.14030110870515e+00
3.00000000000000e-01  -2.14030113056593e+00
3.50000000000000e-01  -2.14030114489409e+00
4.00000000000000e-01  -2.14030115256489e+00
4.50000000000000e-01  -2.14030115440248e+00
5.00000000000000e-01  -2.14030115117960e+00
5.50000000000000e-01  -2.14030114361744e+00
6.00000000000000e-01  -2.14030113238539e+00
6.50000000000000e-01  -2.14030111810084e+00
7.00000000000000e-01  -2.14030110132900e+00
7.50000000000000e-01  -2.14030108258263e+00
8.00000000000000e-01  -2.14030106232189e+00
8.50000000000000e-01  -2.14030104095409e+00
9.00000000000000e-01  -2.14030101883351e+00
9.50000000000000e-01  -2.14030099626115e+00
1.00000000000000e+00  -2.14030097348457e+00
1.05000000000000e+00  -2.14030095069764e+00
1.10000000000000e+00  -2.14030092804036e+00
1.15000000000000e+00  -2.14030090559862e+00
1.20000000000000e+00  -2.14030088340400e+00
1.25000000000000e+00  -2.14030086143360e+00
1.30000000000000e+00  -2.14030083960976e+00
1.35000000000000e+00  -2.14030081779991e+00
1.40000000000000e+00  -2.14030079581632e+00
1.45000000000000e+00  -2.14030077341591e+00
1.50000000000000e+00  -2.14030075030005e+00
1.55000000000000e+00  -2.14030072611432e+00
1.60000000000000e+00  -2.14030070044834e+00
1.65000000000000e+00  -2.14030067283551e+00
1.70000000000000e+00  -2.14030064275284e+00
1.75000000000000e+00  -2.14030060962073e+00
1.80000000000000e+00  -2.14030057280276e+00
1.85000000000000e+00  -2.14030053160547e+00
1.90000000000000e+00  -2.14030048527817e+00
1.95000000000000e+00  -2.14030043301270e+00
2.00000000000000e+00  -2.14030037394326e+00
2.05000000000000e+00  -2.14030030714617e+00
2.10000000000000e+00  -2.14030023163967e+00
2.15000000000000e+00  -2.14030014638369e+00
2.20000000000000e+00  -2.14030005027970e+00
2.25000000000000e+00  -2.14029994217042e+00
2.30000000000000e+00  -2.14029982083968e+00
2.35000000000000e+00  -2.14029968501216e+00
2.40000000000000e+00  -2.14029953335321e+00
2.45000000000000e+00  -2.14029936446862e+00
2.50000000000000e+00  -2.14030000877254e+00
2.55000000000000e+00  -2.14029924100677e+00
2.60000000000000e+00  -2.14029864532202e+00
2.65000000000000e+00  -2.14029817554967e+00
2.70000000000000e+00  -2.14029779105866e+00
2.75000000000000e+00  -2.14029745633172e+00
2.80000000000000e+00  -2.14029714054159e+00
2.85000000000000e+00  -2.14029681712724e+00
2.90000000000000e+00  -2.14029646337006e+00
2.95000000000000e+00  -2.14029605997013e+00
3.00000000000000e+00  -2.14029559062239e+00
3.05000000000000e+00  -2.14029504159285e+00
3.10000000000000e+00  -2.14029440129487e+00
3.15000000000000e+00  -2.14029365986532e+00
3.20000000000000e+00  -2.14029280874082e+00
3.25000000000000e+00  -2.14029184023393e+00
3.30000000000000e+00  -2.14029074710942e+00
3.35000000000000e+00  -2.14028952216043e+00
3.40000000000000e+00  -2.14028815778475e+00
3.45000000000000e+00  -2.14028664556097e+00
3.50000000000000e+00  -2.14028497582473e+00
3.55000000000000e+00  -2.14028313724496e+00
3.60000000000000e+00  -2.14028111640005e+00
3.65000000000000e+00  -2.14027889735410e+00
3.70000000000000e+00  -2.14027646123313e+00
3.75000000000000e+00  -2.14027378580129e+00
3.80000000000000e+00  -2.14027084503709e+00
3.85000000000000e+00  -2.14026760870960e+00
3.90000000000000e+00  -2.14026404195468e+00
3.95000000000000e+00  -2.14026010485121e+00
4.00000000000000e+00  -2.14025575199727e+00
4.05000000000000e+00  -2.14025093208638e+00
4.10000000000000e+00  -2.14024558748375e+00
4.15000000000000e+00  -2.14023965380242e+00
4.20000000000000e+00  -2.14023305947955e+00
4.25000000000000e+00  -2.14022572535259e+00
4.30000000000000e+00  -2.14021756423554e+00
4.35000000000000e+00  -2.14020848049511e+00
4.40000000000000e+00  -2.14019836962699e+00
4.45000000000000e+00  -2.14018711783206e+00
4.50000000000000e+00  -2.14017460159257e+00
4.55000000000000e+00  -2.14016068724839e+00
4.60000000000000e+00  -2.14014523057324e+00
4.65000000000000e+00  -2.14012807635085e+00
4.70000000000000e+00  -2.14010905795125e+00
4.75000000000000e+00  -2.14008799690693e+00
4.80000000000000e+00  -2.14006470248908e+00
4.85000000000000e+00  -2.14003897128381e+00
4.90000000000000e+00  -2.14001058676838e+00
4.95000000000000e+00  -2.13997931888736e+00
5.00000000000000e+00  -2.13994446414058e+00
5.05000000000000e+00  -2.13990502001982e+00
5.10000000000000e+00  -2.13986173900594e+00
5.15000000000000e+00  -2.13981396316369e+00
5.20000000000000e+00  -2.13976104508050e+00
5.25000000000000e+00  -2.13970233158570e+00
5.30000000000000e+00  -2.13963714746975e+00
5.35000000000000e+00  -2.13956477920344e+00
5.40000000000000e+00  -2.13948445865710e+00
5.45000000000000e+00  -2.13939534681981e+00
5.50000000000000e+00  -2.13929651751862e+00
5.55000000000000e+00  -2.13918694113775e+00
5.60000000000000e+00  -2.13906546833779e+00
5.65000000000000e+00  -2.13893081377496e+00
5.70000000000000e+00  -2.13878153982027e+00
5.75000000000000e+00  -2.13861604027873e+00
5.80000000000000e+00  -2.13843252410861e+00
5.85000000000000e+00  -2.13822899914061e+00
5.90000000000000e+00  -2.13800325579708e+00
5.95000000000000e+00  -2.13775285081123e+00
6.00000000000000e+00  -2.13747509094635e+00
6.05000000000000e+00  -2.13716701671501e+00
6.10000000000000e+00  -2.13682538609828e+00
6.15000000000000e+00  -2.13644665826494e+00
6.20000000000000e+00  -2.13602697729068e+00
6.25000000000000e+00  -2.13556377312149e+00
6.30000000000000e+00  -2.13504497471900e+00
6.35000000000000e+00  -2.13447192523629e+00
6.40000000000000e+00  -2.13383757337159e+00
6.45000000000000e+00  -2.13313454853283e+00
6.50000000000000e+00  -2.13235502262277e+00
6.55000000000000e+00  -2.13149057182428e+00
6.60000000000000e+00  -2.13053203838551e+00
6.65000000000000e+00  -2.12946939240508e+00
6.70000000000000e+00  -2.12829159361730e+00
6.75000000000000e+00  -2.12698645317740e+00
6.80000000000000e+00  -2.12554049544666e+00
6.85000000000000e+00  -2.12393881977769e+00
6.90000000000000e+00  -2.12216496229958e+00
6.95000000000000e+00  -2.12020075770314e+00
7.00000000000000e+00  -2.11802620102606e+00
7.05000000000000e+00  -2.11561930943817e+00
7.10000000000000e+00  -2.11295598402659e+00
7.15000000000000e+00  -2.11000987158096e+00
7.20000000000000e+00  -2.10675222637863e+00
7.25000000000000e+00  -2.10315177196989e+00
7.30000000000000e+00  -2.09917456296312e+00
7.35000000000000e+00  -2.09478384681006e+00
7.40000000000000e+00  -2.08993992559096e+00
7.45000000000000e+00  -2.08460001779980e+00
7.50000000000000e+00  -2.07871756916685e+00
7.55000000000000e+00  -2.07224533587960e+00
7.60000000000000e+00  -2.06512697281261e+00
7.65000000000000e+00  -2.05730933952191e+00
7.70000000000000e+00  -2.04873507034562e+00
7.75000000000000e+00  -2.03934363613038e+00
7.80000000000000e+00  -2.02907240595789e+00
7.85000000000000e+00  -2.01785770887137e+00
7.90000000000000e+00  -2.00563589560205e+00
7.95000000000000e+00  -1.99234440029561e+00
8.00000000000000e+00  -1.97792280223874e+00
8.05000000000000e+00  -1.96231388758556e+00
8.10000000000000e+00  -1.94546471108414e+00
8.15000000000000e+00  -1.92733264275273e+00
8.20000000000000e+00  -1.90788425695945e+00
8.25000000000000e+00  -1.88710054253041e+00
8.30000000000000e+00  -1.86497785095522e+00
8.35000000000000e+00  -1.84153316937805e+00
8.40000000000000e+00  -1.81680802560967e+00
8.45000000000000e+00  -1.79087239313947e+00
8.50000000000000e+00  -1.76382859614752e+00
8.55000000000000e+00  -1.73581521451662e+00
8.60000000000000e+00  -1.70701098884429e+00
8.65000000000000e+00  -1.67763872545490e+00
8.70000000000000e+00  -1.64796920141161e+00
8.75000000000000e+00  -1.61832279232721e+00
8.80000000000000e+00  -1.58906850629204e+00
8.85000000000000e+00  -1.56062736380596e+00
8.90000000000000e+00  -1.53346700700404e+00
8.95000000000000e+00  -1.50810028685762e+00
9.00000000000000e+00  -1.48507777584535e+00
9.05000000000000e+00  -1.46498028062432e+00
9.10000000000000e+00  -1.44840814693035e+00
9.15000000000000e+00  -1.43596803821472e+00
9.20000000000000e+00  -1.42825797186286e+00
9.25000000000000e+00  -1.42585073282131e+00
9.30000000000000e+00  -1.42927509223887e+00
9.35000000000000e+00  -1.43899674157458e+00
9.40000000000000e+00  -1.45539920770590e+00
9.45000000000000e+00  -1.47876396843318e+00
9.50000000000000e+00  -1.50925543248125e+00
9.55000000000000e+00  -1.54690410051296e+00
9.60000000000000e+00  -1.59159606682745e+00
9.65000000000000e+00  -1.64306656533964e+00
9.70000000000000e+00  -1.70089502341789e+00
9.75000000000000e+00  -1.76451070582518e+00
9.80000000000000e+00  -1.83319970108374e+00
9.85000000000000e+00  -1.90611854160327e+00
9.90000000000000e+00  -1.98231283641346e+00
9.95000000000000e+00  -2.06074169899174e+00
1.00000000000000e+01  -2.14029999783324e+00
1.00500000000000e+01  -2.21986047393246e+00
1.01000000000000e+01  -2.29828933651073e+00
1.01500000000000e+01  -2.37448363132093e+00
1.02000000000000e+01  -2.44740247184046e+00
1.02500000000000e+01  -2.51609146709901e+00
1.03000000000000e+01  -2.57970714950631e+00
1.03500000000000e+01  -2.63753560758455e+00
1.04000000000000e+01  -2.68900610609674e+00
1.04500000000000e+01  -2.73369807241123e+00
1.05000000000000e+01  -2.77134674044294e+00
1.05500000000000e+01  -2.80183820449101e+00
1.06000000000000e+01  -2.82520296521829e+00
1.06500000000000e+01  -2.84160543134961e+00
1.07000000000000e+01  -2.85132708068532e+00
1.07500000000000e+01  -2.85475144010288e+00
1.08000000000000e+01  -2.85234420106132e+00
1.08500000000000e+01  -2.84463413470947e+00
1.09000000000000e+01  -2.83219402599383e+00
1.09500000000000e+01  -2.81562189229986e+00
1.10000000000000e+01  -2.79552439707883e+00
1.10500000000000e+01  -2.77250188606656e+00
1.11000000000000e+01  -2.74713516592014e+00
1.11500000000000e+01  -2.71997480911823e+00
1.12000000000000e+01  -2.69153366663214e+00
1.12500000000000e+01  -2.66227710339567e+00
1.13000000000000e+01  -2.63263297151257e+00
1.13500000000000e+01  -2.60296344746929e+00
1.14000000000000e+01  -2.57359118407989e+00
1.14500000000000e+01  -2.54478695840757e+00
1.15000000000000e+01  -2.51677357677666e+00
1.15500000000000e+01  -2.48972977978471e+00
1.16000000000000e+01  -2.46379414731452e+00
1.16500000000000e+01  -2.43906900354614e+00
1.17000000000000e+01  -2.41562432196897e+00
1.17500000000000e+01  -2.39350163039378e+00
1.18000000000000e+01  -2.37271791596474e+00
1.18500000000000e+01  -2.35326953017146e+00
1.19000000000000e+01  -2.33513746184005e+00
1.19500000000000e+01  -2.31828828533862e+00
1.20000000000000e+01  -2.30267937068545e+00
1.20500000000000e+01  -2.28825777262858e+00
1.21000000000000e+01  -2.27496627732214e+00
1.21500000000000e+01  -2.26274446405281e+00
1.22000000000000e+01  -2.25152976696630e+00
1.22500000000000e+01  -2.24125853679381e+00
1.23000000000000e+01  -2.23186710257857e+00
1.23500000000000e+01  -2.22329283340227e+00
1.24000000000000e+01  -2.21547520011158e+00
1.24500000000000e+01  -2.20835683704459e+00
1.25000000000000e+01  -2.20188405279467e+00
1.25500000000000e+01  -2.19600215512438e+00
1.26000000000000e+01  -2.19066224733323e+00
1.26500000000000e+01  -2.18581832611413e+00
1.27000000000000e+01  -2.18142760996107e+00
1.27500000000000e+01  -2.17745040095430e+00
1.28000000000000e+01  -2.17384994654555e+00
1.28500000000000e+01  -2.17059230134323e+00
1.29000000000000e+01  -2.16764618889759e+00
1.29500000000000e+01  -2.16498286348601e+00
1.30000000000000e+01  -2.16257597189812e+00
1.30500000000000e+01  -2.16040141522105e+00
1.31000000000000e+01  -2.15843721062460e+00
1.31500000000000e+01  -2.15666335314650e+00
1.32000000000000e+01  -2.15506167747753e+00
1.32500000000000e+01  -2.15361571974679e+00
1.33000000000000e+01  -2.15231057930688e+00
1.33500000000000e+01  -2.15113278051911e+00
1.34000000000000e+01  -2.15007013453868e+00
1.34500000000000e+01  -2.14911160109990e+00
1.35000000000000e+01  -2.14824715030141e+00
1.35500000000000e+01  -2.14746762439136e+00
1.36000000000000e+01  -2.14676459955259e+00
1.36500000000000e+01  -2.14613024768790e+00
1.37000000000000e+01  -2.14555719820519e+00
1.37500000000000e+01  -2.14504001704687e+00
1.38000000000000e+01  -2.14457519563351e+00
1.38500000000000e+01  -2.14415551465925e+00
1.39000000000000e+01  -2.14377678682591e+00
1.39500000000000e+01  -2.14343515620918e+00
1.40000000000000e+01  -2.14312708197784e+00
1.40500000000000e+01  -2.14284932211295e+00
1.41000000000000e+01  -2.14259891712710e+00
1.41500000000000e+01  -2.14237317378357e+00
1.42000000000000e+01  -2.14216964881557e+00
1.42500000000000e+01  -2.14198613264546e+00
1.43000000000000e+01  -2.14182063310392e+00
1.43500000000000e+01  -2.14167135914922e+00
1.44000000000000e+01  -2.14153670458639e+00
1.44500000000000e+01  -2.14141523178644e+00
1.45000000000000e+01  -2.14130565540557e+00
1.45500000000000e+01  -2.14120682610437e+00
1.46000000000000e+01  -2.14111771426709e+00
1.46500000000000e+01  -2.14103739372075e+00
1.47000000000000e+01  -2.14096502545444e+00
1.47500000000000e+01  -2.14089984133849e+00
1.48000000000000e+01  -2.14084112784369e+00
1.48500000000000e+01  -2.14078820976049e+00
1.49000000000000e+01  -2.14074043391824e+00
1.49500000000000e+01  -2.14069715290437e+00
1.50000000000000e+01  -2.14065724929525e+00
1.50500000000000e+01  -2.14062285403683e+00
1.51000000000000e+01  -2.14059158615581e+00
1.51500000000000e+01  -2.14056320164038e+00
1.52000000000000e+01  -2.14053747043511e+00
1.52500000000000e+01  -2.14051417601726e+00
1.53000000000000e+01  -2.14049311497294e+00
1.53500000000000e+01  -2.14047409657333e+00
1.54000000000000e+01  -2.14045694235095e+00
1.54500000000000e+01  -2.14044148567579e+00
1.55000000000000e+01  -2.14042757133162e+00
1.55500000000000e+01  -2.14041505509213e+00
1.56000000000000e+01  -2.14040380329720e+00
1.56500000000000e+01  -2.14039369242908e+00
1.57000000000000e+01  -2.14038460868865e+00
1.57500000000000e+01  -2.14037644757159e+00
1.58000000000000e+01  -2.14036911344464e+00
1.58500000000000e+01  -2.14036251912176e+00
1.59000000000000e+01  -2.14035658544044e+00
1.59500000000000e+01  -2.14035124083780e+00
1.60000000000000e+01  -2.14034642092692e+00
1.60500000000000e+01  -2.14034206807298e+00
1.61000000000000e+01  -2.14033813096951e+00
1.61500000000000e+01  -2.14033456421459e+00
1.62000000000000e+01  -2.14033132788710e+00
1.62500000000000e+01  -2.14032838712290e+00
1.63000000000000e+01  -2.14032571169106e+00
1.63500000000000e+01  -2.14032327557008e+00
1.64000000000000e+01  -2.14032105652414e+00
1.64500000000000e+01  -2.14031903567923e+00
1.65000000000000e+01  -2.14031719709945e+00
1.65500000000000e+01  -2.14031552736322e+00
1.66000000000000e+01  -2.14031401513944e+00
1.66500000000000e+01  -2.14031265076375e+00
1.67000000000000e+01  -2.14031142581477e+00
1.67500000000000e+01  -2.14031033269026e+00
1.68000000000000e+01  -2.14030936418337e+00
1.68500000000000e+01  -2.14030851305886e+00
1.69000000000000e+01  -2.14030777162931e+00
1.69500000000000e+01  -2.14030713133134e+00
1.70000000000000e+01  -2.14030658230180e+00
1.70500000000000e+01  -2.14030611295405e+00
1.71000000000000e+01  -2.14030570955412e+00
1.71500000000000e+01  -2.14030535579695e+00
1.72000000000000e+01  -2.14030503238260e+00
1.72500000000000e+01  -2.14030471659247e+00
1.73000000000000e+01  -2.14030438186553e+00
1.73500000000000e+01  -2.14030399737452e+00
1.74000000000000e+01  -2.14030352760217e+00
1.74500000000000e+01  -2.14030293191742e+00
1.75000000000000e+01  -2.14030299601975e+00
1.75500000000000e+01  -2.14030280845557e+00
1.76000000000000e+01  -2.14030263957098e+00
1.76500000000000e+01  -2.14030248791203e+00
1.77000000000000e+01  -2.14030235208451e+00
1.77500000000000e+01  -2.14030223075376e+00
1.78000000000000e+01  -2.14030212264449e+00
1.78500000000000e+01  -2.14030202654049e+00
1.79000000000000e+01  -2.14030194128452e+00
1.79500000000000e+01  -2.14030186577802e+00
1.80000000000000e+01  -2.14030179898092e+00
1.80500000000000e+01  -2.14030173991149e+00
1.81000000000000e+01  -2.14030168764602e+00
1.81500000000000e+01  -2.14030164131872e+00
1.82000000000000e+01  -2.14030160012143e+00
1.82500000000000e+01  -2.14030156330346e+00
1.83000000000000e+01  -2.14030153017135e+00
1.83500000000000e+01  -2.14030150008868e+00
1.84000000000000e+01  -2.14030147247585e+00
1.84500000000000e+01  -2.14030144680986e+00
1.85000000000000e+01  -2.14030142262414e+00
1.85500000000000e+01  -2.14030139950828e+00
1.86000000000000e+01  -2.14030137710787e+00
1.86500000000000e+01  -2.14030135512428e+00
1.87000000000000e+01  -2.14030133331442e+00
1.87500000000000e+01  -2.14030131149059e+00
1.88000000000000e+01  -2.14030128952018e+00
1.88500000000000e+01  -2.14030126732557e+00
1.89000000000000e+01  -2.14030124488383e+00
1.89500000000000e+01  -2.14030122222654e+00
1.90000000000000e+01  -2.14030119943962e+00
1.90500000000000e+01  -2.14030117666304e+00
1.91000000000000e+01  -2.14030115409068e+00
1.91500000000000e+01  -2.14030113197010e+00
1.92000000000000e+01  -2.14030111060230e+00
1.92500000000000e+01  -2.14030109034156e+00
1.93000000000000e+01  -2.14030107159519e+00
1.93500000000000e+01  -2.14030105482335e+00
1.94000000000000e+01  -2.14030104053880e+00
1.94500000000000e+01  -2.14030102930675e+00
1.95000000000000e+01  -2.14030102174459e+00
1.95500000000000e+01  -2.14030101852171e+00
1.96000000000000e+01  -2.14030102035929e+00
1.96500000000000e+01  -2.14030102803010e+00
1.97000000000000e+01  -2.14030104235826e+00
1.97500000000000e+01  -2.14030106421904e+00
1.98000000000000e+01  -2.14030109453868e+00
1.98500000000000e+01  -2.14030113429414e+00
1.99000000000000e+01  -2.14030118451292e+00
1.99500000000000e+01  -2.14030124627282e+00
2.00000000000000e+01  -2.14030132070176e+00
