0.00000000000000e+00  -7.74925288047647e-03
2.50000000000000e-02  -8.13344763018312e-03
5.00000000000000e-02  -8.53680655147433e-03
7.50000000000000e-02  -8.96029463355796e-03
1.00000000000000e-01  -9.40492086997460e-03
1.25000000000000e-01  -9.87174161607570e-03
1.50000000000000e-01  -1.03618639465016e-02
1.75000000000000e-01  -1.08764490126595e-02
2.00000000000000e-01  -1.14167154002021e-02
2.25000000000000e-01  -1.19839424865051e-02
2.50000000000000e-01  -1.25794737981457e-02
2.75000000000000e-01  -1.32047203683806e-02
3.00000000000000e-01  -1.38611640946241e-02
3.25000000000000e-01  -1.45503610959263e-02
3.50000000000000e-01  -1.52739450704512e-02
3.75000000000000e-01  -1.60336306529548e-02
4.00000000000000e-01  -1.68312167722633e-02
4.25000000000000e-01  -1.76685900087510e-02
4.50000000000000e-01  -1.85477279518187e-02
4.75000000000000e-01  -1.94707025573716e-02
5.00000000000000e-01  -2.04396835052976e-02
5.25000000000000e-01  -2.14569415569455e-02
5.50000000000000e-01  -2.25248519126025e-02
5.75000000000000e-01  -2.36458975689733e-02
6.00000000000000e-01  -2.48226726766574e-02
6.25000000000000e-01  -2.60582460243399e-02
6.50000000000000e-01  -2.73544738018758e-02
6.75000000000000e-01  -2.87152360199237e-02
7.00000000000000e-01  -3.01435283381328e-02
7.25000000000000e-01  -3.16425155542647e-02
7.50000000000000e-01  -3.32155301490554e-02
7.75000000000000e-01  -3.48660708310784e-02
8.00000000000000e-01  -3.65978010816064e-02
8.25000000000000e-01  -3.84145476994741e-02
8.50000000000000e-01  -4.03202993459404e-02
8.75000000000000e-01  -4.23192050895508e-02
9.00000000000000e-01  -4.44155729509998e-02
9.25000000000000e-01  -4.66138684479931e-02
9.50000000000000e-01  -4.89187131401102e-02
9.75000000000000e-01  -5.13348831736667e-02
1.00000000000000e+00  -5.38673078265766e-02
1.02500000000000e+00  -5.65210680532146e-02
1.05000000000000e+00  -5.93013950292788e-02
1.07500000000000e+00  -6.22136686966527e-02
1.10000000000000e+00  -6.52634163082677e-02
1.12500000000000e+00  -6.84563109729657e-02
1.15000000000000e+00  -7.17981702003610e-02
1.17500000000000e+00  -7.52949544457028e-02
1.20000000000000e+00  -7.89527656547383e-02
1.22500000000000e+00  -8.27778458085738e-02
1.25000000000000e+00  -8.67744731166934e-02
1.27500000000000e+00  -9.09491870406304e-02
1.30000000000000e+00  -9.53108363345560e-02
1.32500000000000e+00  -9.98649691489192e-02
1.35000000000000e+00  -1.04617323110543e-01
1.37500000000000e+00  -1.09573745534174e-01
1.40000000000000e+00  -1.14740113634032e-01
1.42500000000000e+00  -1.20122254735358e-01
1.45000000000000e+00  -1.25725866485966e-01
1.47500000000000e+00  -1.31556437067789e-01
1.50000000000000e+00  -1.37619165408432e-01
1.52500000000000e+00  -1.43918881392719e-01
1.55000000000000e+00  -1.50459966074240e-01
1.57500000000000e+00  -1.57246271886906e-01
1.60000000000000e+00  -1.64281042856495e-01
1.62500000000000e+00  -1.71566834812200e-01
1.65000000000000e+00  -1.79105435598182e-01
1.67500000000000e+00  -1.86897785285114e-01
1.70000000000000e+00  -1.94943896381736e-01
1.72500000000000e+00  -2.03242774046402e-01
1.75000000000000e+00  -2.11792336298628e-01
1.77500000000000e+00  -2.20589334230643e-01
1.80000000000000e+00  -2.29629272218935e-01
1.82500000000000e+00  -2.38906328135808e-01
1.85000000000000e+00  -2.48413273560923e-01
1.87500000000000e+00  -2.58131739350122e-01
1.90000000000000e+00  -2.68075781087805e-01
1.92500000000000e+00  -2.78209316689555e-01
1.95000000000000e+00  -2.88520358339716e-01
1.97500000000000e+00  -2.98993887902632e-01
2.00000000000000e+00  -3.09611927905953e-01
2.02500000000000e+00  -3.20353612523933e-01
2.05000000000000e+00  -3.31195258560727e-01
2.07500000000000e+00  -3.42110436433697e-01
2.10000000000000e+00  -3.53070041156706e-01
2.12500000000000e+00  -3.64042363323421e-01
2.15000000000000e+00  -3.74993160090610e-01
2.17500000000000e+00  -3.85885726161447e-01
2.20000000000000e+00  -3.96680964768805e-01
2.22500000000000e+00  -4.07337458658562e-01
2.25000000000000e+00  -4.17811541072895e-01
2.27500000000000e+00  -4.28057366733587e-01
2.30000000000000e+00  -4.38026982825318e-01
2.32500000000000e+00  -4.47670399978974e-01
2.35000000000000e+00  -4.56935663254939e-01
2.37500000000000e+00  -4.65768923126400e-01
2.40000000000000e+00  -4.74114506462643e-01
2.42500000000000e+00  -4.81914987512357e-01
2.45000000000000e+00  -4.89111258886929e-01
2.47500000000000e+00  -4.95642602543749e-01
2.50000000000000e+00  -5.01457722767876e-01
2.52500000000000e+00  -5.06495693793905e-01
2.55000000000000e+00  -5.10696755056678e-01
2.57500000000000e+00  -5.14004251185253e-01
2.60000000000000e+00  -5.16362713328581e-01
2.62500000000000e+00  -5.17718334387951e-01
2.65000000000000e+00  -5.18019444249432e-01
2.67500000000000e+00  -5.17216985016316e-01
2.70000000000000e+00  -5.15264986241560e-01
2.72500000000000e+00  -5.12121040160230e-01
2.75000000000000e+00  -5.07746776921943e-01
2.77500000000000e+00  -5.02108339823309e-01
2.80000000000000e+00  -4.95176860540373e-01
2.82500000000000e+00  -4.86928705387510e-01
2.85000000000000e+00  -4.77346015188072e-01
2.87500000000000e+00  -4.66417268642908e-01
2.90000000000000e+00  -4.54136716552527e-01
2.92500000000000e+00  -4.40505544436462e-01
2.95000000000000e+00  -4.25531901690350e-01
2.97500000000000e+00  -4.09230930743019e-01
3.00000000000000e+00  -3.91624796213566e-01
3.02500000000000e+00  -3.72742714068447e-01
3.05000000000000e+00  -3.52620980778556e-01
3.07500000000000e+00  -3.31303002476312e-01
3.10000000000000e+00  -3.08839324112740e-01
3.12500000000000e+00  -2.85286646320734e-01
3.15000000000000e+00  -2.60713398817916e-01
3.17500000000000e+00  -2.35186304669003e-01
3.20000000000000e+00  -2.08781536738631e-01
3.22500000000000e+00  -1.81581130568670e-01
3.25000000000000e+00  -1.53672360794131e-01
3.27500000000000e+00  -1.25147117559074e-01
3.30000000000000e+00  -9.61012829325192e-02
3.32500000000000e+00  -6.66341073243550e-02
3.35000000000000e+00  -3.68475859012443e-02
3.37500000000000e+00  -6.84583500253816e-03
3.40000000000000e+00  2.32655314438188e-02
3.42500000000000e+00  5.33800255053758e-02
3.45000000000000e+00  8.33909088292729e-02
3.47500000000000e+00  1.13191816226326e-01
3.50000000000000e+00  1.42677379255122e-01
3.52500000000000e+00  1.71743849806106e-01
3.55000000000000e+00  2.00289723685677e-01
3.57500000000000e+00  2.28216364200275e-01
3.60000000000000e+00  2.55428625740473e-01
3.62500000000000e+00  2.81835477365070e-01
3.65000000000000e+00  3.07350626385181e-01
3.67500000000000e+00  3.31893141948325e-01
3.70000000000000e+00  3.55388078622521e-01
3.72500000000000e+00  3.77767099980377e-01
3.75000000000000e+00  3.98960519433641e-01
3.77500000000000e+00  4.18916136809060e-01
3.80000000000000e+00  4.37579471854307e-01
3.82500000000000e+00  4.54905297740896e-01
3.85000000000000e+00  4.70855237861036e-01
3.87500000000000e+00  4.85397613746545e-01
3.90000000000000e+00  4.98507292987776e-01
3.92500000000000e+00  5.10165537152528e-01
3.95000000000000e+00  5.20359849704974e-01
3.97500000000000e+00  5.29083823924573e-01
4.00000000000000e+00  5.36336990824992e-01
4.02500000000000e+00  5.42124667073024e-01
4.05000000000000e+00  5.46457802907509e-01
4.07500000000000e+00  5.49352022953886e-01
4.10000000000000e+00  5.50827931642790e-01
4.12500000000000e+00  5.50910554807829e-01
4.15000000000000e+00  5.49628982627254e-01
4.17500000000000e+00  5.47015971647497e-01
4.20000000000000e+00  5.43107551530334e-01
4.22500000000000e+00  5.37942631800028e-01
4.25000000000000e+00  5.31562608590490e-01
4.27500000000000e+00  5.24010971392425e-01
4.30000000000000e+00  5.15332909800486e-01
4.32500000000000e+00  5.05574920260429e-01
4.35000000000000e+00  4.94784412816263e-01
4.37500000000000e+00  4.83009582820191e-01
4.40000000000000e+00  4.70301650948898e-01
4.42500000000000e+00  4.56707091289349e-01
4.45000000000000e+00  4.42275221946174e-01
4.47500000000000e+00  4.27054723661959e-01
4.50000000000000e+00  4.11093530704897e-01
4.52500000000000e+00  3.94438721756432e-01
4.55000000000000e+00  3.77136410798911e-01
4.57500000000000e+00  3.59231638003232e-01
4.60000000000000e+00  3.40768260616489e-01
4.62500000000000e+00  3.21788843849624e-01
4.65000000000000e+00  3.02334551765072e-01
4.67500000000000e+00  2.82445038164412e-01
4.70000000000000e+00  2.62158801360678e-01
4.72500000000000e+00  2.41512829184327e-01
4.75000000000000e+00  2.20542671812834e-01
4.77500000000000e+00  1.99282686191069e-01
4.80000000000000e+00  1.77765886380882e-01
4.82500000000000e+00  1.56024060702099e-01
4.85000000000000e+00  1.34087888873533e-01
4.87500000000000e+00  1.11987059153990e-01
4.90000000000000e+00  8.97503854832692e-02
4.92500000000000e+00  6.74059246231733e-02
4.95000000000000e+00  4.49810932985147e-02
4.97500000000000e+00  2.25027853381159e-02
5.00000000000000e+00  2.51118418780018e-06
5.02500000000000e+00  -2.25027853381084e-02
5.05000000000000e+00  -4.49810932985078e-02
5.07500000000000e+00  -6.74059246231664e-02
5.10000000000000e+00  -8.97503854832624e-02
5.12500000000000e+00  -1.11987059153983e-01
5.15000000000000e+00  -1.34087888873526e-01
5.17500000000000e+00  -1.56024060702092e-01
5.20000000000000e+00  -1.77765886380875e-01
5.22500000000000e+00  -1.99282686191062e-01
5.25000000000000e+00  -2.20542671812826e-01
5.27500000000000e+00  -2.41512829184321e-01
5.30000000000000e+00  -2.62158801360671e-01
5.32500000000000e+00  -2.82445038164405e-01
5.35000000000000e+00  -3.02334551765065e-01
5.37500000000000e+00  -3.21788843849617e-01
5.40000000000000e+00  -3.40768260616482e-01
5.42500000000000e+00  -3.59231638003225e-01
5.45000000000000e+00  -3.77136410798904e-01
5.47500000000000e+00  -3.94438721756425e-01
5.50000000000000e+00  -4.11093530704890e-01
5.52500000000000e+00  -4.27054723661953e-01
5.55000000000000e+00  -4.42275221946167e-01
5.57500000000000e+00  -4.56707091289342e-01
5.60000000000000e+00  -4.70301650948891e-01
5.62500000000000e+00  -4.83009317857396e-01
5.65000000000000e+00  -4.94784412816256e-01
5.67500000000000e+00  -5.05574920260423e-01
5.70000000000000e+00  -5.15332909800479e-01
5.72500000000000e+00  -5.24010971392418e-01
5.75000000000000e+00  -5.31562608590484e-01
5.77500000000000e+00  -5.37942631800022e-01
5.80000000000000e+00  -5.43107551530327e-01
5.82500000000000e+00  -5.47015971647491e-01
5.85000000000000e+00  -5.49628982627247e-01
5.87500000000000e+00  -5.50910554807823e-01
5.90000000000000e+00  -5.50827931642783e-01
5.92500000000000e+00  -5.49352022953879e-01
5.95000000000000e+00  -5.46457802907502e-01
5.97500000000000e+00  -5.42124667073017e-01
6.00000000000000e+00  -5.36336990824985e-01
6.02500000000000e+00  -5.29083823924566e-01
6.05000000000000e+00  -5.20359849704967e-01
6.07500000000000e+00  -5.10165537152521e-01
6.10000000000000e+00  -4.98507292987768e-01
6.12500000000000e+00  -4.85397613746538e-01
6.15000000000000e+00  -4.70855237861029e-01
6.17500000000000e+00  -4.54905297740889e-01
6.20000000000000e+00  -4.37579471854299e-01
6.22500000000000e+00  -4.18916136809053e-01
6.25000000000000e+00  -3.98969102183173e-01
6.27500000000000e+00  -3.77767099980370e-01
6.30000000000000e+00  -3.55388078622514e-01
6.32500000000000e+00  -3.31893141948318e-01
6.35000000000000e+00  -3.07350626385173e-01
6.37500000000000e+00  -2.81835477365063e-01
6.40000000000000e+00  -2.55428625740465e-01
6.42500000000000e+00  -2.28216364200268e-01
6.45000000000000e+00  -2.00289723685671e-01
6.47500000000000e+00  -1.71743849806099e-01
6.50000000000000e+00  -1.42677379255116e-01
6.52500000000000e+00  -1.13191816226320e-01
6.55000000000000e+00  -8.33909088292655e-02
6.57500000000000e+00  -5.33800255053691e-02
6.60000000000000e+00  -2.32655314438109e-02
6.62500000000000e+00  6.84583500254472e-03
6.65000000000000e+00  3.68475859012501e-02
6.67500000000000e+00  6.66341073243614e-02
6.70000000000000e+00  9.61012829325256e-02
6.72500000000000e+00  1.25147117559081e-01
6.75000000000000e+00  1.53672360794137e-01
6.77500000000000e+00  1.81581130568677e-01
6.80000000000000e+00  2.08781536738638e-01
6.82500000000000e+00  2.35186304669009e-01
6.85000000000000e+00  2.60713398817922e-01
6.87500000000000e+00  2.85287658614559e-01
6.90000000000000e+00  3.08839324112745e-01
6.92500000000000e+00  3.31303002476318e-01
6.95000000000000e+00  3.52620980778562e-01
6.97500000000000e+00  3.72742714068453e-01
7.00000000000000e+00  3.91624796213571e-01
7.02500000000000e+00  4.09230930743024e-01
7.05000000000000e+00  4.25531901690355e-01
7.07500000000000e+00  4.40505544436466e-01
7.10000000000000e+00  4.54136716552531e-01
7.12500000000000e+00  4.66417268642912e-01
7.15000000000000e+00  4.77346015188077e-01
7.17500000000000e+00  4.86928705387515e-01
7.20000000000000e+00  4.95176860540377e-01
7.22500000000000e+00  5.02108339823313e-01
7.25000000000000e+00  5.07746776921947e-01
7.27500000000000e+00  5.12121040160234e-01
7.30000000000000e+00  5.15264986241563e-01
7.32500000000000e+00  5.17216985016319e-01
7.35000000000000e+00  5.18019444249435e-01
7.37500000000000e+00  5.17718334387954e-01
7.40000000000000e+00  5.16362713328584e-01
7.42500000000000e+00  5.14004251185256e-01
7.45000000000000e+00  5.10696755056680e-01
7.47500000000000e+00  5.06495693793907e-01
7.50000000000000e+00  5.01446760769509e-01
7.52500000000000e+00  4.95642602543752e-01
7.55000000000000e+00  4.89111258886931e-01
7.57500000000000e+00  4.81914987512359e-01
7.60000000000000e+00  4.74114506462645e-01
7.62500000000000e+00  4.65768923126402e-01
7.65000000000000e+00  4.56935663254941e-01
7.67500000000000e+00  4.47670399978976e-01
7.70000000000000e+00  4.38026982825320e-01
7.72500000000000e+00  4.28057366733588e-01
7.75000000000000e+00  4.17811541072897e-01
7.77500000000000e+00  4.07337458658563e-01
7.80000000000000e+00  3.96680964768806e-01
7.82500000000000e+00  3.85885726161448e-01
7.85000000000000e+00  3.74993160090611e-01
7.87500000000000e+00  3.64042363323422e-01
7.90000000000000e+00  3.53070041156708e-01
7.92500000000000e+00  3.42110436433698e-01
7.95000000000000e+00  3.31195258560729e-01
7.97500000000000e+00  3.20353612523934e-01
8.00000000000000e+00  3.09611927905954e-01
8.02500000000000e+00  2.98993887902633e-01
8.05000000000000e+00  2.88520358339717e-01
8.07500000000000e+00  2.78209316689556e-01
8.10000000000000e+00  2.68075781087805e-01
8.12500000000000e+00  2.58141393992851e-01
8.15000000000000e+00  2.48413273560924e-01
8.17500000000000e+00  2.38906328135809e-01
8.20000000000000e+00  2.29629272218936e-01
8.22500000000000e+00  2.20589334230644e-01
8.25000000000000e+00  2.11792336298629e-01
8.27500000000000e+00  2.03242774046403e-01
8.30000000000000e+00  1.94943896381737e-01
8.32500000000000e+00  1.86897785285114e-01
8.35000000000000e+00  1.79105435598183e-01
8.37500000000000e+00  1.71566834812201e-01
8.40000000000000e+00  1.64281042856496e-01
8.42500000000000e+00  1.57246271886907e-01
8.45000000000000e+00  1.50459966074240e-01
8.47500000000000e+00  1.43918881392719e-01
8.50000000000000e+00  1.37619165408433e-01
8.52500000000000e+00  1.31556437067790e-01
8.55000000000000e+00  1.25725866485966e-01
8.57500000000000e+00  1.20122254735358e-01
8.60000000000000e+00  1.14740113634032e-01
8.62500000000000e+00  1.09573745534174e-01
8.65000000000000e+00  1.04617323110543e-01
8.67500000000000e+00  9.98649691489193e-02
8.70000000000000e+00  9.53108363345562e-02
8.72500000000000e+00  9.09491870406307e-02
8.75000000000000e+00  8.67765754685386e-02
8.77500000000000e+00  8.27778458085742e-02
8.80000000000000e+00  7.89527656547385e-02
8.82500000000000e+00  7.52949544457030e-02
8.85000000000000e+00  7.17981702003612e-02
8.87500000000000e+00  6.84563109729659e-02
8.90000000000000e+00  6.52634163082679e-02
8.92500000000000e+00  6.22136686966529e-02
8.95000000000000e+00  5.93013950292789e-02
8.97500000000000e+00  5.65210680532148e-02
9.00000000000000e+00  5.38673078265767e-02
9.02500000000000e+00  5.13348831736668e-02
9.05000000000000e+00  4.89187131401102e-02
9.07500000000000e+00  4.66138684479930e-02
9.10000000000000e+00  4.44155729509999e-02
9.12500000000000e+00  4.23192050895509e-02
9.15000000000000e+00  4.03202993459405e-02
9.17500000000000e+00  3.84145476994741e-02
9.20000000000000e+00  3.65978010816063e-02
9.22500000000000e+00  3.48660708310784e-02
9.25000000000000e+00  3.32155301490554e-02
9.27500000000000e+00  3.16425155542646e-02
9.30000000000000e+00  3.01435283381327e-02
9.32500000000000e+00  2.87152360199236e-02
9.35000000000000e+00  2.73544738018757e-02
9.37500000000000e+00  2.60578858976276e-02
9.40000000000000e+00  2.48226726766573e-02
9.42500000000000e+00  2.36458975689732e-02
9.45000000000000e+00  2.25248519126024e-02
9.47500000000000e+00  2.14569415569454e-02
9.50000000000000e+00  2.04396835052976e-02
9.52500000000000e+00  1.94707025573715e-02
9.55000000000000e+00  1.85477279518186e-02
9.57500000000000e+00  1.76685900087509e-02
9.60000000000000e+00  1.68312167722632e-02
9.62500000000000e+00  1.60336306529548e-02
9.65000000000000e+00  1.52739450704511e-02
9.67500000000000e+00  1.45503610959262e-02
9.70000000000000e+00  1.38611640946240e-02
9.72500000000000e+00  1.32047203683806e-02
9.75000000000000e+00  1.25794737981458e-02
9.77500000000000e+00  1.19839424865052e-02
9.80000000000000e+00  1.14167154002022e-02
9.82500000000000e+00  1.08764490126596e-02
9.85000000000000e+00  1.03618639465017e-02
9.87500000000000e+00  9.87174161607588e-03
9.90000000000000e+00  9.40492086997481e-03
9.92500000000000e+00  8.96029463355819e-03
9.95000000000000e+00  8.53680655147461e-03
9.97500000000000e+00  8.13344763018343e-03
1.00000000000000e+01  7.74925288047686e-03
