0.00000000000000e+00  -5.64146279515084e-03
2.50000000000000e-02  -5.95147976276634e-03
5.00000000000000e-02  -6.27849330277535e-03
7.50000000000000e-02  -6.62335044626578e-03
1.00000000000000e-01  -6.98694341766972e-03
1.25000000000000e-01  -7.37021270997820e-03
1.50000000000000e-01  -7.77415015995574e-03
1.75000000000000e-01  -8.19980202335521e-03
2.00000000000000e-01  -8.64827205013247e-03
2.25000000000000e-01  -9.12072455966110e-03
2.50000000000000e-01  -9.61838751594715e-03
2.75000000000000e-01  -1.01425556028438e-02
3.00000000000000e-01  -1.06945932992661e-02
3.25000000000000e-01  -1.12759379544058e-02
3.50000000000000e-01  -1.18881028629458e-02
3.75000000000000e-01  -1.25326803402752e-02
4.00000000000000e-01  -1.32113447977038e-02
4.25000000000000e-01  -1.39258558176767e-02
4.50000000000000e-01  -1.46780612289895e-02
4.75000000000000e-01  -1.54699001820024e-02
5.00000000000000e-01  -1.63034062238554e-02
5.25000000000000e-01  -1.71807103736829e-02
5.50000000000000e-01  -1.81040441978281e-02
5.75000000000000e-01  -1.90757428850584e-02
6.00000000000000e-01  -2.00982483217791e-02
6.25000000000000e-01  -2.11741121672493e-02
6.50000000000000e-01  -2.23059989287956e-02
6.75000000000000e-01  -2.34966890370276e-02
7.00000000000000e-01  -2.47490819210520e-02
7.25000000000000e-01  -2.60661990836876e-02
7.50000000000000e-01  -2.74511871766802e-02
7.75000000000000e-01  -2.89073210759170e-02
8.00000000000000e-01  -3.04380069566413e-02
8.25000000000000e-01  -3.20467853686676e-02
8.50000000000000e-01  -3.37373343115959e-02
8.75000000000000e-01  -3.55134723100268e-02
9.00000000000000e-01  -3.73791614887757e-02
9.25000000000000e-01  -3.93385106480879e-02
9.50000000000000e-01  -4.13957783388536e-02
9.75000000000000e-01  -4.35553759378218e-02
1.00000000000000e+00  -4.58218707228158e-02
1.02500000000000e+00  -4.81999889479475e-02
1.05000000000000e+00  -5.06946189188319e-02
1.07500000000000e+00  -5.33108140678028e-02
1.10000000000000e+00  -5.60537960291262e-02
1.12500000000000e+00  -5.89289577142160e-02
1.15000000000000e+00  -6.19418663868484e-02
1.17500000000000e+00  -6.50982667383765e-02
1.20000000000000e+00  -6.84040839629452e-02
1.22500000000000e+00  -7.18654268327058e-02
1.25000000000000e+00  -7.54822207178394e-02
1.27500000000000e+00  -7.92659139233151e-02
1.30000000000000e+00  -8.32226148376394e-02
1.32500000000000e+00  -8.73577464539718e-02
1.35000000000000e+00  -9.16769146698207e-02
1.37500000000000e+00  -9.61858475876671e-02
1.40000000000000e+00  -1.00890334815587e-01
1.42500000000000e+00  -1.05796166767876e-01
1.45000000000000e+00  -1.10909073965669e-01
1.47500000000000e+00  -1.16234666337566e-01
1.50000000000000e+00  -1.21778372520255e-01
1.52500000000000e+00  -1.27545379159134e-01
1.55000000000000e+00  -1.33540570208932e-01
1.57500000000000e+00  -1.39768466234338e-01
1.60000000000000e+00  -1.46233163710618e-01
1.62500000000000e+00  -1.52938274324241e-01
1.65000000000000e+00  -1.59886864273499e-01
1.67500000000000e+00  -1.67081393569136e-01
1.70000000000000e+00  -1.74523655334964e-01
1.72500000000000e+00  -1.82214715108491e-01
1.75000000000000e+00  -1.90154850141541e-01
1.77500000000000e+00  -1.98343488700879e-01
1.80000000000000e+00  -2.06779149368833e-01
1.82500000000000e+00  -2.15459380343916e-01
1.85000000000000e+00  -2.24380698741452e-01
1.87500000000000e+00  -2.33531942931079e-01
1.90000000000000e+00  -2.42922716932369e-01
1.92500000000000e+00  -2.52530434996795e-01
1.95000000000000e+00  -2.62347395759453e-01
1.97500000000000e+00  -2.72363681326878e-01
2.00000000000000e+00  -2.82567148824135e-01
2.02500000000000e+00  -2.92943421941903e-01
2.05000000000000e+00  -3.03475882483566e-01
2.07500000000000e+00  -3.14145661912295e-01
2.10000000000000e+00  -3.24931632898140e-01
2.12500000000000e+00  -3.35810400865116e-01
2.15000000000000e+00  -3.46756295538286e-01
2.17500000000000e+00  -3.57741362490856e-01
2.20000000000000e+00  -3.68735354691255e-01
2.22500000000000e+00  -3.79705724050225e-01
2.25000000000000e+00  -3.90617612967908e-01
2.27500000000000e+00  -4.01433845880935e-01
2.30000000000000e+00  -4.12114920809510e-01
2.32500000000000e+00  -4.22619000904499e-01
2.35000000000000e+00  -4.32901905994516e-01
2.37500000000000e+00  -4.42917104133012e-01
2.40000000000000e+00  -4.52615703145360e-01
2.42500000000000e+00  -4.61946442175945e-01
2.45000000000000e+00  -4.70855683235248e-01
2.47500000000000e+00  -4.79287402746934e-01
2.50000000000000e+00  -4.87191845437415e-01
2.52500000000000e+00  -4.94509366348573e-01
2.55000000000000e+00  -5.01180923276503e-01
2.57500000000000e+00  -5.07148662777323e-01
2.60000000000000e+00  -5.12354204026765e-01
2.62500000000000e+00  -5.16739094382243e-01
2.65000000000000e+00  -5.20245264944921e-01
2.67500000000000e+00  -5.22815486121770e-01
2.70000000000000e+00  -5.24393823187637e-01
2.72500000000000e+00  -5.24926091847312e-01
2.75000000000000e+00  -5.24360313797586e-01
2.77500000000000e+00  -5.22647172289321e-01
2.80000000000000e+00  -5.19740467689511e-01
2.82500000000000e+00  -5.15597797297909e-01
2.85000000000000e+00  -5.10180866513476e-01
2.87500000000000e+00  -5.03456231403246e-01
2.90000000000000e+00  -4.95395083611633e-01
2.92500000000000e+00  -4.85974385919703e-01
2.95000000000000e+00  -4.75177153319307e-01
2.97500000000000e+00  -4.62992734087204e-01
3.00000000000000e+00  -4.49417090859186e-01
3.02500000000000e+00  -4.34453081704203e-01
3.05000000000000e+00  -4.18110741198493e-01
3.07500000000000e+00  -4.00407561499706e-01
3.10000000000000e+00  -3.81368773421026e-01
3.12500000000000e+00  -3.61028003995395e-01
3.15000000000000e+00  -3.39425976774929e-01
3.17500000000000e+00  -3.16611277778363e-01
3.20000000000000e+00  -2.92639632567914e-01
3.22500000000000e+00  -2.67574614845245e-01
3.25000000000000e+00  -2.41487169681478e-01
3.27500000000000e+00  -2.14455136747197e-01
3.30000000000000e+00  -1.86562773542459e-01
3.32500000000000e+00  -1.57900278626796e-01
3.35000000000000e+00  -1.28563314849223e-01
3.37500000000000e+00  -9.86525325782462e-02
3.40000000000000e+00  -6.82730929318702e-02
3.42500000000000e+00  -3.75341910076050e-02
3.45000000000000e+00  -6.54744182192996e-03
3.47500000000000e+00  2.45729745668361e-02
3.50000000000000e+00  5.57114494161105e-02
3.52500000000000e+00  8.67513559794783e-02
3.55000000000000e+00  1.17576208155124e-01
3.57500000000000e+00  1.48070370912965e-01
3.60000000000000e+00  1.78119770721777e-01
3.62500000000000e+00  2.07612605976334e-01
3.65000000000000e+00  2.36440057424530e-01
3.67500000000000e+00  2.64496998594518e-01
3.70000000000000e+00  2.91682706221837e-01
3.72500000000000e+00  3.17901570676544e-01
3.75000000000000e+00  3.43061719249931e-01
3.77500000000000e+00  3.67081546708054e-01
3.80000000000000e+00  3.89882405456282e-01
3.82500000000000e+00  4.11392471230155e-01
3.85000000000000e+00  4.31547474672305e-01
3.87500000000000e+00  4.50290677363629e-01
3.90000000000000e+00  4.67572847854448e-01
3.92500000000000e+00  4.83352237695680e-01
3.95000000000000e+00  4.97594557470002e-01
3.97500000000000e+00  5.10272952823018e-01
4.00000000000000e+00  5.21367980494427e-01
4.02500000000000e+00  5.30867584349183e-01
4.05000000000000e+00  5.38767071408668e-01
4.07500000000000e+00  5.45067886311178e-01
4.10000000000000e+00  5.49778227009578e-01
4.12500000000000e+00  5.52912445884123e-01
4.15000000000000e+00  5.54490565613476e-01
4.17500000000000e+00  5.54537971120506e-01
4.20000000000000e+00  5.53084953796692e-01
4.22500000000000e+00  5.50166255726522e-01
4.25000000000000e+00  5.45820613911899e-01
4.27500000000000e+00  5.40090304496536e-01
4.30000000000000e+00  5.33020686990360e-01
4.32500000000000e+00  5.24659748493916e-01
4.35000000000000e+00  5.15057647922762e-01
4.37500000000000e+00  5.04266549578095e-01
4.40000000000000e+00  4.92339149839648e-01
4.42500000000000e+00  4.79330086454420e-01
4.45000000000000e+00  4.65294375450589e-01
4.47500000000000e+00  4.50287095727185e-01
4.50000000000000e+00  4.34363191210932e-01
4.52500000000000e+00  4.17577273013093e-01
4.55000000000000e+00  3.99983421586313e-01
4.57500000000000e+00  3.81634988881461e-01
4.60000000000000e+00  3.62584400504476e-01
4.62500000000000e+00  3.42882957873210e-01
4.65000000000000e+00  3.22580640374269e-01
4.67500000000000e+00  3.01725907519862e-01
4.70000000000000e+00  2.80366145525267e-01
4.72500000000000e+00  2.58547146836018e-01
4.75000000000000e+00  2.36313170691404e-01
4.77500000000000e+00  2.13707247320225e-01
4.80000000000000e+00  1.90770940882327e-01
4.82500000000000e+00  1.67544485883869e-01
4.85000000000000e+00  1.44066923592570e-01
4.87500000000000e+00  1.20376238452981e-01
4.90000000000000e+00  9.65094945017360e-02
4.92500000000000e+00  7.25029717828192e-02
4.95000000000000e+00  4.83923027628217e-02
4.97500000000000e+00  2.42126087461989e-02
5.00000000000000e+00  1.36370947351029e-06
5.02500000000000e+00  -2.42126087461910e-02
5.05000000000000e+00  -4.83923027628143e-02
5.07500000000000e+00  -7.25029717828119e-02
5.10000000000000e+00  -9.65094945017288e-02
5.12500000000000e+00  -1.20376238452973e-01
5.15000000000000e+00  -1.44066923592562e-01
5.17500000000000e+00  -1.67544485883862e-01
5.20000000000000e+00  -1.90770940882320e-01
5.22500000000000e+00  -2.13707247320217e-01
5.25000000000000e+00  -2.36313170691396e-01
5.27500000000000e+00  -2.58547146836011e-01
5.30000000000000e+00  -2.80366145525260e-01
5.32500000000000e+00  -3.01725907519854e-01
5.35000000000000e+00  -3.22580640374261e-01
5.37500000000000e+00  -3.42882957873201e-01
5.40000000000000e+00  -3.62584400504468e-01
5.42500000000000e+00  -3.81634988881454e-01
5.45000000000000e+00  -3.99983421586305e-01
5.47500000000000e+00  -4.17577273013086e-01
5.50000000000000e+00  -4.34363191210925e-01
5.52500000000000e+00  -4.50287095727178e-01
5.55000000000000e+00  -4.65294375450582e-01
5.57500000000000e+00  -4.79330086454413e-01
5.60000000000000e+00  -4.92339149839641e-01
5.62500000000000e+00  -5.04266260231869e-01
5.65000000000000e+00  -5.15057647922755e-01
5.67500000000000e+00  -5.24659748493909e-01
5.70000000000000e+00  -5.33020686990354e-01
5.72500000000000e+00  -5.40090304496529e-01
5.75000000000000e+00  -5.45820613911893e-01
5.77500000000000e+00  -5.50166255726516e-01
5.80000000000000e+00  -5.53084953796685e-01
5.82500000000000e+00  -5.54537971120500e-01
5.85000000000000e+00  -5.54490565613470e-01
5.87500000000000e+00  -5.52912445884118e-01
5.90000000000000e+00  -5.49778227009572e-01
5.92500000000000e+00  -5.45067886311172e-01
5.95000000000000e+00  -5.38767071408663e-01
5.97500000000000e+00  -5.30867584349177e-01
6.00000000000000e+00  -5.21367980494421e-01
6.02500000000000e+00  -5.10272952823013e-01
6.05000000000000e+00  -4.97594557469996e-01
6.07500000000000e+00  -4.83352237695675e-01
6.10000000000000e+00  -4.67572847854443e-01
6.12500000000000e+00  -4.50290677363624e-01
6.15000000000000e+00  -4.31547474672300e-01
6.17500000000000e+00  -4.11392471230149e-01
6.20000000000000e+00  -3.89882405456277e-01
6.22500000000000e+00  -3.67081546708049e-01
6.25000000000000e+00  -3.43063806390342e-01
6.27500000000000e+00  -3.17901570676539e-01
6.30000000000000e+00  -2.91682706221832e-01
6.32500000000000e+00  -2.64496998594514e-01
6.35000000000000e+00  -2.36440057424525e-01
6.37500000000000e+00  -2.07612605976329e-01
6.40000000000000e+00  -1.78119770721772e-01
6.42500000000000e+00  -1.48070370912960e-01
6.45000000000000e+00  -1.17576208155120e-01
6.47500000000000e+00  -8.67513559794735e-02
6.50000000000000e+00  -5.57114494161064e-02
6.52500000000000e+00  -2.45729745668313e-02
6.55000000000000e+00  6.54744182193547e-03
6.57500000000000e+00  3.75341910076099e-02
6.60000000000000e+00  6.82730929318765e-02
6.62500000000000e+00  9.86525325782511e-02
6.65000000000000e+00  1.28563314849227e-01
6.67500000000000e+00  1.57900278626801e-01
6.70000000000000e+00  1.86562773542464e-01
6.72500000000000e+00  2.14455136747203e-01
6.75000000000000e+00  2.41487169681482e-01
6.77500000000000e+00  2.67574614845250e-01
6.80000000000000e+00  2.92639632567920e-01
6.82500000000000e+00  3.16611277778369e-01
6.85000000000000e+00  3.39425976774934e-01
6.87500000000000e+00  3.61027627505308e-01
6.90000000000000e+00  3.81368773421031e-01
6.92500000000000e+00  4.00407561499711e-01
6.95000000000000e+00  4.18110741198498e-01
6.97500000000000e+00  4.34453081704208e-01
7.00000000000000e+00  4.49417090859191e-01
7.02500000000000e+00  4.62992734087210e-01
7.05000000000000e+00  4.75177153319313e-01
7.07500000000000e+00  4.85974385919708e-01
7.10000000000000e+00  4.95395083611638e-01
7.12500000000000e+00  5.03456231403251e-01
7.15000000000000e+00  5.10180866513481e-01
7.17500000000000e+00  5.15597797297913e-01
7.20000000000000e+00  5.19740467689516e-01
7.22500000000000e+00  5.22647172289325e-01
7.25000000000000e+00  5.24360313797591e-01
7.27500000000000e+00  5.24926091847316e-01
7.30000000000000e+00  5.24393823187642e-01
7.32500000000000e+00  5.22815486121774e-01
7.35000000000000e+00  5.20245264944925e-01
7.37500000000000e+00  5.16739094382248e-01
7.40000000000000e+00  5.12354204026769e-01
7.42500000000000e+00  5.07148662777327e-01
7.45000000000000e+00  5.01180923276507e-01
7.47500000000000e+00  4.94509366348577e-01
7.50000000000000e+00  4.87183183094946e-01
7.52500000000000e+00  4.79287402746938e-01
7.55000000000000e+00  4.70855683235251e-01
7.57500000000000e+00  4.61946442175948e-01
7.60000000000000e+00  4.52615703145364e-01
7.62500000000000e+00  4.42917104133015e-01
7.65000000000000e+00  4.32901905994519e-01
7.67500000000000e+00  4.22619000904502e-01
7.70000000000000e+00  4.12114920809514e-01
7.72500000000000e+00  4.01433845880939e-01
7.75000000000000e+00  3.90617612967912e-01
7.77500000000000e+00  3.79705724050228e-01
7.80000000000000e+00  3.68735354691258e-01
7.82500000000000e+00  3.57741362490859e-01
7.85000000000000e+00  3.46756295538289e-01
7.87500000000000e+00  3.35810400865118e-01
7.90000000000000e+00  3.24931632898143e-01
7.92500000000000e+00  3.14145661912297e-01
7.95000000000000e+00  3.03475882483568e-01
7.97500000000000e+00  2.92943421941906e-01
8.00000000000000e+00  2.82567148824138e-01
8.02500000000000e+00  2.72363681326880e-01
8.05000000000000e+00  2.62347395759455e-01
8.07500000000000e+00  2.52530434996797e-01
8.10000000000000e+00  2.42922716932371e-01
8.12500000000000e+00  2.33538529894198e-01
8.15000000000000e+00  2.24380698741454e-01
8.17500000000000e+00  2.15459380343918e-01
8.20000000000000e+00  2.06779149368834e-01
8.22500000000000e+00  1.98343488700881e-01
8.25000000000000e+00  1.90154850141543e-01
8.27500000000000e+00  1.82214715108492e-01
8.30000000000000e+00  1.74523655334966e-01
8.32500000000000e+00  1.67081393569137e-01
8.35000000000000e+00  1.59886864273501e-01
8.37500000000000e+00  1.52938274324242e-01
8.40000000000000e+00  1.46233163710619e-01
8.42500000000000e+00  1.39768466234339e-01
8.45000000000000e+00  1.33540570208933e-01
8.47500000000000e+00  1.27545379159135e-01
8.50000000000000e+00  1.21778372520256e-01
8.52500000000000e+00  1.16234666337567e-01
8.55000000000000e+00  1.10909073965670e-01
8.57500000000000e+00  1.05796166767877e-01
8.60000000000000e+00  1.00890334815588e-01
8.62500000000000e+00  9.61858475876678e-02
8.65000000000000e+00  9.16769146698212e-02
8.67500000000000e+00  8.73577464539722e-02
8.70000000000000e+00  8.32226148376400e-02
8.72500000000000e+00  7.92659139233157e-02
8.75000000000000e+00  7.54885907730314e-02
8.77500000000000e+00  7.18654268327064e-02
8.80000000000000e+00  6.84040839629457e-02
8.82500000000000e+00  6.50982667383769e-02
8.85000000000000e+00  6.19418663868490e-02
8.87500000000000e+00  5.89289577142165e-02
8.90000000000000e+00  5.60537960291265e-02
8.92500000000000e+00  5.33108140678032e-02
8.95000000000000e+00  5.06946189188323e-02
8.97500000000000e+00  4.81999889479479e-02
9.00000000000000e+00  4.58218707228162e-02
9.02500000000000e+00  4.35553759378221e-02
9.05000000000000e+00  4.13957783388538e-02
9.07500000000000e+00  3.93385106480881e-02
9.10000000000000e+00  3.73791614887759e-02
9.12500000000000e+00  3.55134723100269e-02
9.15000000000000e+00  3.37373343115961e-02
9.17500000000000e+00  3.20467853686677e-02
9.20000000000000e+00  3.04380069566414e-02
9.22500000000000e+00  2.89073210759171e-02
9.25000000000000e+00  2.74511871766803e-02
9.27500000000000e+00  2.60661990836877e-02
9.30000000000000e+00  2.47490819210520e-02
9.32500000000000e+00  2.34966890370276e-02
9.35000000000000e+00  2.23059989287957e-02
9.37500000000000e+00  2.11741121672493e-02
9.40000000000000e+00  2.00982483217792e-02
9.42500000000000e+00  1.90757428850584e-02
9.45000000000000e+00  1.81040441978282e-02
9.47500000000000e+00  1.71807103736830e-02
9.50000000000000e+00  1.63034062238555e-02
9.52500000000000e+00  1.54699001820024e-02
9.55000000000000e+00  1.46780612289895e-02
9.57500000000000e+00  1.39258558176768e-02
9.60000000000000e+00  1.32113447977039e-02
9.62500000000000e+00  1.25326803402754e-02
9.65000000000000e+00  1.18881028629460e-02
9.67500000000000e+00  1.12759379544060e-02
9.70000000000000e+00  1.06945932992663e-02
9.72500000000000e+00  1.01425556028441e-02
9.75000000000000e+00  9.61838751594745e-03
9.77500000000000e+00  9.12072455966145e-03
9.80000000000000e+00  8.64827205013284e-03
9.82500000000000e+00  8.19980202335562e-03
9.85000000000000e+00  7.77415015995618e-03
9.87500000000000e+00  7.37021270997871e-03
9.90000000000000e+00  6.98694341767029e-03
9.92500000000000e+00  6.62335044626638e-03
9.95000000000000e+00  6.27849330277602e-03
9.97500000000000e+00  5.95147976276706e-03
1.00000000000000e+01  5.64146279515164e-03
