0.00000000000000e+00  6.74399999999997e+02
5.00000000000000e-02  6.67666875000000e+02
1.00000000000000e-01  6.60967500000000e+02
1.50000000000000e-01  6.54301875000000e+02
2.00000000000000e-01  6.47670000000000e+02
2.50000000000000e-01  6.41071875000000e+02
3.00000000000000e-01  6.34507500000000e+02
3.50000000000000e-01  6.27976875000000e+02
4.00000000000000e-01  6.21480000000000e+02
4.50000000000000e-01  6.15016875000000e+02
5.00000000000000e-01  6.08587500000000e+02
5.50000000000000e-01  6.02191875000000e+02
6.00000000000000e-01  5.95830000000000e+02
6.50000000000000e-01  5.89501875000000e+02
7.00000000000000e-01  5.83207500000000e+02
7.50000000000000e-01  5.76946875000000e+02
8.00000000000000e-01  5.70720000000000e+02
8.50000000000000e-01  5.64526875000000e+02
9.00000000000000e-01  5.58367500000000e+02
9.50000000000000e-01  5.52241875000000e+02
1.00000000000000e+00  5.46150000000000e+02
1.05000000000000e+00  5.40091875000000e+02
1.10000000000000e+00  5.34067500000000e+02
1.15000000000000e+00  5.28076875000000e+02
1.20000000000000e+00  5.22120000000000e+02
1.25000000000000e+00  5.16196875000000e+02
1.30000000000000e+00  5.10307500000000e+02
1.35000000000000e+00  5.04451875000000e+02
1.40000000000000e+00  4.98630000000000e+02
1.45000000000000e+00  4.92841875000000e+02
1.50000000000000e+00  4.87087500000000e+02
1.55000000000000e+00  4.81366875000000e+02
1.60000000000000e+00  4.75680000000000e+02
1.65000000000000e+00  4.70026875000000e+02
1.70000000000000e+00  4.64407500000000e+02
1.75000000000000e+00  4.58821875000000e+02
1.80000000000000e+00  4.53270000000000e+02
1.85000000000000e+00  4.47751875000000e+02
1.90000000000000e+00  4.42267500000000e+02
1.95000000000000e+00  4.36816875000000e+02
2.00000000000000e+00  4.31400000000000e+02
2.05000000000000e+00  4.26016875000000e+02
2.10000000000000e+00  4.20667500000000e+02
2.15000000000000e+00  4.15351875000000e+02
2.20000000000000e+00  4.10070000000000e+02
2.25000000000000e+00  4.04821875000000e+02
2.30000000000000e+00  3.99607500000000e+02
2.35000000000000e+00  3.94426875000000e+02
2.40000000000000e+00  3.89280000000000e+02
2.45000000000000e+00  3.84166875000000e+02
2.50000000000000e+00  3.79087500000000e+02
2.55000000000000e+00  3.74041875000000e+02
2.60000000000000e+00  3.69030000000000e+02
2.65000000000000e+00  3.64051875000000e+02
2.70000000000000e+00  3.59107500000000e+02
2.75000000000000e+00  3.54196875000000e+02
2.80000000000000e+00  3.49320000000000e+02
2.85000000000000e+00  3.44476875000000e+02
2.90000000000000e+00  3.39667500000000e+02
2.95000000000000e+00  3.34891875000000e+02
3.00000000000000e+00  3.30150000000000e+02
3.05000000000000e+00  3.25441875000000e+02
3.10000000000000e+00  3.20767500000000e+02
3.15000000000000e+00  3.16126875000000e+02
3.20000000000000e+00  3.11520000000000e+02
3.25000000000000e+00  3.06946875000000e+02
3.30000000000000e+00  3.02407500000000e+02
3.35000000000000e+00  2.97901875000000e+02
3.40000000000000e+00  2.93430000000000e+02
3.45000000000000e+00  2.88991875000000e+02
3.50000000000000e+00  2.84587500000000e+02
3.55000000000000e+00  2.80216875000000e+02
3.60000000000000e+00  2.75880000000000e+02
3.65000000000000e+00  2.71576875000000e+02
3.70000000000000e+00  2.67307500000000e+02
3.75000000000000e+00  2.63071875000000e+02
3.80000000000000e+00  2.58870000000000e+02
3.85000000000000e+00  2.54701875000000e+02
3.90000000000000e+00  2.50567500000000e+02
3.95000000000000e+00  2.46466875000000e+02
4.00000000000000e+00  2.42400000000000e+02
4.05000000000000e+00  2.38366875000000e+02
4.10000000000000e+00  2.34367500000000e+02
4.15000000000000e+00  2.30401875000000e+02
4.20000000000000e+00  2.26470000000000e+02
4.25000000000000e+00  2.22571875000000e+02
4.30000000000000e+00  2.18707500000000e+02
4.35000000000000e+00  2.14876875000000e+02
4.40000000000000e+00  2.11080000000000e+02
4.45000000000000e+00  2.07316875000000e+02
4.50000000000000e+00  2.03587500000000e+02
4.55000000000000e+00  1.99891875000000e+02
4.60000000000000e+00  1.96230000000000e+02
4.65000000000000e+00  1.92601875000000e+02
4.70000000000000e+00  1.89007500000000e+02
4.75000000000000e+00  1.85446875000000e+02
4.80000000000000e+00  1.81920000000000e+02
4.85000000000000e+00  1.78426875000000e+02
4.90000000000000e+00  1.74967500000000e+02
4.95000000000000e+00  1.71541875000000e+02
5.00000000000000e+00  1.68150000000000e+02
5.05000000000000e+00  1.64791875000000e+02
5.10000000000000e+00  1.61467500000000e+02
5.15000000000000e+00  1.58176875000000e+02
5.20000000000000e+00  1.54920000000000e+02
5.25000000000000e+00  1.51696875000000e+02
5.30000000000000e+00  1.48507500000000e+02
5.35000000000000e+00  1.45351875000000e+02
5.40000000000000e+00  1.42230000000000e+02
5.45000000000000e+00  1.39141875000000e+02
5.50000000000000e+00  1.36087500000000e+02
5.55000000000000e+00  1.33066875000000e+02
5.60000000000000e+00  1.30080000000000e+02
5.65000000000000e+00  1.27126875000000e+02
5.70000000000000e+00  1.24207500000000e+02
5.75000000000000e+00  1.21321875000000e+02
5.80000000000000e+00  1.18470000000000e+02
5.85000000000000e+00  1.15651875000000e+02
5.90000000000000e+00  1.12867500000000e+02
5.95000000000000e+00  1.10116875000000e+02
6.00000000000000e+00  1.07400000000000e+02
6.05000000000000e+00  1.04716875000000e+02
6.10000000000000e+00  1.02067500000000e+02
6.15000000000000e+00  9.94518750000000e+01
6.20000000000000e+00  9.68700000000000e+01
6.25000000000000e+00  9.43218750000000e+01
6.30000000000000e+00  9.18074999999999e+01
6.35000000000000e+00  8.93268750000000e+01
6.40000000000000e+00  8.68799999999999e+01
6.45000000000000e+00  8.44668750000000e+01
6.50000000000000e+00  8.20875000000000e+01
6.55000000000000e+00  7.97418749999999e+01
6.60000000000000e+00  7.74300000000000e+01
6.65000000000000e+00  7.51518750000000e+01
6.70000000000000e+00  7.29075000000000e+01
6.75000000000000e+00  7.06968750000000e+01
6.80000000000000e+00  6.85199999999999e+01
6.85000000000000e+00  6.63768750000000e+01
6.90000000000000e+00  6.42675000000000e+01
6.95000000000000e+00  6.21918750000000e+01
7.00000000000000e+00  6.01500000000000e+01
7.05000000000000e+00  5.81418750000000e+01
7.10000000000000e+00  5.61675000000000e+01
7.15000000000000e+00  5.42268750000000e+01
7.20000000000000e+00  5.23200000000000e+01
7.25000000000000e+00  5.04468750000000e+01
7.30000000000000e+00  4.86075000000000e+01
7.35000000000000e+00  4.68018750000000e+01
7.40000000000000e+00  4.50300000000000e+01
7.45000000000000e+00  4.32918750000000e+01
7.50000000000000e+00  4.15875000000000e+01
7.55000000000000e+00  3.99168750000000e+01
7.60000000000000e+00  3.82800000000000e+01
7.65000000000000e+00  3.66768750000000e+01
7.70000000000000e+00  3.51075000000000e+01
7.75000000000000e+00  3.35718750000000e+01
7.80000000000000e+00  3.20700000000000e+01
7.85000000000000e+00  3.06018750000000e+01
7.90000000000000e+00  2.91675000000000e+01
7.95000000000000e+00  2.77668750000000e+01
8.00000000000000e+00  2.64000000000000e+01
8.05000000000000e+00  2.50668750000000e+01
8.10000000000000e+00  2.37675000000000e+01
8.15000000000000e+00  2.25018750000000e+01
8.20000000000000e+00  2.12700000000000e+01
8.25000000000000e+00  2.00718750000000e+01
8.30000000000000e+00  1.89075000000000e+01
8.35000000000000e+00  1.77768750000001e+01
8.40000000000000e+00  1.66800000000000e+01
8.45000000000000e+00  1.56168750000000e+01
8.50000000000000e+00  1.45875000000000e+01
8.55000000000000e+00  1.35918750000000e+01
8.60000000000000e+00  1.26300000000001e+01
8.65000000000000e+00  1.17018750000000e+01
8.70000000000000e+00  1.08075000000000e+01
8.75000000000000e+00  9.94687500000004e+00
8.80000000000000e+00  9.12000000000003e+00
8.85000000000000e+00  8.32687500000006e+00
8.90000000000000e+00  7.56750000000006e+00
8.95000000000000e+00  6.84187500000004e+00
9.00000000000000e+00  6.15000000000007e+00
9.05000000000000e+00  5.49187500000006e+00
9.10000000000000e+00  4.86750000000008e+00
9.15000000000000e+00  4.27687500000005e+00
9.20000000000000e+00  3.72000000000010e+00
9.25000000000000e+00  3.19687500000007e+00
9.30000000000000e+00  2.70750000000004e+00
9.35000000000000e+00  2.25187500000007e+00
9.40000000000000e+00  1.83000000000011e+00
9.45000000000000e+00  1.44187500000007e+00
9.50000000000000e+00  1.08750000000007e+00
9.55000000000000e+00  7.66875000000068e-01
9.60000000000000e+00  4.80000000000075e-01
9.65000000000000e+00  2.26875000000097e-01
9.70000000000000e+00  7.50000000009756e-03
9.75000000000000e+00  -1.78124999999887e-01
9.80000000000000e+00  -3.29999999999946e-01
9.85000000000000e+00  -4.48124999999865e-01
9.90000000000000e+00  -5.32499999999931e-01
9.95000000000000e+00  -5.83124999999910e-01
1.00000000000000e+01  -5.99999999999824e-01
1.00500000000000e+01  -5.83124999999867e-01
1.01000000000000e+01  -5.32499999999802e-01
1.01500000000000e+01  -4.48124999999865e-01
1.02000000000000e+01  -3.29999999999874e-01
1.02500000000000e+01  -1.78124999999903e-01
1.03000000000000e+01  7.50000000008456e-03
1.03500000000000e+01  2.26875000000071e-01
1.04000000000000e+01  4.80000000000056e-01
1.04500000000000e+01  7.66875000000039e-01
1.05000000000000e+01  1.08750000000001e+00
1.05500000000000e+01  1.44187500000001e+00
1.06000000000000e+01  1.83000000000001e+00
1.06500000000000e+01  2.25187500000001e+00
1.07000000000000e+01  2.70750000000003e+00
1.07500000000000e+01  3.19687499999999e+00
1.08000000000000e+01  3.72000000000000e+00
1.08500000000000e+01  4.27687499999999e+00
1.09000000000000e+01  4.86749999999998e+00
1.09500000000000e+01  5.49187499999999e+00
1.10000000000000e+01  6.14999999999997e+00
1.10500000000000e+01  6.84187499999998e+00
1.11000000000000e+01  7.56749999999997e+00
1.11500000000000e+01  8.32687499999997e+00
1.12000000000000e+01  9.12000000000002e+00
1.12500000000000e+01  9.94687499999996e+00
1.13000000000000e+01  1.08075000000000e+01
1.13500000000000e+01  1.17018750000000e+01
1.14000000000000e+01  1.26300000000000e+01
1.14500000000000e+01  1.35918750000000e+01
1.15000000000000e+01  1.45875000000000e+01
1.15500000000000e+01  1.56168750000000e+01
1.16000000000000e+01  1.66800000000000e+01
1.16500000000000e+01  1.77768750000000e+01
1.17000000000000e+01  1.89075000000000e+01
1.17500000000000e+01  2.00718750000000e+01
1.18000000000000e+01  2.12700000000001e+01
1.18500000000000e+01  2.25018750000001e+01
1.19000000000000e+01  2.37675000000001e+01
1.19500000000000e+01  2.50668750000000e+01
1.20000000000000e+01  2.64000000000001e+01
1.20500000000000e+01  2.77668750000001e+01
1.21000000000000e+01  2.91675000000001e+01
1.21500000000000e+01  3.06018750000000e+01
1.22000000000000e+01  3.20700000000001e+01
1.22500000000000e+01  3.35718750000001e+01
1.23000000000000e+01  3.51075000000001e+01
1.23500000000000e+01  3.66768750000001e+01
1.24000000000000e+01  3.82800000000001e+01
1.24500000000000e+01  3.99168750000001e+01
1.25000000000000e+01  4.15875000000001e+01
1.25500000000000e+01  4.32918750000001e+01
1.26000000000000e+01  4.50300000000001e+01
1.26500000000000e+01  4.68018750000001e+01
1.27000000000000e+01  4.86075000000001e+01
1.27500000000000e+01  5.04468750000001e+01
1.28000000000000e+01  5.23200000000002e+01
1.28500000000000e+01  5.42268750000001e+01
1.29000000000000e+01  5.61675000000001e+01
1.29500000000000e+01  5.81418750000001e+01
1.30000000000000e+01  6.01500000000001e+01
1.30500000000000e+01  6.21918750000002e+01
1.31000000000000e+01  6.42675000000002e+01
1.31500000000000e+01  6.63768750000001e+01
1.32000000000000e+01  6.85200000000002e+01
1.32500000000000e+01  7.06968750000001e+01
1.33000000000000e+01  7.29075000000001e+01
1.33500000000000e+01  7.51518750000002e+01
1.34000000000000e+01  7.74300000000001e+01
1.34500000000000e+01  7.97418750000002e+01
1.35000000000000e+01  8.20875000000001e+01
1.35500000000000e+01  8.44668750000002e+01
1.36000000000000e+01  8.68800000000002e+01
1.36500000000000e+01  8.93268750000002e+01
1.37000000000000e+01  9.18075000000001e+01
1.37500000000000e+01  9.43218750000001e+01
1.38000000000000e+01  9.68700000000001e+01
1.38500000000000e+01  9.94518750000002e+01
1.39000000000000e+01  1.02067500000000e+02
1.39500000000000e+01  1.04716875000000e+02
1.40000000000000e+01  1.07400000000000e+02
1.40500000000000e+01  1.10116875000000e+02
1.41000000000000e+01  1.12867500000000e+02
1.41500000000000e+01  1.15651875000000e+02
1.42000000000000e+01  1.18470000000000e+02
1.42500000000000e+01  1.21321875000000e+02
1.43000000000000e+01  1.24207500000000e+02
1.43500000000000e+01  1.27126875000000e+02
1.44000000000000e+01  1.30080000000000e+02
1.44500000000000e+01  1.33066875000000e+02
1.45000000000000e+01  1.36087500000000e+02
1.45500000000000e+01  1.39141875000000e+02
1.46000000000000e+01  1.42230000000000e+02
1.46500000000000e+01  1.45351875000000e+02
1.47000000000000e+01  1.48507500000000e+02
1.47500000000000e+01  1.51696875000000e+02
1.48000000000000e+01  1.54920000000000e+02
1.48500000000000e+01  1.58176875000000e+02
1.49000000000000e+01  1.61467500000000e+02
1.49500000000000e+01  1.64791875000000e+02
1.50000000000000e+01  1.68150000000000e+02
1.50500000000000e+01  1.71541875000000e+02
1.51000000000000e+01  1.74967500000000e+02
1.51500000000000e+01  1.78426875000000e+02
1.52000000000000e+01  1.81920000000000e+02
1.52500000000000e+01  1.85446875000000e+02
1.53000000000000e+01  1.89007500000000e+02
1.53500000000000e+01  1.92601875000000e+02
1.54000000000000e+01  1.96230000000000e+02
1.54500000000000e+01  1.99891875000000e+02
1.55000000000000e+01  2.03587500000000e+02
1.55500000000000e+01  2.07316875000000e+02
1.56000000000000e+01  2.11080000000000e+02
1.56500000000000e+01  2.14876875000000e+02
1.57000000000000e+01  2.18707500000000e+02
1.57500000000000e+01  2.22571875000000e+02
1.58000000000000e+01  2.26470000000000e+02
1.58500000000000e+01  2.30401875000000e+02
1.59000000000000e+01  2.34367500000000e+02
1.59500000000000e+01  2.38366875000000e+02
1.60000000000000e+01  2.42400000000000e+02
1.60500000000000e+01  2.46466875000000e+02
1.61000000000000e+01  2.50567500000000e+02
1.61500000000000e+01  2.54701875000000e+02
1.62000000000000e+01  2.58870000000000e+02
1.62500000000000e+01  2.63071875000000e+02
1.63000000000000e+01  2.67307500000000e+02
1.63500000000000e+01  2.71576875000000e+02
1.64000000000000e+01  2.75880000000000e+02
1.64500000000000e+01  2.80216875000000e+02
1.65000000000000e+01  2.84587500000000e+02
1.65500000000000e+01  2.88991875000000e+02
1.66000000000000e+01  2.93430000000000e+02
1.66500000000000e+01  2.97901875000000e+02
1.67000000000000e+01  3.02407500000000e+02
1.67500000000000e+01  3.06946875000000e+02
1.68000000000000e+01  3.11520000000000e+02
1.68500000000000e+01  3.16126875000000e+02
1.69000000000000e+01  3.20767500000000e+02
1.69500000000000e+01  3.25441875000000e+02
1.70000000000000e+01  3.30150000000000e+02
1.70500000000000e+01  3.34891875000000e+02
1.71000000000000e+01  3.39667500000000e+02
1.71500000000000e+01  3.44476875000000e+02
1.72000000000000e+01  3.49320000000000e+02
1.72500000000000e+01  3.54196875000000e+02
1.73000000000000e+01  3.59107500000000e+02
1.73500000000000e+01  3.64051875000000e+02
1.74000000000000e+01  3.69030000000000e+02
1.74500000000000e+01  3.74041875000000e+02
1.75000000000000e+01  3.79087500000000e+02
1.75500000000000e+01  3.84166875000000e+02
1.76000000000000e+01  3.89280000000000e+02
1.76500000000000e+01  3.94426875000000e+02
1.77000000000000e+01  3.99607500000000e+02
1.77500000000000e+01  4.04821875000000e+02
1.78000000000000e+01  4.10070000000000e+02
1.78500000000000e+01  4.15351875000000e+02
1.79000000000000e+01  4.20667500000000e+02
1.79500000000000e+01  4.26016875000000e+02
1.80000000000000e+01  4.31400000000000e+02
1.80500000000000e+01  4.36816875000000e+02
1.81000000000000e+01  4.42267500000000e+02
1.81500000000000e+01  4.47751875000000e+02
1.82000000000000e+01  4.53270000000000e+02
1.82500000000000e+01  4.58821875000000e+02
1.83000000000000e+01  4.64407500000000e+02
1.83500000000000e+01  4.70026875000000e+02
1.84000000000000e+01  4.75680000000000e+02
1.84500000000000e+01  4.81366875000000e+02
1.85000000000000e+01  4.87087500000000e+02
1.85500000000000e+01  4.92841875000000e+02
1.86000000000000e+01  4.98630000000000e+02
1.86500000000000e+01  5.04451875000000e+02
1.87000000000000e+01  5.10307500000000e+02
1.87500000000000e+01  5.16196875000000e+02
1.88000000000000e+01  5.22120000000000e+02
1.88500000000000e+01  5.28076875000000e+02
1.89000000000000e+01  5.34067500000000e+02
1.89500000000000e+01  5.40091875000000e+02
1.90000000000000e+01  5.46150000000000e+02
1.90500000000000e+01  5.52241875000000e+02
1.91000000000000e+01  5.58367500000000e+02
1.91500000000000e+01  5.64526875000000e+02
1.92000000000000e+01  5.70720000000000e+02
1.92500000000000e+01  5.76946875000000e+02
1.93000000000000e+01  5.83207500000000e+02
1.93500000000000e+01  5.89501875000000e+02
1.94000000000000e+01  5.95830000000000e+02
1.94500000000000e+01  6.02191875000000e+02
1.95000000000000e+01  6.08587500000000e+02
1.95500000000000e+01  6.15016875000000e+02
1.96000000000000e+01  6.21480000000000e+02
1.96500000000000e+01  6.27976875000000e+02
1.97000000000000e+01  6.34507500000001e+02
1.97500000000000e+01  6.41071875000000e+02
1.98000000000000e+01  6.47670000000000e+02
1.98500000000000e+01  6.54301875000000e+02
1.99000000000000e+01  6.60967500000000e+02
1.99500000000000e+01  6.67666875000000e+02
2.00000000000000e+01  6.74399999999997e+02
