0.00000000000000e+00  -1.64239901394472e-01
2.50000000000000e-02  -1.76175938690388e-01
5.00000000000000e-02  -1.87510847657857e-01
7.50000000000000e-02  -1.98216850903912e-01
1.00000000000000e-01  -2.08252962062334e-01
1.25000000000000e-01  -2.17566976648265e-01
1.50000000000000e-01  -2.26097462912823e-01
1.75000000000000e-01  -2.33775752697717e-01
2.00000000000000e-01  -2.40527932289865e-01
2.25000000000000e-01  -2.46276833276008e-01
2.50000000000000e-01  -2.50944023397327e-01
2.75000000000000e-01  -2.54451797404058e-01
3.00000000000000e-01  -2.56725167910108e-01
3.25000000000000e-01  -2.57693107465356e-01
3.50000000000000e-01  -2.57290494981649e-01
3.75000000000000e-01  -2.55459613587298e-01
4.00000000000000e-01  -2.52148831855765e-01
4.25000000000000e-01  -2.47316315302493e-01
4.50000000000000e-01  -2.40929646139077e-01
4.75000000000000e-01  -2.32965443027439e-01
5.00000000000000e-01  -2.23408980833995e-01
5.25000000000000e-01  -2.12253810383837e-01
5.50000000000000e-01  -1.99501378214895e-01
5.75000000000000e-01  -1.85160646332115e-01
6.00000000000000e-01  -1.69247711961629e-01
6.25000000000000e-01  -1.52260623846223e-01
6.50000000000000e-01  -1.32986720104165e-01
6.75000000000000e-01  -1.12688712563656e-01
7.00000000000000e-01  -9.13050806852863e-02
7.25000000000000e-01  -6.88381826312615e-02
7.50000000000000e-01  -4.53464644854335e-02
7.75000000000000e-01  -2.09366694733476e-02
8.00000000000000e-01  4.24395281772024e-03
8.25000000000000e-01  3.00154372187250e-02
8.50000000000000e-01  5.61728937588066e-02
8.75000000000000e-01  8.24942984452567e-02
9.00000000000000e-01  1.08748284043471e-01
9.25000000000000e-01  1.34701930856914e-01
9.50000000000000e-01  1.60109839452216e-01
9.75000000000000e-01  1.84731161458424e-01
1.00000000000000e+00  2.08332252944603e-01
1.02500000000000e+00  2.30671101083427e-01
1.05000000000000e+00  2.51514373230014e-01
1.07500000000000e+00  2.70633004521738e-01
1.10000000000000e+00  2.87797785478038e-01
1.12500000000000e+00  3.02774949600233e-01
1.15000000000000e+00  3.15321760971330e-01
1.17500000000000e+00  3.25182101855841e-01
1.20000000000000e+00  3.32082060299591e-01
1.22500000000000e+00  3.35725517729530e-01
1.25000000000000e+00  3.35633167999733e-01
1.27500000000000e+00  3.33355768789983e-01
1.30000000000000e+00  3.27160218245877e-01
1.32500000000000e+00  3.17149576793206e-01
1.35000000000000e+00  3.03404545185773e-01
1.37500000000000e+00  2.85994275675813e-01
1.40000000000000e+00  2.64987183184414e-01
1.42500000000000e+00  2.40461034432978e-01
1.45000000000000e+00  2.12512550427437e-01
1.47500000000000e+00  1.81265895818879e-01
1.50000000000000e+00  1.46881399907999e-01
1.52500000000000e+00  1.09562198888546e-01
1.55000000000000e+00  6.95605666917817e-02
1.57500000000000e+00  2.71595615080491e-02
1.60000000000000e+00  -1.72924972443069e-02
1.62500000000000e+00  -6.33727787806120e-02
1.65000000000000e+00  -1.10687521251075e-01
1.67500000000000e+00  -1.58764428238413e-01
1.70000000000000e+00  -2.07079700746213e-01
1.72500000000000e+00  -2.55084749332596e-01
1.75000000000000e+00  -3.02230770611189e-01
1.77500000000000e+00  -3.47992393908988e-01
1.80000000000000e+00  -3.91889955352161e-01
1.82500000000000e+00  -4.33509740176230e-01
1.85000000000000e+00  -4.72520892326287e-01
1.87500000000000e+00  -5.07108274957416e-01
1.90000000000000e+00  -5.39389561755105e-01
1.92500000000000e+00  -5.66595414758335e-01
1.95000000000000e+00  -5.88592692525957e-01
1.97500000000000e+00  -6.05200667475460e-01
2.00000000000000e+00  -6.16207725532113e-01
2.02500000000000e+00  -6.21388065778098e-01
2.05000000000000e+00  -6.20521078114913e-01
2.07500000000000e+00  -6.13412418582403e-01
2.10000000000000e+00  -5.99917787724344e-01
2.12500000000000e+00  -5.79966525290790e-01
2.15000000000000e+00  -5.53590176667649e-01
2.17500000000000e+00  -5.20951807866045e-01
2.20000000000000e+00  -4.82228703898008e-01
2.22500000000000e+00  -4.37720401375249e-01
2.25000000000000e+00  -3.87858519973757e-01
2.27500000000000e+00  -3.33101274883269e-01
2.30000000000000e+00  -2.74014975116188e-01
2.32500000000000e+00  -2.11245930625895e-01
2.35000000000000e+00  -1.45493835289171e-01
2.37500000000000e+00  -7.74952709058304e-02
2.40000000000000e+00  -8.00325525875284e-03
2.42500000000000e+00  6.22280874633317e-02
2.45000000000000e+00  1.32460551734617e-01
2.47500000000000e+00  2.01993864161170e-01
2.50000000000000e+00  2.69084497857123e-01
2.52500000000000e+00  3.34548683011461e-01
2.55000000000000e+00  3.96017515574088e-01
2.57500000000000e+00  4.52920228822419e-01
2.60000000000000e+00  5.04659974976830e-01
2.62500000000000e+00  5.50635990885002e-01
2.65000000000000e+00  5.90265763706274e-01
2.67500000000000e+00  6.23007196595985e-01
2.70000000000000e+00  6.48380774389834e-01
2.72500000000000e+00  6.65991729288217e-01
2.75000000000000e+00  6.75552206540583e-01
2.77500000000000e+00  6.76903430129779e-01
2.80000000000000e+00  6.70037868456400e-01
2.82500000000000e+00  6.55000425148516e-01
2.85000000000000e+00  6.32049273921254e-01
2.87500000000000e+00  6.01518287974073e-01
2.90000000000000e+00  5.63866140249442e-01
2.92500000000000e+00  5.19681639734839e-01
2.95000000000000e+00  4.69652270461061e-01
2.97500000000000e+00  4.14537757233688e-01
3.00000000000000e+00  3.55172378672817e-01
3.02500000000000e+00  2.92442556553179e-01
3.05000000000000e+00  2.27274323055236e-01
3.07500000000000e+00  1.60606799241582e-01
3.10000000000000e+00  9.33510318995989e-02
3.12500000000000e+00  2.67382720252849e-02
3.15000000000000e+00  -3.80935645917277e-02
3.17500000000000e+00  -1.00374687730134e-01
3.20000000000000e+00  -1.59138398414626e-01
3.22500000000000e+00  -2.13496425442664e-01
3.25000000000000e+00  -2.62648428868145e-01
3.27500000000000e+00  -3.05891503485067e-01
3.30000000000000e+00  -3.42630333425241e-01
3.32500000000000e+00  -3.72386961701822e-01
3.35000000000000e+00  -3.94808949559234e-01
3.37500000000000e+00  -4.09677347014949e-01
3.40000000000000e+00  -4.16912186289195e-01
3.42500000000000e+00  -4.16577675223764e-01
3.45000000000000e+00  -4.08820353580115e-01
3.47500000000000e+00  -3.94054638244077e-01
3.50000000000000e+00  -3.72720880550159e-01
3.52500000000000e+00  -3.45325312950647e-01
3.55000000000000e+00  -3.12554235516007e-01
3.57500000000000e+00  -2.75210259339771e-01
3.60000000000000e+00  -2.34157156917330e-01
3.62500000000000e+00  -1.90315281048247e-01
3.65000000000000e+00  -1.44634142587938e-01
3.67500000000000e+00  -9.80864002603410e-02
3.70000000000000e+00  -5.16626300998497e-02
3.72500000000000e+00  -6.37697926449217e-03
3.75000000000000e+00  3.69980853330997e-02
3.77500000000000e+00  7.73214029542042e-02
3.80000000000000e+00  1.13918137575751e-01
3.82500000000000e+00  1.46039432976732e-01
3.85000000000000e+00  1.73056640041427e-01
3.87500000000000e+00  1.94463589441737e-01
3.90000000000000e+00  2.09878864319507e-01
3.92500000000000e+00  2.19051596348638e-01
3.95000000000000e+00  2.21866664086908e-01
3.97500000000000e+00  2.18347242385927e-01
4.00000000000000e+00  2.08655875982795e-01
4.02500000000000e+00  1.93092661188210e-01
4.05000000000000e+00  1.72093223320582e-01
4.07500000000000e+00  1.46185853667573e-01
4.10000000000000e+00  1.16048276164693e-01
4.12500000000000e+00  8.24102254745347e-02
4.15000000000000e+00  4.60920257755135e-02
4.17500000000000e+00  7.97445554356487e-03
4.20000000000000e+00  -3.10221736295691e-02
4.22500000000000e+00  -6.99590096767597e-02
4.25000000000000e+00  -1.07900036103695e-01
4.27500000000000e+00  -1.43931923149623e-01
4.30000000000000e+00  -1.77183711398328e-01
4.32500000000000e+00  -2.06844695511227e-01
4.35000000000000e+00  -2.32179620835945e-01
4.37500000000000e+00  -2.52566575686709e-01
4.40000000000000e+00  -2.67414338436421e-01
4.42500000000000e+00  -2.76387422856842e-01
4.45000000000000e+00  -2.79175761692729e-01
4.47500000000000e+00  -2.75626030777897e-01
4.50000000000000e+00  -2.65734107701322e-01
4.52500000000000e+00  -2.49637530473233e-01
4.55000000000000e+00  -2.27607956191215e-01
4.57500000000000e+00  -2.00043619706304e-01
4.60000000000000e+00  -1.67461792289084e-01
4.62500000000000e+00  -1.30491240295790e-01
4.65000000000000e+00  -8.98646838343972e-02
4.67500000000000e+00  -4.64112554307297e-02
4.70000000000000e+00  -9.98433711124952e-04
4.72500000000000e+00  4.54515845105675e-02
4.75000000000000e+00  9.19932432588949e-02
4.77500000000000e+00  1.37661344167167e-01
4.80000000000000e+00  1.81513728779208e-01
4.82500000000000e+00  2.22647067235740e-01
4.85000000000000e+00  2.60212646960773e-01
4.87500000000000e+00  2.93432161347971e-01
4.90000000000000e+00  3.21613498447051e-01
4.92500000000000e+00  3.44166529650148e-01
4.95000000000000e+00  3.60618898378206e-01
4.97500000000000e+00  3.70631808767358e-01
5.00000000000000e+00  3.74015813519660e-01
5.02500000000000e+00  3.70629982938835e-01
5.05000000000000e+00  3.60615270001051e-01
5.07500000000000e+00  3.44161143988437e-01
5.10000000000000e+00  3.21606422838013e-01
5.12500000000000e+00  2.93423484240985e-01
5.15000000000000e+00  2.60202476742033e-01
5.17500000000000e+00  2.22635530838598e-01
5.20000000000000e+00  1.81500970080184e-01
5.22500000000000e+00  1.37647522167631e-01
5.25000000000000e+00  9.19785300524231e-02
5.27500000000000e+00  4.54361630359608e-02
5.30000000000000e+00  -1.01437213113254e-03
5.32500000000000e+00  -4.64275132006789e-02
5.35000000000000e+00  -8.98810598805618e-02
5.37500000000000e+00  -1.30507532610027e-01
5.40000000000000e+00  -1.67477800229403e-01
5.42500000000000e+00  -2.00059146675121e-01
5.45000000000000e+00  -2.27622812164187e-01
5.47500000000000e+00  -2.49651534378641e-01
5.50000000000000e+00  -2.65747089650020e-01
5.52500000000000e+00  -2.75637834143826e-01
5.55000000000000e+00  -2.79186245043983e-01
5.57500000000000e+00  -2.76396461737311e-01
5.60000000000000e+00  -2.67421826997978e-01
5.62500000000000e+00  -2.52549731968105e-01
5.65000000000000e+00  -2.32183771174613e-01
5.67500000000000e+00  -2.06847099971545e-01
5.70000000000000e+00  -1.77184347919060e-01
5.72500000000000e+00  -1.43930791922578e-01
5.75000000000000e+00  -1.07897159403233e-01
5.77500000000000e+00  -6.99544314682947e-02
5.80000000000000e+00  -3.10159589336276e-02
5.82500000000000e+00  7.98222154316811e-03
5.85000000000000e+00  4.61012388662781e-02
5.87500000000000e+00  8.24207638077376e-02
5.90000000000000e+00  1.16060001877911e-01
5.92500000000000e+00  1.46198614733130e-01
5.95000000000000e+00  1.72106855236005e-01
5.97500000000000e+00  1.93106989460729e-01
6.00000000000000e+00  2.08670717655189e-01
6.02500000000000e+00  2.18362409280148e-01
6.05000000000000e+00  2.21881964675308e-01
6.07500000000000e+00  2.19066837924215e-01
6.10000000000000e+00  2.09893855424435e-01
6.12500000000000e+00  1.94478142281380e-01
6.15000000000000e+00  1.73070572890356e-01
6.17500000000000e+00  1.46052572425107e-01
6.20000000000000e+00  1.13930320521853e-01
6.22500000000000e+00  7.73324782053799e-02
6.25000000000000e+00  3.67370108219810e-02
6.27500000000000e+00  -6.36851651729838e-03
6.30000000000000e+00  -5.16556400099553e-02
6.32500000000000e+00  -9.80809696613750e-02
6.35000000000000e+00  -1.44630339456528e-01
6.37500000000000e+00  -1.90313153790491e-01
6.40000000000000e+00  -2.34156733899002e-01
6.42500000000000e+00  -2.75211548662294e-01
6.45000000000000e+00  -3.12557225051482e-01
6.47500000000000e+00  -3.45329970601182e-01
6.50000000000000e+00  -3.72727154766531e-01
6.52500000000000e+00  -3.94062458725747e-01
6.55000000000000e+00  -4.08829632144236e-01
6.57500000000000e+00  -4.16588307087843e-01
6.60000000000000e+00  -4.16924051553247e-01
6.62500000000000e+00  -4.09690311227628e-01
6.65000000000000e+00  -3.94822866544953e-01
6.67500000000000e+00  -3.72401674828567e-01
6.70000000000000e+00  -3.42645677239092e-01
6.72500000000000e+00  -3.05907305674266e-01
6.75000000000000e+00  -2.62664512312667e-01
6.77500000000000e+00  -2.13512610348068e-01
6.80000000000000e+00  -1.59154504396611e-01
6.82500000000000e+00  -1.00390535750423e-01
6.85000000000000e+00  -3.81089785805696e-02
6.87500000000000e+00  2.63340243366358e-02
6.90000000000000e+00  9.33369926194947e-02
6.92500000000000e+00  1.60593683635507e-01
6.95000000000000e+00  2.27262277616134e-01
6.97500000000000e+00  2.92431715617034e-01
7.00000000000000e+00  3.55162863059981e-01
7.02500000000000e+00  4.14529673274844e-01
7.05000000000000e+00  4.69645709244355e-01
7.07500000000000e+00  5.19676676549338e-01
7.10000000000000e+00  5.63862834101127e-01
7.12500000000000e+00  6.01516681277225e-01
7.15000000000000e+00  6.32049392070393e-01
7.17500000000000e+00  6.55002275921065e-01
7.20000000000000e+00  6.70041442761082e-01
7.22500000000000e+00  6.76908702701521e-01
7.25000000000000e+00  6.75559135247976e-01
7.27500000000000e+00  6.66000256264099e-01
7.30000000000000e+00  6.48390826739749e-01
7.32500000000000e+00  6.23018687274441e-01
7.35000000000000e+00  5.90278592560784e-01
7.37500000000000e+00  5.50650045867938e-01
7.40000000000000e+00  5.04675133525046e-01
7.42500000000000e+00  4.52936359404695e-01
7.45000000000000e+00  3.96034479406351e-01
7.47500000000000e+00  3.34566335939808e-01
7.50000000000000e+00  2.70205889386114e-01
7.52500000000000e+00  2.02012433310940e-01
7.55000000000000e+00  1.32479344190645e-01
7.57500000000000e+00  6.22469476625450e-02
7.60000000000000e+00  -7.98448317538797e-03
7.62500000000000e+00  -7.74767413351710e-02
7.65000000000000e+00  -1.45475699509506e-01
7.67500000000000e+00  -2.11228335289813e-01
7.70000000000000e+00  -2.73998060891907e-01
7.72500000000000e+00  -3.33085175263453e-01
7.75000000000000e+00  -3.87843360221120e-01
7.77500000000000e+00  -4.37706297663142e-01
7.80000000000000e+00  -4.82215762656796e-01
7.82500000000000e+00  -5.20940124964239e-01
7.85000000000000e+00  -5.53579836913577e-01
7.87500000000000e+00  -5.79957602454637e-01
7.90000000000000e+00  -5.99910343713915e-01
7.92500000000000e+00  -6.13406503535594e-01
7.95000000000000e+00  -6.20516730460673e-01
7.97500000000000e+00  -6.21385312264877e-01
8.00000000000000e+00  -6.16206581216861e-01
8.02500000000000e+00  -6.05201135679212e-01
8.05000000000000e+00  -5.88594764753323e-01
8.07500000000000e+00  -5.66599070586371e-01
8.10000000000000e+00  -5.39394768701086e-01
8.12500000000000e+00  -5.08699041300432e-01
8.15000000000000e+00  -4.72529075739831e-01
8.17500000000000e+00  -4.33519330070533e-01
8.20000000000000e+00  -3.91900884979917e-01
8.22500000000000e+00  -3.48004590043843e-01
8.25000000000000e+00  -3.02244154148428e-01
8.27500000000000e+00  -2.55099235911865e-01
8.30000000000000e+00  -2.07095201411706e-01
8.32500000000000e+00  -1.58780850146114e-01
8.35000000000000e+00  -1.10704768415276e-01
8.37500000000000e+00  -6.33907528739630e-02
8.40000000000000e+00  -1.73110984312623e-02
8.42500000000000e+00  2.71404337075866e-02
8.45000000000000e+00  6.95410126518624e-02
8.47500000000000e+00  1.09542318047641e-01
8.50000000000000e+00  1.46861290065192e-01
8.52500000000000e+00  1.81245652423741e-01
8.55000000000000e+00  2.12492265980906e-01
8.57500000000000e+00  2.40440797982056e-01
8.60000000000000e+00  2.64967079906484e-01
8.62500000000000e+00  2.85974386524261e-01
8.65000000000000e+00  3.03384946599905e-01
8.67500000000000e+00  3.17130340457362e-01
8.70000000000000e+00  3.27141410891055e-01
8.72500000000000e+00  3.33337452028095e-01
8.75000000000000e+00  3.35771970587723e-01
8.77500000000000e+00  3.35708341350482e-01
8.80000000000000e+00  3.32065521413475e-01
8.82500000000000e+00  3.25166240611208e-01
8.85000000000000e+00  3.15306610467630e-01
8.87500000000000e+00  3.02760536516470e-01
8.90000000000000e+00  2.87784130621580e-01
8.92500000000000e+00  2.70620123297276e-01
8.95000000000000e+00  2.51502276028677e-01
8.97500000000000e+00  2.30659793592047e-01
9.00000000000000e+00  2.08321736375131e-01
9.02500000000000e+00  1.84721432697504e-01
9.05000000000000e+00  1.60100891130905e-01
9.07500000000000e+00  1.34693751956044e-01
9.10000000000000e+00  1.08740859947971e-01
9.12500000000000e+00  8.24876111302465e-02
9.15000000000000e+00  5.61669222290475e-02
9.17500000000000e+00  3.00101577174622e-02
9.20000000000000e+00  4.23933909312458e-03
9.22500000000000e+00  -2.09406458441648e-02
9.25000000000000e+00  -4.53498337148238e-02
9.27500000000000e+00  -6.88409762818513e-02
9.30000000000000e+00  -9.13073311732135e-02
9.32500000000000e+00  -1.12690452604217e-01
9.35000000000000e+00  -1.32987982099889e-01
9.37500000000000e+00  -1.51786246956113e-01
9.40000000000000e+00  -1.69248124080313e-01
9.42500000000000e+00  -1.85160685982955e-01
9.45000000000000e+00  -1.99501080298590e-01
9.47500000000000e+00  -2.12253209558216e-01
9.50000000000000e+00  -2.23408111433862e-01
9.52500000000000e+00  -2.32964338983167e-01
9.55000000000000e+00  -2.40928340893958e-01
9.57500000000000e+00  -2.47314841728840e-01
9.60000000000000e+00  -2.52147222169768e-01
9.62500000000000e+00  -2.55457899262631e-01
9.65000000000000e+00  -2.57288706661838e-01
9.67500000000000e+00  -2.57691274874891e-01
9.70000000000000e+00  -2.56723319830086e-01
9.72500000000000e+00  -2.54449961550246e-01
9.75000000000000e+00  -2.50942226333069e-01
9.77500000000000e+00  -2.46275100250337e-01
9.80000000000000e+00  -2.40526287097405e-01
9.82500000000000e+00  -2.33774217483277e-01
9.85000000000000e+00  -2.26096057920679e-01
9.87500000000000e+00  -2.17565719916127e-01
9.90000000000000e+00  -2.08251869060002e-01
9.92500000000000e+00  -1.98215934116623e-01
9.95000000000000e+00  -1.87510116114323e-01
9.97500000000000e+00  -1.76175397435511e-01
1.00000000000000e+01  -1.64239550906762e-01
