0.00000000000000e+00  1.03634156237391e-01
2.50000000000000e-02  1.15032255240482e-01
5.00000000000000e-02  1.26708150264719e-01
7.50000000000000e-02  1.38664276809530e-01
1.00000000000000e-01  1.50901428294203e-01
1.25000000000000e-01  1.63418490804611e-01
1.50000000000000e-01  1.76212177839921e-01
1.75000000000000e-01  1.89276765059322e-01
2.00000000000000e-01  2.02603825028744e-01
2.25000000000000e-01  2.16181961967575e-01
2.50000000000000e-01  2.29996546495389e-01
2.75000000000000e-01  2.44029450378658e-01
3.00000000000000e-01  2.58258781277477e-01
3.25000000000000e-01  2.72658212278831e-01
3.50000000000000e-01  2.87197207618252e-01
3.75000000000000e-01  3.01840855869061e-01
4.00000000000000e-01  3.16550107410267e-01
4.25000000000000e-01  3.31281369496962e-01
4.50000000000000e-01  3.45986927254537e-01
4.75000000000000e-01  3.60615364672909e-01
5.00000000000000e-01  3.75111985600749e-01
5.25000000000000e-01  3.89419234739697e-01
5.50000000000000e-01  4.03477118638597e-01
5.75000000000000e-01  4.17223626687715e-01
6.00000000000000e-01  4.30595152112961e-01
6.25000000000000e-01  4.43497601307665e-01
6.50000000000000e-01  4.55893533186607e-01
6.75000000000000e-01  4.67673818494892e-01
7.00000000000000e-01  4.78764265062245e-01
7.25000000000000e-01  4.89087394149704e-01
7.50000000000000e-01  4.98563217921104e-01
7.75000000000000e-01  5.07110016914546e-01
8.00000000000000e-01  5.14645117513879e-01
8.25000000000000e-01  5.21085669420170e-01
8.50000000000000e-01  5.26349423123184e-01
8.75000000000000e-01  5.30355507372856e-01
9.00000000000000e-01  5.33025206650766e-01
9.25000000000000e-01  5.34282738641620e-01
9.50000000000000e-01  5.34056603130273e-01
9.75000000000000e-01  5.32279811093196e-01
1.00000000000000e+00  5.28890997371894e-01
1.02500000000000e+00  5.23834683933144e-01
1.05000000000000e+00  5.17062468367503e-01
1.07500000000000e+00  5.08533540338564e-01
1.10000000000000e+00  4.98215198032208e-01
1.12500000000000e+00  4.86083364605859e-01
1.15000000000000e+00  4.72123104637739e-01
1.17500000000000e+00  4.56329140576118e-01
1.20000000000000e+00  4.38706369188571e-01
1.22500000000000e+00  4.19270378011232e-01
1.25000000000000e+00  3.98069240694531e-01
1.27500000000000e+00  3.75114719836103e-01
1.30000000000000e+00  3.50492568183384e-01
1.32500000000000e+00  3.24267920944127e-01
1.35000000000000e+00  2.96521517109396e-01
1.37500000000000e+00  2.67349153169780e-01
1.40000000000000e+00  2.36861136831610e-01
1.42500000000000e+00  2.05181740733174e-01
1.45000000000000e+00  1.72448656160926e-01
1.47500000000000e+00  1.38812446765709e-01
1.50000000000000e+00  1.04436002278967e-01
1.52500000000000e+00  6.94939922289564e-02
1.55000000000000e+00  3.41723196569684e-02
1.57500000000000e+00  -1.33429131504429e-03
1.60000000000000e+00  -3.68223059686314e-02
1.62500000000000e+00  -7.20805187377000e-02
1.65000000000000e+00  -1.06892414342698e-01
1.67500000000000e+00  -1.41036627993180e-01
1.70000000000000e+00  -1.74288679142357e-01
1.72500000000000e+00  -2.06422705241629e-01
1.75000000000000e+00  -2.37213195495130e-01
1.77500000000000e+00  -2.66436724614269e-01
1.80000000000000e+00  -2.93873686572270e-01
1.82500000000000e+00  -3.19310028358714e-01
1.85000000000000e+00  -3.42538983734076e-01
1.87500000000000e+00  -3.63374704065000e-01
1.90000000000000e+00  -3.81628734477630e-01
1.92500000000000e+00  -3.97142203256627e-01
1.95000000000000e+00  -4.09763163645436e-01
1.97500000000000e+00  -4.19359723569347e-01
2.00000000000000e+00  -4.25821276448124e-01
2.02500000000000e+00  -4.29059732008631e-01
2.05000000000000e+00  -4.29010747097459e-01
2.07500000000000e+00  -4.25634956493547e-01
2.10000000000000e+00  -4.18919203720817e-01
2.12500000000000e+00  -4.08877771860794e-01
2.15000000000000e+00  -3.95553614365232e-01
2.17500000000000e+00  -3.79019585868746e-01
2.20000000000000e+00  -3.59374978631031e-01
2.22500000000000e+00  -3.36749089690098e-01
2.25000000000000e+00  -3.11301427904666e-01
2.27500000000000e+00  -2.83216093545234e-01
2.30000000000000e+00  -2.52706049017711e-01
2.32500000000000e+00  -2.20010926754398e-01
2.35000000000000e+00  -1.85394837104967e-01
2.37500000000000e+00  -1.49144176227450e-01
2.40000000000000e+00  -1.11565433979217e-01
2.42500000000000e+00  -7.29830018079640e-02
2.45000000000000e+00  -3.37369806426920e-02
2.47500000000000e+00  5.81901121530965e-03
2.50000000000000e+00  4.53287271328616e-02
2.52500000000000e+00  8.44176812826421e-02
2.55000000000000e+00  1.22717300533217e-01
2.57500000000000e+00  1.59859044560268e-01
2.60000000000000e+00  1.95479809448525e-01
2.62500000000000e+00  2.29225567887259e-01
2.65000000000000e+00  2.60755009365791e-01
2.67500000000000e+00  2.89743180368987e-01
2.70000000000000e+00  3.15885124572764e-01
2.72500000000000e+00  3.38899523039587e-01
2.75000000000000e+00  3.58532334413968e-01
2.77500000000000e+00  3.74560435117975e-01
2.80000000000000e+00  3.86795259546722e-01
2.82500000000000e+00  3.95082996644788e-01
2.85000000000000e+00  3.99309424027959e-01
2.87500000000000e+00  3.99403552110058e-01
2.90000000000000e+00  3.95331440292183e-01
2.92500000000000e+00  3.87105489997135e-01
2.95000000000000e+00  3.74783430333046e-01
2.97500000000000e+00  3.58467303757007e-01
3.00000000000000e+00  3.38302451738701e-01
3.02500000000000e+00  3.14476500424030e-01
3.05000000000000e+00  2.87218346298747e-01
3.07500000000000e+00  2.56797141852085e-01
3.10000000000000e+00  2.23521281240388e-01
3.12500000000000e+00  1.87741162111136e-01
3.15000000000000e+00  1.49820145956481e-01
3.17500000000000e+00  1.10168107252173e-01
3.20000000000000e+00  6.92093953490299e-02
3.22500000000000e+00  2.73885945349022e-02
3.25000000000000e+00  -1.48349440152441e-02
3.27500000000000e+00  -5.69925702892304e-02
3.30000000000000e+00  -9.86118034875749e-02
3.32500000000000e+00  -1.39221800073406e-01
3.35000000000000e+00  -1.78358821822370e-01
3.37500000000000e+00  -2.15571703872537e-01
3.40000000000000e+00  -2.50427322774317e-01
3.42500000000000e+00  -2.82516064540357e-01
3.45000000000000e+00  -3.11457110033056e-01
3.47500000000000e+00  -3.36903337092016e-01
3.50000000000000e+00  -3.58548784653234e-01
3.52500000000000e+00  -3.76123261000514e-01
3.55000000000000e+00  -3.89406133597402e-01
3.57500000000000e+00  -3.98227503379021e-01
3.60000000000000e+00  -4.02469379043889e-01
3.62500000000000e+00  -4.02066851345747e-01
3.65000000000000e+00  -3.97009267385386e-01
3.67500000000000e+00  -3.87341404902469e-01
3.70000000000000e+00  -3.73164646567359e-01
3.72500000000000e+00  -3.54638154272943e-01
3.75000000000000e+00  -3.31977747407871e-01
3.77500000000000e+00  -3.05434456188940e-01
3.80000000000000e+00  -2.75335750622823e-01
3.82500000000000e+00  -2.42035351077308e-01
3.85000000000000e+00  -2.05931634491453e-01
3.87500000000000e+00  -1.67461382542985e-01
3.90000000000000e+00  -1.27093529815717e-01
3.92500000000000e+00  -8.53229119669590e-02
3.95000000000000e+00  -4.26640138949216e-02
3.97500000000000e+00  3.55282093871567e-04
4.00000000000000e+00  4.31999481171706e-02
4.02500000000000e+00  8.53340625495940e-02
4.05000000000000e+00  1.26227061855213e-01
4.07500000000000e+00  1.65364191779905e-01
4.10000000000000e+00  2.02250088009437e-01
4.12500000000000e+00  2.36419079888579e-01
4.15000000000000e+00  2.67431354624867e-01
4.17500000000000e+00  2.94889595773707e-01
4.20000000000000e+00  3.18442202192798e-01
4.22500000000000e+00  3.37786506996532e-01
4.25000000000000e+00  3.52671996510418e-01
4.27500000000000e+00  3.62903529225489e-01
4.30000000000000e+00  3.68344554752716e-01
4.32500000000000e+00  3.68920332777421e-01
4.35000000000000e+00  3.64621152013687e-01
4.37500000000000e+00  3.55514274726828e-01
4.40000000000000e+00  3.41684420541701e-01
4.42500000000000e+00  3.23337762948045e-01
4.45000000000000e+00  3.00703642313232e-01
4.47500000000000e+00  2.74073028012604e-01
4.50000000000000e+00  2.43792428228858e-01
4.52500000000000e+00  2.10257799751441e-01
4.55000000000000e+00  1.73908457775947e-01
4.57500000000000e+00  1.35220985703502e-01
4.60000000000000e+00  9.47031449401605e-02
4.62500000000000e+00  5.28877846963026e-02
4.65000000000000e+00  1.03267517860146e-02
4.67500000000000e+00  -3.24151995735037e-02
4.70000000000000e+00  -7.47744033855261e-02
4.72500000000000e+00  -1.16189639120136e-01
4.75000000000000e+00  -1.56114253896724e-01
4.77500000000000e+00  -1.94014440339596e-01
4.80000000000000e+00  -2.29385842994338e-01
4.82500000000000e+00  -2.61758459395983e-01
4.85000000000000e+00  -2.90701541137180e-01
4.87500000000000e+00  -3.15828494936343e-01
4.90000000000000e+00  -3.36801783705822e-01
4.92500000000000e+00  -3.53337827620067e-01
4.95000000000000e+00  -3.65211905183782e-01
4.97500000000000e+00  -3.72263054300094e-01
5.00000000000000e+00  -3.74407520530132e-01
5.02500000000000e+00  -3.71580133505403e-01
5.05000000000000e+00  -3.63844261436635e-01
5.07500000000000e+00  -3.51289925172399e-01
5.10000000000000e+00  -3.34076627514800e-01
5.12500000000000e+00  -3.12428337361751e-01
5.15000000000000e+00  -2.86628473849232e-01
5.17500000000000e+00  -2.57014890493561e-01
5.20000000000000e+00  -2.23974859333665e-01
5.22500000000000e+00  -1.87940055073336e-01
5.25000000000000e+00  -1.49381539223513e-01
5.27500000000000e+00  -1.08804744244533e-01
5.30000000000000e+00  -6.67444576884111e-02
5.32500000000000e+00  -2.37483524707951e-02
5.35000000000000e+00  1.96213789896504e-02
5.37500000000000e+00  6.28006846635163e-02
5.40000000000000e+00  1.05223813287326e-01
5.42500000000000e+00  1.46338383856690e-01
5.45000000000000e+00  1.85611239109006e-01
5.47500000000000e+00  2.22534299006165e-01
5.50000000000000e+00  2.56630414217237e-01
5.52500000000000e+00  2.87459219601185e-01
5.55000000000000e+00  3.14622987689546e-01
5.57500000000000e+00  3.37772482169147e-01
5.60000000000000e+00  3.56612811364792e-01
5.62500000000000e+00  3.70920292552551e-01
5.65000000000000e+00  3.80486235376313e-01
5.67500000000000e+00  3.85223347479189e-01
5.70000000000000e+00  3.85068837249104e-01
5.72500000000000e+00  3.80029352223043e-01
5.75000000000000e+00  3.70177577039591e-01
5.77500000000000e+00  3.55648831391465e-01
5.80000000000000e+00  3.36637667978055e-01
5.82500000000000e+00  3.13394470457962e-01
5.85000000000000e+00  2.86222051401531e-01
5.87500000000000e+00  2.55472250243395e-01
5.90000000000000e+00  2.21542531235004e-01
5.92500000000000e+00  1.84872581397169e-01
5.95000000000000e+00  1.45928403996852e-01
5.97500000000000e+00  1.05205503211676e-01
6.00000000000000e+00  6.32185146692604e-02
6.02500000000000e+00  2.04981278459282e-02
6.05000000000000e+00  -2.24196705391595e-02
6.07500000000000e+00  -6.49997469747269e-02
6.10000000000000e+00  -1.06713971608134e-01
6.12500000000000e+00  -1.47047368696101e-01
6.15000000000000e+00  -1.85504267055455e-01
6.17500000000000e+00  -2.21614450513858e-01
6.20000000000000e+00  -2.54939308360549e-01
6.22500000000000e+00  -2.85077985797082e-01
6.25000000000000e+00  -3.11683156484646e-01
6.27500000000000e+00  -3.34417887744103e-01
6.30000000000000e+00  -3.53037165513024e-01
6.32500000000000e+00  -3.67322069685897e-01
6.35000000000000e+00  -3.77112608394089e-01
6.37500000000000e+00  -3.82306558440896e-01
6.40000000000000e+00  -3.82858305736579e-01
6.42500000000000e+00  -3.78777685733414e-01
6.45000000000000e+00  -3.70128823860733e-01
6.47500000000000e+00  -3.57028975959969e-01
6.50000000000000e+00  -3.39647368719697e-01
6.52500000000000e+00  -3.18204040110681e-01
6.55000000000000e+00  -2.92968679820917e-01
6.57500000000000e+00  -2.64246563264602e-01
6.60000000000000e+00  -2.32384360266101e-01
6.62500000000000e+00  -1.97762376640900e-01
6.65000000000000e+00  -1.60789686293975e-01
6.67500000000000e+00  -1.21898900108661e-01
6.70000000000000e+00  -8.15407075442756e-02
6.72500000000000e+00  -4.01784182337243e-02
6.75000000000000e+00  1.71749641886193e-03
6.77500000000000e+00  4.36748616405236e-02
6.80000000000000e+00  8.52252576918397e-02
6.82500000000000e+00  1.25909478269313e-01
6.85000000000000e+00  1.65282988907756e-01
6.87500000000000e+00  2.02922407295976e-01
6.90000000000000e+00  2.38417252676556e-01
6.92500000000000e+00  2.71403702741418e-01
6.95000000000000e+00  3.01534234254475e-01
6.97500000000000e+00  3.28499864867997e-01
7.00000000000000e+00  3.52031127149097e-01
7.02500000000000e+00  3.71899042606238e-01
7.05000000000000e+00  3.87916095715716e-01
7.07500000000000e+00  3.99937207948167e-01
7.10000000000000e+00  4.07860711795055e-01
7.12500000000000e+00  4.11629324795171e-01
7.15000000000000e+00  4.11231123561127e-01
7.17500000000000e+00  4.06700517805849e-01
7.20000000000000e+00  3.98108774056081e-01
7.22500000000000e+00  3.85570432715034e-01
7.25000000000000e+00  3.69239605119231e-01
7.27500000000000e+00  3.49304988178684e-01
7.30000000000000e+00  3.25989868047964e-01
7.32500000000000e+00  2.99548496749915e-01
7.35000000000000e+00  2.70262468799365e-01
7.37500000000000e+00  2.38437097826847e-01
7.40000000000000e+00  2.04397793202305e-01
7.42500000000000e+00  1.68486436658819e-01
7.45000000000000e+00  1.31057758916311e-01
7.47500000000000e+00  9.24757163052618e-02
7.50000000000000e+00  5.30985469391196e-02
7.52500000000000e+00  1.33234849382281e-02
7.55000000000000e+00  -2.65027196777863e-02
7.57500000000000e+00  -6.60145012718294e-02
7.60000000000000e+00  -1.04857744023075e-01
7.62500000000000e+00  -1.42691957402471e-01
7.65000000000000e+00  -1.79192451648273e-01
7.67500000000000e+00  -2.14052513241548e-01
7.70000000000000e+00  -2.46985580381704e-01
7.72500000000000e+00  -2.77727418462006e-01
7.75000000000000e+00  -3.06038295545088e-01
7.77500000000000e+00  -3.31705157838483e-01
7.80000000000000e+00  -3.54543805170132e-01
7.82500000000000e+00  -3.74394738317268e-01
7.85000000000000e+00  -3.91128502994265e-01
7.87500000000000e+00  -4.04645830392702e-01
7.90000000000000e+00  -4.14873858131393e-01
7.92500000000000e+00  -4.21769613563115e-01
7.95000000000000e+00  -4.25318799973278e-01
7.97500000000000e+00  -4.25534582778601e-01
8.00000000000000e+00  -4.22456375725781e-01
8.02500000000000e+00  -4.16148627090169e-01
8.05000000000000e+00  -4.06699605874439e-01
8.07500000000000e+00  -3.94220188007263e-01
8.10000000000000e+00  -3.78842642541982e-01
8.12500000000000e+00  -3.60705165927121e-01
8.15000000000000e+00  -3.40006999747870e-01
8.17500000000000e+00  -3.16897019004363e-01
8.20000000000000e+00  -2.91573701355699e-01
8.22500000000000e+00  -2.64244370870624e-01
8.25000000000000e+00  -2.35123492730243e-01
8.27500000000000e+00  -2.04430967930766e-01
8.30000000000000e+00  -1.72390427986224e-01
8.32500000000000e+00  -1.39227529631196e-01
8.35000000000000e+00  -1.05168249523543e-01
8.37500000000000e+00  -7.04371789471214e-02
8.40000000000000e+00  -3.52558185145292e-02
8.42500000000000e+00  1.59127130181129e-04
8.45000000000000e+00  3.55963259424270e-02
8.47500000000000e+00  7.08520613330264e-02
8.50000000000000e+00  1.05731404752760e-01
8.52500000000000e+00  1.40048261334981e-01
8.55000000000000e+00  1.73627755904308e-01
8.57500000000000e+00  2.06306795538225e-01
8.60000000000000e+00  2.37934632128696e-01
8.62500000000000e+00  2.68373424943788e-01
8.65000000000000e+00  2.97498803189263e-01
8.67500000000000e+00  3.25200428570203e-01
8.70000000000000e+00  3.51382557852616e-01
8.72500000000000e+00  3.75964605425055e-01
8.75000000000000e+00  3.98859587299778e-01
8.77500000000000e+00  4.20045137043838e-01
8.80000000000000e+00  4.39445897876598e-01
8.82500000000000e+00  4.57035004136970e-01
8.85000000000000e+00  4.72796796136934e-01
8.87500000000000e+00  4.86726304481507e-01
8.90000000000000e+00  4.98828734388696e-01
8.92500000000000e+00  5.09118950009465e-01
8.95000000000000e+00  5.17620958747697e-01
8.97500000000000e+00  5.24367395580154e-01
9.00000000000000e+00  5.29399007376444e-01
9.02500000000000e+00  5.32764137218975e-01
9.05000000000000e+00  5.34518208722923e-01
9.07500000000000e+00  5.34722540142495e-01
9.10000000000000e+00  5.33444077333416e-01
9.12500000000000e+00  5.30754281349969e-01
9.15000000000000e+00  5.26728902119809e-01
9.17500000000000e+00  5.21446625034403e-01
9.20000000000000e+00  5.14988292707963e-01
9.22500000000000e+00  5.07436126736377e-01
9.25000000000000e+00  4.98872949456139e-01
9.27500000000000e+00  4.89381405703287e-01
9.30000000000000e+00  4.79043184572328e-01
9.32500000000000e+00  4.67938241175176e-01
9.35000000000000e+00  4.56144018400080e-01
9.37500000000000e+00  4.43764085393267e-01
9.40000000000000e+00  4.30819456176023e-01
9.42500000000000e+00  4.17435631868755e-01
9.45000000000000e+00  4.03677356513555e-01
9.47500000000000e+00  3.89608206072456e-01
9.50000000000000e+00  3.75290166365911e-01
9.52500000000000e+00  3.60783211011300e-01
9.55000000000000e+00  3.46144879361413e-01
9.57500000000000e+00  3.31429854442943e-01
9.60000000000000e+00  3.16689540894979e-01
9.62500000000000e+00  3.01971642907503e-01
9.65000000000000e+00  2.87319742159869e-01
9.67500000000000e+00  2.72772875759312e-01
9.70000000000000e+00  2.58365943339584e-01
9.72500000000000e+00  2.44129467356300e-01
9.75000000000000e+00  2.30089760523961e-01
9.77500000000000e+00  2.16268700435510e-01
9.80000000000000e+00  2.02684400348472e-01
9.82500000000000e+00  1.89351474991659e-01
9.85000000000000e+00  1.76281306371858e-01
9.87500000000000e+00  1.63482309580533e-01
9.90000000000000e+00  1.50960198600515e-01
9.92500000000000e+00  1.38718252112708e-01
9.95000000000000e+00  1.26757579302776e-01
9.97500000000000e+00  1.15077385667845e-01
1.00000000000000e+01  1.03675238823204e-01
