0.00000000000000e+00  1.04343570341770e-01
2.50000000000000e-02  1.15261102821980e-01
5.00000000000000e-02  1.26773028685435e-01
7.50000000000000e-02  1.38734198940159e-01
1.00000000000000e-01  1.51039343872419e-01
1.25000000000000e-01  1.63616983635913e-01
1.50000000000000e-01  1.76423338840961e-01
1.75000000000000e-01  1.89436241143703e-01
2.00000000000000e-01  2.02649043835290e-01
2.25000000000000e-01  2.16064532431073e-01
2.50000000000000e-01  2.29688835259806e-01
2.75000000000000e-01  2.43525334052829e-01
3.00000000000000e-01  2.57568574533269e-01
3.25000000000000e-01  2.71804779869166e-01
3.50000000000000e-01  2.86205175762408e-01
3.75000000000000e-01  3.00719409900576e-01
4.00000000000000e-01  3.15301165706256e-01
4.25000000000000e-01  3.29882848868792e-01
4.50000000000000e-01  3.44386089852416e-01
4.75000000000000e-01  3.58732246404356e-01
5.00000000000000e-01  3.72852906062964e-01
5.25000000000000e-01  3.86700388665833e-01
5.50000000000000e-01  4.00258248857918e-01
5.75000000000000e-01  4.13551778599654e-01
6.00000000000000e-01  4.26658509675077e-01
6.25000000000000e-01  4.38784782020235e-01
6.50000000000000e-01  4.51145283440164e-01
6.75000000000000e-01  4.62544781798675e-01
7.00000000000000e-01  4.73057478429027e-01
7.25000000000000e-01  4.82710271362324e-01
7.50000000000000e-01  4.91490143311285e-01
7.75000000000000e-01  4.99351549654006e-01
8.00000000000000e-01  5.06223806417733e-01
8.25000000000000e-01  5.12018478262630e-01
8.50000000000000e-01  5.16636766465545e-01
8.75000000000000e-01  5.19976896903778e-01
9.00000000000000e-01  5.21941508038851e-01
9.25000000000000e-01  5.22445038900273e-01
9.50000000000000e-01  5.21405202518698e-01
9.75000000000000e-01  5.18755987454957e-01
1.00000000000000e+00  5.14450062623452e-01
1.02500000000000e+00  5.08442998713045e-01
1.05000000000000e+00  5.00707781775995e-01
1.07500000000000e+00  4.91228141029756e-01
1.10000000000000e+00  4.79991876658782e-01
1.12500000000000e+00  4.66984187616321e-01
1.15000000000000e+00  4.52180999426215e-01
1.17500000000000e+00  4.35542291984704e-01
1.20000000000000e+00  4.17005427362220e-01
1.22500000000000e+00  3.96478477605192e-01
1.25000000000000e+00  3.74799049605825e-01
1.27500000000000e+00  3.50282335888276e-01
1.30000000000000e+00  3.24539451240520e-01
1.32500000000000e+00  2.97421803875279e-01
1.35000000000000e+00  2.68863960569543e-01
1.37500000000000e+00  2.38872236255714e-01
1.40000000000000e+00  2.07513283612752e-01
1.42500000000000e+00  1.74902682657325e-01
1.45000000000000e+00  1.41193530334945e-01
1.47500000000000e+00  1.06565030111125e-01
1.50000000000000e+00  7.12110815625185e-02
1.52500000000000e+00  3.53288699680659e-02
1.55000000000000e+00  -8.92544099856221e-04
1.57500000000000e+00  -3.72400366215052e-02
1.60000000000000e+00  -7.35133586334094e-02
1.62500000000000e+00  -1.09516725758429e-01
1.65000000000000e+00  -1.45049542517172e-01
1.67500000000000e+00  -1.79912680532432e-01
1.70000000000000e+00  -2.13903942030003e-01
1.72500000000000e+00  -2.46813523339482e-01
1.75000000000000e+00  -2.78419478395088e-01
1.77500000000000e+00  -3.08483182236468e-01
1.80000000000000e+00  -3.36744794509507e-01
1.82500000000000e+00  -3.62918722967146e-01
1.85000000000000e+00  -3.86689086970180e-01
1.87500000000000e+00  -4.08106011696404e-01
1.90000000000000e+00  -4.27070757937674e-01
1.92500000000000e+00  -4.43241266166541e-01
1.95000000000000e+00  -4.56483646437014e-01
1.97500000000000e+00  -4.66678178030935e-01
2.00000000000000e+00  -4.73721416197507e-01
2.02500000000000e+00  -4.77528298892803e-01
2.05000000000000e+00  -4.78034253519289e-01
2.07500000000000e+00  -4.75197303665332e-01
2.10000000000000e+00  -4.69000175844730e-01
2.12500000000000e+00  -4.59452406236214e-01
2.15000000000000e+00  -4.46592447422978e-01
2.17500000000000e+00  -4.30489775132186e-01
2.20000000000000e+00  -4.11239053602540e-01
2.22500000000000e+00  -3.88966589648770e-01
2.25000000000000e+00  -3.63829259360960e-01
2.27500000000000e+00  -3.36008842732492e-01
2.30000000000000e+00  -3.05716051933195e-01
2.32500000000000e+00  -2.73187862715657e-01
2.35000000000000e+00  -2.38684845821534e-01
2.37500000000000e+00  -2.02488498387854e-01
2.40000000000000e+00  -1.64898575353332e-01
2.42500000000000e+00  -1.26230420864675e-01
2.45000000000000e+00  -8.68122996828911e-02
2.47500000000000e+00  -4.69827285895978e-02
2.50000000000000e+00  -7.12356214167442e-03
2.52500000000000e+00  3.24252843676079e-02
2.55000000000000e+00  7.12840489129246e-02
2.57500000000000e+00  1.09093193054223e-01
2.60000000000000e+00  1.45497633668053e-01
2.62500000000000e+00  1.80150467895731e-01
2.65000000000000e+00  2.12716698091511e-01
2.67500000000000e+00  2.42876956770750e-01
2.70000000000000e+00  2.70331231558083e-01
2.72500000000000e+00  2.94802590135583e-01
2.75000000000000e+00  3.16040905190934e-01
2.77500000000000e+00  3.33826579365599e-01
2.80000000000000e+00  3.47974270202986e-01
2.82500000000000e+00  3.58332007627451e-01
2.85000000000000e+00  3.64787102072480e-01
2.87500000000000e+00  3.67269662639584e-01
2.90000000000000e+00  3.65745306044390e-01
2.92500000000000e+00  3.60225104180326e-01
2.95000000000000e+00  3.50764425667490e-01
2.97500000000000e+00  3.37461777401515e-01
3.00000000000000e+00  3.20457646102445e-01
3.02500000000000e+00  2.99933339863600e-01
3.05000000000000e+00  2.76109829700450e-01
3.07500000000000e+00  2.49246591099481e-01
3.10000000000000e+00  2.19640445567069e-01
3.12500000000000e+00  1.87636749884959e-01
3.15000000000000e+00  1.53572501163617e-01
3.17500000000000e+00  1.17856068642977e-01
3.20000000000000e+00  8.08947041829474e-02
3.22500000000000e+00  4.31153862503969e-02
3.25000000000000e+00  4.95937282065716e-03
3.27500000000000e+00  -3.31232457209689e-02
3.30000000000000e+00  -7.06789936777028e-02
3.32500000000000e+00  -1.07256457139789e-01
3.35000000000000e+00  -1.42411731082992e-01
3.37500000000000e+00  -1.75713866467085e-01
3.40000000000000e+00  -2.06750317334352e-01
3.42500000000000e+00  -2.35132387908077e-01
3.45000000000000e+00  -2.60499378065402e-01
3.47500000000000e+00  -2.82524173918915e-01
3.50000000000000e+00  -3.00920670888857e-01
3.52500000000000e+00  -3.15437471312433e-01
3.55000000000000e+00  -3.25871984388281e-01
3.57500000000000e+00  -3.32071370124026e-01
3.60000000000000e+00  -3.33933483283828e-01
3.62500000000000e+00  -3.31407817335932e-01
3.65000000000000e+00  -3.24496448400221e-01
3.67500000000000e+00  -3.13254979195763e-01
3.70000000000000e+00  -2.97793482988365e-01
3.72500000000000e+00  -2.78277447538119e-01
3.75000000000000e+00  -2.54910940784724e-01
3.77500000000000e+00  -2.28008981609073e-01
3.80000000000000e+00  -1.97844376222100e-01
3.82500000000000e+00  -1.64777554006071e-01
3.85000000000000e+00  -1.29209580929117e-01
3.87500000000000e+00  -9.15762842889755e-02
3.90000000000000e+00  -5.23423774567271e-02
3.92500000000000e+00  -1.19955846205362e-02
3.95000000000000e+00  2.89592344706152e-02
3.97500000000000e+00  7.00059597631895e-02
4.00000000000000e+00  1.10623086155351e-01
4.02500000000000e+00  1.50289598753233e-01
4.05000000000000e+00  1.88490848127193e-01
4.07500000000000e+00  2.24729363406585e-01
4.10000000000000e+00  2.58525337737122e-01
4.12500000000000e+00  2.89430947317367e-01
4.15000000000000e+00  3.17024271307913e-01
4.17500000000000e+00  3.40925233697939e-01
4.20000000000000e+00  3.60799175111640e-01
4.22500000000000e+00  3.76360424614645e-01
4.25000000000000e+00  3.87375871520447e-01
4.27500000000000e+00  3.93668537196821e-01
4.30000000000000e+00  3.95121146872253e-01
4.32500000000000e+00  3.91679701442358e-01
4.35000000000000e+00  3.83357049276310e-01
4.37500000000000e+00  3.70188321952931e-01
4.40000000000000e+00  3.52373765522240e-01
4.42500000000000e+00  3.30039528559522e-01
4.45000000000000e+00  3.03439906399196e-01
4.47500000000000e+00  2.72885264148138e-01
4.50000000000000e+00  2.38736687937589e-01
4.52500000000000e+00  2.01400636175060e-01
4.55000000000000e+00  1.61323590796243e-01
4.57500000000000e+00  1.18986708516914e-01
4.60000000000000e+00  7.49004720848413e-02
4.62500000000000e+00  2.95993415316958e-02
4.65000000000000e+00  -1.63635945750509e-02
4.67500000000000e+00  -6.24219678802060e-02
4.70000000000000e+00  -1.08012049009746e-01
4.72500000000000e+00  -1.52571814816843e-01
4.75000000000000e+00  -1.95553739825697e-01
4.77500000000000e+00  -2.36423274796406e-01
4.80000000000000e+00  -2.74675225353663e-01
4.82500000000000e+00  -3.09838869487628e-01
4.85000000000000e+00  -3.41483075054816e-01
4.87500000000000e+00  -3.69221417278956e-01
4.90000000000000e+00  -3.92717296251875e-01
4.92500000000000e+00  -4.11689054434368e-01
4.95000000000000e+00  -4.25915094157072e-01
4.97500000000000e+00  -4.35238995121346e-01
5.00000000000000e+00  -4.39532975732786e-01
5.02500000000000e+00  -4.38811683350500e-01
5.05000000000000e+00  -4.33065954723116e-01
5.07500000000000e+00  -4.22390444330664e-01
5.10000000000000e+00  -4.06946297561064e-01
5.12500000000000e+00  -3.86956558890018e-01
5.15000000000000e+00  -3.62701580060894e-01
5.17500000000000e+00  -3.34514428264617e-01
5.20000000000000e+00  -3.02776294319560e-01
5.22500000000000e+00  -2.67911900851425e-01
5.25000000000000e+00  -2.30384910473139e-01
5.27500000000000e+00  -1.90693333964735e-01
5.30000000000000e+00  -1.49364938453249e-01
5.32500000000000e+00  -1.06941278478991e-01
5.35000000000000e+00  -6.39791532994070e-02
5.37500000000000e+00  -2.10395604779216e-02
5.40000000000000e+00  2.13152711449822e-02
5.42500000000000e+00  6.25341671204118e-02
5.45000000000000e+00  1.02083482944348e-01
5.47500000000000e+00  1.39453579610930e-01
5.50000000000000e+00  1.74165299165722e-01
5.52500000000000e+00  2.05776440259005e-01
5.55000000000000e+00  2.33888233699045e-01
5.57500000000000e+00  2.58151818005382e-01
5.60000000000000e+00  2.78274714962105e-01
5.62500000000000e+00  2.93981274928246e-01
5.65000000000000e+00  3.05131735629157e-01
5.67500000000000e+00  3.11558560586873e-01
5.70000000000000e+00  3.13196871802512e-01
5.72500000000000e+00  3.10046641893652e-01
5.75000000000000e+00  3.02169976220190e-01
5.77500000000000e+00  2.89688395010205e-01
5.80000000000000e+00  2.72780115485810e-01
5.82500000000000e+00  2.51677333989021e-01
5.85000000000000e+00  2.26663508107606e-01
5.87500000000000e+00  1.98070638800954e-01
5.90000000000000e+00  1.66276552525924e-01
5.92500000000000e+00  1.31702183362716e-01
5.95000000000000e+00  9.47931391934653e-02
5.97500000000000e+00  5.60281377145748e-02
6.00000000000000e+00  1.59044224997517e-02
6.02500000000000e+00  -2.50636237566631e-02
6.05000000000000e+00  -6.63551117448703e-02
6.07500000000000e+00  -1.07448937695213e-01
6.10000000000000e+00  -1.47830075533808e-01
6.12500000000000e+00  -1.86995869038143e-01
6.15000000000000e+00  -2.24462323992711e-01
6.17500000000000e+00  -2.59770400344607e-01
6.20000000000000e+00  -2.92492304359157e-01
6.22500000000000e+00  -3.22237780775527e-01
6.25000000000000e+00  -3.48648479408663e-01
6.27500000000000e+00  -3.71398379709237e-01
6.30000000000000e+00  -3.90239051388737e-01
6.32500000000000e+00  -4.04950820907152e-01
6.35000000000000e+00  -4.15370829945641e-01
6.37500000000000e+00  -4.21392001178536e-01
6.40000000000000e+00  -4.22962004045368e-01
6.42500000000000e+00  -4.20082220522875e-01
6.45000000000000e+00  -4.12806710897022e-01
6.47500000000000e+00  -4.01241179535013e-01
6.50000000000000e+00  -3.85541940657312e-01
6.52500000000000e+00  -3.65914884109650e-01
6.55000000000000e+00  -3.42614441135051e-01
6.57500000000000e+00  -3.15930411772576e-01
6.60000000000000e+00  -2.86193056415319e-01
6.62500000000000e+00  -2.53766118318672e-01
6.65000000000000e+00  -2.19041858711218e-01
6.67500000000000e+00  -1.82436132410751e-01
6.70000000000000e+00  -1.44382995459112e-01
6.72500000000000e+00  -1.05329312757017e-01
6.75000000000000e+00  -6.57293656989029e-02
6.77500000000000e+00  -2.60394598077464e-02
6.80000000000000e+00  1.32874676300869e-02
6.82500000000000e+00  5.18072399300147e-02
6.85000000000000e+00  8.90898333744068e-02
6.87500000000000e+00  1.24718665689365e-01
6.90000000000000e+00  1.58306975978516e-01
6.92500000000000e+00  1.89489006892406e-01
6.95000000000000e+00  2.17928347530375e-01
6.97500000000000e+00  2.43325293628076e-01
7.00000000000000e+00  2.65417922634055e-01
7.02500000000000e+00  2.83983168786360e-01
7.05000000000000e+00  2.98837898189133e-01
7.07500000000000e+00  3.09839983889208e-01
7.10000000000000e+00  3.16889380952708e-01
7.12500000000000e+00  3.19929201541642e-01
7.15000000000000e+00  3.18946789990501e-01
7.17500000000000e+00  3.13974797882856e-01
7.20000000000000e+00  3.05082062175760e-01
7.22500000000000e+00  2.92379912084258e-01
7.25000000000000e+00  2.76018948894901e-01
7.27500000000000e+00  2.56183461759971e-01
7.30000000000000e+00  2.33091935728049e-01
7.32500000000000e+00  2.06993372728129e-01
7.35000000000000e+00  1.78163612553720e-01
7.37500000000000e+00  1.46901653846969e-01
7.40000000000000e+00  1.13525975082757e-01
7.42500000000000e+00  7.83708555528266e-02
7.45000000000000e+00  4.17826963498839e-02
7.47500000000000e+00  4.11634135170767e-03
7.50000000000000e+00  -3.42331905296432e-02
7.52500000000000e+00  -7.29997072536796e-02
7.55000000000000e+00  -1.11729855404360e-01
7.57500000000000e+00  -1.50079016987619e-01
7.60000000000000e+00  -1.87709742629908e-01
7.62500000000000e+00  -2.24294475769856e-01
7.65000000000000e+00  -2.59518276849948e-01
7.67500000000000e+00  -2.93081547508182e-01
7.70000000000000e+00  -3.24702754769752e-01
7.72500000000000e+00  -3.54121155238708e-01
7.75000000000000e+00  -3.81099519289625e-01
7.77500000000000e+00  -4.05426855259278e-01
7.80000000000000e+00  -4.26921133638306e-01
7.82500000000000e+00  -4.45424856948796e-01
7.85000000000000e+00  -4.60811468178039e-01
7.87500000000000e+00  -4.72985647855396e-01
7.90000000000000e+00  -4.81877262701991e-01
7.92500000000000e+00  -4.87447221958390e-01
7.95000000000000e+00  -4.89685328897461e-01
7.97500000000000e+00  -4.88608132337228e-01
8.00000000000000e+00  -4.84256778153729e-01
8.02500000000000e+00  -4.76694860793868e-01
8.05000000000000e+00  -4.66006274788275e-01
8.07500000000000e+00  -4.52293066264160e-01
8.10000000000000e+00  -4.35673284458167e-01
8.12500000000000e+00  -4.15883776742693e-01
8.15000000000000e+00  -3.94457593696504e-01
8.17500000000000e+00  -3.70299150808361e-01
8.20000000000000e+00  -3.43756842666680e-01
8.22500000000000e+00  -3.15144652589058e-01
8.25000000000000e+00  -2.84746630910297e-01
8.27500000000000e+00  -2.52821373270440e-01
8.30000000000000e+00  -2.19606498902800e-01
8.32500000000000e+00  -1.85323128921977e-01
8.35000000000000e+00  -1.50180364611907e-01
8.37500000000000e+00  -1.14379765713864e-01
8.40000000000000e+00  -7.81198287145175e-02
8.42500000000000e+00  -4.16004651339416e-02
8.45000000000000e+00  -5.01690606664260e-03
8.47500000000000e+00  3.14312095504278e-02
8.50000000000000e+00  6.75313807751977e-02
8.52500000000000e+00  1.03095116377735e-01
8.55000000000000e+00  1.37925789810377e-01
8.57500000000000e+00  1.71830014429037e-01
8.60000000000000e+00  2.04629018714525e-01
8.62500000000000e+00  2.36170021493875e-01
8.65000000000000e+00  2.66337607161645e-01
8.67500000000000e+00  2.95065100901247e-01
8.70000000000000e+00  3.22345943906263e-01
8.72500000000000e+00  3.48245068601762e-01
8.75000000000000e+00  3.71947681016835e-01
8.77500000000000e+00  3.94736607326073e-01
8.80000000000000e+00  4.15403256489702e-01
8.82500000000000e+00  4.34074874070041e-01
8.85000000000000e+00  4.50842957878024e-01
8.87500000000000e+00  4.65769896054292e-01
8.90000000000000e+00  4.78895605150256e-01
8.92500000000000e+00  4.90244168209193e-01
8.95000000000000e+00  4.99830472847316e-01
8.97500000000000e+00  5.07666849334861e-01
9.00000000000000e+00  5.13769708677163e-01
9.02500000000000e+00  5.18166180695737e-01
9.05000000000000e+00  5.20900752109357e-01
9.07500000000000e+00  5.22020874956818e-01
9.10000000000000e+00  5.21592619052512e-01
9.12500000000000e+00  5.19698301530925e-01
9.15000000000000e+00  5.16423525055575e-01
9.17500000000000e+00  5.11865682560280e-01
9.20000000000000e+00  5.06126589443485e-01
9.22500000000000e+00  4.99305115762588e-01
9.25000000000000e+00  4.91489818428265e-01
9.27500000000000e+00  4.82751573398799e-01
9.30000000000000e+00  4.73136207874405e-01
9.32500000000000e+00  4.62657132491560e-01
9.35000000000000e+00  4.51287973517325e-01
9.37500000000000e+00  4.39887502516462e-01
9.40000000000000e+00  4.26850120823429e-01
9.42500000000000e+00  4.13762718398687e-01
9.45000000000000e+00  4.00485277526689e-01
9.47500000000000e+00  3.86940501109659e-01
9.50000000000000e+00  3.73103312930465e-01
9.52500000000000e+00  3.58990357915505e-01
9.55000000000000e+00  3.44649502397580e-01
9.57500000000000e+00  3.30149334378770e-01
9.60000000000000e+00  3.15568663793317e-01
9.62500000000000e+00  3.00986022770501e-01
9.65000000000000e+00  2.86469165897511e-01
9.67500000000000e+00  2.72064570482333e-01
9.70000000000000e+00  2.57822735584776e-01
9.72500000000000e+00  2.43772582482483e-01
9.75000000000000e+00  2.29928030993818e-01
9.77500000000000e+00  2.16294668242212e-01
9.80000000000000e+00  2.02869238908215e-01
9.82500000000000e+00  1.89645732100971e-01
9.85000000000000e+00  1.76621468229674e-01
9.87500000000000e+00  1.63803185875039e-01
9.90000000000000e+00  1.51213128660759e-01
9.92500000000000e+00  1.38895132124982e-01
9.95000000000000e+00  1.26920710591769e-01
9.97500000000000e+00  1.15395144042556e-01
1.00000000000000e+01  1.04463564987634e-01
