0.00000000000000e+00  1.03101149190974e-01
2.50000000000000e-02  1.14557130473481e-01
5.00000000000000e-02  1.26224195828270e-01
7.50000000000000e-02  1.38135094050045e-01
1.00000000000000e-01  1.50312297675714e-01
1.25000000000000e-01  1.62768966255837e-01
1.50000000000000e-01  1.75509909626053e-01
1.75000000000000e-01  1.88532551178531e-01
2.00000000000000e-01  2.01827891133409e-01
2.25000000000000e-01  2.15381469810233e-01
2.50000000000000e-01  2.29174330899403e-01
2.75000000000000e-01  2.43183984733608e-01
3.00000000000000e-01  2.57385371559270e-01
3.25000000000000e-01  2.71749398330469e-01
3.50000000000000e-01  2.86245067626952e-01
3.75000000000000e-01  3.00840706996101e-01
4.00000000000000e-01  3.15498443035133e-01
4.25000000000000e-01  3.30179314071140e-01
4.50000000000000e-01  3.44841640180141e-01
4.75000000000000e-01  3.59439393206135e-01
5.00000000000000e-01  3.73920566780153e-01
5.25000000000000e-01  3.88225546339315e-01
5.50000000000000e-01  4.02285479145879e-01
5.75000000000000e-01  4.16020644306299e-01
6.00000000000000e-01  4.29338822790275e-01
6.25000000000000e-01  4.42277287963411e-01
6.50000000000000e-01  4.54576646560338e-01
6.75000000000000e-01  4.66319053302064e-01
7.00000000000000e-01  4.77402532283314e-01
7.25000000000000e-01  4.87730424738939e-01
7.50000000000000e-01  4.97210796968005e-01
7.75000000000000e-01  5.05755848257865e-01
8.00000000000000e-01  5.13281318808250e-01
8.25000000000000e-01  5.19705897655349e-01
8.50000000000000e-01  5.24950630595886e-01
8.75000000000000e-01  5.28938328111209e-01
9.00000000000000e-01  5.31592973291371e-01
9.25000000000000e-01  5.32839129759208e-01
9.50000000000000e-01  5.32607165357411e-01
9.75000000000000e-01  5.30829386280745e-01
1.00000000000000e+00  5.27441998545092e-01
1.02500000000000e+00  5.22387127515747e-01
1.05000000000000e+00  5.15612993104632e-01
1.07500000000000e+00  5.07075312546127e-01
1.10000000000000e+00  4.96738703172885e-01
1.12500000000000e+00  4.84578085191656e-01
1.15000000000000e+00  4.70580084459109e-01
1.17500000000000e+00  4.54744435257656e-01
1.20000000000000e+00  4.37085383071265e-01
1.22500000000000e+00  4.17633087361295e-01
1.25000000000000e+00  3.96391466683135e-01
1.27500000000000e+00  3.73395374544032e-01
1.30000000000000e+00  3.48722006549922e-01
1.32500000000000e+00  3.22437988143083e-01
1.35000000000000e+00  2.94624884134495e-01
1.37500000000000e+00  2.65378792939098e-01
1.40000000000000e+00  2.34809940811071e-01
1.42500000000000e+00  2.03042276079098e-01
1.45000000000000e+00  1.70213063381635e-01
1.47500000000000e+00  1.36472477902188e-01
1.50000000000000e+00  1.01983199604572e-01
1.52500000000000e+00  6.69200074681880e-02
1.55000000000000e+00  3.14693737232918e-02
1.57500000000000e+00  -4.17467868879971e-03
1.60000000000000e+00  -3.98085084403574e-02
1.62500000000000e+00  -7.52203596273340e-02
1.65000000000000e+00  -1.10194120268804e-01
1.67500000000000e+00  -1.44508229813036e-01
1.70000000000000e+00  -1.77937602231051e-01
1.72500000000000e+00  -2.10255549110156e-01
1.75000000000000e+00  -2.41235702747507e-01
1.77500000000000e+00  -2.70653939243646e-01
1.80000000000000e+00  -2.98290301596057e-01
1.82500000000000e+00  -3.23930922792709e-01
1.85000000000000e+00  -3.47369948905607e-01
1.87500000000000e+00  -3.68414373578015e-01
1.90000000000000e+00  -3.86883891153002e-01
1.92500000000000e+00  -4.02611258051322e-01
1.95000000000000e+00  -4.15444469769881e-01
1.97500000000000e+00  -4.25251260823266e-01
2.00000000000000e+00  -4.31920370272506e-01
2.02500000000000e+00  -4.35362807253825e-01
2.05000000000000e+00  -4.35513116507404e-01
2.07500000000000e+00  -4.32330643906129e-01
2.10000000000000e+00  -4.25800801984354e-01
2.12500000000000e+00  -4.15936335466654e-01
2.15000000000000e+00  -4.02778586796582e-01
2.17500000000000e+00  -3.86398761665424e-01
2.20000000000000e+00  -3.66895004763723e-01
2.22500000000000e+00  -3.44395394893073e-01
2.25000000000000e+00  -3.19058218726623e-01
2.27500000000000e+00  -2.91066863001805e-01
2.30000000000000e+00  -2.60633545801390e-01
2.32500000000000e+00  -2.27997128632433e-01
2.35000000000000e+00  -1.93420928505210e-01
2.37500000000000e+00  -1.57190530012150e-01
2.40000000000000e+00  -1.19611597406785e-01
2.42500000000000e+00  -8.10076866826795e-02
2.45000000000000e+00  -4.17180576523745e-02
2.47500000000000e+00  -2.09548602632299e-03
2.50000000000000e+00  3.75067368812430e-02
2.52500000000000e+00  7.67007771711765e-02
2.55000000000000e+00  1.15130499949381e-01
2.57500000000000e+00  1.52425625917242e-01
2.60000000000000e+00  1.88221603124260e-01
2.62500000000000e+00  2.22163193832614e-01
2.65000000000000e+00  2.53908061381741e-01
2.67500000000000e+00  2.83130357052907e-01
2.70000000000000e+00  3.09524306933786e-01
2.72500000000000e+00  3.32807798783023e-01
2.75000000000000e+00  3.52725968894817e-01
2.77500000000000e+00  3.69054788963489e-01
2.80000000000000e+00  3.81604652948060e-01
2.82500000000000e+00  3.90220720221374e-01
2.85000000000000e+00  3.94787622800307e-01
2.87500000000000e+00  3.95232982665142e-01
2.90000000000000e+00  3.91521722694864e-01
2.92500000000000e+00  3.83664909604878e-01
2.95000000000000e+00  3.71718866521402e-01
2.97500000000000e+00  3.55784285555859e-01
3.00000000000000e+00  3.36005340379274e-01
3.02500000000000e+00  3.12568798796658e-01
3.05000000000000e+00  2.85703135321411e-01
3.07500000000000e+00  2.55677643749708e-01
3.10000000000000e+00  2.22801549734895e-01
3.12500000000000e+00  1.87417322475550e-01
3.15000000000000e+00  1.49895155588565e-01
3.17500000000000e+00  1.10640133493345e-01
3.20000000000000e+00  7.00764423410421e-02
3.22500000000000e+00  2.86483863877547e-02
3.25000000000000e+00  -1.31850635287349e-02
3.27500000000000e+00  -5.49557215122091e-02
3.30000000000000e+00  -9.61916381312703e-02
3.32500000000000e+00  -1.36422551942600e-01
3.35000000000000e+00  -1.75185341014215e-01
3.37500000000000e+00  -2.12029474448715e-01
3.40000000000000e+00  -2.46522463906546e-01
3.42500000000000e+00  -2.78255315129246e-01
3.45000000000000e+00  -3.06847962285907e-01
3.47500000000000e+00  -3.31954025852456e-01
3.50000000000000e+00  -3.53268312693934e-01
3.52500000000000e+00  -3.70521482254783e-01
3.55000000000000e+00  -3.83493785563327e-01
3.57500000000000e+00  -3.92016249177843e-01
3.60000000000000e+00  -3.95971859132641e-01
3.62500000000000e+00  -3.95296744884139e-01
3.65000000000000e+00  -3.89981363256937e-01
3.67500000000000e+00  -3.80071682389896e-01
3.70000000000000e+00  -3.65670365682211e-01
3.72500000000000e+00  -3.46937955739490e-01
3.75000000000000e+00  -3.24090951449908e-01
3.77500000000000e+00  -2.97380924144205e-01
3.80000000000000e+00  -2.67137323567117e-01
3.82500000000000e+00  -2.33714859148042e-01
3.85000000000000e+00  -1.97512861445440e-01
3.87500000000000e+00  -1.58969021710566e-01
3.90000000000000e+00  -1.18553131451214e-01
3.92500000000000e+00  -7.67608219954571e-02
3.95000000000000e+00  -3.41073040553795e-02
3.97500000000000e+00  8.87889270918387e-03
4.00000000000000e+00  5.16621801269046e-02
4.02500000000000e+00  9.37061719512271e-02
4.05000000000000e+00  1.34479944296625e-01
4.07500000000000e+00  1.73468646669907e-01
4.10000000000000e+00  2.10176702512165e-01
4.12500000000000e+00  2.44138691619565e-01
4.15000000000000e+00  2.74915121627554e-01
4.17500000000000e+00  3.02109144782618e-01
4.20000000000000e+00  3.25369777943880e-01
4.22500000000000e+00  3.44395122584677e-01
4.25000000000000e+00  3.58935584794150e-01
4.27500000000000e+00  3.68797095278830e-01
4.30000000000000e+00  3.73844329364223e-01
4.32500000000000e+00  3.74003926996394e-01
4.35000000000000e+00  3.69267712743556e-01
4.37500000000000e+00  3.59705255079843e-01
4.40000000000000e+00  3.45402251519981e-01
4.42500000000000e+00  3.26568115523438e-01
4.45000000000000e+00  3.03434359334045e-01
4.47500000000000e+00  2.76294344940740e-01
4.50000000000000e+00  2.45497172440282e-01
4.52500000000000e+00  2.11441568399969e-01
4.55000000000000e+00  1.74569774220363e-01
4.57500000000000e+00  1.35361434498000e-01
4.60000000000000e+00  9.43274853881133e-02
4.62500000000000e+00  5.20040429673556e-02
4.65000000000000e+00  8.94629159650543e-03
4.67500000000000e+00  -3.42776277167989e-02
4.70000000000000e+00  -7.71008111245587e-02
4.72500000000000e+00  -1.18958828500976e-01
4.75000000000000e+00  -1.59301880645828e-01
4.77500000000000e+00  -1.97593208387002e-01
4.80000000000000e+00  -2.33325630448134e-01
4.82500000000000e+00  -2.66026474472487e-01
4.85000000000000e+00  -2.95262508046824e-01
4.87500000000000e+00  -3.20644869725263e-01
4.90000000000000e+00  -3.41834000053165e-01
4.92500000000000e+00  -3.58544572590988e-01
4.95000000000000e+00  -3.70550424938162e-01
4.97500000000000e+00  -3.77689489756961e-01
5.00000000000000e+00  -3.79877674659849e-01
5.02500000000000e+00  -3.77048959690124e-01
5.05000000000000e+00  -3.69267320220234e-01
5.07500000000000e+00  -3.56623083310535e-01
5.10000000000000e+00  -3.39276451932175e-01
5.12500000000000e+00  -3.17452468746354e-01
5.15000000000000e+00  -2.91435979883570e-01
5.17500000000000e+00  -2.61566598722867e-01
5.20000000000000e+00  -2.28233669671095e-01
5.22500000000000e+00  -1.91871231942150e-01
5.25000000000000e+00  -1.52952983336232e-01
5.27500000000000e+00  -1.11987244019091e-01
5.30000000000000e+00  -6.95119203012796e-02
5.32500000000000e+00  -2.60778304559123e-02
5.35000000000000e+00  1.77495651440610e-02
5.37500000000000e+00  6.14028410666788e-02
5.40000000000000e+00  1.04312925048336e-01
5.42500000000000e+00  1.45924095356098e-01
5.45000000000000e+00  1.85699857995347e-01
5.47500000000000e+00  2.23128823917415e-01
5.50000000000000e+00  2.57730586227217e-01
5.52500000000000e+00  2.89061597390895e-01
5.55000000000000e+00  3.16721046443443e-01
5.57500000000000e+00  3.40356736196356e-01
5.60000000000000e+00  3.59670960445261e-01
5.62500000000000e+00  3.74437753582450e-01
5.65000000000000e+00  3.84445714793265e-01
5.67500000000000e+00  3.89605896011166e-01
5.70000000000000e+00  3.89853467776875e-01
5.72500000000000e+00  3.85193275497889e-01
5.75000000000000e+00  3.75696434252075e-01
5.77500000000000e+00  3.61496923591266e-01
5.80000000000000e+00  3.42788182344856e-01
5.82500000000000e+00  3.19819703423398e-01
5.85000000000000e+00  2.92893628622190e-01
5.87500000000000e+00  2.62361343424885e-01
5.90000000000000e+00  2.28620071807072e-01
5.92500000000000e+00  1.92109471039879e-01
5.95000000000000e+00  1.53295415014779e-01
5.97500000000000e+00  1.12673800636866e-01
6.00000000000000e+00  7.07595593324932e-02
6.02500000000000e+00  2.80837974577973e-02
6.05000000000000e+00  -1.48169267189727e-02
6.07500000000000e+00  -5.74067705812162e-02
6.10000000000000e+00  -9.91567747277686e-02
6.12500000000000e+00  -1.39551030536660e-01
6.15000000000000e+00  -1.78092847728904e-01
6.17500000000000e+00  -2.14310921932255e-01
6.20000000000000e+00  -2.47765502244993e-01
6.22500000000000e+00  -2.78054558799693e-01
6.25000000000000e+00  -3.04830608244397e-01
6.27500000000000e+00  -3.27752694749681e-01
6.30000000000000e+00  -3.46577285400982e-01
6.32500000000000e+00  -3.61084014524602e-01
6.35000000000000e+00  -3.71111572255119e-01
6.37500000000000e+00  -3.76556535825497e-01
6.40000000000000e+00  -3.77372200857214e-01
6.42500000000000e+00  -3.73567412650382e-01
6.45000000000000e+00  -3.65205397473869e-01
6.47500000000000e+00  -3.52402593855421e-01
6.50000000000000e+00  -3.35327483871785e-01
6.52500000000000e+00  -3.14199424438825e-01
6.55000000000000e+00  -2.89287478601654e-01
6.57500000000000e+00  -2.60896362983621e-01
6.60000000000000e+00  -2.29372223391600e-01
6.62500000000000e+00  -1.95094829820632e-01
6.65000000000000e+00  -1.58472828329231e-01
6.67500000000000e+00  -1.19938380707599e-01
6.70000000000000e+00  -7.99417191186756e-02
6.72500000000000e+00  -3.89457007391679e-02
6.75000000000000e+00  2.57963759939537e-03
6.77500000000000e+00  4.41625247696353e-02
6.80000000000000e+00  8.53349007072686e-02
6.82500000000000e+00  1.25637861770072e-01
6.85000000000000e+00  1.64627106096842e-01
6.87500000000000e+00  2.01880318218101e-01
6.90000000000000e+00  2.36987960330400e-01
6.92500000000000e+00  2.69586909288326e-01
6.95000000000000e+00  2.99330281337466e-01
6.97500000000000e+00  3.25909888743491e-01
7.00000000000000e+00  3.49057193123790e-01
7.02500000000000e+00  3.68544258779110e-01
7.05000000000000e+00  3.84184706025190e-01
7.07500000000000e+00  3.95834664524407e-01
7.10000000000000e+00  4.03393726617403e-01
7.12500000000000e+00  4.06805900654731e-01
7.15000000000000e+00  4.06060564328489e-01
7.17500000000000e+00  4.01193418003958e-01
7.20000000000000e+00  3.92277058954361e-01
7.22500000000000e+00  3.79427327275540e-01
7.25000000000000e+00  3.62799626659983e-01
7.27500000000000e+00  3.42583913555514e-01
7.30000000000000e+00  3.19004663398032e-01
7.32500000000000e+00  2.92317239162708e-01
7.35000000000000e+00  2.62804259915186e-01
7.37500000000000e+00  2.30771969362791e-01
7.40000000000000e+00  1.96546604405720e-01
7.42500000000000e+00  1.60470763688257e-01
7.45000000000000e+00  1.22899776149965e-01
7.47500000000000e+00  8.41980695768868e-02
7.50000000000000e+00  4.47262440501335e-02
7.52500000000000e+00  4.87392961064037e-03
7.55000000000000e+00  -3.50045172909675e-02
7.57500000000000e+00  -7.45446068175882e-02
7.60000000000000e+00  -1.13393259863840e-01
7.62500000000000e+00  -1.51210986192580e-01
7.65000000000000e+00  -1.87674062571447e-01
7.67500000000000e+00  -2.22476710909381e-01
7.70000000000000e+00  -2.55333276393161e-01
7.72500000000000e+00  -2.85980405623932e-01
7.75000000000000e+00  -3.14179224753732e-01
7.77500000000000e+00  -3.39717517622029e-01
7.80000000000000e+00  -3.62411903892246e-01
7.82500000000000e+00  -3.82104206829851e-01
7.85000000000000e+00  -3.98666294416989e-01
7.87500000000000e+00  -4.12000160099034e-01
7.90000000000000e+00  -4.22034699579085e-01
7.92500000000000e+00  -4.28728654366006e-01
7.95000000000000e+00  -4.32069358125313e-01
7.97500000000000e+00  -4.32071483030072e-01
8.00000000000000e+00  -4.28775786111778e-01
8.02500000000000e+00  -4.22247855611250e-01
8.05000000000000e+00  -4.12576857329519e-01
8.07500000000000e+00  -3.99874280978716e-01
8.10000000000000e+00  -3.84272686532964e-01
8.12500000000000e+00  -3.65919536321972e-01
8.15000000000000e+00  -3.44995489200603e-01
8.17500000000000e+00  -3.21668092998627e-01
8.20000000000000e+00  -2.96133981793833e-01
8.22500000000000e+00  -2.68599542742634e-01
8.25000000000000e+00  -2.39279021966467e-01
8.27500000000000e+00  -2.08392630438210e-01
8.30000000000000e+00  -1.76164649868577e-01
8.32500000000000e+00  -1.42821538592522e-01
8.35000000000000e+00  -1.08590037455655e-01
8.37500000000000e+00  -7.36952757006285e-02
8.40000000000000e+00  -3.83588768535636e-02
8.42500000000000e+00  -2.79706461044098e-03
8.45000000000000e+00  3.27783340466951e-02
8.47500000000000e+00  6.81635560749905e-02
8.50000000000000e+00  1.03164433642216e-01
8.52500000000000e+00  1.37594343859735e-01
8.55000000000000e+00  1.71278345757351e-01
8.57500000000000e+00  2.04053601020317e-01
8.60000000000000e+00  2.35769794726358e-01
8.62500000000000e+00  2.66289556082702e-01
8.65000000000000e+00  2.95488879163084e-01
8.67500000000000e+00  3.23257543644778e-01
8.70000000000000e+00  3.49499535545614e-01
8.72500000000000e+00  3.74133467961001e-01
8.75000000000000e+00  3.97135762573962e-01
8.77500000000000e+00  4.18297960674623e-01
8.80000000000000e+00  4.37716264963601e-01
8.82500000000000e+00  4.55343118626341e-01
8.85000000000000e+00  4.71148281093313e-01
8.87500000000000e+00  4.85117425681863e-01
8.90000000000000e+00  4.97250737238049e-01
8.92500000000000e+00  5.07561509778496e-01
8.95000000000000e+00  5.16074744132239e-01
8.97500000000000e+00  5.22825745582566e-01
9.00000000000000e+00  5.27858721508871e-01
9.02500000000000e+00  5.31225379028495e-01
9.05000000000000e+00  5.32983522638570e-01
9.07500000000000e+00  5.33196882172408e-01
9.10000000000000e+00  5.31933089806750e-01
9.12500000000000e+00  5.29261719262254e-01
9.15000000000000e+00  5.25258153912364e-01
9.17500000000000e+00  5.19998360196967e-01
9.20000000000000e+00  5.13559479431356e-01
9.22500000000000e+00  5.06020419615198e-01
9.25000000000000e+00  4.97462447241495e-01
9.27500000000000e+00  4.87969779105557e-01
9.30000000000000e+00  4.77630174113966e-01
9.32500000000000e+00  4.66535525093539e-01
9.35000000000000e+00  4.54782450600295e-01
9.37500000000000e+00  4.42329344293280e-01
9.40000000000000e+00  4.29524707528096e-01
9.42500000000000e+00  4.16197208423252e-01
9.45000000000000e+00  4.02453145813637e-01
9.47500000000000e+00  3.88384699169609e-01
9.50000000000000e+00  3.74071557417119e-01
9.52500000000000e+00  3.59582547757835e-01
9.55000000000000e+00  3.44977264489268e-01
9.57500000000000e+00  3.30307697824892e-01
9.60000000000000e+00  3.15619862714271e-01
9.62500000000000e+00  3.00955427663184e-01
9.65000000000000e+00  2.86353343553745e-01
9.67500000000000e+00  2.71851472464532e-01
9.70000000000000e+00  2.57481476230201e-01
9.72500000000000e+00  2.43274341029468e-01
9.75000000000000e+00  2.29259148309506e-01
9.77500000000000e+00  2.15460945881532e-01
9.80000000000000e+00  2.01902211778679e-01
9.82500000000000e+00  1.88601891568581e-01
9.85000000000000e+00  1.75574435665960e-01
9.87500000000000e+00  1.62828836645214e-01
9.90000000000000e+00  1.50367666552996e-01
9.92500000000000e+00  1.38186114220813e-01
9.95000000000000e+00  1.26271022577600e-01
9.97500000000000e+00  1.14599925962313e-01
1.00000000000000e+01  1.03140087436519e-01
