0.00000000000000e+00  1.03945251921991e-01
2.50000000000000e-02  1.15386237337781e-01
5.00000000000000e-02  1.27092640580273e-01
7.50000000000000e-02  1.39072043570120e-01
1.00000000000000e-01  1.51328941543002e-01
1.25000000000000e-01  1.63864666400361e-01
1.50000000000000e-01  1.76677310060156e-01
1.75000000000000e-01  1.89761647807602e-01
2.00000000000000e-01  2.03109061645923e-01
2.25000000000000e-01  2.16707463647094e-01
2.50000000000000e-01  2.30541219302589e-01
2.75000000000000e-01  2.44591070874129e-01
3.00000000000000e-01  2.58834060744428e-01
3.25000000000000e-01  2.73243255926988e-01
3.50000000000000e-01  2.87787847212808e-01
3.75000000000000e-01  3.02433055471694e-01
4.00000000000000e-01  3.17140148834335e-01
4.25000000000000e-01  3.31866340087740e-01
4.50000000000000e-01  3.46564861117005e-01
4.75000000000000e-01  3.61185037347064e-01
5.00000000000000e-01  3.75672362184450e-01
5.25000000000000e-01  3.89968571459055e-01
5.50000000000000e-01  4.04011717865886e-01
5.75000000000000e-01  4.17736245406828e-01
6.00000000000000e-01  4.31073063832397e-01
6.25000000000000e-01  4.43936142004787e-01
6.50000000000000e-01  4.56296361891190e-01
6.75000000000000e-01  4.68034083700206e-01
7.00000000000000e-01  4.79075607467014e-01
7.25000000000000e-01  4.89343804141176e-01
7.50000000000000e-01  4.98758911259384e-01
7.75000000000000e-01  5.07239328618189e-01
8.00000000000000e-01  5.14702413946746e-01
8.25000000000000e-01  5.21065278579552e-01
8.50000000000000e-01  5.26245583129182e-01
8.75000000000000e-01  5.30162333159033e-01
9.00000000000000e-01  5.32736674856056e-01
9.25000000000000e-01  5.33892690703499e-01
9.50000000000000e-01  5.33558710866178e-01
9.75000000000000e-01  5.31667710728360e-01
1.00000000000000e+00  5.28158657664294e-01
1.02500000000000e+00  5.22975946204989e-01
1.05000000000000e+00  5.16071455236710e-01
1.07500000000000e+00  5.07404905629513e-01
1.10000000000000e+00  4.96944217865783e-01
1.12500000000000e+00  4.84665869668768e-01
1.15000000000000e+00  4.70555253631118e-01
1.17500000000000e+00  4.54607034843422e-01
1.20000000000000e+00  4.36825508522742e-01
1.22500000000000e+00  4.17224957641155e-01
1.25000000000000e+00  3.95897098200400e-01
1.27500000000000e+00  3.72727753472040e-01
1.30000000000000e+00  3.47923624404536e-01
1.32500000000000e+00  3.21532666151152e-01
1.35000000000000e+00  2.93624203970853e-01
1.37500000000000e+00  2.64287426973003e-01
1.40000000000000e+00  2.33629881862063e-01
1.42500000000000e+00  2.01775966682288e-01
1.45000000000000e+00  1.68865424562426e-01
1.47500000000000e+00  1.35051837460417e-01
1.50000000000000e+00  1.00501119908091e-01
1.52500000000000e+00  6.53900127558633e-02
1.55000000000000e+00  2.99045769174395e-02
1.57500000000000e+00  -5.75893207987114e-03
1.60000000000000e+00  -4.13971147038451e-02
1.62500000000000e+00  -7.67991087775128e-02
1.65000000000000e+00  -1.11749969951760e-01
1.67500000000000e+00  -1.46029475953801e-01
1.70000000000000e+00  -1.79413746798123e-01
1.72500000000000e+00  -2.11676864997400e-01
1.75000000000000e+00  -2.42592495773436e-01
1.77500000000000e+00  -2.71935507268089e-01
1.80000000000000e+00  -2.99483590754202e-01
1.82500000000000e+00  -3.25018880846538e-01
1.85000000000000e+00  -3.48329575712701e-01
1.87500000000000e+00  -3.69227083683712e-01
1.90000000000000e+00  -3.87577288569173e-01
1.92500000000000e+00  -4.03162308529095e-01
1.95000000000000e+00  -4.15837842457583e-01
1.97500000000000e+00  -4.25477226720872e-01
2.00000000000000e+00  -4.31973037220851e-01
2.02500000000000e+00  -4.35238691458578e-01
2.05000000000000e+00  -4.35210050597797e-01
2.07500000000000e+00  -4.31847021528458e-01
2.10000000000000e+00  -4.25135158930234e-01
2.12500000000000e+00  -4.15087267336038e-01
2.15000000000000e+00  -4.01745003195543e-01
2.17500000000000e+00  -3.85180476938699e-01
2.20000000000000e+00  -3.65492024918355e-01
2.22500000000000e+00  -3.42808709144747e-01
2.25000000000000e+00  -3.17289983140530e-01
2.27500000000000e+00  -2.89120296037330e-01
2.30000000000000e+00  -2.58513043355572e-01
2.32500000000000e+00  -2.25708168672002e-01
2.35000000000000e+00  -1.90969765287199e-01
2.37500000000000e+00  -1.54583677893098e-01
2.40000000000000e+00  -1.16855104240503e-01
2.42500000000000e+00  -7.81061968066095e-02
2.45000000000000e+00  -3.86736644625167e-02
2.47500000000000e+00  1.09362585925305e-03
2.50000000000000e+00  4.08329860932841e-02
2.52500000000000e+00  8.01616904284997e-02
2.55000000000000e+00  1.18723603915333e-01
2.57500000000000e+00  1.56149663408544e-01
2.60000000000000e+00  1.92076536162369e-01
2.62500000000000e+00  2.26150208405183e-01
2.65000000000000e+00  2.58029573914160e-01
2.67500000000000e+00  2.87390022589945e-01
2.70000000000000e+00  3.13927029031315e-01
2.72500000000000e+00  3.37359741109843e-01
2.75000000000000e+00  3.57434568544564e-01
2.77500000000000e+00  3.73928771476638e-01
2.80000000000000e+00  3.86654049044017e-01
2.82500000000000e+00  3.95456653513243e-01
2.85000000000000e+00  4.00222283784548e-01
2.87500000000000e+00  4.00879716846287e-01
2.90000000000000e+00  3.97394590002495e-01
2.92500000000000e+00  3.89778657456188e-01
2.95000000000000e+00  3.78088839914599e-01
2.97500000000000e+00  3.62426274194412e-01
3.00000000000000e+00  3.42935362827001e-01
3.02500000000000e+00  3.19802823663664e-01
3.05000000000000e+00  2.93256739480858e-01
3.07500000000000e+00  2.63565607585438e-01
3.10000000000000e+00  2.31037389419889e-01
3.12500000000000e+00  1.96016087271539e-01
3.15000000000000e+00  1.58869270643526e-01
3.17500000000000e+00  1.20000272790597e-01
3.20000000000000e+00  7.98319137671279e-02
3.22500000000000e+00  3.88068730644689e-02
3.25000000000000e+00  -2.61773347444853e-03
3.27500000000000e+00  -4.39757767405032e-02
3.30000000000000e+00  -8.47975374437773e-02
3.32500000000000e+00  -1.24615129198955e-01
3.35000000000000e+00  -1.62967921610713e-01
3.37500000000000e+00  -1.99407963359116e-01
3.40000000000000e+00  -2.33505405285008e-01
3.42500000000000e+00  -2.64853923475406e-01
3.45000000000000e+00  -2.93076028815239e-01
3.47500000000000e+00  -3.17827826318532e-01
3.50000000000000e+00  -3.38806683945191e-01
3.52500000000000e+00  -3.55745581531873e-01
3.55000000000000e+00  -3.68427012475385e-01
3.57500000000000e+00  -3.76684137597973e-01
3.60000000000000e+00  -3.80401939012609e-01
3.62500000000000e+00  -3.79518373988277e-01
3.65000000000000e+00  -3.74025528815258e-01
3.67500000000000e+00  -3.63970772670425e-01
3.70000000000000e+00  -3.49457911482520e-01
3.72500000000000e+00  -3.30648341797447e-01
3.75000000000000e+00  -3.07753083034188e-01
3.77500000000000e+00  -2.81042768987972e-01
3.80000000000000e+00  -2.50829742410685e-01
3.82500000000000e+00  -2.17470670757516e-01
3.85000000000000e+00  -1.81365983420598e-01
3.87500000000000e+00  -1.42953711342501e-01
3.90000000000000e+00  -1.02703326629728e-01
3.92500000000000e+00  -6.11095821662121e-02
3.95000000000000e+00  -1.86863512268090e-02
3.97500000000000e+00  2.40395329092105e-02
4.00000000000000e+00  6.65344373446599e-02
4.02500000000000e+00  1.08264089950946e-01
4.05000000000000e+00  1.48699739754571e-01
4.07500000000000e+00  1.87328805216441e-01
4.10000000000000e+00  2.23657722526141e-01
4.12500000000000e+00  2.57223010739625e-01
4.15000000000000e+00  2.87587263446894e-01
4.17500000000000e+00  3.14355433149578e-01
4.20000000000000e+00  3.37178182666975e-01
4.22500000000000e+00  3.55755236542069e-01
4.25000000000000e+00  3.69838732447558e-01
4.27500000000000e+00  3.79236572591883e-01
4.30000000000000e+00  3.83815775125247e-01
4.32500000000000e+00  3.83505825545651e-01
4.35000000000000e+00  3.78302028104912e-01
4.37500000000000e+00  3.68261372291992e-01
4.40000000000000e+00  3.53500374185983e-01
4.42500000000000e+00  3.34202242817689e-01
4.45000000000000e+00  3.10603091713715e-01
4.47500000000000e+00  2.82999430576147e-01
4.50000000000000e+00  2.51742266702675e-01
4.52500000000000e+00  2.17231206406742e-01
4.55000000000000e+00  1.79908556437683e-01
4.57500000000000e+00  1.40253425400859e-01
4.60000000000000e+00  9.87758251778041e-02
4.62500000000000e+00  5.60107723463627e-02
4.65000000000000e+00  1.25123896008228e-02
4.67500000000000e+00  -3.11519928279316e-02
4.70000000000000e+00  -7.44166191139701e-02
4.72500000000000e+00  -1.16717816398165e-01
4.75000000000000e+00  -1.57506500464407e-01
4.77500000000000e+00  -1.96246500989725e-01
4.80000000000000e+00  -2.32431141149262e-01
4.82500000000000e+00  -2.65588237896666e-01
4.85000000000000e+00  -2.95285102244480e-01
4.87500000000000e+00  -3.21133539544523e-01
4.90000000000000e+00  -3.42794849768278e-01
4.92500000000000e+00  -3.59984827787282e-01
4.95000000000000e+00  -3.72478763653504e-01
4.97500000000000e+00  -3.80116442879740e-01
5.00000000000000e+00  -3.82801498380607e-01
5.02500000000000e+00  -3.80491486269537e-01
5.05000000000000e+00  -3.73229799584761e-01
5.07500000000000e+00  -3.61108543005962e-01
5.10000000000000e+00  -3.44288799886056e-01
5.12500000000000e+00  -3.22995702644731e-01
5.15000000000000e+00  -2.97513503161978e-01
5.17500000000000e+00  -2.68180643171628e-01
5.20000000000000e+00  -2.35384824654890e-01
5.22500000000000e+00  -1.99558080233881e-01
5.25000000000000e+00  -1.61171843565171e-01
5.27500000000000e+00  -1.20732019733304e-01
5.30000000000000e+00  -7.87740556443508e-02
5.32500000000000e+00  -3.58464311435304e-02
5.35000000000000e+00  7.48771761695498e-03
5.37500000000000e+00  5.06628178317090e-02
5.40000000000000e+00  9.31119269567101e-02
5.42500000000000e+00  1.34281019518242e-01
5.45000000000000e+00  1.73635040061595e-01
5.47500000000000e+00  2.10663956099768e-01
5.50000000000000e+00  2.44888811062157e-01
5.52500000000000e+00  2.75867777243262e-01
5.55000000000000e+00  3.03202208751374e-01
5.57500000000000e+00  3.26542694457284e-01
5.60000000000000e+00  3.45595110942974e-01
5.62500000000000e+00  3.60121178290969e-01
5.65000000000000e+00  3.69933496480113e-01
5.67500000000000e+00  3.74922365043390e-01
5.70000000000000e+00  3.75025883752635e-01
5.72500000000000e+00  3.70250568852194e-01
5.75000000000000e+00  3.60668118065840e-01
5.77500000000000e+00  3.46412175603695e-01
5.80000000000000e+00  3.27675097169142e-01
5.82500000000000e+00  3.04704714965753e-01
5.85000000000000e+00  2.77801102704196e-01
5.87500000000000e+00  2.47313340609161e-01
5.90000000000000e+00  2.13636280426272e-01
5.92500000000000e+00  1.77207310429011e-01
5.95000000000000e+00  1.38489739393246e-01
5.97500000000000e+00  9.79770961160767e-02
6.00000000000000e+00  5.61820803690641e-02
6.02500000000000e+00  1.36335417736683e-02
6.05000000000000e+00  -2.91341288885420e-02
6.07500000000000e+00  -7.15872210399347e-02
6.10000000000000e+00  -1.13198925670890e-01
6.12500000000000e+00  -1.53455556703846e-01
6.15000000000000e+00  -1.91862772357374e-01
6.17500000000000e+00  -2.27951796510226e-01
6.20000000000000e+00  -2.61285640065404e-01
6.22500000000000e+00  -2.91465322314219e-01
6.25000000000000e+00  -3.18140737477254e-01
6.27500000000000e+00  -3.40972903068778e-01
6.30000000000000e+00  -3.59719617404087e-01
6.32500000000000e+00  -3.74161060672581e-01
6.35000000000000e+00  -3.84136206564644e-01
6.37500000000000e+00  -3.89541656660474e-01
6.40000000000000e+00  -3.90330474818921e-01
6.42500000000000e+00  -3.86511021566330e-01
6.45000000000000e+00  -3.78145788485373e-01
6.47500000000000e+00  -3.65350232603886e-01
6.50000000000000e+00  -3.48291610783713e-01
6.52500000000000e+00  -3.27187814109535e-01
6.55000000000000e+00  -3.02306202277714e-01
6.57500000000000e+00  -2.73949862891789e-01
6.60000000000000e+00  -2.42463033827131e-01
6.62500000000000e+00  -2.08223564882152e-01
6.65000000000000e+00  -1.71638194377311e-01
6.67500000000000e+00  -1.33137158977978e-01
6.70000000000000e+00  -9.31687698821827e-02
6.72500000000000e+00  -5.21939890083543e-02
6.75000000000000e+00  -1.06810051830783e-02
6.77500000000000e+00  3.09001896711702e-02
6.80000000000000e+00  7.20832243482666e-02
6.82500000000000e+00  1.12410772170696e-01
6.85000000000000e+00  1.51439974801811e-01
6.87500000000000e+00  1.88749997628737e-01
6.90000000000000e+00  2.23930572560240e-01
6.92500000000000e+00  2.56620536205630e-01
6.95000000000000e+00  2.86473406932945e-01
6.97500000000000e+00  3.13181181936526e-01
7.00000000000000e+00  3.36475292531178e-01
7.02500000000000e+00  3.56127559446348e-01
7.05000000000000e+00  3.71951148120290e-01
7.07500000000000e+00  3.83801523994237e-01
7.10000000000000e+00  3.91577407806571e-01
7.12500000000000e+00  3.95221730886992e-01
7.15000000000000e+00  3.94722590450687e-01
7.17500000000000e+00  3.90114204892504e-01
7.20000000000000e+00  3.81467694298279e-01
7.22500000000000e+00  3.68897238043458e-01
7.25000000000000e+00  3.52556505809160e-01
7.27500000000000e+00  3.32633682160446e-01
7.30000000000000e+00  3.09351423402702e-01
7.32500000000000e+00  2.82963250997500e-01
7.35000000000000e+00  2.53749944978453e-01
7.37500000000000e+00  2.22015937367082e-01
7.40000000000000e+00  1.88085705588664e-01
7.42500000000000e+00  1.52300165888104e-01
7.45000000000000e+00  1.15013066745784e-01
7.47500000000000e+00  7.65873822934266e-02
7.50000000000000e+00  3.73834422938164e-02
7.52500000000000e+00  -2.21404693108124e-03
7.55000000000000e+00  -4.18478889665285e-02
7.57500000000000e+00  -8.11549587508044e-02
7.60000000000000e+00  -1.19783254260809e-01
7.62500000000000e+00  -1.57394085278838e-01
7.65000000000000e+00  -1.93664262159390e-01
7.67500000000000e+00  -2.28288284595936e-01
7.70000000000000e+00  -2.60980530387723e-01
7.72500000000000e+00  -2.91477444206558e-01
7.75000000000000e+00  -3.19539726363592e-01
7.77500000000000e+00  -3.44954521576119e-01
7.80000000000000e+00  -3.67537607734356e-01
7.82500000000000e+00  -3.87130112196176e-01
7.85000000000000e+00  -4.03603143923715e-01
7.87500000000000e+00  -4.16857642220126e-01
7.90000000000000e+00  -4.26821704182984e-01
7.92500000000000e+00  -4.33453166391587e-01
7.95000000000000e+00  -4.36738355827472e-01
7.97500000000000e+00  -4.36690840794937e-01
8.00000000000000e+00  -4.33350181841557e-01
8.02500000000000e+00  -4.26780682678701e-01
8.05000000000000e+00  -4.17070141102052e-01
8.07500000000000e+00  -4.04328599912123e-01
8.10000000000000e+00  -3.88687097834775e-01
8.12500000000000e+00  -3.70296900547742e-01
8.15000000000000e+00  -3.49324879833910e-01
8.17500000000000e+00  -3.25949783150841e-01
8.20000000000000e+00  -3.00365701650451e-01
8.22500000000000e+00  -2.72777042306932e-01
8.25000000000000e+00  -2.43396573337307e-01
8.27500000000000e+00  -2.12443469622017e-01
8.30000000000000e+00  -1.80141358125484e-01
8.32500000000000e+00  -1.46716363316680e-01
8.35000000000000e+00  -1.12395152589704e-01
8.37500000000000e+00  -7.74029816843426e-02
8.40000000000000e+00  -4.19617401066541e-02
8.42500000000000e+00  -6.28799654953032e-03
8.45000000000000e+00  2.94062693150281e-02
8.47500000000000e+00  6.49170675482138e-02
8.50000000000000e+00  1.00050100167762e-01
8.52500000000000e+00  1.34618636418538e-01
8.55000000000000e+00  1.68447602260428e-01
8.57500000000000e+00  2.01373941578593e-01
8.60000000000000e+00  2.33246977393732e-01
8.62500000000000e+00  2.63928773072364e-01
8.65000000000000e+00  2.93294493537067e-01
8.67500000000000e+00  3.21232766476759e-01
8.70000000000000e+00  3.47646043556954e-01
8.72500000000000e+00  3.72450961630036e-01
8.75000000000000e+00  3.95587542077852e-01
8.77500000000000e+00  4.16965820710244e-01
8.80000000000000e+00  4.36570240322120e-01
8.82500000000000e+00  4.54365974087722e-01
8.85000000000000e+00  4.70331664453762e-01
8.87500000000000e+00  4.84458580870157e-01
8.90000000000000e+00  4.96749777520756e-01
8.92500000000000e+00  5.07219251054069e-01
8.95000000000000e+00  5.15891098314010e-01
8.97500000000000e+00  5.22798674070614e-01
9.00000000000000e+00  5.27983748750780e-01
9.02500000000000e+00  5.31495666168999e-01
9.05000000000000e+00  5.33390501258081e-01
9.07500000000000e+00  5.33730255681745e-01
9.10000000000000e+00  5.32581941623866e-01
9.12500000000000e+00  5.30016407382173e-01
9.15000000000000e+00  5.26109013651567e-01
9.17500000000000e+00  5.20937446892215e-01
9.20000000000000e+00  5.14581357606550e-01
9.22500000000000e+00  5.07121998616255e-01
9.25000000000000e+00  4.98641863339261e-01
9.27500000000000e+00  4.89224324066736e-01
9.30000000000000e+00  4.78953270240080e-01
9.32500000000000e+00  4.67912746727914e-01
9.35000000000000e+00  4.56186592103077e-01
9.37500000000000e+00  4.43830997901386e-01
9.40000000000000e+00  4.30974994989516e-01
9.42500000000000e+00  4.17645949204516e-01
9.45000000000000e+00  4.03922601257344e-01
9.47500000000000e+00  3.89878337818161e-01
9.50000000000000e+00  3.75581409258244e-01
9.52500000000000e+00  3.61095147391927e-01
9.55000000000000e+00  3.46478183218520e-01
9.57500000000000e+00  3.31784664664233e-01
9.60000000000000e+00  3.17064474324113e-01
9.62500000000000e+00  3.02363447203959e-01
9.65000000000000e+00  2.87723588462254e-01
9.67500000000000e+00  2.73183291152093e-01
9.70000000000000e+00  2.58776961030781e-01
9.72500000000000e+00  2.44535489823981e-01
9.75000000000000e+00  2.30486217264585e-01
9.77500000000000e+00  2.16652737512836e-01
9.80000000000000e+00  2.03055060558902e-01
9.82500000000000e+00  1.89709517123807e-01
9.85000000000000e+00  1.76628663560355e-01
9.87500000000000e+00  1.63821186754064e-01
9.90000000000000e+00  1.51291809024084e-01
9.92500000000000e+00  1.39041193024136e-01
9.95000000000000e+00  1.27065846643436e-01
9.97500000000000e+00  1.15358027907620e-01
1.00000000000000e+01  1.03905649879680e-01
