0.00000000000000e+00  1.03877848459234e-01
2.50000000000000e-02  1.15375929948136e-01
5.00000000000000e-02  1.27099333923418e-01
7.50000000000000e-02  1.39074171787930e-01
1.00000000000000e-01  1.51318153918436e-01
1.25000000000000e-01  1.63841279410032e-01
1.50000000000000e-01  1.76646525820563e-01
1.75000000000000e-01  1.89730538915041e-01
2.00000000000000e-01  2.03084322410072e-01
2.25000000000000e-01  2.16693927718266e-01
2.50000000000000e-01  2.30541143692664e-01
2.75000000000000e-01  2.44604186371151e-01
3.00000000000000e-01  2.58858388720881e-01
3.25000000000000e-01  2.73275055239255e-01
3.50000000000000e-01  2.87823064899809e-01
3.75000000000000e-01  3.02469855922341e-01
4.00000000000000e-01  3.17177086819198e-01
4.25000000000000e-01  3.31904654562628e-01
4.50000000000000e-01  3.46609474774681e-01
4.75000000000000e-01  3.61244261917109e-01
5.00000000000000e-01  3.75756309481273e-01
5.25000000000000e-01  3.90086270178039e-01
5.50000000000000e-01  4.04166936127684e-01
5.75000000000000e-01  4.17922019049800e-01
6.00000000000000e-01  4.31264930453189e-01
6.25000000000000e-01  4.44212554755354e-01
6.50000000000000e-01  4.56531126395229e-01
6.75000000000000e-01  4.68280542167703e-01
7.00000000000000e-01  4.79363329310358e-01
7.25000000000000e-01  4.89685672995463e-01
7.50000000000000e-01  4.99157144724287e-01
7.75000000000000e-01  5.07690430721400e-01
8.00000000000000e-01  5.15201060328987e-01
8.25000000000000e-01  5.21607134401150e-01
8.50000000000000e-01  5.26829053698219e-01
8.75000000000000e-01  5.30789247281055e-01
9.00000000000000e-01  5.33411900905358e-01
9.25000000000000e-01  5.34622685415978e-01
9.50000000000000e-01  5.34352148716278e-01
9.75000000000000e-01  5.32533390821526e-01
1.00000000000000e+00  5.29103060314669e-01
1.02500000000000e+00  5.24004496196523e-01
1.05000000000000e+00  5.17186443053043e-01
1.07500000000000e+00  5.08604703772228e-01
1.10000000000000e+00  4.98223792261023e-01
1.12500000000000e+00  4.86018586162226e-01
1.15000000000000e+00  4.71975979571393e-01
1.17500000000000e+00  4.56096535753740e-01
1.20000000000000e+00  4.38396139861049e-01
1.22500000000000e+00  4.18907651648574e-01
1.25000000000000e+00  3.97564822415358e-01
1.27500000000000e+00  3.74619326430106e-01
1.30000000000000e+00  3.49943987491238e-01
1.32500000000000e+00  3.23634164481575e-01
1.35000000000000e+00  2.95791528301543e-01
1.37500000000000e+00  2.66524988775512e-01
1.40000000000000e+00  2.35951621558151e-01
1.42500000000000e+00  2.04197595040766e-01
1.45000000000000e+00  1.71399097257648e-01
1.47500000000000e+00  1.37703262792420e-01
1.50000000000000e+00  1.03269099684382e-01
1.52500000000000e+00  6.82684163348558e-02
1.55000000000000e+00  3.28867484135340e-02
1.57500000000000e+00  -2.68340607491233e-03
1.60000000000000e+00  -3.82377780860830e-02
1.62500000000000e+00  -7.35627554748355e-02
1.65000000000000e+00  -1.08439314139086e-01
1.67500000000000e+00  -1.42642586901816e-01
1.70000000000000e+00  -1.75944550042015e-01
1.72500000000000e+00  -2.08116709825605e-01
1.75000000000000e+00  -2.38932789036385e-01
1.77500000000000e+00  -2.68171413506957e-01
1.80000000000000e+00  -2.95618798649663e-01
1.82500000000000e+00  -3.21071435987524e-01
1.85000000000000e+00  -3.44338779685165e-01
1.87500000000000e+00  -3.65196338152404e-01
1.90000000000000e+00  -3.83456242540516e-01
1.92500000000000e+00  -3.98972465347426e-01
1.95000000000000e+00  -4.11592360780252e-01
1.97500000000000e+00  -4.21183586070852e-01
2.00000000000000e+00  -4.27635283625177e-01
2.02500000000000e+00  -4.30859263172628e-01
2.05000000000000e+00  -4.30791183915405e-01
2.07500000000000e+00  -4.27391736677863e-01
2.10000000000000e+00  -4.20647826055864e-01
2.12500000000000e+00  -4.10573752566131e-01
2.15000000000000e+00  -3.97212394795604e-01
2.17500000000000e+00  -3.80636391550786e-01
2.20000000000000e+00  -3.60945025795462e-01
2.22500000000000e+00  -3.38267464380572e-01
2.25000000000000e+00  -3.12762886163461e-01
2.27500000000000e+00  -2.84615246014017e-01
2.30000000000000e+00  -2.54037238288409e-01
2.32500000000000e+00  -2.21268137323966e-01
2.35000000000000e+00  -1.86571637934057e-01
2.37500000000000e+00  -1.50233695902963e-01
2.40000000000000e+00  -1.12560368480765e-01
2.42500000000000e+00  -7.38756548782135e-02
2.45000000000000e+00  -3.45193367616143e-02
2.47500000000000e+00  5.15518125229930e-03
2.50000000000000e+00  4.47954949218390e-02
2.52500000000000e+00  8.40191608893169e-02
2.55000000000000e+00  1.22465770213856e-01
2.57500000000000e+00  1.59766411429491e-01
2.60000000000000e+00  1.95557862244984e-01
2.62500000000000e+00  2.29486187212718e-01
2.65000000000000e+00  2.61210335397616e-01
2.67500000000000e+00  2.90405738046032e-01
2.70000000000000e+00  3.16767906254672e-01
2.72500000000000e+00  3.40016028639487e-01
2.75000000000000e+00  3.59896569004582e-01
2.77500000000000e+00  3.76186864011124e-01
2.80000000000000e+00  3.88698720846245e-01
2.82500000000000e+00  3.97278594319389e-01
2.85000000000000e+00  4.01812416514516e-01
2.87500000000000e+00  4.02229200011755e-01
2.90000000000000e+00  3.98494954556236e-01
2.92500000000000e+00  3.90621848281199e-01
2.95000000000000e+00  3.78667252009034e-01
2.97500000000000e+00  3.62732783552309e-01
3.00000000000000e+00  3.42963352014809e-01
3.02500000000000e+00  3.19546202092565e-01
3.05000000000000e+00  2.92709958374889e-01
3.07500000000000e+00  2.62723669645407e-01
3.10000000000000e+00  2.29895853183094e-01
3.12500000000000e+00  1.94571766399870e-01
3.15000000000000e+00  1.57119225477020e-01
3.17500000000000e+00  1.17942990639199e-01
3.20000000000000e+00  7.74666899329804e-02
3.22500000000000e+00  3.61338842018639e-02
3.25000000000000e+00  -5.59736479364838e-03
3.27500000000000e+00  -4.72599262559615e-02
3.30000000000000e+00  -8.83830322303033e-02
3.32500000000000e+00  -1.28497709484644e-01
3.35000000000000e+00  -1.67142211389609e-01
3.37500000000000e+00  -2.03867449798394e-01
3.40000000000000e+00  -2.38242426926681e-01
3.42500000000000e+00  -2.69859667232551e-01
3.45000000000000e+00  -2.98340575112776e-01
3.47500000000000e+00  -3.23340189947733e-01
3.50000000000000e+00  -3.44554771755158e-01
3.52500000000000e+00  -3.61716295795859e-01
3.55000000000000e+00  -3.74606266046621e-01
3.57500000000000e+00  -3.83056879380924e-01
3.60000000000000e+00  -3.86952189749650e-01
3.62500000000000e+00  -3.86229272361800e-01
3.65000000000000e+00  -3.80879387865202e-01
3.67500000000000e+00  -3.70949146527231e-01
3.70000000000000e+00  -3.56541672415514e-01
3.72500000000000e+00  -3.37817767578651e-01
3.75000000000000e+00  -3.14990836447839e-01
3.77500000000000e+00  -2.88322396907850e-01
3.80000000000000e+00  -2.58132436945652e-01
3.82500000000000e+00  -2.24776387038252e-01
3.85000000000000e+00  -1.88653802764640e-01
3.87500000000000e+00  -1.50202165819381e-01
3.90000000000000e+00  -1.09890685026211e-01
3.92500000000000e+00  -6.82140973516304e-02
3.95000000000000e+00  -2.56864689185000e-02
3.97500000000000e+00  1.71650039803693e-02
4.00000000000000e+00  5.98061938686148e-02
4.02500000000000e+00  1.01702241072733e-01
4.05000000000000e+00  1.42323752708478e-01
4.07500000000000e+00  1.81157408133508e-01
4.10000000000000e+00  2.17709093820806e-01
4.12500000000000e+00  2.51514604045361e-01
4.15000000000000e+00  2.82135779710261e-01
4.17500000000000e+00  3.09176874267710e-01
4.20000000000000e+00  3.32287839414544e-01
4.22500000000000e+00  3.51167610787722e-01
4.25000000000000e+00  3.65567393659839e-01
4.27500000000000e+00  3.75293948634622e-01
4.30000000000000e+00  3.80212877342436e-01
4.32500000000000e+00  3.80251908135784e-01
4.35000000000000e+00  3.75404181784810e-01
4.37500000000000e+00  3.65731947131131e-01
4.40000000000000e+00  3.51336540101703e-01
4.42500000000000e+00  3.32412648275194e-01
4.45000000000000e+00  3.09193286314969e-01
4.47500000000000e+00  2.81972443657195e-01
4.50000000000000e+00  2.51099097864095e-01
4.52500000000000e+00  2.16971227977206e-01
4.55000000000000e+00  1.80029827870643e-01
4.57500000000000e+00  1.40752919604344e-01
4.60000000000000e+00  9.96495667773439e-02
4.62500000000000e+00  5.72538878810229e-02
4.65000000000000e+00  1.41190696523620e-02
4.67500000000000e+00  -2.91886195727875e-02
4.70000000000000e+00  -7.21043377370773e-02
4.72500000000000e+00  -1.14065476219937e-01
4.75000000000000e+00  -1.54523998062094e-01
4.77500000000000e+00  -1.92944811663501e-01
4.80000000000000e+00  -2.28822278265668e-01
4.82500000000000e+00  -2.61685168832310e-01
4.85000000000000e+00  -2.91101620930013e-01
4.87500000000000e+00  -3.16684095608873e-01
4.90000000000000e+00  -3.38094334283155e-01
4.92500000000000e+00  -3.55048315611949e-01
4.95000000000000e+00  -3.67321212379813e-01
4.97500000000000e+00  -3.74752348377436e-01
5.00000000000000e+00  -3.77251355200810e-01
5.02500000000000e+00  -3.74764846662011e-01
5.05000000000000e+00  -3.67345816042035e-01
5.07500000000000e+00  -3.55085301006939e-01
5.10000000000000e+00  -3.38143557741872e-01
5.12500000000000e+00  -3.16745092039689e-01
5.15000000000000e+00  -2.91173690389565e-01
5.17500000000000e+00  -2.61767451065611e-01
5.20000000000000e+00  -2.28913815215493e-01
5.22500000000000e+00  -1.93044597949042e-01
5.25000000000000e+00  -1.54631019426872e-01
5.27500000000000e+00  -1.14178735948995e-01
5.30000000000000e+00  -7.22228710434369e-02
5.32500000000000e+00  -2.93114426649348e-02
5.35000000000000e+00  1.39929418237842e-02
5.37500000000000e+00  5.71254953786684e-02
5.40000000000000e+00  9.95199869248738e-02
5.42500000000000e+00  1.40623303473840e-01
5.45000000000000e+00  1.79901405226810e-01
5.47500000000000e+00  2.16845280678342e-01
5.50000000000000e+00  2.50976901719818e-01
5.52500000000000e+00  2.81855178742964e-01
5.55000000000000e+00  3.09081915743355e-01
5.57500000000000e+00  3.32307765423936e-01
5.60000000000000e+00  3.51238184298531e-01
5.62500000000000e+00  3.65641856202683e-01
5.65000000000000e+00  3.75321165048912e-01
5.67500000000000e+00  3.80177074834980e-01
5.70000000000000e+00  3.80147095980703e-01
5.72500000000000e+00  3.75237597748360e-01
5.75000000000000e+00  3.65520499161656e-01
5.77500000000000e+00  3.51129959924690e-01
5.80000000000000e+00  3.32259071340913e-01
5.82500000000000e+00  3.09156547232106e-01
5.85000000000000e+00  2.82123414857329e-01
5.87500000000000e+00  2.51509705831903e-01
5.90000000000000e+00  2.17711147046360e-01
5.92500000000000e+00  1.81165851585421e-01
5.95000000000000e+00  1.42337978929211e-01
5.97500000000000e+00  1.01721592759790e-01
6.00000000000000e+00  5.98299284932437e-02
6.02500000000000e+00  1.71922830315478e-02
6.05000000000000e+00  -2.56565695304324e-02
6.07500000000000e+00  -6.81825639867313e-02
6.10000000000000e+00  -1.09858530102103e-01
6.12500000000000e+00  -1.50170378693810e-01
6.15000000000000e+00  -1.88623287713446e-01
6.17500000000000e+00  -2.24747888328723e-01
6.20000000000000e+00  -2.58106451005288e-01
6.22500000000000e+00  -2.88299071588524e-01
6.25000000000000e+00  -3.14977227117131e-01
6.27500000000000e+00  -3.37801801012310e-01
6.30000000000000e+00  -3.56529966924393e-01
6.32500000000000e+00  -3.70941961026664e-01
6.35000000000000e+00  -3.80876855954850e-01
6.37500000000000e+00  -3.86231399978610e-01
6.40000000000000e+00  -3.86958856173033e-01
6.42500000000000e+00  -3.83067841590133e-01
6.45000000000000e+00  -3.74621166430343e-01
6.47500000000000e+00  -3.61734673214008e-01
6.50000000000000e+00  -3.44576075952885e-01
6.52500000000000e+00  -3.23363799321632e-01
6.55000000000000e+00  -2.98365817829306e-01
6.57500000000000e+00  -2.69885789725676e-01
6.60000000000000e+00  -2.38268640859480e-01
6.62500000000000e+00  -2.03892925210117e-01
6.65000000000000e+00  -1.67166073703305e-01
6.67500000000000e+00  -1.28519051815775e-01
6.70000000000000e+00  -8.84009304596835e-02
6.72500000000000e+00  -4.72734568670160e-02
6.75000000000000e+00  -5.60562547400965e-03
6.77500000000000e+00  3.61317511944492e-02
6.80000000000000e+00  7.74714716404010e-02
6.82500000000000e+00  1.17955374508407e-01
6.85000000000000e+00  1.57139767701144e-01
6.87500000000000e+00  1.94602883110918e-01
6.90000000000000e+00  2.29934305755723e-01
6.92500000000000e+00  2.62771707739424e-01
6.95000000000000e+00  2.92767904279155e-01
6.97500000000000e+00  3.19614231617807e-01
7.00000000000000e+00  3.43041503294783e-01
7.02500000000000e+00  3.62820966416753e-01
7.05000000000000e+00  3.78765257928413e-01
7.07500000000000e+00  3.90729360883235e-01
7.10000000000000e+00  3.98611560714227e-01
7.12500000000000e+00  4.02354401504686e-01
7.15000000000000e+00  4.01945642258954e-01
7.17500000000000e+00  3.97419213173176e-01
7.20000000000000e+00  3.88846011960332e-01
7.22500000000000e+00  3.76340036658115e-01
7.25000000000000e+00  3.60054780974038e-01
7.27500000000000e+00  3.40178356650545e-01
7.30000000000000e+00  3.16933369692342e-01
7.32500000000000e+00  2.90573320492316e-01
7.35000000000000e+00  2.61379003957452e-01
7.37500000000000e+00  2.29654909634764e-01
7.40000000000000e+00  1.95725621837197e-01
7.42500000000000e+00  1.59932219769565e-01
7.45000000000000e+00  1.22628677654462e-01
7.47500000000000e+00  8.41782648581804e-02
7.50000000000000e+00  4.49385353996504e-02
7.52500000000000e+00  5.30373305576287e-03
7.55000000000000e+00  -3.43774886812600e-02
7.57500000000000e+00  -7.37406338601632e-02
7.60000000000000e+00  -1.12432568268283e-01
7.62500000000000e+00  -1.50113686224988e-01
7.65000000000000e+00  -1.86460077375148e-01
7.67500000000000e+00  -2.21165693482573e-01
7.70000000000000e+00  -2.53944515223481e-01
7.72500000000000e+00  -2.84532718979941e-01
7.75000000000000e+00  -3.12690843633329e-01
7.77500000000000e+00  -3.38205957357789e-01
7.80000000000000e+00  -3.60893824413676e-01
7.82500000000000e+00  -3.80595205775842e-01
7.85000000000000e+00  -3.97180834807976e-01
7.87500000000000e+00  -4.10551344433213e-01
7.90000000000000e+00  -4.20634210883278e-01
7.92500000000000e+00  -4.27386651525248e-01
7.95000000000000e+00  -4.30794427277369e-01
7.97500000000000e+00  -4.30870645024875e-01
8.00000000000000e+00  -4.27654560035797e-01
8.02500000000000e+00  -4.21210378376780e-01
8.05000000000000e+00  -4.11626059328903e-01
8.07500000000000e+00  -3.99012117803488e-01
8.10000000000000e+00  -3.83500426757917e-01
8.12500000000000e+00  -3.65265331565322e-01
8.15000000000000e+00  -3.44393763665400e-01
8.17500000000000e+00  -3.21138945083642e-01
8.20000000000000e+00  -2.95685989305079e-01
8.22500000000000e+00  -2.68232741979955e-01
8.25000000000000e+00  -2.38987510008125e-01
8.27500000000000e+00  -2.08166790623483e-01
8.30000000000000e+00  -1.75993000478359e-01
8.32500000000000e+00  -1.42692204727936e-01
8.35000000000000e+00  -1.08491846114663e-01
8.37500000000000e+00  -7.36184740526558e-02
8.40000000000000e+00  -3.82954737121214e-02
8.42500000000000e+00  -2.74079510376134e-03
8.45000000000000e+00  3.28329203140714e-02
8.47500000000000e+00  6.82215539861326e-02
8.50000000000000e+00  1.03231568404164e-01
8.52500000000000e+00  1.37676974518384e-01
8.55000000000000e+00  1.71384391952392e-01
8.57500000000000e+00  2.04192794960140e-01
8.60000000000000e+00  2.35953258382922e-01
8.62500000000000e+00  2.66528703606375e-01
8.65000000000000e+00  2.95793644517440e-01
8.67500000000000e+00  3.23633933461371e-01
8.70000000000000e+00  3.49946507198708e-01
8.72500000000000e+00  3.74639132862270e-01
8.75000000000000e+00  3.97702217790259e-01
8.77500000000000e+00  4.18946901803173e-01
8.80000000000000e+00  4.38445374048362e-01
8.82500000000000e+00  4.56150898673963e-01
8.85000000000000e+00  4.72033815432355e-01
8.87500000000000e+00  4.86080145832301e-01
8.90000000000000e+00  4.98290199291076e-01
8.92500000000000e+00  5.08677179286614e-01
8.95000000000000e+00  5.17265789509638e-01
8.97500000000000e+00  5.24090840015803e-01
9.00000000000000e+00  5.29195853377831e-01
9.02500000000000e+00  5.32631670837647e-01
9.05000000000000e+00  5.34455058458520e-01
9.07500000000000e+00  5.34728996622712e-01
9.10000000000000e+00  5.33520513657959e-01
9.12500000000000e+00  5.30899363868346e-01
9.15000000000000e+00  5.26940263006884e-01
9.17500000000000e+00  5.21719420818908e-01
9.20000000000000e+00  5.15314736679262e-01
9.22500000000000e+00  5.07805995229490e-01
9.25000000000000e+00  4.99275062015029e-01
9.27500000000000e+00  4.89806079122399e-01
9.30000000000000e+00  4.79485660816393e-01
9.32500000000000e+00  4.68403089177267e-01
9.35000000000000e+00  4.56650509737930e-01
9.37500000000000e+00  4.44223302477425e-01
9.40000000000000e+00  4.31381074092430e-01
9.42500000000000e+00  4.18034408804003e-01
9.45000000000000e+00  4.04278367481582e-01
9.47500000000000e+00  3.90197485943700e-01
9.50000000000000e+00  3.75866827507722e-01
9.52500000000000e+00  3.61353035539589e-01
9.55000000000000e+00  3.46715386003555e-01
9.57500000000000e+00  3.32006840011925e-01
9.60000000000000e+00  3.17275096374794e-01
9.62500000000000e+00  3.02563644149790e-01
9.65000000000000e+00  2.87912815191807e-01
9.67500000000000e+00  2.73360836702749e-01
9.70000000000000e+00  2.58940616616213e-01
9.72500000000000e+00  2.44683227987310e-01
9.75000000000000e+00  2.30617143270331e-01
9.77500000000000e+00  2.16766935412785e-01
9.80000000000000e+00  2.03154166054138e-01
9.82500000000000e+00  1.89796788268420e-01
9.85000000000000e+00  1.76708549306824e-01
9.87500000000000e+00  1.63898393340314e-01
9.90000000000000e+00  1.51369864202227e-01
9.92500000000000e+00  1.39120508130879e-01
9.95000000000000e+00  1.27141276512170e-01
9.97500000000000e+00  1.15415928622186e-01
1.00000000000000e+01  1.03920434369812e-01
