0.00000000000000e+00  1.04148469968582e-01
2.50000000000000e-02  1.15500785136902e-01
5.00000000000000e-02  1.27189200922639e-01
7.50000000000000e-02  1.39189291625228e-01
1.00000000000000e-01  1.51482945292339e-01
1.25000000000000e-01  1.64056903032180e-01
1.50000000000000e-01  1.76901298325789e-01
1.75000000000000e-01  1.90008196339343e-01
2.00000000000000e-01  2.03370133236454e-01
2.25000000000000e-01  2.16978655490474e-01
2.50000000000000e-01  2.30822859196792e-01
2.75000000000000e-01  2.44887929385141e-01
3.00000000000000e-01  2.59153679331889e-01
3.25000000000000e-01  2.73596739960809e-01
3.50000000000000e-01  2.88187253064977e-01
3.75000000000000e-01  3.02886781388460e-01
4.00000000000000e-01  3.17656884904895e-01
4.25000000000000e-01  3.32450997142745e-01
4.50000000000000e-01  3.47216730034515e-01
4.75000000000000e-01  3.61898178765970e-01
5.00000000000000e-01  3.76438226625356e-01
5.25000000000000e-01  3.90780849852614e-01
5.50000000000000e-01  4.04873422488605e-01
5.75000000000000e-01  4.18669021224324e-01
6.00000000000000e-01  4.32128730250119e-01
6.25000000000000e-01  4.45042300136986e-01
6.50000000000000e-01  4.57570777623594e-01
6.75000000000000e-01  4.69435792024429e-01
7.00000000000000e-01  4.80587746747369e-01
7.25000000000000e-01  4.90965907480594e-01
7.50000000000000e-01  5.00500471614279e-01
7.75000000000000e-01  5.09114637662303e-01
8.00000000000000e-01  5.16726674683941e-01
8.25000000000000e-01  5.23251991705566e-01
8.50000000000000e-01  5.28605207142353e-01
8.75000000000000e-01  5.32702218219974e-01
9.00000000000000e-01  5.35462270396299e-01
9.25000000000000e-01  5.36810026783095e-01
9.50000000000000e-01  5.36671718290633e-01
9.75000000000000e-01  5.34980852033399e-01
1.00000000000000e+00  5.31677927512104e-01
1.02500000000000e+00  5.26708782966572e-01
1.05000000000000e+00  5.20027228421043e-01
1.07500000000000e+00  5.11594843696163e-01
1.10000000000000e+00  5.01380776420987e-01
1.12500000000000e+00  4.89361540044962e-01
1.15000000000000e+00  4.75520811849928e-01
1.17500000000000e+00  4.59849230962110e-01
1.20000000000000e+00  4.42344196364109e-01
1.22500000000000e+00  4.23009664906901e-01
1.25000000000000e+00  4.01913254099312e-01
1.27500000000000e+00  3.79096530729360e-01
1.30000000000000e+00  3.54607736447907e-01
1.32500000000000e+00  3.28516704586981e-01
1.35000000000000e+00  3.00907438110113e-01
1.37500000000000e+00  2.71877809425462e-01
1.40000000000000e+00  2.41539260198926e-01
1.42500000000000e+00  2.10016501167276e-01
1.45000000000000e+00  1.77447211951260e-01
1.47500000000000e+00  1.43981740868739e-01
1.50000000000000e+00  1.09782804747797e-01
1.52500000000000e+00  7.50251887398675e-02
1.55000000000000e+00  3.98954461328509e-02
1.57500000000000e+00  4.58754074051318e-03
1.60000000000000e+00  -3.06948271405162e-02
1.62500000000000e+00  -6.57399325211601e-02
1.65000000000000e+00  -1.00331506147366e-01
1.67500000000000e+00  -1.34248087170381e-01
1.70000000000000e+00  -1.67264964760149e-01
1.72500000000000e+00  -1.99156119718681e-01
1.75000000000000e+00  -2.29696166093448e-01
1.77500000000000e+00  -2.58662292790766e-01
1.80000000000000e+00  -2.85836205189177e-01
1.82500000000000e+00  -3.11006066752836e-01
1.85000000000000e+00  -3.33968440644896e-01
1.87500000000000e+00  -3.54532670205835e-01
1.90000000000000e+00  -3.72512294700330e-01
1.92500000000000e+00  -3.87750492307492e-01
1.95000000000000e+00  -4.00096305858588e-01
1.97500000000000e+00  -4.09418990273489e-01
2.00000000000000e+00  -4.15609197902324e-01
2.02500000000000e+00  -4.18580163867130e-01
2.05000000000000e+00  -4.18268891403512e-01
2.07500000000000e+00  -4.14637337202296e-01
2.10000000000000e+00  -4.07673596751176e-01
2.12500000000000e+00  -3.97393089676379e-01
2.15000000000000e+00  -3.83839745084310e-01
2.17500000000000e+00  -3.67087186903208e-01
2.20000000000000e+00  -3.47235908447541e-01
2.22500000000000e+00  -3.24416194819488e-01
2.25000000000000e+00  -2.98788206259918e-01
2.27500000000000e+00  -2.70537102439797e-01
2.30000000000000e+00  -2.39876630380933e-01
2.32500000000000e+00  -2.07046962020629e-01
2.35000000000000e+00  -1.72312531776336e-01
2.37500000000000e+00  -1.35959874110304e-01
2.40000000000000e+00  -9.82954610942382e-02
2.42500000000000e+00  -5.96435399739527e-02
2.45000000000000e+00  -2.03439707340196e-02
2.47500000000000e+00  1.92499363375768e-02
2.50000000000000e+00  5.87873734949357e-02
2.52500000000000e+00  9.78787583462527e-02
2.55000000000000e+00  1.36170435070158e-01
2.57500000000000e+00  1.73292883058306e-01
2.60000000000000e+00  2.08882618251140e-01
2.62500000000000e+00  2.42585748619891e-01
2.65000000000000e+00  2.74061529648599e-01
2.67500000000000e+00  3.02985919816111e-01
2.70000000000000e+00  3.29055136078100e-01
2.72500000000000e+00  3.51989209349067e-01
2.75000000000000e+00  3.71535539984353e-01
2.77500000000000e+00  3.87472453262147e-01
2.80000000000000e+00  3.99612754865496e-01
2.82500000000000e+00  4.07803943673430e-01
2.85000000000000e+00  4.11932943708163e-01
2.87500000000000e+00  4.11929741071260e-01
2.90000000000000e+00  4.07761327019878e-01
2.92500000000000e+00  3.99440861989587e-01
2.95000000000000e+00  3.87026745500078e-01
2.97500000000000e+00  3.70621686060888e-01
3.00000000000000e+00  3.50371771077111e-01
3.02500000000000e+00  3.26465536755124e-01
3.05000000000000e+00  2.99133038008294e-01
3.07500000000000e+00  2.68644918362704e-01
3.10000000000000e+00  2.35311479862867e-01
3.12500000000000e+00  1.99477299563971e-01
3.15000000000000e+00  1.61514407226695e-01
3.17500000000000e+00  1.21826401129787e-01
3.20000000000000e+00  8.08386855776963e-02
3.22500000000000e+00  3.89964804007932e-02
3.25000000000000e+00  -3.24058980338666e-03
3.27500000000000e+00  -4.54039064288924e-02
3.30000000000000e+00  -8.70212676201124e-02
3.32500000000000e+00  -1.27622299030532e-01
3.35000000000000e+00  -1.66743864581487e-01
3.37500000000000e+00  -2.03935477220915e-01
3.40000000000000e+00  -2.38764709682110e-01
3.42500000000000e+00  -2.70822605242476e-01
3.45000000000000e+00  -2.99729129195785e-01
3.47500000000000e+00  -3.25137821404515e-01
3.50000000000000e+00  -3.46743440611206e-01
3.52500000000000e+00  -3.64276465742884e-01
3.55000000000000e+00  -3.77516907240720e-01
3.57500000000000e+00  -3.86295490112219e-01
3.60000000000000e+00  -3.90494836983410e-01
3.62500000000000e+00  -3.90050651151040e-01
3.65000000000000e+00  -3.84952899634769e-01
3.67500000000000e+00  -3.75246996229354e-01
3.70000000000000e+00  -3.61034984556850e-01
3.72500000000000e+00  -3.42476721118796e-01
3.75000000000000e+00  -3.19784078536318e-01
3.77500000000000e+00  -2.93217939158988e-01
3.80000000000000e+00  -2.63097226701659e-01
3.82500000000000e+00  -2.29776614442757e-01
3.85000000000000e+00  -1.93655017982723e-01
3.87500000000000e+00  -1.55169403970785e-01
3.90000000000000e+00  -1.14788598831744e-01
3.92500000000000e+00  -7.30070974927494e-02
3.95000000000000e+00  -3.03388721100740e-02
3.97500000000000e+00  1.26888192041079e-02
4.00000000000000e+00  5.55416236549382e-02
4.02500000000000e+00  9.76842850381015e-02
4.05000000000000e+00  1.38586835013042e-01
4.07500000000000e+00  1.77735102819497e-01
4.10000000000000e+00  2.14634311185672e-01
4.12500000000000e+00  2.48818913492791e-01
4.15000000000000e+00  2.79849475592262e-01
4.17500000000000e+00  3.07328785526810e-01
4.20000000000000e+00  3.30905150377001e-01
4.22500000000000e+00  3.50275693107766e-01
4.25000000000000e+00  3.65189649414934e-01
4.27500000000000e+00  3.75451664571755e-01
4.30000000000000e+00  3.80925090275429e-01
4.32500000000000e+00  3.81535281493629e-01
4.35000000000000e+00  3.77272893311030e-01
4.37500000000000e+00  3.68197577311730e-01
4.40000000000000e+00  3.54407967140326e-01
4.42500000000000e+00  3.36096062706432e-01
4.45000000000000e+00  3.13492091181767e-01
4.47500000000000e+00  2.86887232096733e-01
4.50000000000000e+00  2.56627646646623e-01
4.52500000000000e+00  2.23108506997830e-01
4.55000000000000e+00  1.86768025594071e-01
4.57500000000000e+00  1.48081484462584e-01
4.60000000000000e+00  1.07555264520346e-01
4.62500000000000e+00  6.57208748802943e-02
4.65000000000000e+00  2.31289821575183e-02
4.67500000000000e+00  -1.96565602245068e-02
4.70000000000000e+00  -6.20732167887130e-02
4.72500000000000e+00  -1.03560530365053e-01
4.75000000000000e+00  -1.43572507773207e-01
4.77500000000000e+00  -1.81575941142477e-01
4.80000000000000e+00  -2.17066919311571e-01
4.82500000000000e+00  -2.49575780934504e-01
4.85000000000000e+00  -2.78672067586504e-01
4.87500000000000e+00  -3.03969476869895e-01
4.90000000000000e+00  -3.25130815520003e-01
4.92500000000000e+00  -3.41872952511050e-01
4.95000000000000e+00  -3.53971772162049e-01
4.97500000000000e+00  -3.61267127242704e-01
5.00000000000000e+00  -3.63669094597547e-01
5.02500000000000e+00  -3.61124266941233e-01
5.05000000000000e+00  -3.53685805159612e-01
5.07500000000000e+00  -3.41444581895315e-01
5.10000000000000e+00  -3.24560522090313e-01
5.12500000000000e+00  -3.03257636711654e-01
5.15000000000000e+00  -2.77819056477203e-01
5.17500000000000e+00  -2.48582065581373e-01
5.20000000000000e+00  -2.15933135420875e-01
5.22500000000000e+00  -1.80302958320441e-01
5.25000000000000e+00  -1.42161481258576e-01
5.27500000000000e+00  -1.02012939593284e-01
5.30000000000000e+00  -6.03908907878129e-02
5.32500000000000e+00  -1.78416561650564e-02
5.35000000000000e+00  2.50739766321592e-02
5.37500000000000e+00  6.77931844547317e-02
5.40000000000000e+00  1.09751790473064e-01
5.42500000000000e+00  1.50398856170617e-01
5.45000000000000e+00  1.89202623375496e-01
5.47500000000000e+00  2.25656456292044e-01
5.50000000000000e+00  2.59284783532413e-01
5.52500000000000e+00  2.89649040148158e-01
5.55000000000000e+00  3.16353609661814e-01
5.57500000000000e+00  3.39051766098492e-01
5.60000000000000e+00  3.57451616017451e-01
5.62500000000000e+00  3.71324527025942e-01
5.65000000000000e+00  3.80475679420070e-01
5.67500000000000e+00  3.84808572252846e-01
5.70000000000000e+00  3.84263371583410e-01
5.72500000000000e+00  3.78849056051628e-01
5.75000000000000e+00  3.68640091379897e-01
5.77500000000000e+00  3.53773104874939e-01
5.80000000000000e+00  3.34443559929608e-01
5.82500000000000e+00  3.10902430524688e-01
5.85000000000000e+00  2.83452875730691e-01
5.87500000000000e+00  2.52446914209665e-01
5.90000000000000e+00  2.18282098716984e-01
5.92500000000000e+00  1.81398190603160e-01
5.95000000000000e+00  1.42261089455625e-01
5.97500000000000e+00  1.01365901037383e-01
6.00000000000000e+00  5.92271052325751e-02
6.02500000000000e+00  1.63749612883871e-02
6.05000000000000e+00  -2.66550003259201e-02
6.07500000000000e+00  -6.93281620793872e-02
6.10000000000000e+00  -1.11117003539764e-01
6.12500000000000e+00  -1.51507285533885e-01
6.15000000000000e+00  -1.90004234308078e-01
6.17500000000000e+00  -2.26138725688544e-01
6.20000000000000e+00  -2.59473469241750e-01
6.22500000000000e+00  -2.89609192434830e-01
6.25000000000000e+00  -3.16198603334616e-01
6.27500000000000e+00  -3.38902114060021e-01
6.30000000000000e+00  -3.57479276364127e-01
6.32500000000000e+00  -3.71711323477506e-01
6.35000000000000e+00  -3.81438506682516e-01
6.37500000000000e+00  -3.86558909844685e-01
6.40000000000000e+00  -3.87027263944095e-01
6.42500000000000e+00  -3.82853761606761e-01
6.45000000000000e+00  -3.74102871636023e-01
6.47500000000000e+00  -3.60892153543920e-01
6.50000000000000e+00  -3.43391072082583e-01
6.52500000000000e+00  -3.21819811775610e-01
6.55000000000000e+00  -2.96448091449458e-01
6.57500000000000e+00  -2.67581322232725e-01
6.60000000000000e+00  -2.35566125497776e-01
6.62500000000000e+00  -2.00782683533002e-01
6.65000000000000e+00  -1.63640059303281e-01
6.67500000000000e+00  -1.24570761094985e-01
6.70000000000000e+00  -8.40253264500729e-02
6.72500000000000e+00  -4.24669061001587e-02
6.75000000000000e+00  -3.65847900616453e-04
6.77500000000000e+00  4.18057192353513e-02
6.80000000000000e+00  8.35793014026146e-02
6.82500000000000e+00  1.24495455770036e-01
6.85000000000000e+00  1.64109206646389e-01
6.87500000000000e+00  2.01997725513018e-01
6.90000000000000e+00  2.37750248275758e-01
6.92500000000000e+00  2.71003330717262e-01
6.95000000000000e+00  3.01408822542108e-01
6.97500000000000e+00  3.28657162176220e-01
7.00000000000000e+00  3.52478327268024e-01
7.02500000000000e+00  3.72642785189635e-01
7.05000000000000e+00  3.88962443538020e-01
7.07500000000000e+00  4.01291600636173e-01
7.10000000000000e+00  4.09527896034289e-01
7.12500000000000e+00  4.13613261010931e-01
7.15000000000000e+00  4.13534869074208e-01
7.17500000000000e+00  4.09326086462943e-01
7.20000000000000e+00  4.01057232522198e-01
7.22500000000000e+00  3.88841708331755e-01
7.25000000000000e+00  3.72832331536243e-01
7.27500000000000e+00  3.53216594827696e-01
7.30000000000000e+00  3.30216445251878e-01
7.32500000000000e+00  3.04084714818400e-01
7.35000000000000e+00  2.75101551110813e-01
7.37500000000000e+00  2.43570847896725e-01
7.40000000000000e+00  2.09816675737897e-01
7.42500000000000e+00  1.74179712600357e-01
7.45000000000000e+00  1.37013674464507e-01
7.47500000000000e+00  9.86817459352174e-02
7.50000000000000e+00  5.95409602967905e-02
7.52500000000000e+00  1.99835885424878e-02
7.55000000000000e+00  -1.96399994503885e-02
7.57500000000000e+00  -5.89657401269128e-02
7.60000000000000e+00  -9.76407692735434e-02
7.62500000000000e+00  -1.35325599829174e-01
7.65000000000000e+00  -1.71696299696213e-01
7.67500000000000e+00  -2.06446669551632e-01
7.70000000000000e+00  -2.39290420658043e-01
7.72500000000000e+00  -2.69963352674757e-01
7.75000000000000e+00  -2.98225531468844e-01
7.77500000000000e+00  -3.23863466926206e-01
7.80000000000000e+00  -3.46692290762634e-01
7.82500000000000e+00  -3.66552066837210e-01
7.85000000000000e+00  -3.83312765405738e-01
7.87500000000000e+00  -3.96874160644508e-01
7.90000000000000e+00  -4.07162852913750e-01
7.92500000000000e+00  -4.14135136201969e-01
7.95000000000000e+00  -4.17775799742161e-01
7.97500000000000e+00  -4.18096929628034e-01
8.00000000000000e+00  -4.15136710430212e-01
8.02500000000000e+00  -4.08958226812460e-01
8.05000000000000e+00  -3.99648265147891e-01
8.07500000000000e+00  -3.87316115135183e-01
8.10000000000000e+00  -3.72092371414794e-01
8.12500000000000e+00  -3.54126043777426e-01
8.15000000000000e+00  -3.33581142672862e-01
8.17500000000000e+00  -3.10636697298335e-01
8.20000000000000e+00  -2.85485753508862e-01
8.22500000000000e+00  -2.58331679258892e-01
8.25000000000000e+00  -2.29386225223154e-01
8.27500000000000e+00  -1.98867585417537e-01
8.30000000000000e+00  -1.66998457819951e-01
8.32500000000000e+00  -1.34004104991183e-01
8.35000000000000e+00  -1.00110414695774e-01
8.37500000000000e+00  -6.55419605228681e-02
8.40000000000000e+00  -3.05200625070940e-02
8.42500000000000e+00  4.73915225058105e-03
8.45000000000000e+00  4.00240987547836e-02
8.47500000000000e+00  7.51312148355384e-02
8.50000000000000e+00  1.09866669678832e-01
8.52500000000000e+00  1.44044037757588e-01
8.55000000000000e+00  1.77488653902379e-01
8.57500000000000e+00  2.10037912726627e-01
8.60000000000000e+00  2.41541568051824e-01
8.62500000000000e+00  2.71862032332753e-01
8.65000000000000e+00  3.00874676082687e-01
8.67500000000000e+00  3.28468127298613e-01
8.70000000000000e+00  3.54544570886446e-01
8.72500000000000e+00  3.79020048086243e-01
8.75000000000000e+00  4.01767510289236e-01
8.77500000000000e+00  4.22910499596817e-01
8.80000000000000e+00  4.42235652209272e-01
8.82500000000000e+00  4.59732644533113e-01
8.85000000000000e+00  4.75397499530255e-01
8.87500000000000e+00  4.89232789258817e-01
8.90000000000000e+00  5.01247837413916e-01
8.92500000000000e+00  5.11458921868467e-01
8.95000000000000e+00  5.19889477213986e-01
8.97500000000000e+00  5.26570297301380e-01
9.00000000000000e+00  5.31539737781754e-01
9.02500000000000e+00  5.34843918647202e-01
9.05000000000000e+00  5.36536926771611e-01
9.07500000000000e+00  5.36678185146429e-01
9.10000000000000e+00  5.35334106132552e-01
9.12500000000000e+00  5.32578376675676e-01
9.15000000000000e+00  5.28486250514527e-01
9.17500000000000e+00  5.23138399408308e-01
9.20000000000000e+00  5.16618844547491e-01
9.22500000000000e+00  5.09012887964611e-01
9.25000000000000e+00  5.00405043945053e-01
9.27500000000000e+00  4.90876970437851e-01
9.30000000000000e+00  4.80505400466473e-01
9.32500000000000e+00  4.69360073539618e-01
9.35000000000000e+00  4.57501667062004e-01
9.37500000000000e+00  4.45161375079922e-01
9.40000000000000e+00  4.32072523674679e-01
9.42500000000000e+00  4.18619013274130e-01
9.45000000000000e+00  4.04829398487551e-01
9.47500000000000e+00  3.90742554123185e-01
9.50000000000000e+00  3.76405369779737e-01
9.52500000000000e+00  3.61870444437874e-01
9.55000000000000e+00  3.47193781051714e-01
9.57500000000000e+00  3.32432481140320e-01
9.60000000000000e+00  3.17642439379201e-01
9.62500000000000e+00  3.02876038191801e-01
9.65000000000000e+00  2.88179842340992e-01
9.67500000000000e+00  2.73592293520576e-01
9.70000000000000e+00  2.59151834043645e-01
9.72500000000000e+00  2.44888329894171e-01
9.75000000000000e+00  2.30825160283568e-01
9.77500000000000e+00  2.16982524605373e-01
9.80000000000000e+00  2.03375252402030e-01
9.82500000000000e+00  1.90014263989927e-01
9.85000000000000e+00  1.76908031084430e-01
9.87500000000000e+00  1.64064037424923e-01
9.90000000000000e+00  1.51490239399844e-01
9.92500000000000e+00  1.39196526671722e-01
9.95000000000000e+00  1.27196182802215e-01
9.97500000000000e+00  1.15507345877148e-01
1.00000000000000e+01  1.04154469131552e-01
