0.00000000000000e+00  1.01718384211082e-01
2.50000000000000e-02  1.12320820534241e-01
5.00000000000000e-02  1.23543767267567e-01
7.50000000000000e-02  1.35229960485269e-01
1.00000000000000e-01  1.47266881151769e-01
1.25000000000000e-01  1.59579803198319e-01
1.50000000000000e-01  1.72124841599608e-01
1.75000000000000e-01  1.84882000450379e-01
2.00000000000000e-01  1.97848221042041e-01
2.25000000000000e-01  2.11030429939287e-01
2.50000000000000e-01  2.24438587056702e-01
2.75000000000000e-01  2.38078733735382e-01
3.00000000000000e-01  2.51946040819545e-01
3.25000000000000e-01  2.66032821484526e-01
3.50000000000000e-01  2.80314789442069e-01
3.75000000000000e-01  2.94741188175172e-01
4.00000000000000e-01  3.09274554654975e-01
4.25000000000000e-01  3.23852891885563e-01
4.50000000000000e-01  3.38401356586464e-01
4.75000000000000e-01  3.52843946875130e-01
5.00000000000000e-01  3.67115189949440e-01
5.25000000000000e-01  3.81171829770185e-01
5.50000000000000e-01  3.95004514743565e-01
5.75000000000000e-01  4.08649485403678e-01
6.00000000000000e-01  4.22200262095015e-01
6.25000000000000e-01  4.34777954559628e-01
6.50000000000000e-01  4.47803630953981e-01
6.75000000000000e-01  4.59918176366002e-01
7.00000000000000e-01  4.71221816865972e-01
7.25000000000000e-01  4.81760541277058e-01
7.50000000000000e-01  4.91534628465907e-01
7.75000000000000e-01  5.00507174633238e-01
8.00000000000000e-01  5.08612620604425e-01
8.25000000000000e-01  5.15765279120098e-01
8.50000000000000e-01  5.21867862126723e-01
8.75000000000000e-01  5.26820008067202e-01
9.00000000000000e-01  5.30526809171458e-01
9.25000000000000e-01  5.32907338747025e-01
9.50000000000000e-01  5.33877493963907e-01
9.75000000000000e-01  5.33372806866082e-01
1.00000000000000e+00  5.31350862418992e-01
1.02500000000000e+00  5.27764999182913e-01
1.05000000000000e+00  5.22589395353361e-01
1.07500000000000e+00  5.15810738080013e-01
1.10000000000000e+00  5.07419892785639e-01
1.12500000000000e+00  4.97403572485023e-01
1.15000000000000e+00  4.85736007103890e-01
1.17500000000000e+00  4.72370612797835e-01
1.20000000000000e+00  4.57231661271241e-01
1.22500000000000e+00  4.40205949096214e-01
1.25000000000000e+00  4.22247149459952e-01
1.27500000000000e+00  4.01406312571086e-01
1.30000000000000e+00  3.79521576531835e-01
1.32500000000000e+00  3.56407769938188e-01
1.35000000000000e+00  3.31971553352289e-01
1.37500000000000e+00  3.06198632643674e-01
1.40000000000000e+00  2.79140972330538e-01
1.42500000000000e+00  2.50904008920986e-01
1.45000000000000e+00  2.21633864254286e-01
1.47500000000000e+00  1.91504558842125e-01
1.50000000000000e+00  1.60705225209864e-01
1.52500000000000e+00  1.29427321237791e-01
1.55000000000000e+00  9.78518435023802e-02
1.57500000000000e+00  6.61814017670439e-02
1.60000000000000e+00  3.46039625358908e-02
1.62500000000000e+00  3.30133463655348e-03
1.65000000000000e+00  -2.75425068817771e-02
1.67500000000000e+00  -5.77464686868765e-02
1.70000000000000e+00  -8.71267229755679e-02
1.72500000000000e+00  -1.15491091285789e-01
1.75000000000000e+00  -1.42633428308677e-01
1.77500000000000e+00  -1.68328005700634e-01
1.80000000000000e+00  -1.92323895895407e-01
1.82500000000000e+00  -2.14339355916167e-01
1.85000000000000e+00  -2.34056211187575e-01
1.87500000000000e+00  -2.51606437561659e-01
1.90000000000000e+00  -2.66844653240719e-01
1.92500000000000e+00  -2.79491786359288e-01
1.95000000000000e+00  -2.89422318387300e-01
1.97500000000000e+00  -2.96527251592137e-01
2.00000000000000e+00  -3.00715672939382e-01
2.02500000000000e+00  -3.01916317993558e-01
2.05000000000000e+00  -3.00079134818881e-01
2.07500000000000e+00  -2.95176847879999e-01
2.10000000000000e+00  -2.87206521942743e-01
2.12500000000000e+00  -2.76191125974872e-01
2.15000000000000e+00  -2.62181097046817e-01
2.17500000000000e+00  -2.45255904232431e-01
2.20000000000000e+00  -2.25520374950567e-01
2.22500000000000e+00  -2.03107717581653e-01
2.25000000000000e+00  -1.78180162442411e-01
2.27500000000000e+00  -1.50923526070132e-01
2.30000000000000e+00  -1.21550754810990e-01
2.32500000000000e+00  -9.02995465507514e-02
2.35000000000000e+00  -5.74299724454769e-02
2.37500000000000e+00  -2.32220986522263e-02
2.40000000000000e+00  1.20263919402356e-02
2.42500000000000e+00  4.80025779807346e-02
2.45000000000000e+00  8.43806779249835e-02
2.47500000000000e+00  1.20824428304878e-01
2.50000000000000e+00  1.57002552038261e-01
2.52500000000000e+00  1.92485818815336e-01
2.55000000000000e+00  2.26987869266740e-01
2.57500000000000e+00  2.60147916223720e-01
2.60000000000000e+00  2.91613842565054e-01
2.62500000000000e+00  3.21045230135692e-01
2.65000000000000e+00  3.48116388665419e-01
2.67500000000000e+00  3.72519384687506e-01
2.70000000000000e+00  3.93967070457367e-01
2.72500000000000e+00  4.12196112871210e-01
2.75000000000000e+00  4.26970022384694e-01
2.77500000000000e+00  4.38082181931581e-01
2.80000000000000e+00  4.45358875842395e-01
2.82500000000000e+00  4.48661548754996e-01
2.85000000000000e+00  4.47888964487221e-01
2.87500000000000e+00  4.42980682328234e-01
2.90000000000000e+00  4.33913751147462e-01
2.92500000000000e+00  4.20709667517013e-01
2.95000000000000e+00  4.03433775906155e-01
2.97500000000000e+00  3.82194668875784e-01
3.00000000000000e+00  3.57143587272893e-01
3.02500000000000e+00  3.28473820425044e-01
3.05000000000000e+00  2.96420106334841e-01
3.07500000000000e+00  2.61258031874397e-01
3.10000000000000e+00  2.23303432979807e-01
3.12500000000000e+00  1.82888080799812e-01
3.15000000000000e+00  1.40401008622548e-01
3.17500000000000e+00  9.62345443837030e-02
3.20000000000000e+00  5.08156466154158e-02
3.22500000000000e+00  4.59027539839073e-03
3.25000000000000e+00  -4.19817642094300e-02
3.27500000000000e+00  -8.84319787441855e-02
3.30000000000000e+00  -1.34288342907419e-01
3.32500000000000e+00  -1.79080456137408e-01
3.35000000000000e+00  -2.22344699180484e-01
3.37500000000000e+00  -2.63629390662355e-01
3.40000000000000e+00  -3.02499943659432e-01
3.42500000000000e+00  -3.38544022270148e-01
3.45000000000000e+00  -3.71377998161486e-01
3.47500000000000e+00  -4.00650600248395e-01
3.50000000000000e+00  -4.26049792314479e-01
3.52500000000000e+00  -4.47299075149748e-01
3.55000000000000e+00  -4.64169785538230e-01
3.57500000000000e+00  -4.76482431867980e-01
3.60000000000000e+00  -4.84108029741082e-01
3.62500000000000e+00  -4.86969437583663e-01
3.65000000000000e+00  -4.85042692255896e-01
3.67500000000000e+00  -4.78358344662006e-01
3.70000000000000e+00  -4.67002795360285e-01
3.72500000000000e+00  -4.51119630173091e-01
3.75000000000000e+00  -4.30931587647634e-01
3.77500000000000e+00  -4.06584231865248e-01
3.80000000000000e+00  -3.78465177333769e-01
3.82500000000000e+00  -3.46897616981212e-01
3.85000000000000e+00  -3.12251560977523e-01
3.87500000000000e+00  -2.74937476960323e-01
3.90000000000000e+00  -2.35399930260650e-01
3.92500000000000e+00  -1.94111224128702e-01
3.95000000000000e+00  -1.51565039959581e-01
3.97500000000000e+00  -1.08270077519031e-01
4.00000000000000e+00  -6.47436951691861e-02
4.02500000000000e+00  -2.15055500943102e-02
4.05000000000000e+00  2.09287614734558e-02
4.07500000000000e+00  6.20564493848693e-02
4.10000000000000e+00  1.01396758596655e-01
4.12500000000000e+00  1.38492068562374e-01
4.15000000000000e+00  1.72909777979764e-01
4.17500000000000e+00  2.04257736775525e-01
4.20000000000000e+00  2.32186638808351e-01
4.22500000000000e+00  2.56392414571939e-01
4.25000000000000e+00  2.76618623898013e-01
4.27500000000000e+00  2.92658848659350e-01
4.30000000000000e+00  3.04359085472789e-01
4.32500000000000e+00  3.11620138402259e-01
4.35000000000000e+00  3.14400011661794e-01
4.37500000000000e+00  3.12806545740738e-01
4.40000000000000e+00  3.06750618332151e-01
4.42500000000000e+00  2.96536558877938e-01
4.45000000000000e+00  2.82338378385925e-01
4.47500000000000e+00  2.64394473761858e-01
4.50000000000000e+00  2.43000968276665e-01
4.52500000000000e+00  2.18505052033728e-01
4.55000000000000e+00  1.91298322436154e-01
4.57500000000000e+00  1.61810124654036e-01
4.60000000000000e+00  1.30500892091730e-01
4.62500000000000e+00  9.78554868551215e-02
4.65000000000000e+00  6.43765402188871e-02
4.67500000000000e+00  3.05777930937759e-02
4.70000000000000e+00  -3.02608386287895e-03
4.72500000000000e+00  -3.59238630792371e-02
4.75000000000000e+00  -6.76179101392932e-02
4.77500000000000e+00  -9.76224200126787e-02
4.80000000000000e+00  -1.25478732191514e-01
4.82500000000000e+00  -1.50759481891279e-01
4.85000000000000e+00  -1.73072751251692e-01
4.87500000000000e+00  -1.92066220537570e-01
4.90000000000000e+00  -2.07431319339710e-01
4.92500000000000e+00  -2.18907377775753e-01
4.95000000000000e+00  -2.26285777691057e-01
4.97500000000000e+00  -2.29414103859569e-01
5.00000000000000e+00  -2.28280679365667e-01
5.02500000000000e+00  -2.22711586293774e-01
5.05000000000000e+00  -2.12870977136027e-01
5.07500000000000e+00  -1.98835349601178e-01
5.10000000000000e+00  -1.80748845304196e-01
5.12500000000000e+00  -1.58818058312217e-01
5.15000000000000e+00  -1.33306843690486e-01
5.17500000000000e+00  -1.04531126048309e-01
5.20000000000000e+00  -7.28537080850046e-02
5.22500000000000e+00  -3.86790791358406e-02
5.25000000000000e+00  -2.44822371799492e-03
5.27500000000000e+00  3.53665699235095e-02
5.30000000000000e+00  7.42669012698458e-02
5.32500000000000e+00  1.13744243389637e-01
5.35000000000000e+00  1.53277912252069e-01
5.37500000000000e+00  1.92349096352801e-01
5.40000000000000e+00  2.30437083041534e-01
5.42500000000000e+00  2.67036798676264e-01
5.45000000000000e+00  3.01663260835754e-01
5.47500000000000e+00  3.33856030532011e-01
5.50000000000000e+00  3.63183664422749e-01
5.52500000000000e+00  3.89248167023873e-01
5.55000000000000e+00  4.11689442921936e-01
5.57500000000000e+00  4.30189748986625e-01
5.60000000000000e+00  4.44478146583227e-01
5.62500000000000e+00  4.54428007002950e-01
5.65000000000000e+00  4.59750442946472e-01
5.67500000000000e+00  4.60485289276767e-01
5.70000000000000e+00  4.56580731340289e-01
5.72500000000000e+00  4.48055288360467e-01
5.75000000000000e+00  4.34993735068336e-01
5.77500000000000e+00  4.17543023333157e-01
5.80000000000000e+00  3.95908203793051e-01
5.82500000000000e+00  3.70348347485623e-01
5.85000000000000e+00  3.41172467478584e-01
5.87500000000000e+00  3.08735440500388e-01
5.90000000000000e+00  2.73433928570849e-01
5.92500000000000e+00  2.35702300631776e-01
5.95000000000000e+00  1.96002179690955e-01
5.97500000000000e+00  1.54815995974402e-01
6.00000000000000e+00  1.12645931308770e-01
6.02500000000000e+00  7.00071172006150e-02
6.05000000000000e+00  2.74181481850542e-02
6.07500000000000e+00  -1.46044096251974e-02
6.10000000000000e+00  -5.55515099908307e-02
6.12500000000000e+00  -9.49271179969118e-02
6.15000000000000e+00  -1.32253701503883e-01
6.17500000000000e+00  -1.67077722598534e-01
6.20000000000000e+00  -1.98975129044995e-01
6.22500000000000e+00  -2.27556845735725e-01
6.25000000000000e+00  -2.52515128018535e-01
6.27500000000000e+00  -2.73518748441314e-01
6.30000000000000e+00  -2.90343564771896e-01
6.32500000000000e+00  -3.02784897983657e-01
6.35000000000000e+00  -3.10695809725126e-01
6.37500000000000e+00  -3.13985906747778e-01
6.40000000000000e+00  -3.12620145333825e-01
6.42500000000000e+00  -3.06617635724018e-01
6.45000000000000e+00  -2.96050446545437e-01
6.47500000000000e+00  -2.81042409239285e-01
6.50000000000000e+00  -2.61767922488689e-01
6.52500000000000e+00  -2.38450756646488e-01
6.55000000000000e+00  -2.11362858163034e-01
6.57500000000000e+00  -1.80809970047823e-01
6.60000000000000e+00  -1.47138212596309e-01
6.62500000000000e+00  -1.10725678370594e-01
6.65000000000000e+00  -7.19780945839422e-02
6.67500000000000e+00  -3.13235698355203e-02
6.70000000000000e+00  1.07925740198263e-02
6.72500000000000e+00  5.39129700018171e-02
6.75000000000000e+00  9.75733741349525e-02
6.77500000000000e+00  1.41307833578760e-01
6.80000000000000e+00  1.84653854758011e-01
6.82500000000000e+00  2.27157571492957e-01
6.85000000000000e+00  2.68378913129568e-01
6.87500000000000e+00  3.07918444231099e-01
6.90000000000000e+00  3.45323727289423e-01
6.92500000000000e+00  3.80279372415634e-01
6.95000000000000e+00  4.12436288032204e-01
6.97500000000000e+00  4.41484356463716e-01
7.00000000000000e+00  4.67153161412327e-01
7.02500000000000e+00  4.89212715433245e-01
7.05000000000000e+00  5.07474187410193e-01
7.07500000000000e+00  5.21790630030879e-01
7.10000000000000e+00  5.32057707262468e-01
7.12500000000000e+00  5.38214421827046e-01
7.15000000000000e+00  5.40243842677091e-01
7.17500000000000e+00  5.38173832470947e-01
7.20000000000000e+00  5.32067229861303e-01
7.22500000000000e+00  5.22028480278678e-01
7.25000000000000e+00  5.08199298971597e-01
7.27500000000000e+00  4.90754981146755e-01
7.30000000000000e+00  4.69903890470976e-01
7.32500000000000e+00  4.45884341678990e-01
7.35000000000000e+00  4.18961483181201e-01
7.37500000000000e+00  3.89424179671475e-01
7.40000000000000e+00  3.57581894734908e-01
7.42500000000000e+00  3.23761573455609e-01
7.45000000000000e+00  2.88304525024474e-01
7.47500000000000e+00  2.51563305346959e-01
7.50000000000000e+00  2.13882973395887e-01
7.52500000000000e+00  1.75600906882529e-01
7.55000000000000e+00  1.37094054816124e-01
7.57500000000000e+00  9.87086371792446e-02
7.60000000000000e+00  6.07819277184928e-02
7.62500000000000e+00  2.36400054673903e-02
7.65000000000000e+00  -1.24044937307563e-02
7.67500000000000e+00  -4.70546256999645e-02
7.70000000000000e+00  -8.00313864087086e-02
7.72500000000000e+00  -1.11075960447036e-01
7.75000000000000e+00  -1.39951969503686e-01
7.77500000000000e+00  -1.66447720843219e-01
7.80000000000000e+00  -1.90378455783132e-01
7.82500000000000e+00  -2.11583816778148e-01
7.85000000000000e+00  -2.29931257495578e-01
7.87500000000000e+00  -2.45317561557866e-01
7.90000000000000e+00  -2.57664722175944e-01
7.92500000000000e+00  -2.66923513050777e-01
7.95000000000000e+00  -2.73072034991721e-01
7.97500000000000e+00  -2.76114262534892e-01
8.00000000000000e+00  -2.76078590561534e-01
8.02500000000000e+00  -2.73016380916379e-01
8.05000000000000e+00  -2.67000509026015e-01
8.07500000000000e+00  -2.58123910517251e-01
8.10000000000000e+00  -2.46498127835484e-01
8.12500000000000e+00  -2.31745742956962e-01
8.15000000000000e+00  -2.15650057710317e-01
8.17500000000000e+00  -1.96856991656489e-01
8.20000000000000e+00  -1.75730909848859e-01
8.22500000000000e+00  -1.52593025415635e-01
8.25000000000000e+00  -1.27727186717588e-01
8.27500000000000e+00  -1.01385664505807e-01
8.30000000000000e+00  -7.37949390794321e-02
8.32500000000000e+00  -4.51614874433979e-02
8.35000000000000e+00  -1.56775704661822e-02
8.37500000000000e+00  1.44729799624655e-02
8.40000000000000e+00  4.51089737737652e-02
8.42500000000000e+00  7.60460755621742e-02
8.45000000000000e+00  1.07102379415071e-01
8.47500000000000e+00  1.38089533907302e-01
8.50000000000000e+00  1.68804407871608e-01
8.52500000000000e+00  1.99065464350761e-01
8.55000000000000e+00  2.28680622905250e-01
8.57500000000000e+00  2.57460127636236e-01
8.60000000000000e+00  2.85229415208530e-01
8.62500000000000e+00  3.11841982873563e-01
8.65000000000000e+00  3.37192256492345e-01
8.67500000000000e+00  3.61228458558445e-01
8.70000000000000e+00  3.83965476220953e-01
8.72500000000000e+00  4.05497729307455e-01
8.75000000000000e+00  4.24895460297701e-01
8.77500000000000e+00  4.43654216075376e-01
8.80000000000000e+00  4.60387247688528e-01
8.82500000000000e+00  4.75253155215277e-01
8.85000000000000e+00  4.88364634605496e-01
8.87500000000000e+00  4.99796821702757e-01
8.90000000000000e+00  5.09595636266262e-01
8.92500000000000e+00  5.17786125992789e-01
8.95000000000000e+00  5.24380810538631e-01
8.97500000000000e+00  5.29388025541536e-01
9.00000000000000e+00  5.32820266642647e-01
9.02500000000000e+00  5.34702533508440e-01
9.05000000000000e+00  5.35080673852667e-01
9.07500000000000e+00  5.33996284929163e-01
9.10000000000000e+00  5.31513033408985e-01
9.12500000000000e+00  5.27714237062389e-01
9.15000000000000e+00  5.22680053247183e-01
9.17500000000000e+00  5.16504638778183e-01
9.20000000000000e+00  5.09287619990673e-01
9.22500000000000e+00  5.01125562803865e-01
9.25000000000000e+00  4.92103442784358e-01
9.27500000000000e+00  4.82286115209603e-01
9.30000000000000e+00  4.71709785131358e-01
9.32500000000000e+00  4.60373477439153e-01
9.35000000000000e+00  4.48230506923746e-01
9.37500000000000e+00  4.36221721711789e-01
9.40000000000000e+00  4.22581595593918e-01
9.42500000000000e+00  4.09012604665319e-01
9.45000000000000e+00  3.95351820873117e-01
9.47500000000000e+00  3.81505319406700e-01
9.50000000000000e+00  3.67436490497098e-01
9.52500000000000e+00  3.53154351216356e-01
9.55000000000000e+00  3.38701857276906e-01
9.57500000000000e+00  3.24144214830939e-01
9.60000000000000e+00  3.09557192269779e-01
9.62500000000000e+00  2.95015432023259e-01
9.65000000000000e+00  2.80580762359088e-01
9.67500000000000e+00  2.66290509182231e-01
9.70000000000000e+00  2.52195313716290e-01
9.72500000000000e+00  2.38319375502003e-01
9.75000000000000e+00  2.24670318928544e-01
9.77500000000000e+00  2.11252931111359e-01
9.80000000000000e+00  1.98061149389733e-01
9.82500000000000e+00  1.85085011113539e-01
9.85000000000000e+00  1.72317603429991e-01
9.87500000000000e+00  1.59762013070398e-01
9.90000000000000e+00  1.47438276136916e-01
9.92500000000000e+00  1.35390327889303e-01
9.95000000000000e+00  1.23692952531672e-01
9.97500000000000e+00  1.12458732999241e-01
1.00000000000000e+01  1.01845000745097e-01
