0.00000000000000e+00  1.03767465247523e-01
2.50000000000000e-02  1.14966613048792e-01
5.00000000000000e-02  1.26580209192377e-01
7.50000000000000e-02  1.38547607842052e-01
1.00000000000000e-01  1.50824940980419e-01
1.25000000000000e-01  1.63382140472828e-01
1.50000000000000e-01  1.76199960131301e-01
1.75000000000000e-01  1.89266997778455e-01
2.00000000000000e-01  2.02576717311430e-01
2.25000000000000e-01  2.16124470765805e-01
2.50000000000000e-01  2.29904520379529e-01
2.75000000000000e-01  2.43907060656841e-01
3.00000000000000e-01  2.58115240432196e-01
3.25000000000000e-01  2.72509277370215e-01
3.50000000000000e-01  2.87060046737254e-01
3.75000000000000e-01  3.01725009653069e-01
4.00000000000000e-01  3.16465137867836e-01
4.25000000000000e-01  3.31228906600575e-01
4.50000000000000e-01  3.45957075913755e-01
4.75000000000000e-01  3.60587472087912e-01
5.00000000000000e-01  3.75059768996255e-01
5.25000000000000e-01  3.89320269479279e-01
5.50000000000000e-01  4.03326686719378e-01
5.75000000000000e-01  4.17052925615454e-01
6.00000000000000e-01  4.30493864157526e-01
6.25000000000000e-01  4.43282374624559e-01
6.50000000000000e-01  4.55846342869219e-01
6.75000000000000e-01  4.67677572293420e-01
7.00000000000000e-01  4.78759855312967e-01
7.25000000000000e-01  4.89055325376037e-01
7.50000000000000e-01  4.98508213906697e-01
7.75000000000000e-01  5.07048607248434e-01
8.00000000000000e-01  5.14596203607670e-01
8.25000000000000e-01  5.21064069997290e-01
8.50000000000000e-01  5.26362399180161e-01
8.75000000000000e-01  5.30402266612658e-01
9.00000000000000e-01  5.33099387388180e-01
9.25000000000000e-01  5.34377873180680e-01
9.50000000000000e-01  5.34161011567867e-01
9.75000000000000e-01  5.32382616074493e-01
1.00000000000000e+00  5.28985359236158e-01
1.02500000000000e+00  5.23917207624812e-01
1.05000000000000e+00  5.17135079962101e-01
1.07500000000000e+00  5.08603669496948e-01
1.10000000000000e+00  4.98294266383145e-01
1.12500000000000e+00  4.86183580056931e-01
1.15000000000000e+00  4.72252561614584e-01
1.17500000000000e+00  4.56485226190005e-01
1.20000000000000e+00  4.38867475332302e-01
1.22500000000000e+00  4.19385919383377e-01
1.25000000000000e+00  3.98143247851607e-01
1.27500000000000e+00  3.75199522631636e-01
1.30000000000000e+00  3.50569010341664e-01
1.32500000000000e+00  3.24324569280588e-01
1.35000000000000e+00  2.96552284465239e-01
1.37500000000000e+00  2.67351306240698e-01
1.40000000000000e+00  2.36833688890613e-01
1.42500000000000e+00  2.05124229247512e-01
1.45000000000000e+00  1.72360305303117e-01
1.47500000000000e+00  1.38691714818665e-01
1.50000000000000e+00  1.04280513935216e-01
1.52500000000000e+00  6.93008557839724e-02
1.55000000000000e+00  3.39388290965968e-02
1.57500000000000e+00  -1.61147937689334e-03
1.60000000000000e+00  -3.71461827718842e-02
1.62500000000000e+00  -7.24532812800919e-02
1.65000000000000e+00  -1.07315611647976e-01
1.67500000000000e+00  -1.41510722914777e-01
1.70000000000000e+00  -1.74812906267425e-01
1.72500000000000e+00  -2.06995224895434e-01
1.75000000000000e+00  -2.37831543845807e-01
1.77500000000000e+00  -2.67098559877937e-01
1.80000000000000e+00  -2.94577831318507e-01
1.82500000000000e+00  -3.20057807916392e-01
1.85000000000000e+00  -3.43335860697561e-01
1.87500000000000e+00  -3.64213579092784e-01
1.90000000000000e+00  -3.82508516532368e-01
1.92500000000000e+00  -3.98058636975476e-01
1.95000000000000e+00  -4.10712272998884e-01
1.97500000000000e+00  -4.20337664394883e-01
2.00000000000000e+00  -4.26824199563526e-01
2.02500000000000e+00  -4.30083656904878e-01
2.05000000000000e+00  -4.30051446211259e-01
2.07500000000000e+00  -4.26687850059498e-01
2.10000000000000e+00  -4.19979265203175e-01
2.12500000000000e+00  -4.09939443964874e-01
2.15000000000000e+00  -3.96610735628424e-01
2.17500000000000e+00  -3.80065327831152e-01
2.20000000000000e+00  -3.60402244219041e-01
2.22500000000000e+00  -3.37750486318845e-01
2.25000000000000e+00  -3.12269140533297e-01
2.27500000000000e+00  -2.84142323575270e-01
2.30000000000000e+00  -2.53582918084138e-01
2.32500000000000e+00  -2.20830388723601e-01
2.35000000000000e+00  -1.86148598279486e-01
2.37500000000000e+00  -1.49823623757569e-01
2.40000000000000e+00  -1.12161572481384e-01
2.42500000000000e+00  -7.34863981900361e-02
2.45000000000000e+00  -3.41377171360175e-02
2.47500000000000e+00  5.53137581698384e-03
2.50000000000000e+00  4.51635308374962e-02
2.52500000000000e+00  8.43848733827056e-02
2.55000000000000e+00  1.22826572123510e-01
2.57500000000000e+00  1.60120204665244e-01
2.60000000000000e+00  1.95902669823986e-01
2.62500000000000e+00  2.29819845553686e-01
2.65000000000000e+00  2.61530246873298e-01
2.67500000000000e+00  2.90708683793909e-01
2.70000000000000e+00  3.17049919245883e-01
2.72500000000000e+00  3.40272327005977e-01
2.75000000000000e+00  3.60121549624483e-01
2.77500000000000e+00  3.76374156352359e-01
2.80000000000000e+00  3.88841301068356e-01
2.82500000000000e+00  3.97368711364382e-01
2.85000000000000e+00  4.01841748760422e-01
2.87500000000000e+00  4.02189134418234e-01
2.90000000000000e+00  3.98376364621490e-01
2.92500000000000e+00  3.90415356512871e-01
2.95000000000000e+00  3.78363405456135e-01
2.97500000000000e+00  3.62322142398199e-01
3.00000000000000e+00  3.42436491231210e-01
3.02500000000000e+00  3.18893626154620e-01
3.05000000000000e+00  2.91921929037261e-01
3.07500000000000e+00  2.61789946779420e-01
3.10000000000000e+00  2.28805348674916e-01
3.12500000000000e+00  1.93318668920264e-01
3.15000000000000e+00  1.55695890037351e-01
3.17500000000000e+00  1.16341764174501e-01
3.20000000000000e+00  7.56810123339389e-02
3.22500000000000e+00  3.41583050440332e-02
3.25000000000000e+00  -7.76716696680342e-03
3.27500000000000e+00  -4.96271220962100e-02
3.30000000000000e+00  -9.09496171939754e-02
3.32500000000000e+00  -1.31264476888142e-01
3.35000000000000e+00  -1.70108722911101e-01
3.37500000000000e+00  -2.07032003425694e-01
3.40000000000000e+00  -2.41602022351306e-01
3.42500000000000e+00  -2.73409968689969e-01
3.45000000000000e+00  -3.02075989787220e-01
3.47500000000000e+00  -3.27253856403215e-01
3.50000000000000e+00  -3.48638597629773e-01
3.52500000000000e+00  -3.65961028402499e-01
3.55000000000000e+00  -3.79001561731179e-01
3.57500000000000e+00  -3.87591389731883e-01
3.60000000000000e+00  -3.91613664659070e-01
3.62500000000000e+00  -3.91004679937696e-01
3.65000000000000e+00  -3.85755051195316e-01
3.67500000000000e+00  -3.75910897294195e-01
3.70000000000000e+00  -3.61575021363409e-01
3.72500000000000e+00  -3.42908091830953e-01
3.75000000000000e+00  -3.20123963737863e-01
3.77500000000000e+00  -2.93481457831971e-01
3.80000000000000e+00  -2.63303313689133e-01
3.82500000000000e+00  -2.29944913756231e-01
3.85000000000000e+00  -1.93805984887372e-01
3.87500000000000e+00  -1.55324374522608e-01
3.90000000000000e+00  -1.14969826866652e-01
3.92500000000000e+00  -7.32377590676019e-02
3.95000000000000e+00  -3.06430373956534e-02
3.97500000000000e+00  1.22862465781791e-02
4.00000000000000e+00  5.50149998033404e-02
4.02500000000000e+00  9.70073515710193e-02
4.05000000000000e+00  1.37732877335425e-01
4.07500000000000e+00  1.76677201261854e-01
4.10000000000000e+00  2.13345225684549e-01
4.12500000000000e+00  2.47271769219422e-01
4.15000000000000e+00  2.78017693790951e-01
4.17500000000000e+00  3.05186370790138e-01
4.20000000000000e+00  3.28426949635718e-01
4.22500000000000e+00  3.47437626335367e-01
4.25000000000000e+00  3.61968912046904e-01
4.27500000000000e+00  3.71826901639507e-01
4.30000000000000e+00  3.76876542254914e-01
4.32500000000000e+00  3.77044901868628e-01
4.35000000000000e+00  3.72324437851133e-01
4.37500000000000e+00  3.62779461095131e-01
4.40000000000000e+00  3.48506038652927e-01
4.42500000000000e+00  3.29703452576392e-01
4.45000000000000e+00  3.06604096051840e-01
4.47500000000000e+00  2.79501654968985e-01
4.50000000000000e+00  2.48745075794297e-01
4.52500000000000e+00  2.14732533444337e-01
4.55000000000000e+00  1.77905399159125e-01
4.57500000000000e+00  1.38742208375468e-01
4.60000000000000e+00  9.77526286003246e-02
4.62500000000000e+00  5.54714272841480e-02
4.65000000000000e+00  1.24524396942285e-02
4.67500000000000e+00  -3.07374632119446e-02
4.70000000000000e+00  -7.35327805914041e-02
4.72500000000000e+00  -1.15370321841991e-01
4.75000000000000e+00  -1.55701536068913e-01
4.77500000000000e+00  -1.93990841369059e-01
4.80000000000000e+00  -2.29732182531590e-01
4.82500000000000e+00  -2.62453979332769e-01
4.85000000000000e+00  -2.91724074830813e-01
4.87500000000000e+00  -3.17154683660721e-01
4.90000000000000e+00  -3.38407340329119e-01
4.92500000000000e+00  -3.55197847509099e-01
4.95000000000000e+00  -3.67301224335051e-01
4.97500000000000e+00  -3.74556654697511e-01
5.00000000000000e+00  -3.76876171040443e-01
5.02500000000000e+00  -3.74202593350803e-01
5.05000000000000e+00  -3.66592876478100e-01
5.07500000000000e+00  -3.54138228626981e-01
5.10000000000000e+00  -3.36999303564551e-01
5.12500000000000e+00  -3.15401202705366e-01
5.15000000000000e+00  -2.89628477196400e-01
5.17500000000000e+00  -2.60020130002037e-01
5.20000000000000e+00  -2.26964617989050e-01
5.22500000000000e+00  -1.90894854011575e-01
5.25000000000000e+00  -1.52283208996106e-01
5.27500000000000e+00  -1.11636514026457e-01
5.30000000000000e+00  -6.94910624287612e-02
5.32500000000000e+00  -2.63960181347734e-02
5.35000000000000e+00  1.70849185252024e-02
5.37500000000000e+00  6.03859924178123e-02
5.40000000000000e+00  1.02939980902771e-01
5.42500000000000e+00  1.44192927730078e-01
5.45000000000000e+00  1.83610072289347e-01
5.47500000000000e+00  2.20681778859148e-01
5.50000000000000e+00  2.54929465856319e-01
5.52500000000000e+00  2.85911535085313e-01
5.55000000000000e+00  3.13229300987519e-01
5.57500000000000e+00  3.36532919890595e-01
5.60000000000000e+00  3.55527319257799e-01
5.62500000000000e+00  3.69983337160180e-01
5.65000000000000e+00  3.79699882150869e-01
5.67500000000000e+00  3.84581473043116e-01
5.70000000000000e+00  3.84565605527552e-01
5.72500000000000e+00  3.79658927494331e-01
5.75000000000000e+00  3.69933891092616e-01
5.77500000000000e+00  3.55525404790042e-01
5.80000000000000e+00  3.36627485432193e-01
5.82500000000000e+00  3.13489910302082e-01
5.85000000000000e+00  2.86414869179611e-01
5.87500000000000e+00  2.55753616401062e-01
5.90000000000000e+00  2.21903122918552e-01
5.92500000000000e+00  1.85302728359523e-01
5.95000000000000e+00  1.46417900427380e-01
5.97500000000000e+00  1.05743885237881e-01
6.00000000000000e+00  6.37951012998556e-02
6.02500000000000e+00  2.11019887957318e-02
6.05000000000000e+00  -2.17996112569275e-02
6.07500000000000e+00  -6.43746421556296e-02
6.10000000000000e+00  -1.06095016663185e-01
6.12500000000000e+00  -1.46445802157910e-01
6.15000000000000e+00  -1.84931405783861e-01
6.17500000000000e+00  -2.21081759601041e-01
6.20000000000000e+00  -2.54458505735618e-01
6.22500000000000e+00  -2.84661181530155e-01
6.25000000000000e+00  -3.11341849885486e-01
6.27500000000000e+00  -3.34160538618726e-01
6.30000000000000e+00  -3.52874984836898e-01
6.32500000000000e+00  -3.67265549384037e-01
6.35000000000000e+00  -3.77171592737279e-01
6.37500000000000e+00  -3.82490298990043e-01
6.40000000000000e+00  -3.83175499835212e-01
6.42500000000000e+00  -3.79236498548314e-01
6.45000000000000e+00  -3.70736893970699e-01
6.47500000000000e+00  -3.57793404492727e-01
6.50000000000000e+00  -3.40574692036944e-01
6.52500000000000e+00  -3.19300186041263e-01
6.55000000000000e+00  -2.94238907442145e-01
6.57500000000000e+00  -2.65695572334020e-01
6.60000000000000e+00  -2.34016167406237e-01
6.62500000000000e+00  -1.99580283930919e-01
6.65000000000000e+00  -1.62796386380553e-01
6.67500000000000e+00  -1.24096415348699e-01
6.70000000000000e+00  -8.39303538054181e-02
6.72500000000000e+00  -4.27607933526714e-02
6.75000000000000e+00  -1.05750047975606e-03
6.77500000000000e+00  4.07080171812935e-02
6.80000000000000e+00  8.20679446002747e-02
6.82500000000000e+00  1.22563593093405e-01
6.85000000000000e+00  1.61750834067910e-01
6.87500000000000e+00  1.99212297064618e-01
6.90000000000000e+00  2.34524333702243e-01
6.92500000000000e+00  2.67335852486115e-01
6.95000000000000e+00  2.97298488920015e-01
6.97500000000000e+00  3.24102908833847e-01
7.00000000000000e+00  3.47479691341565e-01
7.02500000000000e+00  3.67200211799116e-01
7.05000000000000e+00  3.83077524762375e-01
7.07500000000000e+00  3.94967246945079e-01
7.10000000000000e+00  4.02768440176767e-01
7.12500000000000e+00  4.06424494360713e-01
7.15000000000000e+00  4.05924010431864e-01
7.17500000000000e+00  4.01301683314777e-01
7.20000000000000e+00  3.92629353575490e-01
7.22500000000000e+00  3.80021833162613e-01
7.25000000000000e+00  3.63633343877435e-01
7.27500000000000e+00  3.43652786192500e-01
7.30000000000000e+00  3.20303472369894e-01
7.32500000000000e+00  2.93839557978566e-01
7.35000000000000e+00  2.64542473411616e-01
7.37500000000000e+00  2.32717355403612e-01
7.40000000000000e+00  1.98689478547891e-01
7.42500000000000e+00  1.62800686813868e-01
7.45000000000000e+00  1.25405825064338e-01
7.47500000000000e+00  8.68691705727827e-02
7.50000000000000e+00  4.75482305807499e-02
7.52500000000000e+00  7.83484336667294e-03
7.55000000000000e+00  -3.19192982670354e-02
7.57500000000000e+00  -7.13497951155703e-02
7.60000000000000e+00  -1.10103622396959e-01
7.62500000000000e+00  -1.47841298521297e-01
7.65000000000000e+00  -1.84239053860015e-01
7.67500000000000e+00  -2.18990999515112e-01
7.70000000000000e+00  -2.51811296088415e-01
7.72500000000000e+00  -2.82436322450831e-01
7.75000000000000e+00  -3.10626844511584e-01
7.77500000000000e+00  -3.36170183987480e-01
7.80000000000000e+00  -3.58882387172145e-01
7.82500000000000e+00  -3.78604570891494e-01
7.85000000000000e+00  -3.95207862501328e-01
7.87500000000000e+00  -4.08593361291680e-01
7.90000000000000e+00  -4.18688997995096e-01
7.92500000000000e+00  -4.25452505611629e-01
7.95000000000000e+00  -4.28870187752488e-01
7.97500000000000e+00  -4.28955686983689e-01
8.00000000000000e+00  -4.25748753169695e-01
8.02500000000000e+00  -4.19314011817068e-01
8.05000000000000e+00  -4.09739732418114e-01
8.07500000000000e+00  -3.97136596794533e-01
8.10000000000000e+00  -3.81636467441059e-01
8.12500000000000e+00  -3.63397172936475e-01
8.15000000000000e+00  -3.42561237276903e-01
8.17500000000000e+00  -3.19330691724083e-01
8.20000000000000e+00  -2.93897228223500e-01
8.22500000000000e+00  -2.66463458600379e-01
8.25000000000000e+00  -2.37240890293027e-01
8.27500000000000e+00  -2.06447902086190e-01
8.30000000000000e+00  -1.74307719844389e-01
8.32500000000000e+00  -1.41046392245268e-01
8.35000000000000e+00  -1.06890766512943e-01
8.37500000000000e+00  -7.20664641513363e-02
8.40000000000000e+00  -3.67958566775389e-02
8.42500000000000e+00  -1.29604135514395e-03
8.45000000000000e+00  3.42210485349616e-02
8.47500000000000e+00  6.95515770658009e-02
8.50000000000000e+00  1.04501495716761e-01
8.52500000000000e+00  1.38884745699151e-01
8.55000000000000e+00  1.72527191715522e-01
8.57500000000000e+00  2.05266785427791e-01
8.60000000000000e+00  2.36953728925378e-01
8.62500000000000e+00  2.67450638193362e-01
8.65000000000000e+00  2.96632706580592e-01
8.67500000000000e+00  3.24387868267844e-01
8.70000000000000e+00  3.50616961735950e-01
8.72500000000000e+00  3.75233893233942e-01
8.75000000000000e+00  3.98049242450677e-01
8.77500000000000e+00  4.19398043174274e-01
8.80000000000000e+00  4.38870728854050e-01
8.82500000000000e+00  4.56481080052448e-01
8.85000000000000e+00  4.72242404029330e-01
8.87500000000000e+00  4.86168713087815e-01
8.90000000000000e+00  4.98275902920105e-01
8.92500000000000e+00  5.08582930953329e-01
8.95000000000000e+00  5.17112994695370e-01
8.97500000000000e+00  5.23894710080705e-01
9.00000000000000e+00  5.28963289816240e-01
9.02500000000000e+00  5.32361721727138e-01
9.05000000000000e+00  5.34141947102662e-01
9.07500000000000e+00  5.34361202377160e-01
9.10000000000000e+00  5.33085585624602e-01
9.12500000000000e+00  5.30391724560983e-01
9.15000000000000e+00  5.26355424732276e-01
9.17500000000000e+00  5.21060893101366e-01
9.20000000000000e+00  5.14596981209498e-01
9.22500000000000e+00  5.07053428337722e-01
9.25000000000000e+00  4.98517104668339e-01
9.27500000000000e+00  4.89068254446348e-01
9.30000000000000e+00  4.78776739140899e-01
9.32500000000000e+00  4.67698280606727e-01
9.35000000000000e+00  4.55870704245610e-01
9.37500000000000e+00  4.43697935706444e-01
9.40000000000000e+00  4.30524875963591e-01
9.42500000000000e+00  4.17086876479757e-01
9.45000000000000e+00  4.03363285661109e-01
9.47500000000000e+00  3.89359210879745e-01
9.50000000000000e+00  3.75100736757880e-01
9.52500000000000e+00  3.60630143452044e-01
9.55000000000000e+00  3.46001124937263e-01
9.57500000000000e+00  3.31274007291254e-01
9.60000000000000e+00  3.16510966978610e-01
9.62500000000000e+00  3.01771249134999e-01
9.65000000000000e+00  2.87106385851339e-01
9.67500000000000e+00  2.72555414458002e-01
9.70000000000000e+00  2.58160887868540e-01
9.72500000000000e+00  2.43951945581115e-01
9.75000000000000e+00  2.29948386050550e-01
9.77500000000000e+00  2.16167079715513e-01
9.80000000000000e+00  2.02617851767724e-01
9.82500000000000e+00  1.89306459881449e-01
9.85000000000000e+00  1.76237571942983e-01
9.87500000000000e+00  1.63417743780140e-01
9.90000000000000e+00  1.50858396891736e-01
9.92500000000000e+00  1.38578796177084e-01
9.95000000000000e+00  1.26609027665476e-01
9.97500000000000e+00  1.14992976245671e-01
1.00000000000000e+01  1.03791303395389e-01
