0.00000000000000e+00  1.05050007532237e-01
2.50000000000000e-02  1.16341550124248e-01
5.00000000000000e-02  1.28059301523480e-01
7.50000000000000e-02  1.40137509843023e-01
1.00000000000000e-01  1.52528501943687e-01
1.25000000000000e-01  1.65199566558230e-01
1.50000000000000e-01  1.78129837415587e-01
1.75000000000000e-01  1.91307176365093e-01
2.00000000000000e-01  2.04725056500713e-01
2.25000000000000e-01  2.18379445285270e-01
2.50000000000000e-01  2.32265687674674e-01
2.75000000000000e-01  2.46375389242145e-01
3.00000000000000e-01  2.60693299302446e-01
3.25000000000000e-01  2.75200260869554e-01
3.50000000000000e-01  2.89867546414568e-01
3.75000000000000e-01  3.04652572244861e-01
4.00000000000000e-01  3.19515859393644e-01
4.25000000000000e-01  3.34404812261253e-01
4.50000000000000e-01  3.49258936097857e-01
4.75000000000000e-01  3.64015054486178e-01
5.00000000000000e-01  3.78612526824201e-01
5.25000000000000e-01  3.92998465807894e-01
5.50000000000000e-01  4.07132954913915e-01
5.75000000000000e-01  4.20994265882335e-01
6.00000000000000e-01  4.34584076199347e-01
6.25000000000000e-01  4.47479899500435e-01
6.50000000000000e-01  4.60240765022614e-01
6.75000000000000e-01  4.72244416487171e-01
7.00000000000000e-01  4.83486656204696e-01
7.25000000000000e-01  4.93939026874303e-01
7.50000000000000e-01  5.03552792382843e-01
7.75000000000000e-01  5.12262918604107e-01
8.00000000000000e-01  5.19992054198030e-01
8.25000000000000e-01  5.26654511409903e-01
8.50000000000000e-01  5.32160246869573e-01
8.75000000000000e-01  5.36418842390656e-01
9.00000000000000e-01  5.39343485769736e-01
9.25000000000000e-01  5.40854951585576e-01
9.50000000000000e-01  5.40875380747118e-01
9.75000000000000e-01  5.39337735536890e-01
1.00000000000000e+00  5.36187318025603e-01
1.02500000000000e+00  5.31371553673990e-01
1.05000000000000e+00  5.24850556659191e-01
1.07500000000000e+00  5.16594092787846e-01
1.10000000000000e+00  5.06578542409196e-01
1.12500000000000e+00  4.94783863328180e-01
1.15000000000000e+00  4.81190553718534e-01
1.17500000000000e+00  4.65776615035890e-01
1.20000000000000e+00  4.48514514930871e-01
1.22500000000000e+00  4.29368150162194e-01
1.25000000000000e+00  4.08771048020265e-01
1.27500000000000e+00  3.85887603182636e-01
1.30000000000000e+00  3.61565267900657e-01
1.32500000000000e+00  3.35762337872072e-01
1.35000000000000e+00  3.08486021503197e-01
1.37500000000000e+00  2.79786573280625e-01
1.40000000000000e+00  2.49751427142955e-01
1.42500000000000e+00  2.18499329852512e-01
1.45000000000000e+00  1.86174474367055e-01
1.47500000000000e+00  1.52940633211511e-01
1.50000000000000e+00  1.18975291849682e-01
1.52500000000000e+00  8.44637820559714e-02
1.55000000000000e+00  4.95934152871015e-02
1.57500000000000e+00  1.45664006831309e-02
1.60000000000000e+00  -2.04162515908100e-02
1.62500000000000e+00  -5.51518655197158e-02
1.65000000000000e+00  -8.94332089291349e-02
1.67500000000000e+00  -1.23051573812180e-01
1.70000000000000e+00  -1.55795315800250e-01
1.72500000000000e+00  -1.87448393633730e-01
1.75000000000000e+00  -2.17788908632718e-01
1.77500000000000e+00  -2.46587644167729e-01
1.80000000000000e+00  -2.73606605130412e-01
1.82500000000000e+00  -2.98597557404261e-01
1.85000000000000e+00  -3.21300567335331e-01
1.87500000000000e+00  -3.41664259145116e-01
1.90000000000000e+00  -3.59510602505383e-01
1.92500000000000e+00  -3.74627268595542e-01
1.95000000000000e+00  -3.86869201288862e-01
1.97500000000000e+00  -3.96110232394440e-01
2.00000000000000e+00  -4.02244458223933e-01
2.02500000000000e+00  -4.05187616158272e-01
2.05000000000000e+00  -4.04878461214388e-01
2.07500000000000e+00  -4.01280142611931e-01
2.10000000000000e+00  -3.94381580339997e-01
2.12500000000000e+00  -3.84198841723844e-01
2.15000000000000e+00  -3.70776517991619e-01
2.17500000000000e+00  -3.54189100841076e-01
2.20000000000000e+00  -3.34537397249040e-01
2.22500000000000e+00  -3.11952182126493e-01
2.25000000000000e+00  -2.86594476253495e-01
2.27500000000000e+00  -2.58649441414320e-01
2.30000000000000e+00  -2.28330960751419e-01
2.32500000000000e+00  -1.95879280679530e-01
2.35000000000000e+00  -1.61558652799780e-01
2.37500000000000e+00  -1.25654975813791e-01
2.40000000000000e+00  -8.84734374377857e-02
2.42500000000000e+00  -5.03361563166990e-02
2.45000000000000e+00  -1.15798239382761e-02
2.47500000000000e+00  2.74466534528184e-02
2.50000000000000e+00  6.63827542737188e-02
2.52500000000000e+00  1.04848491951636e-01
2.55000000000000e+00  1.42492442637011e-01
2.57500000000000e+00  1.78947011986526e-01
2.60000000000000e+00  2.13850863939854e-01
2.62500000000000e+00  2.46852441479042e-01
2.65000000000000e+00  2.77613487387915e-01
2.67500000000000e+00  3.05812565011462e-01
2.70000000000000e+00  3.31148579015241e-01
2.72500000000000e+00  3.53344296144761e-01
2.75000000000000e+00  3.72149865984883e-01
2.77500000000000e+00  3.87346341719216e-01
2.80000000000000e+00  3.98749200889505e-01
2.82500000000000e+00  4.06209733980774e-01
2.85000000000000e+00  4.09616676574394e-01
2.87500000000000e+00  4.08892858055124e-01
2.90000000000000e+00  4.04020097360646e-01
2.92500000000000e+00  3.95014493124433e-01
2.95000000000000e+00  3.81931961321341e-01
2.97500000000000e+00  3.64873326132090e-01
3.00000000000000e+00  3.43985754704092e-01
3.02500000000000e+00  3.19462469727583e-01
3.05000000000000e+00  2.91539701840212e-01
3.07500000000000e+00  2.60490901618643e-01
3.10000000000000e+00  2.26618937580528e-01
3.12500000000000e+00  1.90276297256852e-01
3.15000000000000e+00  1.51821705677607e-01
3.17500000000000e+00  1.11675414639698e-01
3.20000000000000e+00  7.02612866469493e-02
3.22500000000000e+00  2.80236151243647e-02
3.25000000000000e+00  -1.45784132938442e-02
3.27500000000000e+00  -5.70762564762193e-02
3.30000000000000e+00  -9.89975545060220e-02
3.32500000000000e+00  -1.39871667393204e-01
3.35000000000000e+00  -1.79235212786372e-01
3.37500000000000e+00  -2.16637603684750e-01
3.40000000000000e+00  -2.51646586150151e-01
3.42500000000000e+00  -2.83853777018938e-01
3.45000000000000e+00  -3.12879724306246e-01
3.47500000000000e+00  -3.38386329292768e-01
3.50000000000000e+00  -3.60039641330393e-01
3.52500000000000e+00  -3.77601791458039e-01
3.55000000000000e+00  -3.90856465495381e-01
3.57500000000000e+00  -3.99625552530964e-01
3.60000000000000e+00  -4.03784423433722e-01
3.62500000000000e+00  -4.03267526722740e-01
3.65000000000000e+00  -3.98071582265169e-01
3.67500000000000e+00  -3.88252991015591e-01
3.70000000000000e+00  -3.73918832104692e-01
3.72500000000000e+00  -3.55209488097299e-01
3.75000000000000e+00  -3.32323240397445e-01
3.77500000000000e+00  -3.05601347138857e-01
3.80000000000000e+00  -2.75269261606291e-01
3.82500000000000e+00  -2.41719515794124e-01
3.85000000000000e+00  -2.05363103094740e-01
3.87500000000000e+00  -1.66633969137750e-01
3.90000000000000e+00  -1.25993502629222e-01
3.92500000000000e+00  -8.39313675791996e-02
3.95000000000000e+00  -4.09634973280535e-02
3.97500000000000e+00  2.37642879135994e-03
4.00000000000000e+00  4.55444526777971e-02
4.02500000000000e+00  8.80056451146378e-02
4.05000000000000e+00  1.29255150278165e-01
4.07500000000000e+00  1.68765956504822e-01
4.10000000000000e+00  2.06062686208103e-01
4.12500000000000e+00  2.40574947773489e-01
4.15000000000000e+00  2.71976707540956e-01
4.17500000000000e+00  2.99882478484170e-01
4.20000000000000e+00  3.23904425604424e-01
4.22500000000000e+00  3.43705371440036e-01
4.25000000000000e+00  3.59022814349546e-01
4.27500000000000e+00  3.69681224248272e-01
4.30000000000000e+00  3.75584530776336e-01
4.32500000000000e+00  3.76684101021166e-01
4.35000000000000e+00  3.72914139527969e-01
4.37500000000000e+00  3.64280100666144e-01
4.40000000000000e+00  3.50887545195450e-01
4.42500000000000e+00  3.33040568911352e-01
4.45000000000000e+00  3.10898059349638e-01
4.47500000000000e+00  2.84731068919453e-01
4.50000000000000e+00  2.54893375865660e-01
4.52500000000000e+00  2.21792045231218e-01
4.55000000000000e+00  1.85870000801781e-01
4.57500000000000e+00  1.47596911606402e-01
4.60000000000000e+00  1.07466298101914e-01
4.62500000000000e+00  6.59959964318974e-02
4.65000000000000e+00  2.37385235037570e-02
4.67500000000000e+00  -1.87070852005168e-02
4.70000000000000e+00  -6.07691016501753e-02
4.72500000000000e+00  -1.02002298423624e-01
4.75000000000000e+00  -1.41759935816858e-01
4.77500000000000e+00  -1.79529367904833e-01
4.80000000000000e+00  -2.14814239601017e-01
4.82500000000000e+00  -2.47145700760331e-01
4.85000000000000e+00  -2.76092970298916e-01
4.87500000000000e+00  -3.01269573572576e-01
4.90000000000000e+00  -3.22339976700180e-01
4.92500000000000e+00  -3.39023873320365e-01
4.95000000000000e+00  -3.51099354872284e-01
4.97500000000000e+00  -3.58404419080717e-01
5.00000000000000e+00  -3.60838463961127e-01
5.02500000000000e+00  -3.58375226386614e-01
5.05000000000000e+00  -3.51041394635608e-01
5.07500000000000e+00  -3.38937983166486e-01
5.10000000000000e+00  -3.22227404568452e-01
5.12500000000000e+00  -3.01131957138335e-01
5.15000000000000e+00  -2.75932312457370e-01
5.17500000000000e+00  -2.46964341066570e-01
5.20000000000000e+00  -2.14614821592406e-01
5.22500000000000e+00  -1.79314802167895e-01
5.25000000000000e+00  -1.41533358811574e-01
5.27500000000000e+00  -1.01767026816807e-01
5.30000000000000e+00  -6.05285821209500e-02
5.32500000000000e+00  -1.84648520214463e-02
5.35000000000000e+00  2.39789003350944e-02
5.37500000000000e+00  6.62309649331740e-02
5.40000000000000e+00  1.07692367838959e-01
5.42500000000000e+00  1.47810705662565e-01
5.45000000000000e+00  1.86068304488326e-01
5.47500000000000e+00  2.21971851480811e-01
5.50000000000000e+00  2.55051926930712e-01
5.52500000000000e+00  2.84865894746044e-01
5.55000000000000e+00  3.11007012501804e-01
5.57500000000000e+00  3.33121856366878e-01
5.60000000000000e+00  3.50939757563310e-01
5.62500000000000e+00  3.64149183500326e-01
5.65000000000000e+00  3.72905566411290e-01
5.67500000000000e+00  3.76644639826311e-01
5.70000000000000e+00  3.75514413711755e-01
5.72500000000000e+00  3.69581112957361e-01
5.75000000000000e+00  3.58893779796961e-01
5.77500000000000e+00  3.43548876229194e-01
5.80000000000000e+00  3.23722304393467e-01
5.82500000000000e+00  2.99676916187537e-01
5.85000000000000e+00  2.71750210466559e-01
5.87500000000000e+00  2.40330312753406e-01
5.90000000000000e+00  2.05802956135279e-01
5.92500000000000e+00  1.68494360290562e-01
5.95000000000000e+00  1.28975090805980e-01
5.97500000000000e+00  8.77206374202177e-02
6.00000000000000e+00  4.52580815596721e-02
6.02500000000000e+00  2.09229002352412e-03
6.05000000000000e+00  -4.12418394377628e-02
6.07500000000000e+00  -8.42004257186146e-02
6.10000000000000e+00  -1.26249914439373e-01
6.12500000000000e+00  -1.66874543158250e-01
6.15000000000000e+00  -2.05584863090706e-01
6.17500000000000e+00  -2.41919741103306e-01
6.20000000000000e+00  -2.75445522373784e-01
6.22500000000000e+00  -3.05751532721127e-01
6.25000000000000e+00  -3.32403598257572e-01
6.27500000000000e+00  -3.55302579219092e-01
6.30000000000000e+00  -3.73981674951033e-01
6.32500000000000e+00  -3.88284974365388e-01
6.35000000000000e+00  -3.98072500961922e-01
6.37500000000000e+00  -4.03237582442099e-01
6.40000000000000e+00  -4.03724220323027e-01
6.42500000000000e+00  -3.99536087509804e-01
6.45000000000000e+00  -3.90739113214882e-01
6.47500000000000e+00  -3.77458284635453e-01
6.50000000000000e+00  -3.59872046142245e-01
6.52500000000000e+00  -3.38197017169529e-01
6.55000000000000e+00  -3.12671340322245e-01
6.57500000000000e+00  -2.83629206184838e-01
6.60000000000000e+00  -2.51408908747258e-01
6.62500000000000e+00  -2.16390057143905e-01
6.65000000000000e+00  -1.78981153432483e-01
6.67500000000000e+00  -1.39614523682631e-01
6.70000000000000e+00  -9.87407816133457e-02
6.72500000000000e+00  -5.68232922303934e-02
6.75000000000000e+00  -1.43326354637402e-02
6.77500000000000e+00  2.82589301950422e-02
6.80000000000000e+00  7.04830040553443e-02
6.82500000000000e+00  1.11880579590105e-01
6.85000000000000e+00  1.52007580798397e-01
6.87500000000000e+00  1.90412414167994e-01
6.90000000000000e+00  2.26759055484506e-01
6.92500000000000e+00  2.60605128397598e-01
6.95000000000000e+00  2.91626465252446e-01
6.97500000000000e+00  3.19520534662788e-01
7.00000000000000e+00  3.44014238177408e-01
7.02500000000000e+00  3.64871706946633e-01
7.05000000000000e+00  3.81900084350884e-01
7.07500000000000e+00  3.94952568125754e-01
7.10000000000000e+00  4.03928693546758e-01
7.12500000000000e+00  4.08772893465826e-01
7.15000000000000e+00  4.09469404808624e-01
7.17500000000000e+00  4.06036728694784e-01
7.20000000000000e+00  3.98552330413955e-01
7.22500000000000e+00  3.87127745183305e-01
7.25000000000000e+00  3.71911924191921e-01
7.27500000000000e+00  3.53089605447570e-01
7.30000000000000e+00  3.30879916779029e-01
7.32500000000000e+00  3.05532855014667e-01
7.35000000000000e+00  2.77325765161028e-01
7.37500000000000e+00  2.46559819581423e-01
7.40000000000000e+00  2.13556497174506e-01
7.42500000000000e+00  1.78654062552871e-01
7.45000000000000e+00  1.42204045221627e-01
7.47500000000000e+00  1.04567718756989e-01
7.50000000000000e+00  6.61143234920842e-02
7.52500000000000e+00  2.71899029039971e-02
7.55000000000000e+00  -1.18204539770638e-02
7.57500000000000e+00  -5.05581662152232e-02
7.60000000000000e+00  -8.86745349185311e-02
7.62500000000000e+00  -1.25833098059865e-01
7.65000000000000e+00  -1.61711985297855e-01
7.67500000000000e+00  -1.96006272797787e-01
7.70000000000000e+00  -2.28430338052523e-01
7.72500000000000e+00  -2.58720214703413e-01
7.75000000000000e+00  -2.86635947361204e-01
7.77500000000000e+00  -3.11963946426960e-01
7.80000000000000e+00  -3.34519342912968e-01
7.82500000000000e+00  -3.54141405354517e-01
7.85000000000000e+00  -3.70699641301043e-01
7.87500000000000e+00  -3.84093515676006e-01
7.90000000000000e+00  -3.94248799477345e-01
7.92500000000000e+00  -4.01121148396370e-01
7.95000000000000e+00  -4.04694724998955e-01
7.97500000000000e+00  -4.04980820906722e-01
8.00000000000000e+00  -4.02016478978231e-01
8.02500000000000e+00  -3.95863115490168e-01
8.05000000000000e+00  -3.86605142318530e-01
8.07500000000000e+00  -3.74348589119817e-01
8.10000000000000e+00  -3.59219725512216e-01
8.12500000000000e+00  -3.41141940760357e-01
8.15000000000000e+00  -3.20992849889026e-01
8.17500000000000e+00  -2.98285286292490e-01
8.20000000000000e+00  -2.73292360315896e-01
8.22500000000000e+00  -2.46273996345164e-01
8.25000000000000e+00  -2.17478395087981e-01
8.27500000000000e+00  -1.87143495854812e-01
8.30000000000000e+00  -1.55498438839899e-01
8.32500000000000e+00  -1.22765027402256e-01
8.35000000000000e+00  -8.91591903466852e-02
8.37500000000000e+00  -5.48924442047561e-02
8.40000000000000e+00  -2.01733555158314e-02
8.42500000000000e+00  1.47909968919452e-02
8.45000000000000e+00  4.97980978478196e-02
8.47500000000000e+00  8.46471059646047e-02
8.50000000000000e+00  1.19135985761633e-01
8.52500000000000e+00  1.53077604255865e-01
8.55000000000000e+00  1.86286809538417e-01
8.57500000000000e+00  2.18586296547975e-01
8.60000000000000e+00  2.49812472844218e-01
8.62500000000000e+00  2.79821324381258e-01
8.65000000000000e+00  3.08494281281043e-01
8.67500000000000e+00  3.35744083606794e-01
8.70000000000000e+00  3.61520647136427e-01
8.72500000000000e+00  3.85816929135980e-01
8.75000000000000e+00  4.08193503521080e-01
8.77500000000000e+00  4.29246848471033e-01
8.80000000000000e+00  4.48368922175971e-01
8.82500000000000e+00  4.65607565546812e-01
8.85000000000000e+00  4.80998997784624e-01
8.87500000000000e+00  4.94570853855186e-01
8.90000000000000e+00  5.06345221963529e-01
8.92500000000000e+00  5.16341681028496e-01
8.95000000000000e+00  5.24580338157294e-01
8.97500000000000e+00  5.31084866120048e-01
9.00000000000000e+00  5.35885540824352e-01
9.02500000000000e+00  5.39022278789822e-01
9.05000000000000e+00  5.40547674622651e-01
9.07500000000000e+00  5.40516437699248e-01
9.10000000000000e+00  5.38995607580010e-01
9.12500000000000e+00  5.36063036631590e-01
9.15000000000000e+00  5.31797935500648e-01
9.17500000000000e+00  5.26287094031078e-01
9.20000000000000e+00  5.19620900814281e-01
9.22500000000000e+00  5.11889362739437e-01
9.25000000000000e+00  5.03178124543784e-01
9.27500000000000e+00  4.93564488362893e-01
9.30000000000000e+00  4.83113433280941e-01
9.32500000000000e+00  4.71873634880987e-01
9.35000000000000e+00  4.59873484795247e-01
9.37500000000000e+00  4.47569947383726e-01
9.40000000000000e+00  4.34226756836812e-01
9.42500000000000e+00  4.20643266663735e-01
9.45000000000000e+00  4.06789096412469e-01
9.47500000000000e+00  3.92662492541586e-01
9.50000000000000e+00  3.78285110744187e-01
9.52500000000000e+00  3.63696798271860e-01
9.55000000000000e+00  3.48950376258618e-01
9.57500000000000e+00  3.34106422044841e-01
9.60000000000000e+00  3.19228051501226e-01
9.62500000000000e+00  3.04375701352732e-01
9.65000000000000e+00  2.89601911502513e-01
9.67500000000000e+00  2.74946107355879e-01
9.70000000000000e+00  2.60450821600566e-01
9.72500000000000e+00  2.46144733354354e-01
9.75000000000000e+00  2.32046954085785e-01
9.77500000000000e+00  2.18172691761218e-01
9.80000000000000e+00  2.04530301704133e-01
9.82500000000000e+00  1.91124403844387e-01
9.85000000000000e+00  1.77958999967459e-01
9.87500000000000e+00  1.65040590963705e-01
9.90000000000000e+00  1.52381294077605e-01
9.92500000000000e+00  1.40001960157023e-01
9.95000000000000e+00  1.27935290902453e-01
9.97500000000000e+00  1.16228956116268e-01
1.00000000000000e+01  1.04948710951984e-01
