0.00000000000000e+00  1.02792840856416e-01
2.50000000000000e-02  1.14231447531785e-01
5.00000000000000e-02  1.25873794876238e-01
7.50000000000000e-02  1.37755624567616e-01
1.00000000000000e-01  1.49901593955943e-01
1.25000000000000e-01  1.62326339449750e-01
1.50000000000000e-01  1.75035539902384e-01
1.75000000000000e-01  1.88026979998340e-01
2.00000000000000e-01  2.01291613639572e-01
2.25000000000000e-01  2.14814627331818e-01
2.50000000000000e-01  2.28576503570918e-01
2.75000000000000e-01  2.42554084229137e-01
3.00000000000000e-01  2.56721633941479e-01
3.25000000000000e-01  2.71049698847127e-01
3.50000000000000e-01  2.85507100426079e-01
3.75000000000000e-01  3.00062321321192e-01
4.00000000000000e-01  3.14677618953128e-01
4.25000000000000e-01  3.29314551797522e-01
4.50000000000000e-01  3.43932104617109e-01
4.75000000000000e-01  3.58484813693854e-01
5.00000000000000e-01  3.72920892061086e-01
5.25000000000000e-01  3.87180354735622e-01
5.50000000000000e-01  4.01193143949901e-01
5.75000000000000e-01  4.14877254384113e-01
6.00000000000000e-01  4.28136858398328e-01
6.25000000000000e-01  4.41037137710784e-01
6.50000000000000e-01  4.53254311418286e-01
6.75000000000000e-01  4.64926751639720e-01
7.00000000000000e-01  4.75946287389678e-01
7.25000000000000e-01  4.86211534619500e-01
7.50000000000000e-01  4.95627150722607e-01
7.75000000000000e-01  5.04103089039835e-01
8.00000000000000e-01  5.11553853364767e-01
8.25000000000000e-01  5.17897752449071e-01
8.50000000000000e-01  5.23056154507824e-01
8.75000000000000e-01  5.26952741724857e-01
9.00000000000000e-01  5.29512764758077e-01
9.25000000000000e-01  5.30662297244810e-01
9.50000000000000e-01  5.30332393689317e-01
9.75000000000000e-01  5.28455758286777e-01
1.00000000000000e+00  5.24967598541056e-01
1.02500000000000e+00  5.19810146284050e-01
1.05000000000000e+00  5.12930181756008e-01
1.07500000000000e+00  5.04281232577883e-01
1.10000000000000e+00  4.93825772723693e-01
1.12500000000000e+00  4.81537421492868e-01
1.15000000000000e+00  4.67403142482612e-01
1.17500000000000e+00  4.51425442560248e-01
1.20000000000000e+00  4.33624570835580e-01
1.22500000000000e+00  4.14040717633243e-01
1.25000000000000e+00  3.92547747827142e-01
1.27500000000000e+00  3.69526037522732e-01
1.30000000000000e+00  3.44731021583246e-01
1.32500000000000e+00  3.18273697860200e-01
1.35000000000000e+00  2.90266256037292e-01
1.37500000000000e+00  2.60823836136123e-01
1.40000000000000e+00  2.30066287021926e-01
1.42500000000000e+00  1.98119924909295e-01
1.45000000000000e+00  1.65119291867907e-01
1.47500000000000e+00  1.31208914328252e-01
1.50000000000000e+00  9.65450615873609e-02
1.52500000000000e+00  6.12975043145269e-02
1.55000000000000e+00  2.56512730570396e-02
1.57500000000000e+00  -1.02026768519494e-02
1.60000000000000e+00  -4.60598606873626e-02
1.62500000000000e+00  -8.17054969104979e-02
1.65000000000000e+00  -1.16919157179186e-01
1.67500000000000e+00  -1.51473915050291e-01
1.70000000000000e+00  -1.85139525362668e-01
1.72500000000000e+00  -2.17685603620123e-01
1.75000000000000e+00  -2.48884805374370e-01
1.77500000000000e+00  -2.78516005607989e-01
1.80000000000000e+00  -3.06367478117385e-01
1.82500000000000e+00  -3.32240074895747e-01
1.85000000000000e+00  -3.55950405516002e-01
1.87500000000000e+00  -3.77252035873546e-01
1.90000000000000e+00  -3.95955142673188e-01
1.92500000000000e+00  -4.11919540738343e-01
1.95000000000000e+00  -4.24990204641609e-01
1.97500000000000e+00  -4.35032478572390e-01
2.00000000000000e+00  -4.41933244141017e-01
2.02500000000000e+00  -4.45602088182860e-01
2.05000000000000e+00  -4.45972470562440e-01
2.07500000000000e+00  -4.43002891977544e-01
2.10000000000000e+00  -4.36678061763335e-01
2.12500000000000e+00  -4.27010065696469e-01
2.15000000000000e+00  -4.14039533799206e-01
2.17500000000000e+00  -3.97836808143524e-01
2.20000000000000e+00  -3.78499195406024e-01
2.22500000000000e+00  -3.56153800985141e-01
2.25000000000000e+00  -3.30957879122778e-01
2.27500000000000e+00  -3.03093693069434e-01
2.30000000000000e+00  -2.72772338154191e-01
2.32500000000000e+00  -2.40231614200871e-01
2.35000000000000e+00  -2.05733897944181e-01
2.37500000000000e+00  -1.69564015445865e-01
2.40000000000000e+00  -1.32027114510862e-01
2.42500000000000e+00  -9.34465371034492e-02
2.45000000000000e+00  -5.41616917633989e-02
2.47500000000000e+00  -1.45259260221258e-02
2.50000000000000e+00  2.51065587135801e-02
2.52500000000000e+00  6.43604000273301e-02
2.55000000000000e+00  1.02867728422863e-01
2.57500000000000e+00  1.40259964945421e-01
2.60000000000000e+00  1.76173730082200e-01
2.62500000000000e+00  2.10254496722234e-01
2.65000000000000e+00  2.42160243116287e-01
2.67500000000000e+00  2.71565105836740e-01
2.70000000000000e+00  2.98163032737482e-01
2.72500000000000e+00  3.21671435913796e-01
2.75000000000000e+00  3.41834844662251e-01
2.77500000000000e+00  3.58428558440586e-01
2.80000000000000e+00  3.71262299827602e-01
2.82500000000000e+00  3.80180379444263e-01
2.85000000000000e+00  3.85066646408504e-01
2.87500000000000e+00  3.85848044980117e-01
2.90000000000000e+00  3.82488559272980e-01
2.92500000000000e+00  3.74998363740998e-01
2.95000000000000e+00  3.63432851507334e-01
2.97500000000000e+00  3.47891662693622e-01
3.00000000000000e+00  3.28517712749200e-01
3.02500000000000e+00  3.05496220780325e-01
3.05000000000000e+00  2.79053737879403e-01
3.07500000000000e+00  2.49457175454205e-01
3.10000000000000e+00  2.17012833557095e-01
3.12500000000000e+00  1.82066939275932e-01
3.15000000000000e+00  1.44982147835967e-01
3.17500000000000e+00  1.06165277416373e-01
3.20000000000000e+00  6.60383090505929e-02
3.22500000000000e+00  2.50434933321601e-02
3.25000000000000e+00  -1.63621150530075e-02
3.27500000000000e+00  -5.77121227943001e-02
3.30000000000000e+00  -9.85362634241138e-02
3.32500000000000e+00  -1.38365862785552e-01
3.35000000000000e+00  -1.76739304500124e-01
3.37500000000000e+00  -2.13207495435436e-01
3.40000000000000e+00  -2.47339331172898e-01
3.42500000000000e+00  -2.78727161475412e-01
3.45000000000000e+00  -3.06992118863783e-01
3.47500000000000e+00  -3.31788976905042e-01
3.50000000000000e+00  -3.52813627369948e-01
3.52500000000000e+00  -3.69797699573305e-01
3.55000000000000e+00  -3.82522328575196e-01
3.57500000000000e+00  -3.90819328769273e-01
3.60000000000000e+00  -3.94572367471049e-01
3.62500000000000e+00  -3.93718138506187e-01
3.65000000000000e+00  -3.88247535798795e-01
3.67500000000000e+00  -3.78206826959711e-01
3.70000000000000e+00  -3.63698826874799e-01
3.72500000000000e+00  -3.44884071293236e-01
3.75000000000000e+00  -3.21979070829330e-01
3.77500000000000e+00  -2.95237476871920e-01
3.80000000000000e+00  -2.64986892501632e-01
3.82500000000000e+00  -2.31582310369781e-01
3.85000000000000e+00  -1.95423260302020e-01
3.87500000000000e+00  -1.56947557622720e-01
3.90000000000000e+00  -1.16625051479352e-01
3.92500000000000e+00  -7.49513731668641e-02
3.95000000000000e+00  -3.24416844520641e-02
3.97500000000000e+00  1.03755741020072e-02
4.00000000000000e+00  5.29649348116889e-02
4.02500000000000e+00  9.47901545483258e-02
4.05000000000000e+00  1.35320466413884e-01
4.07500000000000e+00  1.74041332454178e-01
4.10000000000000e+00  2.10457178394447e-01
4.12500000000000e+00  2.44103059348108e-01
4.15000000000000e+00  2.74539843662236e-01
4.17500000000000e+00  3.01371117009612e-01
4.20000000000000e+00  3.24246430209304e-01
4.22500000000000e+00  3.42864547047235e-01
4.25000000000000e+00  3.56976692096770e-01
4.27500000000000e+00  3.66389798539286e-01
4.30000000000000e+00  3.70969755984752e-01
4.32500000000000e+00  3.70644658292303e-01
4.35000000000000e+00  3.65408051390819e-01
4.37500000000000e+00  3.55329564272069e-01
4.40000000000000e+00  3.40500125021949e-01
4.42500000000000e+00  3.21128070009649e-01
4.45000000000000e+00  2.97447508367176e-01
4.47500000000000e+00  2.69754435607034e-01
4.50000000000000e+00  2.38400623382216e-01
4.52500000000000e+00  2.03787509246193e-01
4.55000000000000e+00  1.66360086412910e-01
4.57500000000000e+00  1.26600793516770e-01
4.60000000000000e+00  8.50234043726254e-02
4.62500000000000e+00  4.21669177357791e-02
4.65000000000000e+00  -1.41055293804170e-03
4.67500000000000e+00  -4.51378897326772e-02
4.70000000000000e+00  -8.84453026472917e-02
4.72500000000000e+00  -1.30765499268333e-01
4.75000000000000e+00  -1.71545895478778e-01
4.77500000000000e+00  -2.10247047406569e-01
4.80000000000000e+00  -2.46359251818595e-01
4.82500000000000e+00  -2.79407507928284e-01
4.85000000000000e+00  -3.08956479203186e-01
4.87500000000000e+00  -3.34615455172556e-01
4.90000000000000e+00  -3.56043313234940e-01
4.92500000000000e+00  -3.72953480465759e-01
4.95000000000000e+00  -3.85118895424891e-01
4.97500000000000e+00  -3.92376969964263e-01
5.00000000000000e+00  -3.94641765405097e-01
5.02500000000000e+00  -3.91849909699169e-01
5.05000000000000e+00  -3.84063239886125e-01
5.07500000000000e+00  -3.71372834417678e-01
5.10000000000000e+00  -3.53939881803805e-01
5.12500000000000e+00  -3.31990632775007e-01
5.15000000000000e+00  -3.05811352444550e-01
5.17500000000000e+00  -2.75743272470722e-01
5.20000000000000e+00  -2.42177543219091e-01
5.22500000000000e+00  -2.05550185924742e-01
5.25000000000000e+00  -1.66337044854542e-01
5.27500000000000e+00  -1.25048739469383e-01
5.30000000000000e+00  -8.22256165864405e-02
5.32500000000000e+00  -3.84210281013844e-02
5.35000000000000e+00  5.79696336401961e-03
5.37500000000000e+00  4.98582358608823e-02
5.40000000000000e+00  9.31910317618120e-02
5.42500000000000e+00  1.35236929216993e-01
5.45000000000000e+00  1.75456760404108e-01
5.47500000000000e+00  2.13336529778262e-01
5.50000000000000e+00  2.48393332321883e-01
5.52500000000000e+00  2.80181271794663e-01
5.55000000000000e+00  3.08297378983453e-01
5.57500000000000e+00  3.32387529952199e-01
5.60000000000000e+00  3.52152364291851e-01
5.62500000000000e+00  3.67362584118225e-01
5.65000000000000e+00  3.77807729644302e-01
5.67500000000000e+00  3.83394978937114e-01
5.70000000000000e+00  3.84058435024220e-01
5.72500000000000e+00  3.79801904515983e-01
5.75000000000000e+00  3.70695500042058e-01
5.77500000000000e+00  3.56872242687867e-01
5.80000000000000e+00  3.38524664431088e-01
5.82500000000000e+00  3.15901410578140e-01
5.85000000000000e+00  2.89303842200659e-01
5.87500000000000e+00  2.59082638571989e-01
5.90000000000000e+00  2.25634399603660e-01
5.92500000000000e+00  1.89398248281874e-01
5.95000000000000e+00  1.50839326773582e-01
5.97500000000000e+00  1.10453291254675e-01
6.00000000000000e+00  6.87545384544578e-02
6.02500000000000e+00  2.62737662810560e-02
6.05000000000000e+00  -1.64528658913489e-02
6.07500000000000e+00  -5.88899086721435e-02
6.10000000000000e+00  -1.00508794103935e-01
6.12500000000000e+00  -1.40794007112176e-01
6.15000000000000e+00  -1.79249256954813e-01
6.17500000000000e+00  -2.15403648671917e-01
6.20000000000000e+00  -2.48817854535321e-01
6.22500000000000e+00  -2.79090285498269e-01
6.25000000000000e+00  -3.05872542992635e-01
6.27500000000000e+00  -3.28826029229748e-01
6.30000000000000e+00  -3.47705389440325e-01
6.32500000000000e+00  -3.62290557493647e-01
6.35000000000000e+00  -3.72420337372764e-01
6.37500000000000e+00  -3.77991242134169e-01
6.40000000000000e+00  -3.78956332867478e-01
6.42500000000000e+00  -3.75324057655103e-01
6.45000000000000e+00  -3.67157090531932e-01
6.47500000000000e+00  -3.54571170445000e-01
6.50000000000000e+00  -3.37733940213172e-01
6.52500000000000e+00  -3.16863785486814e-01
6.55000000000000e+00  -2.92228673707474e-01
6.57500000000000e+00  -2.64132127092874e-01
6.60000000000000e+00  -2.32918987490660e-01
6.62500000000000e+00  -1.98967668744738e-01
6.65000000000000e+00  -1.62685325678144e-01
6.67500000000000e+00  -1.24502586884959e-01
6.70000000000000e+00  -8.48681018138563e-02
6.72500000000000e+00  -4.42430878516273e-02
6.75000000000000e+00  -3.09587740674195e-03
6.77500000000000e+00  3.81035350071266e-02
6.80000000000000e+00  7.88889456875471e-02
6.82500000000000e+00  1.18803394659794e-01
6.85000000000000e+00  1.57404618593311e-01
6.87500000000000e+00  1.94270659076859e-01
6.90000000000000e+00  2.28996615234339e-01
6.92500000000000e+00  2.61218062654659e-01
6.95000000000000e+00  2.90590112349062e-01
6.97500000000000e+00  3.16806366487572e-01
7.00000000000000e+00  3.39599883312424e-01
7.02500000000000e+00  3.58744142051502e-01
7.05000000000000e+00  3.74054007831761e-01
7.07500000000000e+00  3.85386696592663e-01
7.10000000000000e+00  3.92642739999607e-01
7.12500000000000e+00  3.95766950357361e-01
7.15000000000000e+00  3.94749385523489e-01
7.17500000000000e+00  3.89626313821786e-01
7.20000000000000e+00  3.80470895823467e-01
7.22500000000000e+00  3.67399452065784e-01
7.25000000000000e+00  3.50567854703991e-01
7.27500000000000e+00  3.30166460815518e-01
7.30000000000000e+00  3.06420093928460e-01
7.32500000000000e+00  2.79584391399000e-01
7.35000000000000e+00  2.49942151788818e-01
7.37500000000000e+00  2.17799682242521e-01
7.40000000000000e+00  1.83483145865053e-01
7.42500000000000e+00  1.47334909099120e-01
7.45000000000000e+00  1.09709889102610e-01
7.47500000000000e+00  7.09719011260027e-02
7.50000000000000e+00  3.14780018797210e-02
7.52500000000000e+00  -8.36921508795941e-03
7.55000000000000e+00  -4.82284123131527e-02
7.57500000000000e+00  -8.77339140182231e-02
7.60000000000000e+00  -1.26531927328517e-01
7.62500000000000e+00  -1.64282660400812e-01
7.65000000000000e+00  -2.00662440551794e-01
7.67500000000000e+00  -2.35365832386505e-01
7.70000000000000e+00  -2.68107755926819e-01
7.72500000000000e+00  -2.98625604739893e-01
7.75000000000000e+00  -3.26681364066634e-01
7.77500000000000e+00  -3.52063728950161e-01
7.80000000000000e+00  -3.74590222364266e-01
7.82500000000000e+00  -3.94103483180132e-01
7.85000000000000e+00  -4.10476149000869e-01
7.87500000000000e+00  -4.23610836056593e-01
7.90000000000000e+00  -4.33437103537890e-01
7.92500000000000e+00  -4.39914220147424e-01
7.95000000000000e+00  -4.43030010549340e-01
7.97500000000000e+00  -4.42799701818664e-01
8.00000000000000e+00  -4.39264769890709e-01
8.02500000000000e+00  -4.32491786010472e-01
8.05000000000000e+00  -4.22571263182045e-01
8.07500000000000e+00  -4.09616502618007e-01
8.10000000000000e+00  -3.93762440188835e-01
8.12500000000000e+00  -3.75244499345467e-01
8.15000000000000e+00  -3.53961199849631e-01
8.17500000000000e+00  -3.30344717497895e-01
8.20000000000000e+00  -3.04560210673494e-01
8.22500000000000e+00  -2.76791627374768e-01
8.25000000000000e+00  -2.47238549865470e-01
8.27500000000000e+00  -2.16113039325102e-01
8.30000000000000e+00  -1.83636480499224e-01
8.32500000000000e+00  -1.50036426349773e-01
8.35000000000000e+00  -1.15543442705390e-01
8.37500000000000e+00  -8.03879529117293e-02
8.40000000000000e+00  -4.47970824817887e-02
8.42500000000000e+00  -8.99150374622341e-03
8.45000000000000e+00  2.68137950662399e-02
8.47500000000000e+00  6.24140801266096e-02
8.50000000000000e+00  9.76181322349264e-02
8.52500000000000e+00  1.32240655725225e-01
8.55000000000000e+00  1.66111614496450e-01
8.57500000000000e+00  1.99074487736982e-01
8.60000000000000e+00  2.30984525649179e-01
8.62500000000000e+00  2.61707005173927e-01
8.65000000000000e+00  2.91115485715160e-01
8.67500000000000e+00  3.19090064864410e-01
8.70000000000000e+00  3.45515634125341e-01
8.72500000000000e+00  3.70280134638294e-01
8.75000000000000e+00  3.93460531396612e-01
8.77500000000000e+00  4.14735499001942e-01
8.80000000000000e+00  4.34290389449393e-01
8.82500000000000e+00  4.52062818274228e-01
8.85000000000000e+00  4.68012553233352e-01
8.87500000000000e+00  4.82119314453211e-01
8.90000000000000e+00  4.94380574577683e-01
8.92500000000000e+00  5.04809358915976e-01
8.95000000000000e+00  5.13432045590525e-01
8.97500000000000e+00  5.20286165684885e-01
9.00000000000000e+00  5.25418203391632e-01
9.02500000000000e+00  5.28881396160252e-01
9.05000000000000e+00  5.30733534845040e-01
9.07500000000000e+00  5.31039442221351e-01
9.10000000000000e+00  5.29866446840438e-01
9.12500000000000e+00  5.27283528825970e-01
9.15000000000000e+00  5.23364653724331e-01
9.17500000000000e+00  5.18184609285079e-01
9.20000000000000e+00  5.11819750232717e-01
9.22500000000000e+00  5.04348743038460e-01
9.25000000000000e+00  4.95853310692006e-01
9.27500000000000e+00  4.86418977473305e-01
9.30000000000000e+00  4.76135813724329e-01
9.32500000000000e+00  4.65099180620843e-01
9.35000000000000e+00  4.53410474944170e-01
9.37500000000000e+00  4.41001218787425e-01
9.40000000000000e+00  4.28263069994678e-01
9.42500000000000e+00  4.14989787200809e-01
9.45000000000000e+00  4.01292883135596e-01
9.47500000000000e+00  3.87268172853048e-01
9.50000000000000e+00  3.72997648139382e-01
9.52500000000000e+00  3.58551351921006e-01
9.55000000000000e+00  3.43989252672492e-01
9.57500000000000e+00  3.29363118824552e-01
9.60000000000000e+00  3.14718393172025e-01
9.62500000000000e+00  3.00096067281845e-01
9.65000000000000e+00  2.85534555901021e-01
9.67500000000000e+00  2.71071571364621e-01
9.70000000000000e+00  2.56738599762023e-01
9.72500000000000e+00  2.42566785587919e-01
9.75000000000000e+00  2.28585546988104e-01
9.77500000000000e+00  2.14820582361695e-01
9.80000000000000e+00  2.01295012313762e-01
9.82500000000000e+00  1.88028316891668e-01
9.85000000000000e+00  1.75035272821418e-01
9.87500000000000e+00  1.62324890743999e-01
9.90000000000000e+00  1.49899352451721e-01
9.92500000000000e+00  1.37752948124567e-01
9.95000000000000e+00  1.25871013566532e-01
9.97500000000000e+00  1.14228867441970e-01
1.00000000000000e+01  1.02790748511940e-01
