0.00000000000000e+00  1.03654853851529e-01
2.50000000000000e-02  1.15221097139579e-01
5.00000000000000e-02  1.26955838093406e-01
7.50000000000000e-02  1.38910860866514e-01
1.00000000000000e-01  1.51122226556942e-01
1.25000000000000e-01  1.63611998605749e-01
1.50000000000000e-01  1.76389968195486e-01
1.75000000000000e-01  1.89455379648681e-01
2.00000000000000e-01  2.02798655826318e-01
2.25000000000000e-01  2.16403123526315e-01
2.50000000000000e-01  2.30246738882009e-01
2.75000000000000e-01  2.44303812760631e-01
3.00000000000000e-01  2.58546736161790e-01
3.25000000000000e-01  2.72944281434096e-01
3.50000000000000e-01  2.87464737457278e-01
3.75000000000000e-01  3.02078167590868e-01
4.00000000000000e-01  3.16747035009173e-01
4.25000000000000e-01  3.31435058751210e-01
4.50000000000000e-01  3.46104216019390e-01
4.75000000000000e-01  3.60711744478190e-01
5.00000000000000e-01  3.75207144552840e-01
5.25000000000000e-01  3.89529181728000e-01
5.50000000000000e-01  4.03602888846439e-01
5.75000000000000e-01  4.17336568407720e-01
6.00000000000000e-01  4.30618794866871e-01
6.25000000000000e-01  4.43593116394984e-01
6.50000000000000e-01  4.55792809168812e-01
6.75000000000000e-01  4.67479682592895e-01
7.00000000000000e-01  4.78528725158483e-01
7.25000000000000e-01  4.88826767132442e-01
7.50000000000000e-01  4.98270973575767e-01
7.75000000000000e-01  5.06767337362095e-01
8.00000000000000e-01  5.14229172196221e-01
8.25000000000000e-01  5.20575605632613e-01
8.50000000000000e-01  5.25730072093924e-01
8.75000000000000e-01  5.29618805889509e-01
9.00000000000000e-01  5.32169334233940e-01
9.25000000000000e-01  5.33308970265513e-01
9.50000000000000e-01  5.32970548808543e-01
9.75000000000000e-01  5.31087143091035e-01
1.00000000000000e+00  5.27592782069067e-01
1.02500000000000e+00  5.22429310860521e-01
1.05000000000000e+00  5.15541865234567e-01
1.07500000000000e+00  5.06881916339876e-01
1.10000000000000e+00  4.96410315432854e-01
1.12500000000000e+00  4.84100338605861e-01
1.15000000000000e+00  4.69940731515436e-01
1.17500000000000e+00  4.53938754110523e-01
1.20000000000000e+00  4.36123225360689e-01
1.22500000000000e+00  4.16547567984359e-01
1.25000000000000e+00  3.94998796713528e-01
1.27500000000000e+00  3.72045092013554e-01
1.30000000000000e+00  3.47275560596229e-01
1.32500000000000e+00  3.20825589370131e-01
1.35000000000000e+00  2.92824375006505e-01
1.37500000000000e+00  2.63397857321556e-01
1.40000000000000e+00  2.32671652658757e-01
1.42500000000000e+00  2.00773987271152e-01
1.45000000000000e+00  1.67838630703656e-01
1.47500000000000e+00  1.34007829175361e-01
1.50000000000000e+00  9.94352389618404e-02
1.52500000000000e+00  6.42888597774464e-02
1.55000000000000e+00  2.87539681576201e-02
1.57500000000000e+00  -6.97992126036530e-03
1.60000000000000e+00  -4.27075508748002e-02
1.62500000000000e+00  -7.82122181051906e-02
1.65000000000000e+00  -1.13271546417774e-01
1.67500000000000e+00  -1.47656113568536e-01
1.70000000000000e+00  -1.81133316729404e-01
1.72500000000000e+00  -2.13471237614433e-01
1.75000000000000e+00  -2.44442507605995e-01
1.77500000000000e+00  -2.73828172880969e-01
1.80000000000000e+00  -3.01421559536930e-01
1.82500000000000e+00  -3.27032138718337e-01
1.85000000000000e+00  -3.50489391742722e-01
1.87500000000000e+00  -3.71522103739743e-01
1.90000000000000e+00  -3.89931654366755e-01
1.92500000000000e+00  -4.05599151528335e-01
1.95000000000000e+00  -4.18368968641550e-01
1.97500000000000e+00  -4.28106571662613e-01
2.00000000000000e+00  -4.34699570070662e-01
2.02500000000000e+00  -4.38058767851534e-01
2.05000000000000e+00  -4.38119214481534e-01
2.07500000000000e+00  -4.34841255911217e-01
2.10000000000000e+00  -4.28211585549155e-01
2.12500000000000e+00  -4.18244295245716e-01
2.15000000000000e+00  -4.04981926276839e-01
2.17500000000000e+00  -3.88496520327804e-01
2.20000000000000e+00  -3.68887115563442e-01
2.22500000000000e+00  -3.46282363331561e-01
2.25000000000000e+00  -3.20840766789710e-01
2.27500000000000e+00  -2.92745774973358e-01
2.30000000000000e+00  -2.62209457040002e-01
2.32500000000000e+00  -2.29470425844492e-01
2.35000000000000e+00  -1.94791761514348e-01
2.37500000000000e+00  -1.58458935025083e-01
2.40000000000000e+00  -1.20777731775524e-01
2.42500000000000e+00  -8.20721751631361e-02
2.45000000000000e+00  -4.26824501593380e-02
2.47500000000000e+00  -2.96282688482715e-03
2.50000000000000e+00  3.67376544058058e-02
2.52500000000000e+00  7.60360202324886e-02
2.55000000000000e+00  1.14571637372066e-01
2.57500000000000e+00  1.51975817563150e-01
2.60000000000000e+00  1.87885482349024e-01
2.62500000000000e+00  2.21946765220534e-01
2.65000000000000e+00  2.53818613758992e-01
2.67500000000000e+00  2.83176391779061e-01
2.70000000000000e+00  3.09715481471659e-01
2.72500000000000e+00  3.33154885546850e-01
2.75000000000000e+00  3.53240829376736e-01
2.77500000000000e+00  3.69750363138361e-01
2.80000000000000e+00  3.82494963956594e-01
2.82500000000000e+00  3.91320663174481e-01
2.85000000000000e+00  3.96112950674249e-01
2.87500000000000e+00  3.96800303747127e-01
2.90000000000000e+00  3.93348204263465e-01
2.92500000000000e+00  3.85768182361965e-01
2.95000000000000e+00  3.74116883715153e-01
2.97500000000000e+00  3.58495136794860e-01
3.00000000000000e+00  3.39047020137698e-01
3.02500000000000e+00  3.15958929610539e-01
3.05000000000000e+00  2.89458645675990e-01
3.07500000000000e+00  2.59814400657874e-01
3.10000000000000e+00  2.27333946006705e-01
3.12500000000000e+00  1.92360243842924e-01
3.15000000000000e+00  1.55263184366569e-01
3.17500000000000e+00  1.16443610925840e-01
3.20000000000000e+00  7.63244684137464e-02
3.22500000000000e+00  3.53484829297892e-02
3.25000000000000e+00  -6.02724617006094e-03
3.27500000000000e+00  -4.73366542233731e-02
3.30000000000000e+00  -8.81101192112721e-02
3.32500000000000e+00  -1.27879869708457e-01
3.35000000000000e+00  -1.66185392833216e-01
3.37500000000000e+00  -2.02578842197439e-01
3.40000000000000e+00  -2.36630445856634e-01
3.42500000000000e+00  -2.67933914259940e-01
3.45000000000000e+00  -2.96111882460344e-01
3.47500000000000e+00  -3.20820559863883e-01
3.50000000000000e+00  -3.41757349741276e-01
3.52500000000000e+00  -3.58655355260322e-01
3.55000000000000e+00  -3.71297169872465e-01
3.57500000000000e+00  -3.79516044712186e-01
3.60000000000000e+00  -3.83197055996394e-01
3.62500000000000e+00  -3.82278272423820e-01
3.65000000000000e+00  -3.76751922574409e-01
3.67500000000000e+00  -3.66665562308715e-01
3.70000000000000e+00  -3.52123242167292e-01
3.72500000000000e+00  -3.33286674770087e-01
3.75000000000000e+00  -3.10369073521607e-01
3.77500000000000e+00  -2.83633515180141e-01
3.80000000000000e+00  -2.53399751083550e-01
3.82500000000000e+00  -2.20023685344908e-01
3.85000000000000e+00  -1.83905213720046e-01
3.87500000000000e+00  -1.45482027164602e-01
3.90000000000000e+00  -1.05223415391067e-01
3.92500000000000e+00  -6.36240704258419e-02
3.95000000000000e+00  -2.11978901662772e-02
3.97500000000000e+00  2.15282180622766e-02
4.00000000000000e+00  6.40205339494152e-02
4.02500000000000e+00  1.05744720642637e-01
4.05000000000000e+00  1.46172021190290e-01
4.07500000000000e+00  1.84789906421228e-01
4.10000000000000e+00  2.21104866792965e-01
4.12500000000000e+00  2.54653761527522e-01
4.15000000000000e+00  2.84999400313977e-01
4.17500000000000e+00  3.11747092909000e-01
4.20000000000000e+00  3.34547936258703e-01
4.22500000000000e+00  3.53102101620491e-01
4.25000000000000e+00  3.67162121684908e-01
4.27500000000000e+00  3.76536177697494e-01
4.30000000000000e+00  3.81091386580630e-01
4.32500000000000e+00  3.80757088055388e-01
4.35000000000000e+00  3.75528131763383e-01
4.37500000000000e+00  3.65467808344514e-01
4.40000000000000e+00  3.50680502573212e-01
4.42500000000000e+00  3.31361406068344e-01
4.45000000000000e+00  3.07745525769379e-01
4.47500000000000e+00  2.80128827647364e-01
4.50000000000000e+00  2.48862249398298e-01
4.52500000000000e+00  2.14345713136511e-01
4.55000000000000e+00  1.77022138088045e-01
4.57500000000000e+00  1.37371453284025e-01
4.60000000000000e+00  9.59046102540449e-02
4.62500000000000e+00  5.31575957195431e-02
4.65000000000000e+00  9.68544428717301e-03
4.67500000000000e+00  -3.39437488578049e-02
4.70000000000000e+00  -7.71633600681134e-02
4.72500000000000e+00  -1.19409056800441e-01
4.75000000000000e+00  -1.60131150325684e-01
4.77500000000000e+00  -1.98792958223126e-01
4.80000000000000e+00  -2.34887366400454e-01
4.82500000000000e+00  -2.67941799757020e-01
4.85000000000000e+00  -2.97523192847092e-01
4.87500000000000e+00  -3.23242960543098e-01
4.90000000000000e+00  -3.44761968698885e-01
4.92500000000000e+00  -3.61795504812963e-01
4.95000000000000e+00  -3.74118248691759e-01
4.97500000000000e+00  -3.81569243112870e-01
5.00000000000000e+00  -3.84057347881342e-01
5.02500000000000e+00  -3.81530409310815e-01
5.05000000000000e+00  -3.74040524200601e-01
5.07500000000000e+00  -3.61679223644229e-01
5.10000000000000e+00  -3.44607416172939e-01
5.12500000000000e+00  -3.23050410813648e-01
5.15000000000000e+00  -2.97292940146902e-01
5.17500000000000e+00  -2.67674183364838e-01
5.20000000000000e+00  -2.34582789329147e-01
5.22500000000000e+00  -1.98451899629024e-01
5.25000000000000e+00  -1.59754171639139e-01
5.27500000000000e+00  -1.18996801577585e-01
5.30000000000000e+00  -7.67165475638472e-02
5.32500000000000e+00  -3.34631618499088e-02
5.35000000000000e+00  1.01989664290297e-02
5.37500000000000e+00  5.37031912885318e-02
5.40000000000000e+00  9.64813785859176e-02
5.42500000000000e+00  1.37978482772917e-01
5.45000000000000e+00  1.77658520935647e-01
5.47500000000000e+00  2.15010546834593e-01
5.50000000000000e+00  2.49554624944568e-01
5.52500000000000e+00  2.80847804494704e-01
5.55000000000000e+00  3.08490093508411e-01
5.57500000000000e+00  3.32130432843362e-01
5.60000000000000e+00  3.51472670231466e-01
5.62500000000000e+00  3.66283005788965e-01
5.65000000000000e+00  3.76363618041543e-01
5.67500000000000e+00  3.81612569224329e-01
5.70000000000000e+00  3.81966015055951e-01
5.72500000000000e+00  3.77428974479597e-01
5.75000000000000e+00  3.68072032046520e-01
5.77500000000000e+00  3.54028040299532e-01
5.80000000000000e+00  3.35488822156501e-01
5.82500000000000e+00  3.12701873293850e-01
5.85000000000000e+00  2.85967064530052e-01
5.87500000000000e+00  2.55633344209134e-01
5.90000000000000e+00  2.22095440584163e-01
5.92500000000000e+00  1.85790564200758e-01
5.95000000000000e+00  1.47181886919550e-01
5.97500000000000e+00  1.06762935282274e-01
6.00000000000000e+00  6.50462368383514e-02
6.02500000000000e+00  2.25605471303118e-02
6.05000000000000e+00  -2.01598048076922e-02
6.07500000000000e+00  -6.25811073702161e-02
6.10000000000000e+00  -1.04176457300884e-01
6.12500000000000e+00  -1.44431950612721e-01
6.15000000000000e+00  -1.82852873508509e-01
6.17500000000000e+00  -2.18969893301127e-01
6.20000000000000e+00  -2.52345249333895e-01
6.22500000000000e+00  -2.82578943900929e-01
6.25000000000000e+00  -3.09322665838920e-01
6.27500000000000e+00  -3.32234604281319e-01
6.30000000000000e+00  -3.51073643199063e-01
6.32500000000000e+00  -3.65619242475035e-01
6.35000000000000e+00  -3.75709689124360e-01
6.37500000000000e+00  -3.81240930267181e-01
6.40000000000000e+00  -3.82165406101424e-01
6.42500000000000e+00  -3.78490882875569e-01
6.45000000000000e+00  -3.70279285861419e-01
6.47500000000000e+00  -3.57645532326869e-01
6.50000000000000e+00  -3.40756364508679e-01
6.52500000000000e+00  -3.19829182585236e-01
6.55000000000000e+00  -2.95130877649331e-01
6.57500000000000e+00  -2.66964025967372e-01
6.60000000000000e+00  -2.35672404763361e-01
6.62500000000000e+00  -2.01633357671151e-01
6.65000000000000e+00  -1.65253145289542e-01
6.67500000000000e+00  -1.26961507222231e-01
6.70000000000000e+00  -8.72062547978976e-02
6.72500000000000e+00  -4.64478637902721e-02
6.75000000000000e+00  -5.15406713822722e-03
6.77500000000000e+00  3.62055523341553e-02
6.80000000000000e+00  7.71649691974923e-02
6.82500000000000e+00  1.17267122697026e-01
6.85000000000000e+00  1.56069324032546e-01
6.87500000000000e+00  1.93152051641826e-01
6.90000000000000e+00  2.28104430515231e-01
6.92500000000000e+00  2.60566719748784e-01
6.95000000000000e+00  2.90192635119308e-01
6.97500000000000e+00  3.16674476823537e-01
7.00000000000000e+00  3.39744062437130e-01
7.02500000000000e+00  3.59173659873705e-01
7.05000000000000e+00  3.74776920343851e-01
7.07500000000000e+00  3.86409811314156e-01
7.10000000000000e+00  3.93971549466229e-01
7.12500000000000e+00  3.97405533655716e-01
7.15000000000000e+00  3.96700277871332e-01
7.17500000000000e+00  3.91890344193873e-01
7.20000000000000e+00  3.83047283742752e-01
7.22500000000000e+00  3.70285637353565e-01
7.25000000000000e+00  3.53759401830385e-01
7.27500000000000e+00  3.33657117193321e-01
7.30000000000000e+00  3.10201749071406e-01
7.32500000000000e+00  2.83647086149801e-01
7.35000000000000e+00  2.54274137617000e-01
7.37500000000000e+00  2.22387530612036e-01
7.40000000000000e+00  1.88311907671680e-01
7.42500000000000e+00  1.52388324177653e-01
7.45000000000000e+00  1.14970645803828e-01
7.47500000000000e+00  7.64219459634264e-02
7.50000000000000e+00  3.70936418062713e-02
7.52500000000000e+00  -2.60184533171403e-03
7.55000000000000e+00  -4.23333562580120e-02
7.57500000000000e+00  -8.17346128509257e-02
7.60000000000000e+00  -1.20451351292514e-01
7.62500000000000e+00  -1.58143397489664e-01
7.65000000000000e+00  -1.94486742495196e-01
7.67500000000000e+00  -2.29175617928932e-01
7.70000000000000e+00  -2.61924571398793e-01
7.72500000000000e+00  -2.92470541921885e-01
7.75000000000000e+00  -3.20574935345579e-01
7.77500000000000e+00  -3.46025699768604e-01
7.80000000000000e+00  -3.68639400962130e-01
7.82500000000000e+00  -3.88257555055112e-01
7.85000000000000e+00  -4.04751518824873e-01
7.87500000000000e+00  -4.18022269434487e-01
7.90000000000000e+00  -4.27997777095114e-01
7.92500000000000e+00  -4.34635509137974e-01
7.95000000000000e+00  -4.37921379893007e-01
7.97500000000000e+00  -4.37868700567528e-01
8.00000000000000e+00  -4.34517129124889e-01
8.02500000000000e+00  -4.27931620163132e-01
8.05000000000000e+00  -4.18201374793652e-01
8.07500000000000e+00  -4.05438790519851e-01
8.10000000000000e+00  -3.89778411115796e-01
8.12500000000000e+00  -3.71500308831706e-01
8.15000000000000e+00  -3.50349979057579e-01
8.17500000000000e+00  -3.26899461758096e-01
8.20000000000000e+00  -3.01295435495955e-01
8.22500000000000e+00  -2.73708441618306e-01
8.25000000000000e+00  -2.44329021134525e-01
8.27500000000000e+00  -2.13363851594006e-01
8.30000000000000e+00  -1.81031883963934e-01
8.32500000000000e+00  -1.47560479507060e-01
8.35000000000000e+00  -1.13181546659497e-01
8.37500000000000e+00  -7.81276779084758e-02
8.40000000000000e+00  -4.26282866701492e-02
8.42500000000000e+00  -6.90574416735865e-03
8.45000000000000e+00  2.88232538243258e-02
8.47500000000000e+00  6.43534524315749e-02
8.50000000000000e+00  9.94953364242077e-02
8.52500000000000e+00  1.34063628632739e-01
8.55000000000000e+00  1.67890326041573e-01
8.57500000000000e+00  2.00821767886564e-01
8.60000000000000e+00  2.32715703752581e-01
8.62500000000000e+00  2.63438361671086e-01
8.65000000000000e+00  2.92861516217690e-01
8.67500000000000e+00  3.20859556609725e-01
8.70000000000000e+00  3.47306554803812e-01
8.72500000000000e+00  3.72073333593428e-01
8.75000000000000e+00  3.95318512536651e-01
8.77500000000000e+00  4.16570799682124e-01
8.80000000000000e+00  4.36144194332300e-01
8.82500000000000e+00  4.53957621994102e-01
8.85000000000000e+00  4.69957655452672e-01
8.87500000000000e+00  4.84115470251267e-01
8.90000000000000e+00  4.96423800171144e-01
8.92500000000000e+00  5.06893892711451e-01
8.95000000000000e+00  5.15552464569124e-01
8.97500000000000e+00  5.22438657118770e-01
9.00000000000000e+00  5.27600991892567e-01
9.02500000000000e+00  5.31094326060148e-01
9.05000000000000e+00  5.32976807908494e-01
9.07500000000000e+00  5.33314401565274e-01
9.10000000000000e+00  5.32174027328804e-01
9.12500000000000e+00  5.29622844149480e-01
9.15000000000000e+00  5.25733532834632e-01
9.17500000000000e+00  5.20578560273544e-01
9.20000000000000e+00  5.14231686417473e-01
9.22500000000000e+00  5.06769471259667e-01
9.25000000000000e+00  4.98272781815387e-01
9.27500000000000e+00  4.88828299101924e-01
9.30000000000000e+00  4.78530025118617e-01
9.32500000000000e+00  4.67480789826875e-01
9.35000000000000e+00  4.55793758130191e-01
9.37500000000000e+00  4.43316271413389e-01
9.40000000000000e+00  4.30619515809131e-01
9.42500000000000e+00  4.17337205264876e-01
9.45000000000000e+00  4.03603475062274e-01
9.47500000000000e+00  3.89529738905649e-01
9.50000000000000e+00  3.75207685992973e-01
9.52500000000000e+00  3.60712278086861e-01
9.55000000000000e+00  3.46104746585539e-01
9.57500000000000e+00  3.31435589593835e-01
9.60000000000000e+00  3.16747568994155e-01
9.62500000000000e+00  3.02078707517470e-01
9.65000000000000e+00  2.87465285814288e-01
9.67500000000000e+00  2.72944839525648e-01
9.70000000000000e+00  2.58547305213106e-01
9.72500000000000e+00  2.44304392963236e-01
9.75000000000000e+00  2.30247328955997e-01
9.77500000000000e+00  2.16403720958480e-01
9.80000000000000e+00  2.02799256746652e-01
9.82500000000000e+00  1.89455979075180e-01
9.85000000000000e+00  1.76390560647252e-01
9.87500000000000e+00  1.63612579084394e-01
9.90000000000000e+00  1.51122791896290e-01
9.92500000000000e+00  1.38911411450606e-01
9.95000000000000e+00  1.26956379942810e-01
9.97500000000000e+00  1.15221644365985e-01
1.00000000000000e+01  1.03655431480665e-01
