0.00000000000000e+00  1.04017590803585e-01
2.50000000000000e-02  1.15511815095884e-01
5.00000000000000e-02  1.27242472688264e-01
7.50000000000000e-02  1.39230650918335e-01
1.00000000000000e-01  1.51490515755581e-01
1.25000000000000e-01  1.64029781023253e-01
1.50000000000000e-01  1.76850177620266e-01
1.75000000000000e-01  1.89947922743102e-01
2.00000000000000e-01  2.03314189107703e-01
2.25000000000000e-01  2.16935574171371e-01
2.50000000000000e-01  2.30794569354668e-01
2.75000000000000e-01  2.44870029263314e-01
3.00000000000000e-01  2.59137640910081e-01
3.25000000000000e-01  2.73569262255989e-01
3.50000000000000e-01  2.88133910977581e-01
3.75000000000000e-01  3.02798373158340e-01
4.00000000000000e-01  3.17524437371928e-01
4.25000000000000e-01  3.32271437845119e-01
4.50000000000000e-01  3.46995398550022e-01
4.75000000000000e-01  3.61648177296285e-01
5.00000000000000e-01  3.76176609823313e-01
5.25000000000000e-01  3.90521653892481e-01
5.50000000000000e-01  4.04617533379344e-01
5.75000000000000e-01  4.18390882365854e-01
6.00000000000000e-01  4.31759889232569e-01
6.25000000000000e-01  4.44718374119765e-01
6.50000000000000e-01  4.57073080181764e-01
6.75000000000000e-01  4.68849548627315e-01
7.00000000000000e-01  4.79955032711943e-01
7.25000000000000e-01  4.90299028670520e-01
7.50000000000000e-01  4.99793223216151e-01
7.75000000000000e-01  5.08351441039060e-01
8.00000000000000e-01  5.15889592305475e-01
8.25000000000000e-01  5.22325620156514e-01
8.50000000000000e-01  5.27579448207067e-01
8.75000000000000e-01  5.31572928044685e-01
9.00000000000000e-01  5.34229786728464e-01
9.25000000000000e-01  5.35475574287928e-01
9.50000000000000e-01  5.35240448672812e-01
9.75000000000000e-01  5.33457572782703e-01
1.00000000000000e+00  5.30064105223018e-01
1.02500000000000e+00  5.25003613779230e-01
1.05000000000000e+00  5.18225452571519e-01
1.07500000000000e+00  5.09686178636849e-01
1.10000000000000e+00  4.99350968511030e-01
1.12500000000000e+00  4.87195034810785e-01
1.15000000000000e+00  4.73205042815821e-01
1.17500000000000e+00  4.57380527050896e-01
1.20000000000000e+00  4.39735307867880e-01
1.22500000000000e+00  4.20298908027833e-01
1.25000000000000e+00  3.99028202754887e-01
1.27500000000000e+00  3.76126311066038e-01
1.30000000000000e+00  3.51509503486306e-01
1.32500000000000e+00  3.25267119104285e-01
1.35000000000000e+00  2.97496661054770e-01
1.37500000000000e+00  2.68304433452123e-01
1.40000000000000e+00  2.37806178323644e-01
1.42500000000000e+00  2.06127712542937e-01
1.45000000000000e+00  1.73405564763279e-01
1.47500000000000e+00  1.39787612350993e-01
1.50000000000000e+00  1.05433718318815e-01
1.52500000000000e+00  7.05163682592577e-02
1.55000000000000e+00  3.52213072779899e-02
1.57500000000000e+00  -2.58677530494870e-04
1.60000000000000e+00  -3.57194899164857e-02
1.62500000000000e+00  -7.09481274489862e-02
1.65000000000000e+00  -1.05726216124338e-01
1.67500000000000e+00  -1.39829762322521e-01
1.70000000000000e+00  -1.73031642256933e-01
1.72500000000000e+00  -2.05104091424148e-01
1.75000000000000e+00  -2.35821194053695e-01
1.77500000000000e+00  -2.64961372557823e-01
1.80000000000000e+00  -2.92309876981272e-01
1.82500000000000e+00  -3.17661274451047e-01
1.85000000000000e+00  -3.40821938626179e-01
1.87500000000000e+00  -3.61576974360399e-01
1.90000000000000e+00  -3.79735544858740e-01
1.92500000000000e+00  -3.95152212212407e-01
1.95000000000000e+00  -4.07674486400107e-01
1.97500000000000e+00  -4.17170310145315e-01
2.00000000000000e+00  -4.23529212710402e-01
2.02500000000000e+00  -4.26663463690741e-01
2.05000000000000e+00  -4.26509226808829e-01
2.07500000000000e+00  -4.23027713708401e-01
2.10000000000000e+00  -4.16206337748544e-01
2.12500000000000e+00  -4.06059867797814e-01
2.15000000000000e+00  -3.92631582028355e-01
2.17500000000000e+00  -3.75994421710007e-01
2.20000000000000e+00  -3.56248223505357e-01
2.22500000000000e+00  -3.33522586153539e-01
2.25000000000000e+00  -3.07977025716200e-01
2.27500000000000e+00  -2.79796031585262e-01
2.30000000000000e+00  -2.49192726753452e-01
2.32500000000000e+00  -2.16406728248721e-01
2.35000000000000e+00  -1.81702007568663e-01
2.37500000000000e+00  -1.45364751114928e-01
2.40000000000000e+00  -1.07701220627647e-01
2.42500000000000e+00  -6.90356136198508e-02
2.45000000000000e+00  -2.97079238118826e-02
2.47500000000000e+00  9.92819843417900e-03
2.50000000000000e+00  4.95204207585045e-02
2.52500000000000e+00  8.86869974810455e-02
2.55000000000000e+00  1.27066547436852e-01
2.57500000000000e+00  1.64290337769479e-01
2.60000000000000e+00  1.99995344422028e-01
2.62500000000000e+00  2.33827850433480e-01
2.65000000000000e+00  2.65447044235042e-01
2.67500000000000e+00  2.94528617946478e-01
2.70000000000000e+00  3.20768365672460e-01
2.72500000000000e+00  3.43885781798900e-01
2.75000000000000e+00  3.63627659289291e-01
2.77500000000000e+00  3.79771687981044e-01
2.80000000000000e+00  3.92130052881834e-01
2.82500000000000e+00  4.00549645957004e-01
2.85000000000000e+00  4.04916852402605e-01
2.87500000000000e+00  4.05161168900237e-01
2.90000000000000e+00  4.01249112283689e-01
2.92500000000000e+00  3.93193399565993e-01
2.95000000000000e+00  3.81051972439945e-01
2.97500000000000e+00  3.64927021778632e-01
3.00000000000000e+00  3.44964012135957e-01
3.02500000000000e+00  3.21350706247163e-01
3.05000000000000e+00  2.94316189529358e-01
3.07500000000000e+00  2.64129894582044e-01
3.10000000000000e+00  2.31100625687634e-01
3.12500000000000e+00  1.95575490320310e-01
3.15000000000000e+00  1.57922258196935e-01
3.17500000000000e+00  1.18545927791996e-01
3.20000000000000e+00  7.78707736532206e-02
3.22500000000000e+00  3.63409681141874e-02
3.25000000000000e+00  -5.58484625094566e-03
3.27500000000000e+00  -4.74389841727006e-02
3.30000000000000e+00  -8.87501452315438e-02
3.32500000000000e+00  -1.29048841403155e-01
3.35000000000000e+00  -1.67872824603690e-01
3.37500000000000e+00  -2.04772514235044e-01
3.40000000000000e+00  -2.39316424730117e-01
3.42500000000000e+00  -2.71096593098076e-01
3.45000000000000e+00  -2.99733950577001e-01
3.47500000000000e+00  -3.24883062690885e-01
3.50000000000000e+00  -3.46239721354694e-01
3.52500000000000e+00  -3.63535443545224e-01
3.55000000000000e+00  -3.76551283798813e-01
3.57500000000000e+00  -3.85119002048569e-01
3.60000000000000e+00  -3.89122231461598e-01
3.62500000000000e+00  -3.88497646276232e-01
3.65000000000000e+00  -3.83236129639256e-01
3.67500000000000e+00  -3.73383941443133e-01
3.70000000000000e+00  -3.59043886163235e-01
3.72500000000000e+00  -3.40376480695066e-01
3.75000000000000e+00  -3.17594543090487e-01
3.77500000000000e+00  -2.90960006257434e-01
3.80000000000000e+00  -2.60791962154742e-01
3.82500000000000e+00  -2.27445683740871e-01
3.85000000000000e+00  -1.91320582494087e-01
3.87500000000000e+00  -1.52854013324874e-01
3.90000000000000e+00  -1.12515079488351e-01
3.92500000000000e+00  -7.07984374966866e-02
3.95000000000000e+00  -2.82181020315109e-02
3.97500000000000e+00  1.46987491436733e-02
4.00000000000000e+00  5.74179702710697e-02
4.02500000000000e+00  9.94046426861800e-02
4.05000000000000e+00  1.40129269905384e-01
4.07500000000000e+00  1.79078318369878e-01
4.10000000000000e+00  2.15757551007827e-01
4.12500000000000e+00  2.49702392246656e-01
4.15000000000000e+00  2.80474337862871e-01
4.17500000000000e+00  3.07677229193711e-01
4.20000000000000e+00  3.30960544847477e-01
4.22500000000000e+00  3.50022692413829e-01
4.25000000000000e+00  3.64614300174108e-01
4.27500000000000e+00  3.74541508811650e-01
4.30000000000000e+00  3.79669263122096e-01
4.32500000000000e+00  3.79924603723704e-01
4.35000000000000e+00  3.75299958767666e-01
4.37500000000000e+00  3.65856202032273e-01
4.40000000000000e+00  3.51694950316818e-01
4.42500000000000e+00  3.33008845005608e-01
4.45000000000000e+00  3.10030085177663e-01
4.47500000000000e+00  2.83051757542659e-01
4.50000000000000e+00  2.52421863250031e-01
4.52500000000000e+00  2.18537344698090e-01
4.55000000000000e+00  1.81838112343133e-01
4.57500000000000e+00  1.42801071508550e-01
4.60000000000000e+00  1.01934149193939e-01
4.62500000000000e+00  5.97703208842168e-02
4.65000000000000e+00  1.68616373587229e-02
4.67500000000000e+00  -2.62267484996583e-02
4.70000000000000e+00  -6.89310702760222e-02
4.72500000000000e+00  -1.10689754124322e-01
4.75000000000000e+00  -1.50955765403585e-01
4.77500000000000e+00  -1.89194945079628e-01
4.80000000000000e+00  -2.24902537421174e-01
4.82500000000000e+00  -2.57608143244935e-01
4.85000000000000e+00  -2.86880673160701e-01
4.87500000000000e+00  -3.12333300816411e-01
4.90000000000000e+00  -3.33628416143245e-01
4.92500000000000e+00  -3.50482578600700e-01
4.95000000000000e+00  -3.62671470421671e-01
4.97500000000000e+00  -3.70034849857540e-01
5.00000000000000e+00  -3.72482174014621e-01
5.02500000000000e+00  -3.69961060540760e-01
5.05000000000000e+00  -3.62523816938606e-01
5.07500000000000e+00  -3.50261546523093e-01
5.10000000000000e+00  -3.33334439640093e-01
5.12500000000000e+00  -3.11966810993761e-01
5.15000000000000e+00  -2.86442136973868e-01
5.17500000000000e+00  -2.57098092983137e-01
5.20000000000000e+00  -2.24321590764587e-01
5.22500000000000e+00  -1.88543815728860e-01
5.25000000000000e+00  -1.50235264281565e-01
5.27500000000000e+00  -1.09900781150609e-01
5.30000000000000e+00  -6.80745967135421e-02
5.32500000000000e+00  -2.53038001286882e-02
5.35000000000000e+00  1.78499818488167e-02
5.37500000000000e+00  6.08229942042867e-02
5.40000000000000e+00  1.03050059168192e-01
5.42500000000000e+00  1.43979141995669e-01
5.45000000000000e+00  1.83077304100683e-01
5.47500000000000e+00  2.19836656190186e-01
5.50000000000000e+00  2.53780311398268e-01
5.52500000000000e+00  2.84468338420324e-01
5.55000000000000e+00  3.11503714647198e-01
5.57500000000000e+00  3.34538279299355e-01
5.60000000000000e+00  3.53278686561029e-01
5.62500000000000e+00  3.67494205623127e-01
5.65000000000000e+00  3.76989068485701e-01
5.67500000000000e+00  3.81664432275577e-01
5.70000000000000e+00  3.81458845907084e-01
5.72500000000000e+00  3.76379623651980e-01
5.75000000000000e+00  3.66499539231435e-01
5.77500000000000e+00  3.51953519908016e-01
5.80000000000000e+00  3.32935340577671e-01
5.82500000000000e+00  3.09694317861718e-01
5.85000000000000e+00  2.82532004198827e-01
5.87500000000000e+00  2.51798881937005e-01
5.90000000000000e+00  2.17891057425582e-01
5.92500000000000e+00  1.81246955107198e-01
5.95000000000000e+00  1.42331094639118e-01
5.97500000000000e+00  1.01637648453857e-01
6.00000000000000e+00  5.96800476865786e-02
6.02500000000000e+00  1.69877078145202e-02
6.05000000000000e+00  -2.59045361458538e-02
6.07500000000000e+00  -6.84626141922662e-02
6.10000000000000e+00  -1.10159405890072e-01
6.12500000000000e+00  -1.50480924925674e-01
6.15000000000000e+00  -1.88932503659969e-01
6.17500000000000e+00  -2.25044977681763e-01
6.20000000000000e+00  -2.58380870361207e-01
6.22500000000000e+00  -2.88540577403234e-01
6.25000000000000e+00  -3.15175923049282e-01
6.27500000000000e+00  -3.37947496401041e-01
6.30000000000000e+00  -3.56613370069811e-01
6.32500000000000e+00  -3.70954035885686e-01
6.35000000000000e+00  -3.80808863634171e-01
6.37500000000000e+00  -3.86074934827307e-01
6.40000000000000e+00  -3.86705876474804e-01
6.42500000000000e+00  -3.82710694855179e-01
6.45000000000000e+00  -3.74152609286883e-01
6.47500000000000e+00  -3.61147885899434e-01
6.50000000000000e+00  -3.43864671404549e-01
6.52500000000000e+00  -3.22521826867276e-01
6.55000000000000e+00  -2.97387761477129e-01
6.57500000000000e+00  -2.68766582670115e-01
6.60000000000000e+00  -2.37003661510313e-01
6.62500000000000e+00  -2.02477984656102e-01
6.65000000000000e+00  -1.65597440128768e-01
6.67500000000000e+00  -1.26793439901475e-01
6.70000000000000e+00  -8.65154972324104e-02
6.72500000000000e+00  -4.52258039979104e-02
6.75000000000000e+00  -3.39380802561571e-03
6.77500000000000e+00  3.85092095724037e-02
6.80000000000000e+00  8.00155570664961e-02
6.82500000000000e+00  1.20666554776294e-01
6.85000000000000e+00  1.60017957737577e-01
6.87500000000000e+00  1.97650531224733e-01
6.90000000000000e+00  2.33144988858592e-01
6.92500000000000e+00  2.66145773901929e-01
6.95000000000000e+00  2.96304413075950e-01
6.97500000000000e+00  3.23311205611865e-01
7.00000000000000e+00  3.46896141631899e-01
7.02500000000000e+00  3.66829820530311e-01
7.05000000000000e+00  3.82924369354403e-01
7.07500000000000e+00  3.95034361185540e-01
7.10000000000000e+00  4.03057733520161e-01
7.12500000000000e+00  4.06936706650792e-01
7.15000000000000e+00  4.06658702047064e-01
7.17500000000000e+00  4.02257260736723e-01
7.20000000000000e+00  3.93802989778360e-01
7.22500000000000e+00  3.81409531469373e-01
7.25000000000000e+00  3.65229987258900e-01
7.27500000000000e+00  3.45452119905535e-01
7.30000000000000e+00  3.22298185115368e-01
7.32500000000000e+00  2.96021354961487e-01
7.35000000000000e+00  2.66902141303462e-01
7.37500000000000e+00  2.35244819206845e-01
7.40000000000000e+00  2.01373850362655e-01
7.42500000000000e+00  1.65630306506880e-01
7.45000000000000e+00  1.28368292839966e-01
7.47500000000000e+00  8.99513714463061e-02
7.50000000000000e+00  5.07284559261109e-02
7.52500000000000e+00  1.11185457239342e-02
7.55000000000000e+00  -2.85527472958842e-02
7.57500000000000e+00  -6.79179197730003e-02
7.60000000000000e+00  -1.06621613550631e-01
7.62500000000000e+00  -1.44322672861072e-01
7.65000000000000e+00  -1.80696201511238e-01
7.67500000000000e+00  -2.15435620068178e-01
7.70000000000000e+00  -2.48254723044617e-01
7.72500000000000e+00  -2.78889736084477e-01
7.75000000000000e+00  -3.07101373148403e-01
7.77500000000000e+00  -3.32676893699300e-01
7.80000000000000e+00  -3.55432159887854e-01
7.82500000000000e+00  -3.75207803713367e-01
7.85000000000000e+00  -3.91874242116429e-01
7.87500000000000e+00  -4.05331484206535e-01
7.90000000000000e+00  -4.15506369034742e-01
7.92500000000000e+00  -4.22355221738125e-01
7.95000000000000e+00  -4.25862830879848e-01
7.97500000000000e+00  -4.26041425789240e-01
8.00000000000000e+00  -4.22929653901859e-01
8.02500000000000e+00  -4.16591558099570e-01
8.05000000000000e+00  -4.07115554050615e-01
8.07500000000000e+00  -3.94613407549679e-01
8.10000000000000e+00  -3.79219211857968e-01
8.12500000000000e+00  -3.61099478105211e-01
8.15000000000000e+00  -3.40347514069191e-01
8.17500000000000e+00  -3.17210719845328e-01
8.20000000000000e+00  -2.91875507101068e-01
8.22500000000000e+00  -2.64540288889304e-01
8.25000000000000e+00  -2.35413376720098e-01
8.27500000000000e+00  -2.04710877632433e-01
8.30000000000000e+00  -1.72654591265935e-01
8.32500000000000e+00  -1.39469906932606e-01
8.35000000000000e+00  -1.05383700688569e-01
8.37500000000000e+00  -7.06222324057856e-02
8.40000000000000e+00  -3.54090428438062e-02
8.42500000000000e+00  3.71492785045965e-05
8.45000000000000e+00  3.55040237561984e-02
8.47500000000000e+00  7.07873842827815e-02
8.50000000000000e+00  1.05693681408553e-01
8.52500000000000e+00  1.40037162155282e-01
8.55000000000000e+00  1.73644894476488e-01
8.57500000000000e+00  2.06356386894515e-01
8.60000000000000e+00  2.38023208137636e-01
8.62500000000000e+00  2.68508606777155e-01
8.65000000000000e+00  2.97687130864487e-01
8.67500000000000e+00  3.25444247568258e-01
8.70000000000000e+00  3.51675962811403e-01
8.72500000000000e+00  3.76288440908261e-01
8.75000000000000e+00  3.99245411650320e-01
8.77500000000000e+00  4.20447070779274e-01
8.80000000000000e+00  4.39883682353433e-01
8.82500000000000e+00  4.57518550614853e-01
8.85000000000000e+00  4.73329063033193e-01
8.87500000000000e+00  4.87305747235974e-01
8.90000000000000e+00  4.99451327938827e-01
8.92500000000000e+00  5.09779783875755e-01
8.95000000000000e+00  5.18315404729390e-01
8.97500000000000e+00  5.25091848061244e-01
9.00000000000000e+00  5.30151196241969e-01
9.02500000000000e+00  5.33543013381611e-01
9.05000000000000e+00  5.35323402259868e-01
9.07500000000000e+00  5.35554195476989e-01
9.10000000000000e+00  5.34302191544923e-01
9.12500000000000e+00  5.31638218986088e-01
9.15000000000000e+00  5.27636935959712e-01
9.17500000000000e+00  5.22375676172660e-01
9.20000000000000e+00  5.15933991662447e-01
9.22500000000000e+00  5.08393195580251e-01
9.25000000000000e+00  4.99835904973931e-01
9.27500000000000e+00  4.90345583571036e-01
9.30000000000000e+00  4.80006084561824e-01
9.32500000000000e+00  4.68901193382274e-01
9.35000000000000e+00  4.57114170497098e-01
9.37500000000000e+00  4.44718660909652e-01
9.40000000000000e+00  4.31788842726291e-01
9.42500000000000e+00  4.18403531242024e-01
9.45000000000000e+00  4.04634319844654e-01
9.47500000000000e+00  3.90549628885580e-01
9.50000000000000e+00  3.76214576234316e-01
9.52500000000000e+00  3.61690847833024e-01
9.55000000000000e+00  3.47036568251036e-01
9.57500000000000e+00  3.32306171239374e-01
9.60000000000000e+00  3.17550270285280e-01
9.62500000000000e+00  3.02815529166739e-01
9.65000000000000e+00  2.88144532507003e-01
9.67500000000000e+00  2.73575656329116e-01
9.70000000000000e+00  2.59143734631240e-01
9.72500000000000e+00  2.44879436152376e-01
9.75000000000000e+00  2.30809489303427e-01
9.77500000000000e+00  2.16956878252039e-01
9.80000000000000e+00  2.03340787963162e-01
9.82500000000000e+00  1.89976719129993e-01
9.85000000000000e+00  1.76876603104929e-01
9.87500000000000e+00  1.64048916830514e-01
9.90000000000000e+00  1.51498797770380e-01
9.92500000000000e+00  1.39228158840205e-01
9.95000000000000e+00  1.27235803338657e-01
9.97500000000000e+00  1.15517539878334e-01
1.00000000000000e+01  1.04066297316731e-01
