0.00000000000000e+00  1.03024634876225e-01
2.50000000000000e-02  1.14345428441729e-01
5.00000000000000e-02  1.25951542642392e-01
7.50000000000000e-02  1.37840515744779e-01
1.00000000000000e-01  1.50009662056176e-01
1.25000000000000e-01  1.62455579718991e-01
1.50000000000000e-01  1.75173658505135e-01
1.75000000000000e-01  1.88157587610428e-01
2.00000000000000e-01  2.01398863448986e-01
2.25000000000000e-01  2.14886297447617e-01
2.50000000000000e-01  2.28605523840215e-01
2.75000000000000e-01  2.42538507462155e-01
3.00000000000000e-01  2.56663051544685e-01
3.25000000000000e-01  2.70953054484257e-01
3.50000000000000e-01  2.85377753917470e-01
3.75000000000000e-01  2.99901048494571e-01
4.00000000000000e-01  3.14483923799583e-01
4.25000000000000e-01  3.29082062794519e-01
4.50000000000000e-01  3.43646617400131e-01
4.75000000000000e-01  3.58124980076662e-01
5.00000000000000e-01  3.72461555404608e-01
5.25000000000000e-01  3.86598531665461e-01
5.50000000000000e-01  4.00476652422470e-01
5.75000000000000e-01  4.14035988101396e-01
6.00000000000000e-01  4.27216707571257e-01
6.25000000000000e-01  4.39901232762330e-01
6.50000000000000e-01  4.52095504356044e-01
6.75000000000000e-01  4.63652717252635e-01
7.00000000000000e-01  4.74503273463189e-01
7.25000000000000e-01  4.84572790098720e-01
7.50000000000000e-01  4.93783116104932e-01
7.75000000000000e-01  5.02053348996990e-01
8.00000000000000e-01  5.09300851594280e-01
8.25000000000000e-01  5.15442268755180e-01
8.50000000000000e-01  5.20394544111826e-01
8.75000000000000e-01  5.24075936804873e-01
9.00000000000000e-01  5.26407038218267e-01
9.25000000000000e-01  5.27311788714008e-01
9.50000000000000e-01  5.26718008060782e-01
9.75000000000000e-01  5.24558599737983e-01
1.00000000000000e+00  5.20772595476754e-01
1.02500000000000e+00  5.15304544006388e-01
1.05000000000000e+00  5.08106535696969e-01
1.07500000000000e+00  4.99138458610417e-01
1.10000000000000e+00  4.88368254551545e-01
1.12500000000000e+00  4.75772175119105e-01
1.15000000000000e+00  4.61335037756844e-01
1.17500000000000e+00  4.45050481804551e-01
1.20000000000000e+00  4.26921224549110e-01
1.22500000000000e+00  4.06959317275552e-01
1.25000000000000e+00  3.85242699358485e-01
1.27500000000000e+00  3.61715435037673e-01
1.30000000000000e+00  3.36525131297715e-01
1.32500000000000e+00  3.09728156381442e-01
1.35000000000000e+00  2.81399328053822e-01
1.37500000000000e+00  2.51630914843296e-01
1.40000000000000e+00  2.20531637283121e-01
1.42500000000000e+00  1.88225669152714e-01
1.45000000000000e+00  1.54851638718983e-01
1.47500000000000e+00  1.20561629977679e-01
1.50000000000000e+00  8.55201838947287e-02
1.52500000000000e+00  4.99032996475771e-02
1.55000000000000e+00  1.38974358665304e-02
1.57500000000000e+00  -2.23016775707228e-02
1.60000000000000e+00  -5.84900801492747e-02
1.62500000000000e+00  -9.44563742183739e-02
1.65000000000000e+00  -1.29984202783420e-01
1.67500000000000e+00  -1.64852165783165e-01
1.70000000000000e+00  -1.98835421267870e-01
1.72500000000000e+00  -2.31707286577455e-01
1.75000000000000e+00  -2.63240839519660e-01
1.77500000000000e+00  -2.93210519548192e-01
1.80000000000000e+00  -3.21393728940881e-01
1.82500000000000e+00  -3.47572433977838e-01
1.85000000000000e+00  -3.71534766119601e-01
1.87500000000000e+00  -3.93093550738251e-01
1.90000000000000e+00  -4.12084493077706e-01
1.92500000000000e+00  -4.28317692386035e-01
1.95000000000000e+00  -4.41642526843549e-01
1.97500000000000e+00  -4.51927170271683e-01
2.00000000000000e+00  -4.59060003111908e-01
2.02500000000000e+00  -4.62951023404623e-01
2.05000000000000e+00  -4.63533257768068e-01
2.07500000000000e+00  -4.60764172377219e-01
2.10000000000000e+00  -4.54627083942693e-01
2.12500000000000e+00  -4.45132570689651e-01
2.15000000000000e+00  -4.32319883336698e-01
2.17500000000000e+00  -4.16258356074788e-01
2.20000000000000e+00  -3.97043907485190e-01
2.22500000000000e+00  -3.74802745628689e-01
2.25000000000000e+00  -3.49691431550328e-01
2.27500000000000e+00  -3.21891554599360e-01
2.30000000000000e+00  -2.91613639900061e-01
2.32500000000000e+00  -2.59094883360072e-01
2.35000000000000e+00  -2.24596886678760e-01
2.37500000000000e+00  -1.88403392355557e-01
2.40000000000000e+00  -1.50818018698321e-01
2.42500000000000e+00  -1.12161994831684e-01
2.45000000000000e+00  -7.27718957054014e-02
2.47500000000000e+00  -3.29973771027024e-02
2.50000000000000e+00  6.79927389998405e-03
2.52500000000000e+00  4.62540381120617e-02
2.55000000000000e+00  8.49934511911700e-02
2.57500000000000e+00  1.22651216378079e-01
2.60000000000000e+00  1.58865870006940e-01
2.62500000000000e+00  1.93284478620830e-01
2.65000000000000e+00  2.25566336087303e-01
2.67500000000000e+00  2.55386660713935e-01
2.70000000000000e+00  2.82440292363879e-01
2.72500000000000e+00  3.06445389571404e-01
2.75000000000000e+00  3.27147126657451e-01
2.77500000000000e+00  3.44321390845176e-01
2.80000000000000e+00  3.57778479375500e-01
2.82500000000000e+00  3.67362855435545e-01
2.85000000000000e+00  3.72958519874127e-01
2.87500000000000e+00  3.74492531033832e-01
2.90000000000000e+00  3.71928527579440e-01
2.92500000000000e+00  3.65276148569558e-01
2.95000000000000e+00  3.54590008905886e-01
2.97500000000000e+00  3.39968674782471e-01
3.00000000000000e+00  3.21553639134974e-01
3.02500000000000e+00  2.99528297089922e-01
3.05000000000000e+00  2.74116921413974e-01
3.07500000000000e+00  2.45583637963178e-01
3.10000000000000e+00  2.14231401132231e-01
3.12500000000000e+00  1.80405080160371e-01
3.15000000000000e+00  1.44461798721307e-01
3.17500000000000e+00  1.06805932903898e-01
3.20000000000000e+00  6.78551436966407e-02
3.22500000000000e+00  2.80471250085654e-02
3.25000000000000e+00  -1.21658396459466e-02
3.27500000000000e+00  -5.23223204623269e-02
3.30000000000000e+00  -9.19571846609912e-02
3.32500000000000e+00  -1.30607039802514e-01
3.35000000000000e+00  -1.67815677102799e-01
3.37500000000000e+00  -2.03139514748248e-01
3.40000000000000e+00  -2.36153041210932e-01
3.42500000000000e+00  -2.66454258563762e-01
3.45000000000000e+00  -2.93669798294951e-01
3.47500000000000e+00  -3.17459883731058e-01
3.50000000000000e+00  -3.37525773492126e-01
3.52500000000000e+00  -3.53604231766076e-01
3.55000000000000e+00  -3.65481315970444e-01
3.57500000000000e+00  -3.72993502039601e-01
3.60000000000000e+00  -3.76028809711962e-01
3.62500000000000e+00  -3.74527927817204e-01
3.65000000000000e+00  -3.68485339563477e-01
3.67500000000000e+00  -3.57950447824623e-01
3.70000000000000e+00  -3.43028700427385e-01
3.72500000000000e+00  -3.23882715438624e-01
3.75000000000000e+00  -3.00726973202252e-01
3.77500000000000e+00  -2.73828475580378e-01
3.80000000000000e+00  -2.43504350180548e-01
3.82500000000000e+00  -2.10111205060203e-01
3.85000000000000e+00  -1.74049257873881e-01
3.87500000000000e+00  -1.35756160168592e-01
3.90000000000000e+00  -9.57008216792066e-02
3.92500000000000e+00  -5.43772346238396e-02
3.95000000000000e+00  -1.22982979992275e-02
3.97500000000000e+00  3.00103581238885e-02
4.00000000000000e+00  7.20165483053755e-02
4.02500000000000e+00  1.13187707440331e-01
4.05000000000000e+00  1.52997066463693e-01
4.07500000000000e+00  1.90934518269352e-01
4.10000000000000e+00  2.26508446079678e-01
4.12500000000000e+00  2.59258729527044e-01
4.15000000000000e+00  2.88751007070314e-01
4.17500000000000e+00  3.14593598261225e-01
4.20000000000000e+00  3.36440813815669e-01
4.22500000000000e+00  3.53996265684983e-01
4.25000000000000e+00  3.67016177127227e-01
4.27500000000000e+00  3.75312692778477e-01
4.30000000000000e+00  3.78757188724102e-01
4.32500000000000e+00  3.77283582570051e-01
4.35000000000000e+00  3.70891643514142e-01
4.37500000000000e+00  3.59646129757352e-01
4.40000000000000e+00  3.43663205647629e-01
4.42500000000000e+00  3.23136498907752e-01
4.45000000000000e+00  2.98306880143708e-01
4.47500000000000e+00  2.69475944722109e-01
4.50000000000000e+00  2.37000046669688e-01
4.52500000000000e+00  2.01284332572802e-01
4.55000000000000e+00  1.62776775476942e-01
4.57500000000000e+00  1.21962208786224e-01
4.60000000000000e+00  7.93563601628985e-02
4.62500000000000e+00  3.54998854268560e-02
4.65000000000000e+00  -9.04759754488194e-03
4.67500000000000e+00  -5.37134749186456e-02
4.70000000000000e+00  -9.79268410496307e-02
4.72500000000000e+00  -1.41119240525646e-01
4.75000000000000e+00  -1.82736976611761e-01
4.77500000000000e+00  -2.22239611164879e-01
4.80000000000000e+00  -2.59116515576043e-01
4.82500000000000e+00  -2.92891875067475e-01
4.85000000000000e+00  -3.23129692989616e-01
4.87500000000000e+00  -3.49438795118162e-01
4.90000000000000e+00  -3.71477833951102e-01
4.92500000000000e+00  -3.88960293005755e-01
4.95000000000000e+00  -4.01659491115805e-01
4.97500000000000e+00  -4.09413586728347e-01
5.00000000000000e+00  -4.12127496658732e-01
5.02500000000000e+00  -4.09754280649974e-01
5.05000000000000e+00  -4.02340836316582e-01
5.07500000000000e+00  -3.89979311086988e-01
5.10000000000000e+00  -3.72831420403174e-01
5.12500000000000e+00  -3.51123488035027e-01
5.15000000000000e+00  -3.25141486394693e-01
5.17500000000000e+00  -2.95226076850923e-01
5.20000000000000e+00  -2.61767650043439e-01
5.22500000000000e+00  -2.25201366197275e-01
5.25000000000000e+00  -1.86002195437142e-01
5.27500000000000e+00  -1.44679958101767e-01
5.30000000000000e+00  -1.01774365058260e-01
5.32500000000000e+00  -5.78384041323760e-02
5.35000000000000e+00  -1.34400004493854e-02
5.37500000000000e+00  3.08502902269471e-02
5.40000000000000e+00  7.44603017192990e-02
5.42500000000000e+00  1.16830648931716e-01
5.45000000000000e+00  1.57420780238152e-01
5.47500000000000e+00  1.95715029871008e-01
5.50000000000000e+00  2.31228670309654e-01
5.52500000000000e+00  2.63513964668980e-01
5.55000000000000e+00  2.92166219087915e-01
5.57500000000000e+00  3.16829835117978e-01
5.60000000000000e+00  3.37204362111799e-01
5.62500000000000e+00  3.53048198476465e-01
5.65000000000000e+00  3.64163413696959e-01
5.67500000000000e+00  3.70439095753952e-01
5.70000000000000e+00  3.71807288099403e-01
5.72500000000000e+00  3.68268810604709e-01
5.75000000000000e+00  3.59890011400907e-01
5.77500000000000e+00  3.46799518718889e-01
5.80000000000000e+00  3.29184992729599e-01
5.82500000000000e+00  3.07289877384245e-01
5.85000000000000e+00  2.81410152254500e-01
5.87500000000000e+00  2.51891084372716e-01
5.90000000000000e+00  2.19123980072116e-01
5.92500000000000e+00  1.83542936827016e-01
5.95000000000000e+00  1.45607667362497e-01
5.97500000000000e+00  1.05809543894137e-01
6.00000000000000e+00  6.46584127293981e-02
6.02500000000000e+00  2.26808078714404e-02
6.05000000000000e+00  -1.95909208541836e-02
6.07500000000000e+00  -6.16248058534531e-02
6.10000000000000e+00  -1.02895459817832e-01
6.12500000000000e+00  -1.42890273778190e-01
6.15000000000000e+00  -1.81115615158760e-01
6.17500000000000e+00  -2.17103025831058e-01
6.20000000000000e+00  -2.50415420167831e-01
6.22500000000000e+00  -2.80653283096995e-01
6.25000000000000e+00  -3.07466308142141e-01
6.27500000000000e+00  -3.30516003076551e-01
6.30000000000000e+00  -3.49557501334983e-01
6.32500000000000e+00  -3.64369849073961e-01
6.35000000000000e+00  -3.74790460645512e-01
6.37500000000000e+00  -3.80713983949800e-01
6.40000000000000e+00  -3.82091165787770e-01
6.42500000000000e+00  -3.78927717213785e-01
6.45000000000000e+00  -3.71283178888269e-01
6.47500000000000e+00  -3.59269786430345e-01
6.50000000000000e+00  -3.43051335770475e-01
6.52500000000000e+00  -3.22842048503098e-01
6.55000000000000e+00  -2.98905437239275e-01
6.57500000000000e+00  -2.71540493011129e-01
6.60000000000000e+00  -2.41087297028835e-01
6.62500000000000e+00  -2.07919422138395e-01
6.65000000000000e+00  -1.72439149285089e-01
6.67500000000000e+00  -1.35072226978609e-01
6.70000000000000e+00  -9.62624556252847e-02
6.72500000000000e+00  -5.64662718603008e-02
6.75000000000000e+00  -1.61473328799304e-02
6.77500000000000e+00  2.42288992262537e-02
6.80000000000000e+00  6.42005731431422e-02
6.82500000000000e+00  1.03314863997872e-01
6.85000000000000e+00  1.41133389027603e-01
6.87500000000000e+00  1.77240688898738e-01
6.90000000000000e+00  2.11227419684480e-01
6.92500000000000e+00  2.42738249099860e-01
6.95000000000000e+00  2.71430269587855e-01
6.97500000000000e+00  2.96998983639906e-01
7.00000000000000e+00  3.19179222450269e-01
7.02500000000000e+00  3.37746064570373e-01
7.05000000000000e+00  3.52515754563170e-01
7.07500000000000e+00  3.63346621657497e-01
7.10000000000000e+00  3.70139998402426e-01
7.12500000000000e+00  3.72841139321619e-01
7.15000000000000e+00  3.71440139567687e-01
7.17500000000000e+00  3.65972853576539e-01
7.20000000000000e+00  3.56512255189282e-01
7.22500000000000e+00  3.43174077508113e-01
7.25000000000000e+00  3.26113484229988e-01
7.27500000000000e+00  3.05520078825868e-01
7.30000000000000e+00  2.81617779604798e-01
7.32500000000000e+00  2.54661180545703e-01
7.35000000000000e+00  2.24931912129167e-01
7.37500000000000e+00  1.92735002169239e-01
7.40000000000000e+00  1.58395236645205e-01
7.42500000000000e+00  1.22253520533395e-01
7.45000000000000e+00  8.46632386389646e-02
7.47500000000000e+00  4.59866164276852e-02
7.50000000000000e+00  6.58981711607409e-03
7.52500000000000e+00  -3.31580965149199e-02
7.55000000000000e+00  -7.28874393273505e-02
7.57500000000000e+00  -1.12237586011615e-01
7.60000000000000e+00  -1.50858687424231e-01
7.62500000000000e+00  -1.88413940667188e-01
7.65000000000000e+00  -2.24581859167317e-01
7.67500000000000e+00  -2.59058542755636e-01
7.70000000000000e+00  -2.91559947746724e-01
7.72500000000000e+00  -3.21824157018074e-01
7.75000000000000e+00  -3.49613650089447e-01
7.77500000000000e+00  -3.74717573202245e-01
7.80000000000000e+00  -3.96954009398854e-01
7.82500000000000e+00  -4.16166069175135e-01
7.85000000000000e+00  -4.32227163644780e-01
7.87500000000000e+00  -4.45041078017683e-01
7.90000000000000e+00  -4.54538146450031e-01
7.92500000000000e+00  -4.60678794026619e-01
7.95000000000000e+00  -4.63452129874184e-01
7.97500000000000e+00  -4.62874540274744e-01
8.00000000000000e+00  -4.58988281778938e-01
8.02500000000000e+00  -4.51860074319363e-01
8.05000000000000e+00  -4.41579694323909e-01
8.07500000000000e+00  -4.28258567829105e-01
8.10000000000000e+00  -4.12028363593448e-01
8.12500000000000e+00  -3.93022018823754e-01
8.15000000000000e+00  -3.71481883722952e-01
8.17500000000000e+00  -3.47519657011718e-01
8.20000000000000e+00  -3.21339605564942e-01
8.22500000000000e+00  -2.93153715792419e-01
8.25000000000000e+00  -2.63180102793222e-01
8.27500000000000e+00  -2.31641419510099e-01
8.30000000000000e+00  -1.98763265883850e-01
8.32500000000000e+00  -1.64772598007706e-01
8.35000000000000e+00  -1.29896137281727e-01
8.37500000000000e+00  -9.43587795671633e-02
8.40000000000000e+00  -5.83820043408638e-02
8.42500000000000e+00  -2.21822838496437e-02
8.45000000000000e+00  1.40288706767032e-02
8.47500000000000e+00  5.00473541894755e-02
8.50000000000000e+00  8.56772761756349e-02
8.52500000000000e+00  1.20732004839255e-01
8.55000000000000e+00  1.55035362622708e-01
8.57500000000000e+00  1.88422633050559e-01
8.60000000000000e+00  2.20741567573476e-01
8.62500000000000e+00  2.51853392412139e-01
8.65000000000000e+00  2.81633815401137e-01
8.67500000000000e+00  3.09974032832878e-01
8.70000000000000e+00  3.36781736301495e-01
8.72500000000000e+00  3.61982119546753e-01
8.75000000000000e+00  3.85462008485448e-01
8.77500000000000e+00  4.07242923849679e-01
8.80000000000000e+00  4.27211714611401e-01
8.82500000000000e+00  4.45346694695192e-01
8.85000000000000e+00  4.61635780850887e-01
8.87500000000000e+00  4.76076236311582e-01
8.90000000000000e+00  4.88674414451611e-01
8.92500000000000e+00  4.99445502444544e-01
8.95000000000000e+00  5.08413264921176e-01
8.97500000000000e+00  5.15609787627514e-01
9.00000000000000e+00  5.21075221082774e-01
9.02500000000000e+00  5.24857524237365e-01
9.05000000000000e+00  5.27012208130882e-01
9.07500000000000e+00  5.27600306022510e-01
9.10000000000000e+00  5.26688987679484e-01
9.12500000000000e+00  5.24350512144990e-01
9.15000000000000e+00  5.20661022326099e-01
9.17500000000000e+00  5.15700013090325e-01
9.20000000000000e+00  5.09549313314875e-01
9.22500000000000e+00  5.02292067935909e-01
9.25000000000000e+00  4.94011719997785e-01
9.27500000000000e+00  4.84790992702320e-01
9.30000000000000e+00  4.74710871458036e-01
9.32500000000000e+00  4.63849585929421e-01
9.35000000000000e+00  4.52281592086173e-01
9.37500000000000e+00  4.40135202854604e-01
9.40000000000000e+00  4.27381391224550e-01
9.42500000000000e+00  4.14190172816339e-01
9.45000000000000e+00  4.00620560161175e-01
9.47500000000000e+00  3.86732431419588e-01
9.50000000000000e+00  3.72585758613100e-01
9.52500000000000e+00  3.58239835855900e-01
9.55000000000000e+00  3.43752507586503e-01
9.57500000000000e+00  3.29179396799419e-01
9.60000000000000e+00  3.14573133276822e-01
9.62500000000000e+00  2.99982581820218e-01
9.65000000000000e+00  2.85452070482106e-01
9.67500000000000e+00  2.71020618797653e-01
9.70000000000000e+00  2.56724329440681e-01
9.72500000000000e+00  2.42593960855807e-01
9.75000000000000e+00  2.28655606421273e-01
9.77500000000000e+00  2.14931450836478e-01
9.80000000000000e+00  2.01439513844205e-01
9.82500000000000e+00  1.88194142950290e-01
9.85000000000000e+00  1.75206506143294e-01
9.87500000000000e+00  1.62485084614178e-01
9.90000000000000e+00  1.50036165475964e-01
9.92500000000000e+00  1.37864334483418e-01
9.95000000000000e+00  1.25972968752717e-01
9.97500000000000e+00  1.14364729481118e-01
1.00000000000000e+01  1.03042054666637e-01
