0.00000000000000e+00  1.03059917092271e-01
2.50000000000000e-02  1.14470620236800e-01
5.00000000000000e-02  1.26118842027411e-01
7.50000000000000e-02  1.38025701948478e-01
1.00000000000000e-01  1.50205260941927e-01
1.25000000000000e-01  1.62665061910380e-01
1.50000000000000e-01  1.75406670220309e-01
1.75000000000000e-01  1.88426214205184e-01
2.00000000000000e-01  2.01714925668631e-01
2.25000000000000e-01  2.15259680387576e-01
2.50000000000000e-01  2.29043538615400e-01
2.75000000000000e-01  2.43046285585093e-01
3.00000000000000e-01  2.57244972012398e-01
3.25000000000000e-01  2.71611596648303e-01
3.50000000000000e-01  2.86115491020117e-01
3.75000000000000e-01  3.00724405193302e-01
4.00000000000000e-01  3.15399390597167e-01
4.25000000000000e-01  3.30099387092797e-01
4.50000000000000e-01  3.44780339087608e-01
4.75000000000000e-01  3.59394311649884e-01
5.00000000000000e-01  3.73888606623336e-01
5.25000000000000e-01  3.88204878741642e-01
5.50000000000000e-01  4.02278251742998e-01
5.75000000000000e-01  4.16036434484670e-01
6.00000000000000e-01  4.29398837057533e-01
6.25000000000000e-01  4.42351862875745e-01
6.50000000000000e-01  4.54722584372230e-01
6.75000000000000e-01  4.66517155406424e-01
7.00000000000000e-01  4.77645043046315e-01
7.25000000000000e-01  4.88017635228722e-01
7.50000000000000e-01  4.97548157652745e-01
7.75000000000000e-01  5.06151590673212e-01
8.00000000000000e-01  5.13744586194126e-01
8.25000000000000e-01  5.20245384562113e-01
8.50000000000000e-01  5.25573731459867e-01
8.75000000000000e-01  5.29650794799597e-01
9.00000000000000e-01  5.32399081616477e-01
9.25000000000000e-01  5.33742354962090e-01
9.50000000000000e-01  5.33610555923895e-01
9.75000000000000e-01  5.31936220577436e-01
1.00000000000000e+00  5.28656189543158e-01
1.02500000000000e+00  5.23714141721731e-01
1.05000000000000e+00  5.17059866732037e-01
1.07500000000000e+00  5.08650389267868e-01
1.10000000000000e+00  4.98451093454640e-01
1.12500000000000e+00  4.86436847206091e-01
1.15000000000000e+00  4.72593126580994e-01
1.17500000000000e+00  4.56917140139859e-01
1.20000000000000e+00  4.39418953301639e-01
1.22500000000000e+00  4.20122612700441e-01
1.25000000000000e+00  3.99045024592183e-01
1.27500000000000e+00  3.76224989922635e-01
1.30000000000000e+00  3.51730312942843e-01
1.32500000000000e+00  3.25628073662481e-01
1.35000000000000e+00  2.98000130641060e-01
1.37500000000000e+00  2.68942713566286e-01
1.40000000000000e+00  2.38566015832438e-01
1.42500000000000e+00  2.06993787118730e-01
1.45000000000000e+00  1.74362925967677e-01
1.47500000000000e+00  1.40823072363468e-01
1.50000000000000e+00  1.06536200310331e-01
1.52500000000000e+00  7.16762104109009e-02
1.55000000000000e+00  3.64285224445888e-02
1.57500000000000e+00  9.86853810465107e-04
1.60000000000000e+00  -3.44457296746817e-02
1.62500000000000e+00  -6.96582739872918e-02
1.65000000000000e+00  -1.04434715981383e-01
1.67500000000000e+00  -1.38553793389005e-01
1.70000000000000e+00  -1.71790934341796e-01
1.72500000000000e+00  -2.03920146892515e-01
1.75000000000000e+00  -2.34715908536598e-01
1.77500000000000e+00  -2.63955055733699e-01
1.80000000000000e+00  -2.91418673429234e-01
1.82500000000000e+00  -3.16893984575934e-01
1.85000000000000e+00  -3.40176239655381e-01
1.87500000000000e+00  -3.61073686035114e-01
1.90000000000000e+00  -3.79402393732824e-01
1.92500000000000e+00  -3.94999819461914e-01
1.95000000000000e+00  -4.07714269230197e-01
1.97500000000000e+00  -4.17413897683343e-01
2.00000000000000e+00  -4.23987950976146e-01
2.02500000000000e+00  -4.27348009643772e-01
2.05000000000000e+00  -4.27429231473023e-01
2.07500000000000e+00  -4.24191594373595e-01
2.10000000000000e+00  -4.17621139249330e-01
2.12500000000000e+00  -4.07731212869478e-01
2.15000000000000e+00  -3.94563710739953e-01
2.17500000000000e+00  -3.78190319974593e-01
2.20000000000000e+00  -3.58709656066318e-01
2.22500000000000e+00  -3.36250099241235e-01
2.25000000000000e+00  -3.10970241153865e-01
2.27500000000000e+00  -2.83053659708723e-01
2.30000000000000e+00  -2.52712723859388e-01
2.32500000000000e+00  -2.20186418426949e-01
2.35000000000000e+00  -1.85738168918467e-01
2.37500000000000e+00  -1.49653666345418e-01
2.40000000000000e+00  -1.12238692042154e-01
2.42500000000000e+00  -7.38169424843524e-02
2.45000000000000e+00  -3.47278541074706e-02
2.47500000000000e+00  4.67557187480441e-03
2.50000000000000e+00  4.40399077190179e-02
2.52500000000000e+00  8.29797732725366e-02
2.55000000000000e+00  1.21136455925797e-01
2.57500000000000e+00  1.58139995766568e-01
2.60000000000000e+00  1.93626091528606e-01
2.62500000000000e+00  2.27239698675428e-01
2.65000000000000e+00  2.58638627484087e-01
2.67500000000000e+00  2.87497141128940e-01
2.70000000000000e+00  3.13509553765433e-01
2.72500000000000e+00  3.36393828613865e-01
2.75000000000000e+00  3.55895176043164e-01
2.77500000000000e+00  3.71789651654662e-01
2.80000000000000e+00  3.83887754365869e-01
2.82500000000000e+00  3.92034854483204e-01
2.85000000000000e+00  3.96115828256800e-01
2.87500000000000e+00  3.96058660250563e-01
2.90000000000000e+00  3.91828642957473e-01
2.92500000000000e+00  3.83437385210000e-01
2.95000000000000e+00  3.70941885027333e-01
2.97500000000000e+00  3.54443602462601e-01
3.00000000000000e+00  3.34087532450100e-01
3.02500000000000e+00  3.10061277652518e-01
3.05000000000000e+00  2.82594121308161e-01
3.07500000000000e+00  2.51956100078175e-01
3.10000000000000e+00  2.18457076893775e-01
3.12500000000000e+00  1.82443899191435e-01
3.15000000000000e+00  1.44284651843009e-01
3.17500000000000e+00  1.04388168033252e-01
3.20000000000000e+00  6.31801312782357e-02
3.22500000000000e+00  2.11065192595573e-02
3.25000000000000e+00  -2.13718701501531e-02
3.27500000000000e+00  -6.37848928617143e-02
3.30000000000000e+00  -1.05658532543881e-01
3.32500000000000e+00  -1.46520374597837e-01
3.35000000000000e+00  -1.85905080131677e-01
3.37500000000000e+00  -2.23359859934896e-01
3.40000000000000e+00  -2.58449948452876e-01
3.42500000000000e+00  -2.90764077761369e-01
3.45000000000000e+00  -3.19919976142399e-01
3.47500000000000e+00  -3.45569135466713e-01
3.50000000000000e+00  -3.67404207707971e-01
3.52500000000000e+00  -3.85153853603855e-01
3.55000000000000e+00  -3.98596385182225e-01
3.57500000000000e+00  -4.07560960126789e-01
3.60000000000000e+00  -4.11928776142777e-01
3.62500000000000e+00  -4.11634265322608e-01
3.65000000000000e+00  -4.06666288511563e-01
3.67500000000000e+00  -3.97069329673456e-01
3.70000000000000e+00  -3.82944690256305e-01
3.72500000000000e+00  -3.64451683558001e-01
3.75000000000000e+00  -3.41810076106202e-01
3.77500000000000e+00  -3.15258037396379e-01
3.80000000000000e+00  -2.85135648535635e-01
3.82500000000000e+00  -2.51795579912266e-01
3.85000000000000e+00  -2.15635644509608e-01
3.87500000000000e+00  -1.77092480837520e-01
3.90000000000000e+00  -1.36635235863874e-01
3.92500000000000e+00  -9.47592479460348e-02
3.95000000000000e+00  -5.19797297623474e-02
3.97500000000000e+00  -8.82545124361658e-03
4.00000000000000e+00  3.41675774954021e-02
4.02500000000000e+00  7.64624232245228e-02
4.05000000000000e+00  1.17527546666639e-01
4.07500000000000e+00  1.56847275112909e-01
4.10000000000000e+00  1.93925578323851e-01
4.12500000000000e+00  2.28296186336825e-01
4.15000000000000e+00  2.59518724966022e-01
4.17500000000000e+00  2.87195511084754e-01
4.20000000000000e+00  3.10974667971777e-01
4.22500000000000e+00  3.30553240657595e-01
4.25000000000000e+00  3.45680311270779e-01
4.27500000000000e+00  3.56160114384285e-01
4.30000000000000e+00  3.61855152361761e-01
4.32500000000000e+00  3.62689310703866e-01
4.35000000000000e+00  3.58650973394579e-01
4.37500000000000e+00  3.49816921684392e-01
4.40000000000000e+00  3.36250270395420e-01
4.42500000000000e+00  3.18176443447231e-01
4.45000000000000e+00  2.95821730519105e-01
4.47500000000000e+00  2.69474992044197e-01
4.50000000000000e+00  2.39481427488671e-01
4.52500000000000e+00  2.06236343630838e-01
4.55000000000000e+00  1.70178922840302e-01
4.57500000000000e+00  1.31785991357091e-01
4.60000000000000e+00  9.15657875708044e-02
4.62500000000000e+00  5.00517302997499e-02
4.65000000000000e+00  7.79618707007692e-03
4.67500000000000e+00  -3.46357576050718e-02
4.70000000000000e+00  -7.66800093823510e-02
4.72500000000000e+00  -1.17775184284616e-01
4.75000000000000e+00  -1.57374504128119e-01
4.77500000000000e+00  -1.94944223569244e-01
4.80000000000000e+00  -2.29980072211273e-01
4.82500000000000e+00  -2.62012106504558e-01
4.85000000000000e+00  -2.90609561646697e-01
4.87500000000000e+00  -3.15385703482698e-01
4.90000000000000e+00  -3.36002680405158e-01
4.92500000000000e+00  -3.52176375254430e-01
4.95000000000000e+00  -3.63681257218790e-01
4.97500000000000e+00  -3.70355233734616e-01
5.00000000000000e+00  -3.72123509914597e-01
5.02500000000000e+00  -3.68904284283429e-01
5.05000000000000e+00  -3.60775748127353e-01
5.07500000000000e+00  -3.47826697325824e-01
5.10000000000000e+00  -3.30215982130272e-01
5.12500000000000e+00  -3.08167423254045e-01
5.15000000000000e+00  -2.81964727962350e-01
5.17500000000000e+00  -2.51946406162201e-01
5.20000000000000e+00  -2.18500686492365e-01
5.22500000000000e+00  -1.82060432413294e-01
5.25000000000000e+00  -1.43098058297086e-01
5.27500000000000e+00  -1.02120445517415e-01
5.30000000000000e+00  -5.96638585394824e-02
5.32500000000000e+00  -1.62772588457023e-02
5.35000000000000e+00  2.74759004436352e-02
5.37500000000000e+00  7.10306088704238e-02
5.40000000000000e+00  1.13820080475108e-01
5.42500000000000e+00  1.55291163540008e-01
5.45000000000000e+00  1.94910061445523e-01
5.47500000000000e+00  2.32168053526324e-01
5.50000000000000e+00  2.66587215927550e-01
5.52500000000000e+00  2.97726142461005e-01
5.55000000000000e+00  3.25185665461351e-01
5.57500000000000e+00  3.48614576642307e-01
5.60000000000000e+00  3.67715347952848e-01
5.62500000000000e+00  3.82272831892581e-01
5.65000000000000e+00  3.92061345062944e-01
5.67500000000000e+00  3.97007858630241e-01
5.70000000000000e+00  3.97047058380862e-01
5.72500000000000e+00  3.92183835912286e-01
5.75000000000000e+00  3.82489782639400e-01
5.77500000000000e+00  3.68099683800826e-01
5.80000000000000e+00  3.49208012465244e-01
5.82500000000000e+00  3.26065423537715e-01
5.85000000000000e+00  2.98975247766002e-01
5.87500000000000e+00  2.68289985746900e-01
5.90000000000000e+00  2.34407801932548e-01
5.92500000000000e+00  1.97769018636766e-01
5.95000000000000e+00  1.58840434403467e-01
5.97500000000000e+00  1.18118235374937e-01
6.00000000000000e+00  7.61177430450091e-02
6.02500000000000e+00  3.33703061843968e-02
6.05000000000000e+00  -9.58736151316432e-03
6.07500000000000e+00  -5.22192928611412e-02
6.10000000000000e+00  -9.39963786104559e-02
6.12500000000000e+00  -1.34402478879708e-01
6.15000000000000e+00  -1.72940534585428e-01
6.17500000000000e+00  -2.09138678872300e-01
6.20000000000000e+00  -2.42556348543408e-01
6.22500000000000e+00  -2.72790395490474e-01
6.25000000000000e+00  -2.99495626805591e-01
6.27500000000000e+00  -3.22331642434720e-01
6.30000000000000e+00  -3.41053543934034e-01
6.32500000000000e+00  -3.55441204479740e-01
6.35000000000000e+00  -3.65333575072919e-01
6.37500000000000e+00  -3.70627529246710e-01
6.40000000000000e+00  -3.71276707773499e-01
6.42500000000000e+00  -3.67290363372100e-01
6.45000000000000e+00  -3.58732205414944e-01
6.47500000000000e+00  -3.45719244635262e-01
6.50000000000000e+00  -3.28420637834273e-01
6.52500000000000e+00  -3.07056532588365e-01
6.55000000000000e+00  -2.81896911956285e-01
6.57500000000000e+00  -2.53247359898549e-01
6.60000000000000e+00  -2.21455072075655e-01
6.62500000000000e+00  -1.86900922228042e-01
6.65000000000000e+00  -1.49994644063783e-01
6.67500000000000e+00  -1.11169564709294e-01
6.70000000000000e+00  -7.08771440767239e-02
6.72500000000000e+00  -2.95815142313244e-02
6.75000000000000e+00  1.22459812411466e-02
6.77500000000000e+00  5.41322478670562e-02
6.80000000000000e+00  9.56079009174984e-02
6.82500000000000e+00  1.36212726040914e-01
6.85000000000000e+00  1.75501139895711e-01
6.87500000000000e+00  2.13051595178906e-01
6.90000000000000e+00  2.48446980059325e-01
6.92500000000000e+00  2.81328542836829e-01
6.95000000000000e+00  3.11347665427181e-01
6.97500000000000e+00  3.38194644181888e-01
7.00000000000000e+00  3.61599625546313e-01
7.02500000000000e+00  3.81333541717808e-01
7.05000000000000e+00  3.97209046303825e-01
7.07500000000000e+00  4.09081449980044e-01
7.10000000000000e+00  4.16849656148496e-01
7.12500000000000e+00  4.20457096595675e-01
7.15000000000000e+00  4.19892667150670e-01
7.17500000000000e+00  4.15191663343283e-01
7.20000000000000e+00  4.06426265099544e-01
7.22500000000000e+00  3.93711952637939e-01
7.25000000000000e+00  3.77203752569572e-01
7.27500000000000e+00  3.57091297235726e-01
7.30000000000000e+00  3.33598768105149e-01
7.32500000000000e+00  3.06981287981450e-01
7.35000000000000e+00  2.77521313210476e-01
7.37500000000000e+00  2.45525025887713e-01
7.40000000000000e+00  2.11318726065664e-01
7.42500000000000e+00  1.75245223961244e-01
7.45000000000000e+00  1.37660232163167e-01
7.47500000000000e+00  9.89287578393318e-02
7.50000000000000e+00  5.94092825463401e-02
7.52500000000000e+00  1.94960100054804e-02
7.55000000000000e+00  -2.04600715094337e-02
7.57500000000000e+00  -6.00937063476919e-02
7.60000000000000e+00  -9.90511366959364e-02
7.62500000000000e+00  -1.36992263323296e-01
7.65000000000000e+00  -1.73592806326550e-01
7.67500000000000e+00  -2.08546465875257e-01
7.70000000000000e+00  -2.41567082956921e-01
7.72500000000000e+00  -2.72390800122127e-01
7.75000000000000e+00  -3.00778222229689e-01
7.77500000000000e+00  -3.26516577191805e-01
7.80000000000000e+00  -3.49421876719195e-01
7.82500000000000e+00  -3.69335347329064e-01
7.85000000000000e+00  -3.86128112784934e-01
7.87500000000000e+00  -3.99701433066789e-01
7.90000000000000e+00  -4.09983459660448e-01
7.92500000000000e+00  -4.16932119594643e-01
7.95000000000000e+00  -4.20533898813906e-01
7.97500000000000e+00  -4.20802625551475e-01
8.00000000000000e+00  -4.17778253702189e-01
8.02500000000000e+00  -4.11525646195384e-01
8.05000000000000e+00  -4.02133358367794e-01
8.07500000000000e+00  -3.89712421336447e-01
8.10000000000000e+00  -3.74395125371562e-01
8.12500000000000e+00  -3.56326924581080e-01
8.15000000000000e+00  -3.35688379163404e-01
8.17500000000000e+00  -3.12646623367374e-01
8.20000000000000e+00  -2.87397864993376e-01
8.22500000000000e+00  -2.60147920126307e-01
8.25000000000000e+00  -2.31110375161605e-01
8.27500000000000e+00  -2.00504748831298e-01
8.30000000000000e+00  -1.68554654230034e-01
8.32500000000000e+00  -1.35485960841115e-01
8.35000000000000e+00  -1.01524956562547e-01
8.37500000000000e+00  -6.68965097330555e-02
8.40000000000000e+00  -3.18222311581448e-02
8.42500000000000e+00  3.48136386387669e-03
8.45000000000000e+00  3.88029389931571e-02
8.47500000000000e+00  7.39389446588912e-02
8.50000000000000e+00  1.08695134082505e-01
8.52500000000000e+00  1.42885545467412e-01
8.55000000000000e+00  1.76335718018309e-01
8.57500000000000e+00  2.08883128867228e-01
8.60000000000000e+00  2.40377629999594e-01
8.62500000000000e+00  2.70681885180298e-01
8.65000000000000e+00  2.99671806879741e-01
8.67500000000000e+00  3.27236993199898e-01
8.70000000000000e+00  3.53281164800383e-01
8.72500000000000e+00  3.77722601824506e-01
8.75000000000000e+00  4.00515437348014e-01
8.77500000000000e+00  4.21523619864931e-01
8.80000000000000e+00  4.40775816295810e-01
8.82500000000000e+00  4.58232578625154e-01
8.85000000000000e+00  4.73869581022220e-01
8.87500000000000e+00  4.87676495462271e-01
8.90000000000000e+00  4.99655867347807e-01
8.92500000000000e+00  5.09821991129811e-01
8.95000000000000e+00  5.18199785928991e-01
8.97500000000000e+00  5.24823671157020e-01
9.00000000000000e+00  5.29736442137784e-01
9.02500000000000e+00  5.32988145728613e-01
9.05000000000000e+00  5.34634955941530e-01
9.07500000000000e+00  5.34739904826441e-01
9.10000000000000e+00  5.33370343112611e-01
9.12500000000000e+00  5.30596230716902e-01
9.15000000000000e+00  5.26493722879589e-01
9.17500000000000e+00  5.21140242502380e-01
9.20000000000000e+00  5.14614562251762e-01
9.22500000000000e+00  5.06996886662368e-01
9.25000000000000e+00  4.98368934240318e-01
9.27500000000000e+00  4.88814019566583e-01
9.30000000000000e+00  4.78417135400341e-01
9.32500000000000e+00  4.67265034782323e-01
9.35000000000000e+00  4.55446313138175e-01
9.37500000000000e+00  4.42975395273778e-01
9.40000000000000e+00  4.30074489130223e-01
9.42500000000000e+00  4.16688156077179e-01
9.45000000000000e+00  4.02906157337164e-01
9.47500000000000e+00  3.88809081336746e-01
9.50000000000000e+00  3.74469226045482e-01
9.52500000000000e+00  3.59951481314851e-01
9.55000000000000e+00  3.45314211217195e-01
9.57500000000000e+00  3.30610136384648e-01
9.60000000000000e+00  3.15887216348076e-01
9.62500000000000e+00  3.01189531876014e-01
9.65000000000000e+00  2.86558167313596e-01
9.67500000000000e+00  2.72032092921499e-01
9.70000000000000e+00  2.57643581210785e-01
9.72500000000000e+00  2.43423320040775e-01
9.75000000000000e+00  2.29399327585145e-01
9.77500000000000e+00  2.15594568559171e-01
9.80000000000000e+00  2.02029270934504e-01
9.82500000000000e+00  1.88720385952955e-01
9.85000000000000e+00  1.75681048140272e-01
9.87500000000000e+00  1.62920035319930e-01
9.90000000000000e+00  1.50441228626897e-01
9.92500000000000e+00  1.38243072521431e-01
9.95000000000000e+00  1.26318034802856e-01
9.97500000000000e+00  1.14652066623338e-01
1.00000000000000e+01  1.03224062501679e-01
