0.00000000000000e+00  1.04032284812024e-01
2.50000000000000e-02  1.15470888576585e-01
5.00000000000000e-02  1.27182563044614e-01
7.50000000000000e-02  1.39171573624295e-01
1.00000000000000e-01  1.51440108688456e-01
1.25000000000000e-01  1.63988051574312e-01
1.50000000000000e-01  1.76812752583203e-01
1.75000000000000e-01  1.89908800980339e-01
2.00000000000000e-01  2.03267796994548e-01
2.25000000000000e-01  2.16878123818009e-01
2.50000000000000e-01  2.30724719606007e-01
2.75000000000000e-01  2.44788849476668e-01
3.00000000000000e-01  2.59047877510701e-01
3.25000000000000e-01  2.73475348238256e-01
3.50000000000000e-01  2.88040647895996e-01
3.75000000000000e-01  3.02708649150797e-01
4.00000000000000e-01  3.17440835043815e-01
4.25000000000000e-01  3.32194151029891e-01
4.50000000000000e-01  3.46921327521612e-01
4.75000000000000e-01  3.61571202433350e-01
5.00000000000000e-01  3.76089043725328e-01
5.25000000000000e-01  3.90416871947660e-01
5.50000000000000e-01  4.04493782784408e-01
5.75000000000000e-01  4.18256269597634e-01
6.00000000000000e-01  4.31638545971449e-01
6.25000000000000e-01  4.44553672795846e-01
6.50000000000000e-01  4.56953839969434e-01
6.75000000000000e-01  4.68739213766168e-01
7.00000000000000e-01  4.79834019836502e-01
7.25000000000000e-01  4.90159586857835e-01
7.50000000000000e-01  4.99635081443913e-01
7.75000000000000e-01  5.08178243054232e-01
8.00000000000000e-01  5.15706118903431e-01
8.25000000000000e-01  5.22135798870701e-01
8.50000000000000e-01  5.27385150409177e-01
8.75000000000000e-01  5.31373553455347e-01
9.00000000000000e-01  5.34022635338442e-01
9.25000000000000e-01  5.35257005689843e-01
9.50000000000000e-01  5.35005138539032e-01
9.75000000000000e-01  5.33200067324203e-01
1.00000000000000e+00  5.29780473874628e-01
1.02500000000000e+00  5.24690503908390e-01
1.05000000000000e+00  5.17881470772207e-01
1.07500000000000e+00  5.09312404281140e-01
1.10000000000000e+00  4.98950599558289e-01
1.12500000000000e+00  4.86772165874493e-01
1.15000000000000e+00  4.72762575488032e-01
1.17500000000000e+00  4.56917212484325e-01
1.20000000000000e+00  4.39241921615632e-01
1.22500000000000e+00  4.19753557140754e-01
1.25000000000000e+00  3.98500272643876e-01
1.27500000000000e+00  3.75487204915698e-01
1.30000000000000e+00  3.50807917781318e-01
1.32500000000000e+00  3.24526788378910e-01
1.35000000000000e+00  2.96724150602810e-01
1.37500000000000e+00  2.67495689731132e-01
1.40000000000000e+00  2.36951837053387e-01
1.42500000000000e+00  2.05217164498108e-01
1.45000000000000e+00  1.72429779260466e-01
1.47500000000000e+00  1.38740718429894e-01
1.50000000000000e+00  1.04313343617707e-01
1.52500000000000e+00  6.93227355847193e-02
1.55000000000000e+00  3.39550888688709e-02
1.57500000000000e+00  -1.59478872578849e-03
1.60000000000000e+00  -3.71231768277957e-02
1.62500000000000e+00  -7.24187569351513e-02
1.65000000000000e+00  -1.07265032974998e-01
1.67500000000000e+00  -1.41440585637795e-01
1.70000000000000e+00  -1.74720831035056e-01
1.72500000000000e+00  -2.06879779357073e-01
1.75000000000000e+00  -2.37691793530654e-01
1.77500000000000e+00  -2.66933347876851e-01
1.80000000000000e+00  -2.94384786768693e-01
1.82500000000000e+00  -3.19832083288917e-01
1.85000000000000e+00  -3.43068597887700e-01
1.87500000000000e+00  -3.63907721554440e-01
1.90000000000000e+00  -3.82166144698416e-01
1.92500000000000e+00  -3.97679701666886e-01
1.95000000000000e+00  -4.10297363930953e-01
1.97500000000000e+00  -4.19887976814802e-01
2.00000000000000e+00  -4.26341502232527e-01
2.02500000000000e+00  -4.29570261424942e-01
2.05000000000000e+00  -4.29510177696400e-01
2.07500000000000e+00  -4.26122019151611e-01
2.10000000000000e+00  -4.19392641432458e-01
2.12500000000000e+00  -4.09336230454817e-01
2.15000000000000e+00  -3.95995545145370e-01
2.17500000000000e+00  -3.79443160178424e-01
2.20000000000000e+00  -3.59778348110845e-01
2.22500000000000e+00  -3.37130264953055e-01
2.25000000000000e+00  -3.11658218471250e-01
2.27500000000000e+00  -2.83546455749886e-01
2.30000000000000e+00  -2.53007890931396e-01
2.32500000000000e+00  -2.20281929418883e-01
2.35000000000000e+00  -1.85632292078827e-01
2.37500000000000e+00  -1.49344839443779e-01
2.40000000000000e+00  -1.11725395915068e-01
2.42500000000000e+00  -7.30975739654989e-02
2.45000000000000e+00  -3.38005983420531e-02
2.47500000000000e+00  5.81286973141212e-03
2.50000000000000e+00  4.53878029908787e-02
2.52500000000000e+00  8.45471088392573e-02
2.55000000000000e+00  1.22925830271963e-01
2.57500000000000e+00  1.60155973968765e-01
2.60000000000000e+00  1.95875067228448e-01
2.62500000000000e+00  2.29729779498334e-01
2.65000000000000e+00  2.61379543903808e-01
2.67500000000000e+00  2.90500178777841e-01
2.70000000000000e+00  3.16787509190526e-01
2.72500000000000e+00  3.39960988478591e-01
2.75000000000000e+00  3.59767319774930e-01
2.77500000000000e+00  3.75984077538130e-01
2.80000000000000e+00  3.88423329081990e-01
2.82500000000000e+00  3.96931840793571e-01
2.85000000000000e+00  4.01395748798592e-01
2.87500000000000e+00  4.01744716113302e-01
2.90000000000000e+00  3.97944915152182e-01
2.92500000000000e+00  3.90008864296476e-01
2.95000000000000e+00  3.77994374418162e-01
2.97500000000000e+00  3.62003495403913e-01
3.00000000000000e+00  3.42181462679058e-01
3.02500000000000e+00  3.18715643731551e-01
3.05000000000000e+00  2.91834484635932e-01
3.07500000000000e+00  2.61806456577289e-01
3.10000000000000e+00  2.28939002375227e-01
3.12500000000000e+00  1.93582723049286e-01
3.15000000000000e+00  1.56101886850843e-01
3.17500000000000e+00  1.16901286486728e-01
3.20000000000000e+00  7.64048183383621e-02
3.22500000000000e+00  3.50561834647740e-02
3.25000000000000e+00  -6.68652350708880e-03
3.27500000000000e+00  -4.83562254920399e-02
3.30000000000000e+00  -8.94822740563400e-02
3.32500000000000e+00  -1.29595860527385e-01
3.35000000000000e+00  -1.68235427103393e-01
3.37500000000000e+00  -2.04952077963082e-01
3.40000000000000e+00  -2.39314990375362e-01
3.42500000000000e+00  -2.70916825809014e-01
3.45000000000000e+00  -2.99380064771134e-01
3.47500000000000e+00  -3.24358954621681e-01
3.50000000000000e+00  -3.45550396659577e-01
3.52500000000000e+00  -3.62686692517788e-01
3.55000000000000e+00  -3.75549676870327e-01
3.57500000000000e+00  -3.83971878253916e-01
3.60000000000000e+00  -3.87837679889651e-01
3.62500000000000e+00  -3.87084480504673e-01
3.65000000000000e+00  -3.81703855153829e-01
3.67500000000000e+00  -3.71742716041342e-01
3.70000000000000e+00  -3.57304473342474e-01
3.72500000000000e+00  -3.38550196025194e-01
3.75000000000000e+00  -3.15684707588226e-01
3.77500000000000e+00  -2.88999416458054e-01
3.80000000000000e+00  -2.58778576136911e-01
3.82500000000000e+00  -2.25393271981952e-01
3.85000000000000e+00  -1.89246686940393e-01
3.87500000000000e+00  -1.50773883406033e-01
3.90000000000000e+00  -1.10441585075776e-01
3.92500000000000e+00  -6.87439625477979e-02
3.95000000000000e+00  -2.61960666746048e-02
3.97500000000000e+00  1.66726311387888e-02
4.00000000000000e+00  5.93268127651500e-02
4.02500000000000e+00  1.01232928510495e-01
4.05000000000000e+00  1.41866661857075e-01
4.07500000000000e+00  1.80708403588606e-01
4.10000000000000e+00  2.17269364977819e-01
4.12500000000000e+00  2.51081750348258e-01
4.15000000000000e+00  2.81708077847108e-01
4.17500000000000e+00  3.08753051063508e-01
4.20000000000000e+00  3.31866901478586e-01
4.22500000000000e+00  3.50748730915495e-01
4.25000000000000e+00  3.65149853989456e-01
4.27500000000000e+00  3.74877140557789e-01
4.30000000000000e+00  3.79796358169954e-01
4.32500000000000e+00  3.79835514517587e-01
4.35000000000000e+00  3.74988199884537e-01
4.37500000000000e+00  3.65315672043768e-01
4.40000000000000e+00  3.50921713872043e-01
4.42500000000000e+00  3.31998894722164e-01
4.45000000000000e+00  3.08780662811931e-01
4.47500000000000e+00  2.81561319881642e-01
4.50000000000000e+00  2.50690051233666e-01
4.52500000000000e+00  2.16564955772036e-01
4.55000000000000e+00  1.79627076042031e-01
4.57500000000000e+00  1.40354428269757e-01
4.60000000000000e+00  9.92560324017362e-02
4.62500000000000e+00  5.68659421444894e-02
4.65000000000000e+00  1.37372750041146e-02
4.67500000000000e+00  -2.95637576741168e-02
4.70000000000000e+00  -7.24730419455775e-02
4.72500000000000e+00  -1.14426253326721e-01
4.75000000000000e+00  -1.54876810980729e-01
4.77500000000000e+00  -1.93289499747040e-01
4.80000000000000e+00  -2.29158623194681e-01
4.82500000000000e+00  -2.62012953364006e-01
4.85000000000000e+00  -2.91420680508440e-01
4.87500000000000e+00  -3.16994362836206e-01
4.90000000000000e+00  -3.38395876252072e-01
4.92500000000000e+00  -3.55341364099082e-01
4.95000000000000e+00  -3.67606186900292e-01
4.97500000000000e+00  -3.75029872100514e-01
5.00000000000000e+00  -3.77521063419831e-01
5.02500000000000e+00  -3.75028607310058e-01
5.05000000000000e+00  -3.67603674890288e-01
5.07500000000000e+00  -3.55337639625366e-01
5.10000000000000e+00  -3.38390991011147e-01
5.12500000000000e+00  -3.16988384659598e-01
5.15000000000000e+00  -2.91413692383892e-01
5.17500000000000e+00  -2.62005052283503e-01
5.20000000000000e+00  -2.29149918829313e-01
5.22500000000000e+00  -1.93280112948696e-01
5.25000000000000e+00  -1.54866872110630e-01
5.27500000000000e+00  -1.14415900410778e-01
5.30000000000000e+00  -7.24624186565992e-02
5.32500000000000e+00  -2.95530115767909e-02
5.35000000000000e+00  1.37479946119756e-02
5.37500000000000e+00  5.68764863657389e-02
5.40000000000000e+00  9.92662545625489e-02
5.42500000000000e+00  1.40364186048603e-01
5.45000000000000e+00  1.79636233463151e-01
5.47500000000000e+00  2.16573385063406e-01
5.50000000000000e+00  2.50697634549435e-01
5.52500000000000e+00  2.81567950889071e-01
5.55000000000000e+00  3.08786248142811e-01
5.57500000000000e+00  3.32003355288724e-01
5.60000000000000e+00  3.50924986047348e-01
5.62500000000000e+00  3.65318965524840e-01
5.65000000000000e+00  3.74988969281460e-01
5.67500000000000e+00  3.79835003461205e-01
5.70000000000000e+00  3.79794570305453e-01
5.72500000000000e+00  3.74874096910834e-01
5.75000000000000e+00  3.65145592586819e-01
5.77500000000000e+00  3.50743306213313e-01
5.80000000000000e+00  3.31860383598249e-01
5.82500000000000e+00  3.08745524835181e-01
5.85000000000000e+00  2.81699641660870e-01
5.87500000000000e+00  2.51072514812887e-01
5.90000000000000e+00  2.17259451387197e-01
5.92500000000000e+00  1.80697942195754e-01
5.95000000000000e+00  1.41855790427145e-01
5.97500000000000e+00  1.01221789945267e-01
6.00000000000000e+00  5.93155540379818e-02
6.02500000000000e+00  1.66614003546468e-02
6.05000000000000e+00  -2.62071217999382e-02
6.07500000000000e+00  -6.87546964579984e-02
6.10000000000000e+00  -1.10451856351284e-01
6.12500000000000e+00  -1.50783556671477e-01
6.15000000000000e+00  -1.89255634739577e-01
6.17500000000000e+00  -2.25401376476929e-01
6.20000000000000e+00  -2.58785730565505e-01
6.22500000000000e+00  -2.89005526231003e-01
6.25000000000000e+00  -3.15704755771894e-01
6.27500000000000e+00  -3.38553987047334e-01
6.30000000000000e+00  -3.57307020733853e-01
6.32500000000000e+00  -3.71743984354336e-01
6.35000000000000e+00  -3.81703825365543e-01
6.37500000000000e+00  -3.87083150141808e-01
6.40000000000000e+00  -3.87835062958767e-01
6.42500000000000e+00  -3.83968004977059e-01
6.45000000000000e+00  -3.75544593226047e-01
6.47500000000000e+00  -3.62680459587527e-01
6.50000000000000e+00  -3.45543089779447e-01
6.52500000000000e+00  -3.24350662339611e-01
6.55000000000000e+00  -2.99370887609400e-01
6.57500000000000e+00  -2.70906875543563e-01
6.60000000000000e+00  -2.39304387170752e-01
6.62500000000000e+00  -2.04940950205728e-01
6.65000000000000e+00  -1.68223909341749e-01
6.67500000000000e+00  -1.29584091688966e-01
6.70000000000000e+00  -8.94703956850375e-02
6.72500000000000e+00  -4.83443800057283e-02
6.75000000000000e+00  -6.67485247553241e-03
6.77500000000000e+00  3.50675410217302e-02
6.80000000000000e+00  7.64157276322906e-02
6.82500000000000e+00  1.16911618621826e-01
6.85000000000000e+00  1.56111520464855e-01
6.87500000000000e+00  1.93586304233622e-01
6.90000000000000e+00  2.28946910654569e-01
6.92500000000000e+00  2.61813359657118e-01
6.95000000000000e+00  2.91840302858069e-01
6.97500000000000e+00  3.18720310773461e-01
7.00000000000000e+00  3.42184926136865e-01
7.02500000000000e+00  3.62005717217703e-01
7.05000000000000e+00  3.77995331139541e-01
7.07500000000000e+00  3.90008547198400e-01
7.10000000000000e+00  3.97943330181060e-01
7.12500000000000e+00  4.01741883683358e-01
7.15000000000000e+00  4.01391703428503e-01
7.17500000000000e+00  3.96926630585371e-01
7.20000000000000e+00  3.88417015068987e-01
7.22500000000000e+00  3.75976732881200e-01
7.25000000000000e+00  3.59759028783177e-01
7.27500000000000e+00  3.39951845684639e-01
7.30000000000000e+00  3.16777618137934e-01
7.32500000000000e+00  2.90489650755070e-01
7.35000000000000e+00  2.61368496624719e-01
7.37500000000000e+00  2.29718335729251e-01
7.40000000000000e+00  1.95863353361740e-01
7.42500000000000e+00  1.60144118542997e-01
7.45000000000000e+00  1.22913962438582e-01
7.47500000000000e+00  8.45353567758209e-02
7.50000000000000e+00  4.53673987356026e-02
7.52500000000000e+00  5.80172661404307e-03
7.55000000000000e+00  -3.38112562745829e-02
7.57500000000000e+00  -7.31076337020698e-02
7.60000000000000e+00  -1.11734751284953e-01
7.62500000000000e+00  -1.49353392159961e-01
7.65000000000000e+00  -1.85639952659498e-01
7.67500000000000e+00  -2.20288617987096e-01
7.70000000000000e+00  -2.53013537892892e-01
7.72500000000000e+00  -2.83551002349087e-01
7.75000000000000e+00  -3.11661617225413e-01
7.77500000000000e+00  -3.37132479964606e-01
7.80000000000000e+00  -3.59779355257862e-01
7.82500000000000e+00  -3.79442947155970e-01
7.85000000000000e+00  -3.95994111390289e-01
7.87500000000000e+00  -4.09333586928003e-01
7.90000000000000e+00  -4.19388810414575e-01
7.92500000000000e+00  -4.26117033785152e-01
7.95000000000000e+00  -4.29504081459795e-01
7.97500000000000e+00  -4.29563107538717e-01
8.00000000000000e+00  -4.26333352997520e-01
8.02500000000000e+00  -4.19878902882428e-01
8.05000000000000e+00  -4.10287443505520e-01
8.07500000000000e+00  -3.97669019639972e-01
8.10000000000000e+00  -3.82154791715283e-01
8.12500000000000e+00  -3.63884908377872e-01
8.15000000000000e+00  -3.43056193193270e-01
8.17500000000000e+00  -3.19819304674964e-01
8.20000000000000e+00  -2.94371738419732e-01
8.22500000000000e+00  -2.66920135034775e-01
8.25000000000000e+00  -2.37678521529696e-01
8.27500000000000e+00  -2.06866552708518e-01
8.30000000000000e+00  -1.74707752561663e-01
8.32500000000000e+00  -1.41427755657952e-01
8.35000000000000e+00  -1.07252548536608e-01
8.37500000000000e+00  -7.24067110992362e-02
8.40000000000000e+00  -3.71116580018366e-02
8.42500000000000e+00  -1.58388004679033e-03
8.45000000000000e+00  3.39653100012249e-02
8.47500000000000e+00  6.93321979848289e-02
8.50000000000000e+00  1.04321982680459e-01
8.52500000000000e+00  1.38748476470571e-01
8.55000000000000e+00  1.72436605736018e-01
8.57500000000000e+00  2.05223016166965e-01
8.60000000000000e+00  2.36956678073814e-01
8.62500000000000e+00  2.67499491698134e-01
8.65000000000000e+00  2.96726892523567e-01
8.67500000000000e+00  3.24528456586764e-01
8.70000000000000e+00  3.50808505788301e-01
8.72500000000000e+00  3.75486713203603e-01
8.75000000000000e+00  3.98478967205516e-01
8.77500000000000e+00  4.19750933686469e-01
8.80000000000000e+00  4.39238258754590e-01
8.82500000000000e+00  4.56912535549646e-01
8.85000000000000e+00  4.72756915123835e-01
8.87500000000000e+00  4.86765557596738e-01
8.90000000000000e+00  4.98943083310238e-01
8.92500000000000e+00  5.09304023983474e-01
8.95000000000000e+00  5.17872273867772e-01
8.97500000000000e+00  5.24680540901581e-01
9.00000000000000e+00  5.29769797865417e-01
9.02500000000000e+00  5.33188733536798e-01
9.05000000000000e+00  5.34993203845182e-01
9.07500000000000e+00  5.35244528206080e-01
9.10000000000000e+00  5.34009673978245e-01
9.12500000000000e+00  5.31360167512614e-01
9.15000000000000e+00  5.27371399175174e-01
9.17500000000000e+00  5.22121741260316e-01
9.20000000000000e+00  5.15691813109283e-01
9.22500000000000e+00  5.08163746228631e-01
9.25000000000000e+00  4.99620449408679e-01
9.27500000000000e+00  4.90144873841967e-01
9.30000000000000e+00  4.79819278241710e-01
9.32500000000000e+00  4.68724493960251e-01
9.35000000000000e+00  4.56939190107515e-01
9.37500000000000e+00  4.44558334085385e-01
9.40000000000000e+00  4.31624170811263e-01
9.42500000000000e+00  4.18242094113357e-01
9.45000000000000e+00  4.04479844976222e-01
9.47500000000000e+00  3.90403207109261e-01
9.50000000000000e+00  3.76075684422544e-01
9.52500000000000e+00  3.61558178502631e-01
9.55000000000000e+00  3.46908666088391e-01
9.57500000000000e+00  3.32181876546823e-01
9.60000000000000e+00  3.17428969348876e-01
9.62500000000000e+00  3.02697211545270e-01
9.65000000000000e+00  2.88029655242314e-01
9.67500000000000e+00  2.73464815077730e-01
9.70000000000000e+00  2.59037816176689e-01
9.72500000000000e+00  2.44779270237751e-01
9.75000000000000e+00  2.30715630816618e-01
9.77500000000000e+00  2.16869532077616e-01
9.80000000000000e+00  2.03259707318805e-01
9.82500000000000e+00  1.89901216980134e-01
9.85000000000000e+00  1.76805676651607e-01
9.87500000000000e+00  1.63981485081440e-01
9.90000000000000e+00  1.51434052184220e-01
9.92500000000000e+00  1.39166027049072e-01
9.95000000000000e+00  1.27177525947814e-01
9.97500000000000e+00  1.15466360343119e-01
1.00000000000000e+01  1.04028264896685e-01
