0.00000000000000e+00  1.03363740282903e-01
2.50000000000000e-02  1.14891932236345e-01
5.00000000000000e-02  1.26596299501430e-01
7.50000000000000e-02  1.38525215900668e-01
1.00000000000000e-01  1.50712216933514e-01
1.25000000000000e-01  1.63177621790184e-01
1.50000000000000e-01  1.75930155365474e-01
1.75000000000000e-01  1.88968570272578e-01
2.00000000000000e-01  2.02283268856911e-01
2.25000000000000e-01  2.15857925209926e-01
2.50000000000000e-01  2.29671107182936e-01
2.75000000000000e-01  2.43697898400931e-01
3.00000000000000e-01  2.57911520276396e-01
3.25000000000000e-01  2.72280963838449e-01
3.50000000000000e-01  2.86774537247334e-01
3.75000000000000e-01  3.01362202405764e-01
4.00000000000000e-01  3.16005717492309e-01
4.25000000000000e-01  3.30667891599573e-01
4.50000000000000e-01  3.45309795126610e-01
4.75000000000000e-01  3.59887970171356e-01
5.00000000000000e-01  3.74351640923049e-01
5.25000000000000e-01  3.88639924054658e-01
5.50000000000000e-01  4.02679039115307e-01
5.75000000000000e-01  4.16379518922702e-01
6.00000000000000e-01  4.29633419955550e-01
6.25000000000000e-01  4.42566086820461e-01
6.50000000000000e-01  4.54745640137332e-01
6.75000000000000e-01  4.66402184895257e-01
7.00000000000000e-01  4.77414961872938e-01
7.25000000000000e-01  4.87673916347576e-01
7.50000000000000e-01  4.97078331324517e-01
7.75000000000000e-01  5.05535460766898e-01
8.00000000000000e-01  5.12959162825294e-01
8.25000000000000e-01  5.19268533067361e-01
8.50000000000000e-01  5.24386537707483e-01
8.75000000000000e-01  5.28238646836417e-01
9.00000000000000e-01  5.30751467650939e-01
9.25000000000000e-01  5.31851377683488e-01
9.50000000000000e-01  5.31471085683059e-01
9.75000000000000e-01  5.29543721296798e-01
1.00000000000000e+00  5.26003439482008e-01
1.02500000000000e+00  5.20793123832264e-01
1.05000000000000e+00  5.13859009741124e-01
1.07500000000000e+00  5.05153547998829e-01
1.10000000000000e+00  4.94638268389013e-01
1.12500000000000e+00  4.82286643285398e-01
1.15000000000000e+00  4.68086951248502e-01
1.17500000000000e+00  4.52045140622340e-01
1.20000000000000e+00  4.34187693131125e-01
1.22500000000000e+00  4.14564487475977e-01
1.25000000000000e+00  3.92984098613287e-01
1.27500000000000e+00  3.69969341901245e-01
1.30000000000000e+00  3.45151932766496e-01
1.32500000000000e+00  3.18661063757243e-01
1.35000000000000e+00  2.90621401152953e-01
1.37500000000000e+00  2.61155810439960e-01
1.40000000000000e+00  2.30388081787075e-01
1.42500000000000e+00  1.98445655521201e-01
1.45000000000000e+00  1.65462347602932e-01
1.47500000000000e+00  1.31581075102171e-01
1.50000000000000e+00  9.69565816737323e-02
1.52500000000000e+00  6.17581630329555e-02
1.55000000000000e+00  2.61723924313122e-02
1.57500000000000e+00  -9.61141309428667e-03
1.60000000000000e+00  -4.53882390159573e-02
1.62500000000000e+00  -8.09415976474017e-02
1.65000000000000e+00  -1.16051015425963e-01
1.67500000000000e+00  -1.50488589153572e-01
1.70000000000000e+00  -1.84022756846281e-01
1.72500000000000e+00  -2.16422068583775e-01
1.75000000000000e+00  -2.47458957358910e-01
1.77500000000000e+00  -2.76913509927227e-01
1.80000000000000e+00  -3.04577237656482e-01
1.82500000000000e+00  -3.30256847376170e-01
1.85000000000000e+00  -3.53778012227046e-01
1.87500000000000e+00  -3.74876133587338e-01
1.90000000000000e+00  -3.93355646136086e-01
1.92500000000000e+00  -4.09092152386972e-01
1.95000000000000e+00  -4.21929820530114e-01
1.97500000000000e+00  -4.31733764388984e-01
2.00000000000000e+00  -4.38391109264192e-01
2.02500000000000e+00  -4.41812057777268e-01
2.05000000000000e+00  -4.41930955714438e-01
2.07500000000000e+00  -4.38707357870417e-01
2.10000000000000e+00  -4.32127093892177e-01
2.12500000000000e+00  -4.22203334122741e-01
2.15000000000000e+00  -4.08977655444956e-01
2.17500000000000e+00  -3.92521107125279e-01
2.20000000000000e+00  -3.72931818658717e-01
2.22500000000000e+00  -3.50337703137709e-01
2.25000000000000e+00  -3.24896408509772e-01
2.27500000000000e+00  -2.96790769830395e-01
2.30000000000000e+00  -2.66232247584780e-01
2.32500000000000e+00  -2.33458859986229e-01
2.35000000000000e+00  -1.98733115274539e-01
2.37500000000000e+00  -1.62339944014382e-01
2.40000000000000e+00  -1.24584631393701e-01
2.42500000000000e+00  -8.57907495220954e-02
2.45000000000000e+00  -4.62980897292089e-02
2.47500000000000e+00  -6.46059486311878e-03
2.50000000000000e+00  3.33709052346284e-02
2.52500000000000e+00  7.28178573754786e-02
2.55000000000000e+00  1.11515671343484e-01
2.57500000000000e+00  1.49095978282040e-01
2.60000000000000e+00  1.85195758211702e-01
2.62500000000000e+00  2.19460980512799e-01
2.65000000000000e+00  2.51550244408056e-01
2.67500000000000e+00  2.81138419445200e-01
2.70000000000000e+00  3.07920285979590e-01
2.72500000000000e+00  3.31614175656823e-01
2.75000000000000e+00  3.51965611895354e-01
2.77500000000000e+00  3.68750950369111e-01
2.80000000000000e+00  3.81781019490114e-01
2.82500000000000e+00  3.90900973702005e-01
2.85000000000000e+00  3.95995482395313e-01
2.87500000000000e+00  3.96992398824601e-01
2.90000000000000e+00  3.93856208939317e-01
2.92500000000000e+00  3.86597568362700e-01
2.95000000000000e+00  3.75272329717389e-01
2.97500000000000e+00  3.59980569951025e-01
3.00000000000000e+00  3.40865617661856e-01
3.02500000000000e+00  3.18113080424346e-01
3.05000000000000e+00  2.91949872114772e-01
3.07500000000000e+00  2.62643240236839e-01
3.10000000000000e+00  2.30499793247276e-01
3.12500000000000e+00  1.95863643563772e-01
3.15000000000000e+00  1.59096941775528e-01
3.17500000000000e+00  1.20606940501438e-01
3.20000000000000e+00  8.08146278526736e-02
3.22500000000000e+00  4.01611407742611e-02
3.25000000000000e+00  -8.97706234058381e-04
3.27500000000000e+00  -4.18968923969625e-02
3.30000000000000e+00  -8.23676619426841e-02
3.32500000000000e+00  -1.21842995382152e-01
3.35000000000000e+00  -1.59863080788128e-01
3.37500000000000e+00  -1.95980785074340e-01
3.40000000000000e+00  -2.29767125274620e-01
3.42500000000000e+00  -2.60816739822043e-01
3.45000000000000e+00  -2.88752918061177e-01
3.47500000000000e+00  -3.13232601841054e-01
3.50000000000000e+00  -3.33954160366302e-01
3.52500000000000e+00  -3.50651399657311e-01
3.55000000000000e+00  -3.63107708462163e-01
3.57500000000000e+00  -3.71157173482387e-01
3.60000000000000e+00  -3.74685694598713e-01
3.62500000000000e+00  -3.73632100096832e-01
3.65000000000000e+00  -3.67989261893148e-01
3.67500000000000e+00  -3.57805210760533e-01
3.70000000000000e+00  -3.43184251554088e-01
3.72500000000000e+00  -3.24288078436890e-01
3.75000000000000e+00  -3.01325665617973e-01
3.77500000000000e+00  -2.74579910372018e-01
3.80000000000000e+00  -2.44352737215928e-01
3.82500000000000e+00  -2.11002776494636e-01
3.85000000000000e+00  -1.74931986131588e-01
3.87500000000000e+00  -1.36579540921851e-01
3.90000000000000e+00  -9.64157218252376e-02
3.92500000000000e+00  -5.49358052594165e-02
3.95000000000000e+00  -1.26539523930306e-02
3.97500000000000e+00  2.99029015611906e-02
4.00000000000000e+00  7.22011580533089e-02
4.02500000000000e+00  1.13706665903067e-01
4.05000000000000e+00  1.53890832006765e-01
4.07500000000000e+00  1.92241425691678e-01
4.10000000000000e+00  2.28264890679334e-01
4.12500000000000e+00  2.61498082679787e-01
4.15000000000000e+00  2.91503974913395e-01
4.17500000000000e+00  3.17887852938719e-01
4.20000000000000e+00  3.40300760512140e-01
4.22500000000000e+00  3.58442945447455e-01
4.25000000000000e+00  3.72067305475488e-01
4.27500000000000e+00  3.80982834103690e-01
4.30000000000000e+00  3.85058066475746e-01
4.32500000000000e+00  3.84224525231176e-01
4.35000000000000e+00  3.78480166364945e-01
4.37500000000000e+00  3.67874897461021e-01
4.40000000000000e+00  3.52544980869797e-01
4.42500000000000e+00  3.32658829235433e-01
4.45000000000000e+00  3.08456676172761e-01
4.47500000000000e+00  2.80238487126227e-01
4.50000000000000e+00  2.48358171914092e-01
4.52500000000000e+00  2.13217797272633e-01
4.55000000000000e+00  1.75261799400355e-01
4.57500000000000e+00  1.34971196502178e-01
4.60000000000000e+00  9.28578013336541e-02
4.62500000000000e+00  4.94584337451670e-02
4.65000000000000e+00  5.32913322612621e-03
4.67500000000000e+00  -3.89606285508158e-02
4.70000000000000e+00  -8.28431639147073e-02
4.72500000000000e+00  -1.25752615263834e-01
4.75000000000000e+00  -1.67137723785683e-01
4.77500000000000e+00  -2.06460119209044e-01
4.80000000000000e+00  -2.43210964783609e-01
4.82500000000000e+00  -2.76916026284341e-01
4.85000000000000e+00  -3.07140741015862e-01
4.87500000000000e+00  -3.33495286816801e-01
4.90000000000000e+00  -3.55639651064185e-01
4.92500000000000e+00  -3.73288699677800e-01
4.95000000000000e+00  -3.86217246124561e-01
4.97500000000000e+00  -3.94265120422890e-01
5.00000000000000e+00  -3.97327678312383e-01
5.02500000000000e+00  -3.95376200699355e-01
5.05000000000000e+00  -3.88441510984373e-01
5.07500000000000e+00  -3.76616855684919e-01
5.10000000000000e+00  -3.60064258648228e-01
5.12500000000000e+00  -3.39009639725533e-01
5.15000000000000e+00  -3.13737933446305e-01
5.17500000000000e+00  -2.84588207692498e-01
5.20000000000000e+00  -2.51948782372799e-01
5.22500000000000e+00  -2.16252348096859e-01
5.25000000000000e+00  -1.77971084849553e-01
5.27500000000000e+00  -1.37611780665207e-01
5.30000000000000e+00  -9.57109503018555e-02
5.32500000000000e+00  -5.28183404532813e-02
5.35000000000000e+00  -9.49847761628117e-03
5.37500000000000e+00  3.36812785960750e-02
5.40000000000000e+00  7.61523207890945e-02
5.42500000000000e+00  1.17358681801529e-01
5.45000000000000e+00  1.56763229248301e-01
5.47500000000000e+00  1.93853860063228e-01
5.50000000000000e+00  2.28149695041732e-01
5.52500000000000e+00  2.59207273383577e-01
5.55000000000000e+00  2.86626747235572e-01
5.57500000000000e+00  3.10058076234309e-01
5.60000000000000e+00  3.29207222048874e-01
5.62500000000000e+00  3.43826603029385e-01
5.65000000000000e+00  3.53741735946839e-01
5.67500000000000e+00  3.58829075952922e-01
5.70000000000000e+00  3.59027445025516e-01
5.72500000000000e+00  3.54343640050678e-01
5.75000000000000e+00  3.44849287939114e-01
5.77500000000000e+00  3.30677700742651e-01
5.80000000000000e+00  3.12020730770714e-01
5.82500000000000e+00  2.89125625706800e-01
5.85000000000000e+00  2.62291883724943e-01
5.87500000000000e+00  2.31868108606204e-01
5.90000000000000e+00  1.98248864855127e-01
5.92500000000000e+00  1.61871532816226e-01
5.95000000000000e+00  1.23199215380766e-01
5.97500000000000e+00  8.27257714810917e-02
6.00000000000000e+00  4.09642017854483e-02
6.02500000000000e+00  -1.55622632233598e-03
6.05000000000000e+00  -4.43006303910284e-02
6.07500000000000e+00  -8.67347950215296e-02
6.10000000000000e+00  -1.28331453986442e-01
6.12500000000000e+00  -1.68576572349608e-01
6.15000000000000e+00  -2.06975628585678e-01
6.17500000000000e+00  -2.43059896699652e-01
6.20000000000000e+00  -2.76392728346437e-01
6.22500000000000e+00  -3.06575834950405e-01
6.25000000000000e+00  -3.33254429035442e-01
6.27500000000000e+00  -3.56096267369220e-01
6.30000000000000e+00  -3.74853599551400e-01
6.32500000000000e+00  -3.89307265495153e-01
6.35000000000000e+00  -3.99296762343602e-01
6.37500000000000e+00  -4.04719096274838e-01
6.40000000000000e+00  -4.05527634306947e-01
6.42500000000000e+00  -4.01730956103029e-01
6.45000000000000e+00  -3.93391705776221e-01
6.47500000000000e+00  -3.80625443694720e-01
6.50000000000000e+00  -3.63599498286809e-01
6.52500000000000e+00  -3.42531817845870e-01
6.55000000000000e+00  -3.17689822335416e-01
6.57500000000000e+00  -2.89376720649265e-01
6.60000000000000e+00  -2.57936797698478e-01
6.62500000000000e+00  -2.23748092092255e-01
6.65000000000000e+00  -1.87217400115309e-01
6.67500000000000e+00  -1.48775071165389e-01
6.70000000000000e+00  -1.08869516832720e-01
6.72500000000000e+00  -6.79617199794323e-02
6.75000000000000e+00  -2.65197438190134e-02
6.77500000000000e+00  1.49867590042701e-02
6.80000000000000e+00  5.60920373359206e-02
6.82500000000000e+00  9.63397324317773e-02
6.85000000000000e+00  1.35288368878582e-01
6.87500000000000e+00  1.72508503811334e-01
6.90000000000000e+00  2.07613800481372e-01
6.92500000000000e+00  2.40223280272307e-01
6.95000000000000e+00  2.69993811085535e-01
6.97500000000000e+00  2.96620073359106e-01
7.00000000000000e+00  3.19835612343070e-01
7.02500000000000e+00  3.39413890374856e-01
7.05000000000000e+00  3.55169339154623e-01
7.07500000000000e+00  3.66958412020628e-01
7.10000000000000e+00  3.74680636224588e-01
7.12500000000000e+00  3.78279665207040e-01
7.15000000000000e+00  3.77744330872707e-01
7.17500000000000e+00  3.73109695865859e-01
7.20000000000000e+00  3.64447776081154e-01
7.22500000000000e+00  3.51873727166256e-01
7.25000000000000e+00  3.35542265147197e-01
7.27500000000000e+00  3.15642715688362e-01
7.30000000000000e+00  2.92398825235609e-01
7.32500000000000e+00  2.66065079869161e-01
7.35000000000000e+00  2.36923024156491e-01
7.37500000000000e+00  2.05277580005218e-01
7.40000000000000e+00  1.71453365515989e-01
7.42500000000000e+00  1.35791013835382e-01
7.45000000000000e+00  9.86434920087864e-02
7.47500000000000e+00  6.03724198332936e-02
7.50000000000000e+00  2.13371979728700e-02
7.52500000000000e+00  -1.80660301739733e-02
7.55000000000000e+00  -5.74918282864554e-02
7.57500000000000e+00  -9.65765385637012e-02
7.60000000000000e+00  -1.34967961262984e-01
7.62500000000000e+00  -1.72327519728362e-01
7.65000000000000e+00  -2.08332425419345e-01
7.67500000000000e+00  -2.42677842939527e-01
7.70000000000000e+00  -2.75079055065251e-01
7.72500000000000e+00  -3.05273627774250e-01
7.75000000000000e+00  -3.33023575274295e-01
7.77500000000000e+00  -3.58117525031855e-01
7.80000000000000e+00  -3.80372882800737e-01
7.82500000000000e+00  -3.99631990053777e-01
7.85000000000000e+00  -4.15767327382221e-01
7.87500000000000e+00  -4.28680932090624e-01
7.90000000000000e+00  -4.38302001613783e-01
7.92500000000000e+00  -4.44589269954942e-01
7.95000000000000e+00  -4.47529871388952e-01
7.97500000000000e+00  -4.47138204165437e-01
8.00000000000000e+00  -4.43454794211955e-01
8.02500000000000e+00  -4.36545158837163e-01
8.05000000000000e+00  -4.26498670433981e-01
8.07500000000000e+00  -4.13427420182752e-01
8.10000000000000e+00  -3.97465081754410e-01
8.12500000000000e+00  -3.78885535587396e-01
8.15000000000000e+00  -3.57466398816944e-01
8.17500000000000e+00  -3.33748341570914e-01
8.20000000000000e+00  -3.07881890120004e-01
8.22500000000000e+00  -2.80040581066831e-01
8.25000000000000e+00  -2.50417145399562e-01
8.27500000000000e+00  -2.19219692545560e-01
8.30000000000000e+00  -1.86667894425015e-01
8.32500000000000e+00  -1.52989169504576e-01
8.35000000000000e+00  -1.18414866850997e-01
8.37500000000000e+00  -8.31764501847569e-02
8.40000000000000e+00  -4.75016819337141e-02
8.42500000000000e+00  -1.16108072867299e-02
8.45000000000000e+00  2.42798580119885e-02
8.47500000000000e+00  5.99655602958995e-02
8.50000000000000e+00  9.52572869617288e-02
8.52500000000000e+00  1.29968785770281e-01
8.55000000000000e+00  1.63931105663151e-01
8.57500000000000e+00  1.96989847226113e-01
8.60000000000000e+00  2.29002413152541e-01
8.62500000000000e+00  2.59835258706817e-01
8.65000000000000e+00  2.89361142187730e-01
8.67500000000000e+00  3.17456375391886e-01
8.70000000000000e+00  3.43998074077121e-01
8.72500000000000e+00  3.68861408425906e-01
8.75000000000000e+00  3.92185604783437e-01
8.77500000000000e+00  4.13537500362664e-01
8.80000000000000e+00  4.33196318717951e-01
8.82500000000000e+00  4.51086186653430e-01
8.85000000000000e+00  4.67157485482280e-01
8.87500000000000e+00  4.81383987175228e-01
8.90000000000000e+00  4.93759990509038e-01
8.92500000000000e+00  5.04297457215008e-01
8.95000000000000e+00  5.13023148127466e-01
8.97500000000000e+00  5.19975759332267e-01
9.00000000000000e+00  5.25203058315285e-01
9.02500000000000e+00  5.28759020110911e-01
9.05000000000000e+00  5.30700963450545e-01
9.07500000000000e+00  5.31094917975381e-01
9.10000000000000e+00  5.30007930551973e-01
9.12500000000000e+00  5.27507458171546e-01
9.15000000000000e+00  5.23667272907162e-01
9.17500000000000e+00  5.18560906513081e-01
9.20000000000000e+00  5.12263016855152e-01
9.22500000000000e+00  5.04850754341209e-01
9.25000000000000e+00  4.96405128351452e-01
9.27500000000000e+00  4.87012373668846e-01
9.30000000000000e+00  4.76765316909510e-01
9.32500000000000e+00  4.65764742953103e-01
9.35000000000000e+00  4.54120761373221e-01
9.37500000000000e+00  4.41699603286665e-01
9.40000000000000e+00  4.29034933918536e-01
9.42500000000000e+00  4.15794920948256e-01
9.45000000000000e+00  4.02108799945055e-01
9.47500000000000e+00  3.88084528390502e-01
9.50000000000000e+00  3.73811576531279e-01
9.52500000000000e+00  3.59363718231979e-01
9.55000000000000e+00  3.44801821827885e-01
9.57500000000000e+00  3.30176640977752e-01
9.60000000000000e+00  3.15531605516601e-01
9.62500000000000e+00  3.00905612308499e-01
9.65000000000000e+00  2.86335816099340e-01
9.67500000000000e+00  2.71860420369641e-01
9.70000000000000e+00  2.57509422303121e-01
9.72500000000000e+00  2.43314471940510e-01
9.75000000000000e+00  2.29306536081594e-01
9.77500000000000e+00  2.15512350782418e-01
9.80000000000000e+00  2.01956790402128e-01
9.82500000000000e+00  1.88661245762558e-01
9.85000000000000e+00  1.75642002307791e-01
9.87500000000000e+00  1.62908618263743e-01
9.90000000000000e+00  1.50462302797728e-01
9.92500000000000e+00  1.38294294178041e-01
9.95000000000000e+00  1.26384237933526e-01
9.97500000000000e+00  1.14698565013149e-01
1.00000000000000e+01  1.03188869945584e-01
