0.00000000000000e+00  1.03895715801503e-01
2.50000000000000e-02  1.15341505524967e-01
5.00000000000000e-02  1.27050332358901e-01
7.50000000000000e-02  1.39031317564109e-01
1.00000000000000e-01  1.51290147010675e-01
1.25000000000000e-01  1.63829035646187e-01
1.50000000000000e-01  1.76646691963948e-01
1.75000000000000e-01  1.89738282471201e-01
2.00000000000000e-01  2.03095396157350e-01
2.25000000000000e-01  2.16706008962175e-01
2.50000000000000e-01  2.30554448244057e-01
2.75000000000000e-01  2.44621357248195e-01
3.00000000000000e-01  2.58883659574826e-01
3.25000000000000e-01  2.73314523647447e-01
3.50000000000000e-01  2.87883327181031e-01
3.75000000000000e-01  3.02555621650252e-01
4.00000000000000e-01  3.17293096757701e-01
4.25000000000000e-01  3.32053544902106e-01
4.50000000000000e-01  3.46790825646556e-01
4.75000000000000e-01  3.61454830186716e-01
5.00000000000000e-01  3.75991445819049e-01
5.25000000000000e-01  3.90342520409037e-01
5.50000000000000e-01  4.04445826859398e-01
5.75000000000000e-01  4.18235027578309e-01
6.00000000000000e-01  4.31639638947623e-01
6.25000000000000e-01  4.44594655061350e-01
6.50000000000000e-01  4.57016596250021e-01
6.75000000000000e-01  4.68835910008162e-01
7.00000000000000e-01  4.79972823043925e-01
7.25000000000000e-01  4.90345902018670e-01
7.50000000000000e-01  4.99872595525675e-01
7.75000000000000e-01  5.08469776068837e-01
8.00000000000000e-01  5.16054282041375e-01
8.25000000000000e-01  5.22543459704539e-01
8.50000000000000e-01  5.27855705166307e-01
8.75000000000000e-01  5.31911006360097e-01
9.00000000000000e-01  5.34631485023462e-01
9.25000000000000e-01  5.35941938676802e-01
9.50000000000000e-01  5.35771267329286e-01
9.75000000000000e-01  5.34052492987337e-01
1.00000000000000e+00  5.30723910275231e-01
1.02500000000000e+00  5.25729475123259e-01
1.05000000000000e+00  5.19019953921520e-01
1.07500000000000e+00  5.10553687000490e-01
1.10000000000000e+00  5.00297352111597e-01
1.12500000000000e+00  4.88226727907794e-01
1.15000000000000e+00  4.74327457424130e-01
1.17500000000000e+00  4.58595811558326e-01
1.20000000000000e+00  4.41039452551342e-01
1.22500000000000e+00  4.21678197467959e-01
1.25000000000000e+00  4.00537120342627e-01
1.27500000000000e+00  3.77671947219946e-01
1.30000000000000e+00  3.53130202737656e-01
1.32500000000000e+00  3.26982588713042e-01
1.35000000000000e+00  2.99313818667147e-01
1.37500000000000e+00  2.70222306163009e-01
1.40000000000000e+00  2.39819853143905e-01
1.42500000000000e+00  2.08231338271588e-01
1.45000000000000e+00  1.75594405264524e-01
1.47500000000000e+00  1.42059151236136e-01
1.50000000000000e+00  1.07787815033042e-01
1.52500000000000e+00  7.29544655732941e-02
1.55000000000000e+00  3.77446901846192e-02
1.57500000000000e+00  2.35284763143423e-03
1.60000000000000e+00  -3.30173358547721e-02
1.62500000000000e+00  -6.81543500820367e-02
1.65000000000000e+00  -1.02840899355981e-01
1.67500000000000e+00  -1.36854781629154e-01
1.70000000000000e+00  -1.69970795619653e-01
1.72500000000000e+00  -2.01962647929731e-01
1.75000000000000e+00  -2.32604860164417e-01
1.77500000000000e+00  -2.61674676050128e-01
1.80000000000000e+00  -2.88953968553280e-01
1.82500000000000e+00  -3.14231146998909e-01
1.85000000000000e+00  -3.37303064189282e-01
1.87500000000000e+00  -3.57976971004520e-01
1.90000000000000e+00  -3.76065016041434e-01
1.92500000000000e+00  -3.91410254644611e-01
1.95000000000000e+00  -4.03861235942250e-01
1.97500000000000e+00  -4.13286622625480e-01
2.00000000000000e+00  -4.19576396804324e-01
2.02500000000000e+00  -4.22643065863668e-01
2.05000000000000e+00  -4.22422868319223e-01
2.07500000000000e+00  -4.18876979673501e-01
2.10000000000000e+00  -4.11992718271770e-01
2.12500000000000e+00  -4.01784751158032e-01
2.15000000000000e+00  -3.88296299930980e-01
2.17500000000000e+00  -3.71600346599970e-01
2.20000000000000e+00  -3.51796656267039e-01
2.22500000000000e+00  -3.29014936394174e-01
2.25000000000000e+00  -3.03414822810664e-01
2.27500000000000e+00  -2.75180942334570e-01
2.30000000000000e+00  -2.44526602500797e-01
2.32500000000000e+00  -2.11691623667458e-01
2.35000000000000e+00  -1.76940171122244e-01
2.37500000000000e+00  -1.40558587188788e-01
2.40000000000000e+00  -1.02853223333036e-01
2.42500000000000e+00  -6.41482722696113e-02
2.45000000000000e+00  -2.47836000681822e-02
2.47500000000000e+00  1.48874217401722e-02
2.50000000000000e+00  5.45114584035475e-02
2.52500000000000e+00  9.37052645047337e-02
2.55000000000000e+00  1.32108866687070e-01
2.57500000000000e+00  1.69353079767769e-01
2.60000000000000e+00  2.05074458783075e-01
2.62500000000000e+00  2.38918896786465e-01
2.65000000000000e+00  2.70545222646863e-01
2.67500000000000e+00  2.99628798846840e-01
2.70000000000000e+00  3.25865119280837e-01
2.72500000000000e+00  3.48973407053357e-01
2.75000000000000e+00  3.68700212277185e-01
2.77500000000000e+00  3.84823009871589e-01
2.80000000000000e+00  3.97153797360532e-01
2.82500000000000e+00  4.05539247814968e-01
2.85000000000000e+00  4.09865547449787e-01
2.87500000000000e+00  4.10062062183713e-01
2.90000000000000e+00  4.06095120435539e-01
2.92500000000000e+00  3.97977310834214e-01
2.95000000000000e+00  3.85766516432274e-01
2.97500000000000e+00  3.69564948919269e-01
3.00000000000000e+00  3.49518182835203e-01
3.02500000000000e+00  3.25814189783954e-01
3.05000000000000e+00  2.98682372646715e-01
3.07500000000000e+00  2.68392599795418e-01
3.10000000000000e+00  2.35254239306172e-01
3.12500000000000e+00  1.99613847538998e-01
3.15000000000000e+00  1.61840498413302e-01
3.17500000000000e+00  1.22339414370655e-01
3.20000000000000e+00  8.15355194373116e-02
3.22500000000000e+00  3.98736821566495e-02
3.25000000000000e+00  -2.18671837546429e-03
3.27500000000000e+00  -4.41772264752928e-02
3.30000000000000e+00  -8.56257438358546e-02
3.32500000000000e+00  -1.26061963491553e-01
3.35000000000000e+00  -1.65022803782801e-01
3.37500000000000e+00  -2.02057842320644e-01
3.40000000000000e+00  -2.36734749951386e-01
3.42500000000000e+00  -2.68644724721215e-01
3.45000000000000e+00  -2.97407845725206e-01
3.47500000000000e+00  -3.22677815964035e-01
3.50000000000000e+00  -3.44149667695916e-01
3.52500000000000e+00  -3.61554113762218e-01
3.55000000000000e+00  -3.74671475978647e-01
3.57500000000000e+00  -3.83332852934455e-01
3.60000000000000e+00  -3.87421287791643e-01
3.62500000000000e+00  -3.86872936084170e-01
3.65000000000000e+00  -3.81678233517152e-01
3.67500000000000e+00  -3.71883063766071e-01
3.70000000000000e+00  -3.57589926275982e-01
3.72500000000000e+00  -3.38959104060711e-01
3.75000000000000e+00  -3.16201426600202e-01
3.77500000000000e+00  -2.89584607899111e-01
3.80000000000000e+00  -2.59422375316366e-01
3.82500000000000e+00  -2.26070786141726e-01
3.85000000000000e+00  -1.89929938859617e-01
3.87500000000000e+00  -1.51437799494638e-01
3.90000000000000e+00  -1.11064027957072e-01
3.92500000000000e+00  -6.93038043883879e-02
3.95000000000000e+00  -2.66716555067440e-02
3.97500000000000e+00  1.63047190475054e-02
4.00000000000000e+00  5.90906203663006e-02
4.02500000000000e+00  1.01150523928376e-01
4.05000000000000e+00  1.41954253253746e-01
4.07500000000000e+00  1.80987557079956e-01
4.10000000000000e+00  2.17755389261985e-01
4.12500000000000e+00  2.51792241788579e-01
4.15000000000000e+00  2.82658721044516e-01
4.17500000000000e+00  3.09957694183277e-01
4.20000000000000e+00  3.33337634214112e-01
4.22500000000000e+00  3.52495965089103e-01
4.25000000000000e+00  3.67182406790232e-01
4.27500000000000e+00  3.77202320416448e-01
4.30000000000000e+00  3.82420053270728e-01
4.32500000000000e+00  3.82762283947148e-01
4.35000000000000e+00  3.78221367417942e-01
4.37500000000000e+00  3.68853410411403e-01
4.40000000000000e+00  3.54768146499397e-01
4.42500000000000e+00  3.36149772209352e-01
4.45000000000000e+00  3.13231142002224e-01
4.47500000000000e+00  2.86305707880443e-01
4.50000000000000e+00  2.55721602174320e-01
4.52500000000000e+00  2.21875720328454e-01
4.55000000000000e+00  1.85207803688151e-01
4.57500000000000e+00  1.46194522285827e-01
4.60000000000000e+00  1.05343557627425e-01
4.62500000000000e+00  6.31876854788269e-02
4.65000000000000e+00  2.02788586522538e-02
4.67500000000000e+00  -2.28177102073066e-02
4.70000000000000e+00  -6.55382427817122e-02
4.72500000000000e+00  -1.07320966786230e-01
4.75000000000000e+00  -1.47618625743661e-01
4.77500000000000e+00  -1.85896753286353e-01
4.80000000000000e+00  -2.21650262054718e-01
4.82500000000000e+00  -2.54408428983642e-01
4.85000000000000e+00  -2.83739880588910e-01
4.87500000000000e+00  -3.09257578253606e-01
4.90000000000000e+00  -3.30623803514543e-01
4.92500000000000e+00  -3.47555143348663e-01
4.95000000000000e+00  -3.59827475459462e-01
4.97500000000000e+00  -3.67280953563397e-01
5.00000000000000e+00  -3.69821426284215e-01
5.02500000000000e+00  -3.67403282555619e-01
5.05000000000000e+00  -3.60073047095443e-01
5.07500000000000e+00  -3.47922529823714e-01
5.10000000000000e+00  -3.31112471719093e-01
5.12500000000000e+00  -3.09867601311254e-01
5.15000000000000e+00  -2.84471691173268e-01
5.17500000000000e+00  -2.55262614413984e-01
5.20000000000000e+00  -2.22627401170414e-01
5.22500000000000e+00  -1.86997295100111e-01
5.25000000000000e+00  -1.48842809873555e-01
5.27500000000000e+00  -1.08668785666531e-01
5.30000000000000e+00  -6.70094456525170e-02
5.32500000000000e+00  -2.44118932638977e-02
5.35000000000000e+00  1.85622626065482e-02
5.37500000000000e+00  6.13491930015497e-02
5.40000000000000e+00  1.03383766226742e-01
5.42500000000000e+00  1.44113956398136e-01
5.45000000000000e+00  1.83006857700294e-01
5.47500000000000e+00  2.19554698644503e-01
5.50000000000000e+00  2.53280856326938e-01
5.52500000000000e+00  2.83745870686843e-01
5.55000000000000e+00  3.10553458764693e-01
5.57500000000000e+00  3.33356528960370e-01
5.60000000000000e+00  3.51863195291338e-01
5.62500000000000e+00  3.65839655422400e-01
5.65000000000000e+00  3.75098030356288e-01
5.67500000000000e+00  3.79534119197557e-01
5.70000000000000e+00  3.79088351648655e-01
5.72500000000000e+00  3.73769702199996e-01
5.75000000000000e+00  3.63652417954987e-01
5.77500000000000e+00  3.48872746455059e-01
5.80000000000000e+00  3.29625663504691e-01
5.82500000000000e+00  3.06161600996448e-01
5.85000000000000e+00  2.78783174736001e-01
5.87500000000000e+00  2.47841912267164e-01
5.90000000000000e+00  2.13734980696914e-01
5.92500000000000e+00  1.76901914520429e-01
5.95000000000000e+00  1.37808289830549e-01
5.97500000000000e+00  9.69492750757607e-02
6.00000000000000e+00  5.48393655806263e-02
6.02500000000000e+00  1.20089617588433e-02
6.05000000000000e+00  -3.10061866292570e-02
6.07500000000000e+00  -7.36711961592381e-02
6.10000000000000e+00  -1.15458265425119e-01
6.12500000000000e+00  -1.55852890721902e-01
6.15000000000000e+00  -1.94360081728135e-01
6.17500000000000e+00  -2.30510577188440e-01
6.20000000000000e+00  -2.63867060596067e-01
6.22500000000000e+00  -2.94030375875438e-01
6.25000000000000e+00  -3.20650845014068e-01
6.27500000000000e+00  -3.43390805542301e-01
6.30000000000000e+00  -3.62007708621662e-01
6.32500000000000e+00  -3.76282622629675e-01
6.35000000000000e+00  -3.86055589066248e-01
6.37500000000000e+00  -3.91224447093165e-01
6.40000000000000e+00  -3.91743658073581e-01
6.42500000000000e+00  -3.87623130111516e-01
6.45000000000000e+00  -3.78927042591341e-01
6.47500000000000e+00  -3.65772670717276e-01
6.50000000000000e+00  -3.48329210052885e-01
6.52500000000000e+00  -3.26816601060558e-01
6.55000000000000e+00  -3.01504353641015e-01
6.57500000000000e+00  -2.72697754702359e-01
6.60000000000000e+00  -2.40743307433940e-01
6.62500000000000e+00  -2.06021175605012e-01
6.65000000000000e+00  -1.68940416450159e-01
6.67500000000000e+00  -1.29933596900341e-01
6.70000000000000e+00  -8.94513497541036e-02
6.72500000000000e+00  -4.79569298487533e-02
6.75000000000000e+00  -5.92077023157086e-03
6.77500000000000e+00  3.61849616690100e-02
6.80000000000000e+00  7.78918078721944e-02
6.82500000000000e+00  1.18740463673637e-01
6.85000000000000e+00  1.58286221474250e-01
6.87500000000000e+00  1.96105414143596e-01
6.90000000000000e+00  2.31788492204223e-01
6.92500000000000e+00  2.64970659123583e-01
6.95000000000000e+00  2.95304122946698e-01
6.97500000000000e+00  3.22479648818480e-01
7.00000000000000e+00  3.46227517759340e-01
7.02500000000000e+00  3.66318485440825e-01
7.05000000000000e+00  3.82564740961232e-01
7.07500000000000e+00  3.94820865621240e-01
7.10000000000000e+00  4.02984791699529e-01
7.12500000000000e+00  4.06998761228409e-01
7.15000000000000e+00  4.06850284769438e-01
7.17500000000000e+00  4.02573100189050e-01
7.20000000000000e+00  3.94238021518720e-01
7.22500000000000e+00  3.81958967473631e-01
7.25000000000000e+00  3.65889339590868e-01
7.27500000000000e+00  3.46217279227886e-01
7.30000000000000e+00  3.23165403968829e-01
7.32500000000000e+00  2.96987214132586e-01
7.35000000000000e+00  2.67963499280831e-01
7.37500000000000e+00  2.36398744726082e-01
7.40000000000000e+00  2.02617538039742e-01
7.42500000000000e+00  1.66960975560159e-01
7.45000000000000e+00  1.29783068900668e-01
7.47500000000000e+00  9.14471514576437e-02
7.50000000000000e+00  5.23112934436873e-02
7.52500000000000e+00  1.27684410470917e-02
7.55000000000000e+00  -2.68314771397897e-02
7.57500000000000e+00  -6.61240525257011e-02
7.60000000000000e+00  -1.04756188955435e-01
7.62500000000000e+00  -1.42388274825946e-01
7.65000000000000e+00  -1.78696355202486e-01
7.67500000000000e+00  -2.13374303934720e-01
7.70000000000000e+00  -2.46135995772857e-01
7.72500000000000e+00  -2.76717478483773e-01
7.75000000000000e+00  -3.04879144967128e-01
7.77500000000000e+00  -3.30407905371505e-01
7.80000000000000e+00  -3.53119359210520e-01
7.82500000000000e+00  -3.72854047341034e-01
7.85000000000000e+00  -3.89482525818480e-01
7.87500000000000e+00  -4.02905194965289e-01
7.90000000000000e+00  -4.13049257029061e-01
7.92500000000000e+00  -4.19871675838796e-01
7.95000000000000e+00  -4.23357962153257e-01
7.97500000000000e+00  -4.23520959009333e-01
8.00000000000000e+00  -4.20399627070407e-01
8.02500000000000e+00  -4.14057829974720e-01
8.05000000000000e+00  -4.04583119683737e-01
8.07500000000000e+00  -3.92085521830513e-01
8.10000000000000e+00  -3.76696321068054e-01
8.12500000000000e+00  -3.58567907333726e-01
8.15000000000000e+00  -3.37855078064335e-01
8.17500000000000e+00  -3.14747632322363e-01
8.20000000000000e+00  -2.89438051373583e-01
8.22500000000000e+00  -2.62129240991934e-01
8.25000000000000e+00  -2.33032610979790e-01
8.27500000000000e+00  -2.02366154688253e-01
8.30000000000000e+00  -1.70352528537429e-01
8.32500000000000e+00  -1.37217131536699e-01
8.35000000000000e+00  -1.03186184805017e-01
8.37500000000000e+00  -6.84848110911665e-02
8.40000000000000e+00  -3.33351142940651e-02
8.42500000000000e+00  2.04574101697107e-03
8.45000000000000e+00  3.74463637899605e-02
8.47500000000000e+00  7.26631775167274e-02
8.50000000000000e+00  1.07501988037885e-01
8.52500000000000e+00  1.41777380995711e-01
8.55000000000000e+00  1.75315466041677e-01
8.57500000000000e+00  2.07954180018983e-01
8.60000000000000e+00  2.39543590145106e-01
8.62500000000000e+00  2.69946197194358e-01
8.65000000000000e+00  2.99037238680413e-01
8.67500000000000e+00  3.26704992038870e-01
8.70000000000000e+00  3.52851077809791e-01
8.72500000000000e+00  3.77390762820252e-01
8.75000000000000e+00  4.00261366835048e-01
8.77500000000000e+00  4.21392664772057e-01
8.80000000000000e+00  4.40751811803442e-01
8.82500000000000e+00  4.58306157526660e-01
8.85000000000000e+00  4.74035961614616e-01
8.87500000000000e+00  4.87933630451988e-01
8.90000000000000e+00  5.00002953771528e-01
8.92500000000000e+00  5.10258341290384e-01
8.95000000000000e+00  5.18724059346411e-01
8.97500000000000e+00  5.25433467534486e-01
9.00000000000000e+00  5.30428255342820e-01
9.02500000000000e+00  5.33757678789274e-01
9.05000000000000e+00  5.35477797057670e-01
9.07500000000000e+00  5.35650322664551e-01
9.10000000000000e+00  5.34342234707051e-01
9.12500000000000e+00  5.31624628671480e-01
9.15000000000000e+00  5.27572695702588e-01
9.17500000000000e+00  5.22264298565908e-01
9.20000000000000e+00  5.15779430212688e-01
9.22500000000000e+00  5.08199672344836e-01
9.25000000000000e+00  4.99607653979841e-01
9.27500000000000e+00  4.90086510015720e-01
9.30000000000000e+00  4.79719339795947e-01
9.32500000000000e+00  4.68588665674391e-01
9.35000000000000e+00  4.56775891580250e-01
9.37500000000000e+00  4.44351101644830e-01
9.40000000000000e+00  4.31412768699164e-01
9.42500000000000e+00  4.18015385689329e-01
9.45000000000000e+00  4.04233582674785e-01
9.47500000000000e+00  3.90137809952155e-01
9.50000000000000e+00  3.75794373590588e-01
9.52500000000000e+00  3.61265470967136e-01
9.55000000000000e+00  3.46609226302115e-01
9.57500000000000e+00  3.31879726194467e-01
9.60000000000000e+00  3.17127055157139e-01
9.62500000000000e+00  3.02397331152444e-01
9.65000000000000e+00  2.87732741127421e-01
9.67500000000000e+00  2.73171576549217e-01
9.70000000000000e+00  2.58748268940444e-01
9.72500000000000e+00  2.44493425414548e-01
9.75000000000000e+00  2.30433864211177e-01
9.77500000000000e+00  2.16592650231546e-01
9.80000000000000e+00  2.02989130573810e-01
9.82500000000000e+00  1.89638970068424e-01
9.85000000000000e+00  1.76554186813515e-01
9.87500000000000e+00  1.63743187710249e-01
9.90000000000000e+00  1.51210803998190e-01
9.92500000000000e+00  1.38958326790682e-01
9.95000000000000e+00  1.26983542610203e-01
9.97500000000000e+00  1.15280768923739e-01
1.00000000000000e+01  1.03840889678154e-01
