0.00000000000000e+00  -7.81315811823135e-02
2.50000000000000e-02  -8.48642837488856e-02
5.00000000000000e-02  -9.14951382005774e-02
7.50000000000000e-02  -9.80184590949684e-02
1.00000000000000e-01  -1.04423924938901e-01
1.25000000000000e-01  -1.10697139700544e-01
1.50000000000000e-01  -1.16820194321460e-01
1.75000000000000e-01  -1.22772228228670e-01
2.00000000000000e-01  -1.28529990846721e-01
2.25000000000000e-01  -1.34068403109749e-01
2.50000000000000e-01  -1.39361118973550e-01
2.75000000000000e-01  -1.44381086927642e-01
3.00000000000000e-01  -1.49101111507332e-01
3.25000000000000e-01  -1.53494498138140e-01
3.50000000000000e-01  -1.57535446778209e-01
3.75000000000000e-01  -1.61199327016086e-01
4.00000000000000e-01  -1.64463346754276e-01
4.25000000000000e-01  -1.67306835690767e-01
4.50000000000000e-01  -1.69711463969116e-01
4.75000000000000e-01  -1.71661460828541e-01
5.00000000000000e-01  -1.73143833254009e-01
5.25000000000000e-01  -1.74148584626324e-01
5.50000000000000e-01  -1.74668933372216e-01
5.75000000000000e-01  -1.74701531614431e-01
6.00000000000000e-01  -1.74246683821819e-01
6.25000000000000e-01  -1.73474585101832e-01
6.50000000000000e-01  -1.71906999908556e-01
6.75000000000000e-01  -1.70021736344409e-01
7.00000000000000e-01  -1.67781191221740e-01
7.25000000000000e-01  -1.65172467026506e-01
7.50000000000000e-01  -1.62204450124147e-01
7.75000000000000e-01  -1.58904888965452e-01
8.00000000000000e-01  -1.55317472292433e-01
8.25000000000000e-01  -1.51498907344194e-01
8.50000000000000e-01  -1.47515998062801e-01
8.75000000000000e-01  -1.43442723299155e-01
9.00000000000000e-01  -1.39357315018860e-01
9.25000000000000e-01  -1.35339336508098e-01
9.50000000000000e-01  -1.31474701314558e-01
9.75000000000000e-01  -1.27848926590269e-01
1.00000000000000e+00  -1.24547199934544e-01
1.02500000000000e+00  -1.21658468213722e-01
1.05000000000000e+00  -1.19271270304893e-01
1.07500000000000e+00  -1.17475228732537e-01
1.10000000000000e+00  -1.16362541305156e-01
1.12500000000000e+00  -1.16029472751916e-01
1.15000000000000e+00  -1.16577846359281e-01
1.17500000000000e+00  -1.18116535607650e-01
1.20000000000000e+00  -1.20762955807995e-01
1.22500000000000e+00  -1.24644555738498e-01
1.25000000000000e+00  -1.29927719788764e-01
1.27500000000000e+00  -1.36160343043414e-01
1.30000000000000e+00  -1.43921139149052e-01
1.32500000000000e+00  -1.53208849909490e-01
1.35000000000000e+00  -1.64028113167686e-01
1.37500000000000e+00  -1.76385945493430e-01
1.40000000000000e+00  -1.90288224871016e-01
1.42500000000000e+00  -2.05736173386919e-01
1.45000000000000e+00  -2.22722839917472e-01
1.47500000000000e+00  -2.41229582816545e-01
1.50000000000000e+00  -2.61222552603218e-01
1.52500000000000e+00  -2.82649174649459e-01
1.55000000000000e+00  -3.05434631867799e-01
1.57500000000000e+00  -3.29492867384847e-01
1.60000000000000e+00  -3.54706988785829e-01
1.62500000000000e+00  -3.80934663982374e-01
1.65000000000000e+00  -4.08030081405136e-01
1.67500000000000e+00  -4.35817684639063e-01
1.70000000000000e+00  -4.64099081455137e-01
1.72500000000000e+00  -4.92659965579531e-01
1.75000000000000e+00  -5.21277123422349e-01
1.77500000000000e+00  -5.49725462221160e-01
1.80000000000000e+00  -5.77785090982096e-01
1.82500000000000e+00  -6.05248462756820e-01
1.85000000000000e+00  -6.31927613104706e-01
1.87500000000000e+00  -6.57171661682014e-01
1.90000000000000e+00  -6.81519725839849e-01
1.92500000000000e+00  -7.04015502346833e-01
1.95000000000000e+00  -7.24507865995065e-01
1.97500000000000e+00  -7.42822237926305e-01
2.00000000000000e+00  -7.58768872895925e-01
2.02500000000000e+00  -7.72151146536858e-01
2.05000000000000e+00  -7.82773842623542e-01
2.07500000000000e+00  -7.90451440335873e-01
2.10000000000000e+00  -7.95016401523152e-01
2.12500000000000e+00  -7.96327457968028e-01
2.15000000000000e+00  -7.94277898650455e-01
2.17500000000000e+00  -7.88803857011630e-01
2.20000000000000e+00  -7.79857138737072e-01
2.22500000000000e+00  -7.67439907285421e-01
2.25000000000000e+00  -7.51605414224529e-01
2.27500000000000e+00  -7.32413400690846e-01
2.30000000000000e+00  -7.09979213972913e-01
2.32500000000000e+00  -6.84461265760832e-01
2.35000000000000e+00  -6.56049398192821e-01
2.37500000000000e+00  -6.24959752214934e-01
2.40000000000000e+00  -5.91428610276036e-01
2.42500000000000e+00  -5.55709880398345e-01
2.45000000000000e+00  -5.18073017320884e-01
2.47500000000000e+00  -4.78799934058157e-01
2.50000000000000e+00  -4.38488700164506e-01
2.52500000000000e+00  -3.97004546248354e-01
2.55000000000000e+00  -3.55187607718977e-01
2.57500000000000e+00  -3.13340896375578e-01
2.60000000000000e+00  -2.71792454558293e-01
2.62500000000000e+00  -2.30886416239317e-01
2.65000000000000e+00  -1.90974068114032e-01
2.67500000000000e+00  -1.52404875342156e-01
2.70000000000000e+00  -1.15517483586131e-01
2.72500000000000e+00  -8.06306757615975e-02
2.75000000000000e+00  -4.80343346418865e-02
2.77500000000000e+00  -1.79803233762811e-02
2.80000000000000e+00  9.32664635356261e-03
2.82500000000000e+00  3.37021993854912e-02
2.85000000000000e+00  5.50261158052114e-02
2.87500000000000e+00  7.32226790646017e-02
2.90000000000000e+00  8.82477024806097e-02
2.92500000000000e+00  1.00118124758786e-01
2.95000000000000e+00  1.08898290789382e-01
2.97500000000000e+00  1.14688882363415e-01
3.00000000000000e+00  1.17631599716187e-01
3.02500000000000e+00  1.17902431928093e-01
3.05000000000000e+00  1.15710927692051e-01
3.07500000000000e+00  1.11293450006783e-01
3.10000000000000e+00  1.04899761668590e-01
3.12500000000000e+00  9.69106702873098e-02
3.15000000000000e+00  8.76561081590783e-02
3.17500000000000e+00  7.74427797137523e-02
3.20000000000000e+00  6.66142119907364e-02
3.22500000000000e+00  5.55169468186866e-02
3.25000000000000e+00  4.44931056694753e-02
3.27500000000000e+00  3.38729545121577e-02
3.30000000000000e+00  2.39683256464760e-02
3.32500000000000e+00  1.50669382595462e-02
3.35000000000000e+00  7.42766364745362e-03
3.37500000000000e+00  1.27639202702150e-03
3.40000000000000e+00  -3.19680541802587e-03
3.42500000000000e+00  -5.84035519214214e-03
3.45000000000000e+00  -6.53019594515535e-03
3.47500000000000e+00  -5.24034314410101e-03
3.50000000000000e+00  -1.94431785008820e-03
3.52500000000000e+00  3.36552059052475e-03
3.55000000000000e+00  1.06177976697635e-02
3.57500000000000e+00  1.96883461221074e-02
3.60000000000000e+00  3.04223222744563e-02
3.62500000000000e+00  4.26316827856930e-02
3.65000000000000e+00  5.61036152322240e-02
3.67500000000000e+00  7.05985024629815e-02
3.70000000000000e+00  8.58482854524654e-02
3.72500000000000e+00  1.01551636990558e-01
3.75000000000000e+00  1.17480248668387e-01
3.77500000000000e+00  1.33224186898519e-01
3.80000000000000e+00  1.48531213264334e-01
3.82500000000000e+00  1.63102160408963e-01
3.85000000000000e+00  1.76651257898753e-01
3.87500000000000e+00  1.88910026353876e-01
3.90000000000000e+00  1.99631171578926e-01
3.92500000000000e+00  2.08593272288914e-01
3.95000000000000e+00  2.15604795218173e-01
3.97500000000000e+00  2.20507242946150e-01
4.00000000000000e+00  2.23177144831909e-01
4.02500000000000e+00  2.23527482415094e-01
4.05000000000000e+00  2.21509131529825e-01
4.07500000000000e+00  2.17102951668672e-01
4.10000000000000e+00  2.10353345292961e-01
4.12500000000000e+00  2.01309235040097e-01
4.15000000000000e+00  1.90064721988978e-01
4.17500000000000e+00  1.76747127401963e-01
4.20000000000000e+00  1.61512101252177e-01
4.22500000000000e+00  1.44538831539422e-01
4.25000000000000e+00  1.26025929573534e-01
4.27500000000000e+00  1.06187252941858e-01
4.30000000000000e+00  8.52480939915099e-02
4.32500000000000e+00  6.34415405654849e-02
4.35000000000000e+00  4.10050894294893e-02
4.37500000000000e+00  1.81680554006246e-02
4.40000000000000e+00  -4.82246322424079e-03
4.42500000000000e+00  -2.77677346078896e-02
4.45000000000000e+00  -5.04545665844024e-02
4.47500000000000e+00  -7.26898147714034e-02
4.50000000000000e+00  -9.43006397836252e-02
4.52500000000000e+00  -1.15134764446467e-01
4.55000000000000e+00  -1.35060760453357e-01
4.57500000000000e+00  -1.53968354658431e-01
4.60000000000000e+00  -1.71768755356057e-01
4.62500000000000e+00  -1.88394984312406e-01
4.65000000000000e+00  -2.03802241477307e-01
4.67500000000000e+00  -2.17968274549532e-01
4.70000000000000e+00  -2.30882801387433e-01
4.72500000000000e+00  -2.42554001341542e-01
4.75000000000000e+00  -2.53002093252164e-01
4.77500000000000e+00  -2.62260007787093e-01
4.80000000000000e+00  -2.70367594974894e-01
4.82500000000000e+00  -2.77369342739241e-01
4.85000000000000e+00  -2.83312095433270e-01
4.87500000000000e+00  -2.88242772373920e-01
4.90000000000000e+00  -2.92206086376278e-01
4.92500000000000e+00  -2.95242262287928e-01
4.95000000000000e+00  -2.97384755523292e-01
4.97500000000000e+00  -2.98657970597975e-01
5.00000000000000e+00  -2.99074979978831e-01
5.02500000000000e+00  -2.98658604299670e-01
5.05000000000000e+00  -2.97386014435669e-01
5.07500000000000e+00  -2.95244129971888e-01
5.10000000000000e+00  -2.92208538402211e-01
5.12500000000000e+00  -2.88245776674485e-01
5.15000000000000e+00  -2.83315612735662e-01
5.17500000000000e+00  -2.77373327076935e-01
5.20000000000000e+00  -2.70371994278882e-01
5.22500000000000e+00  -2.62264764556604e-01
5.25000000000000e+00  -2.53007145304862e-01
5.27500000000000e+00  -2.42559282643222e-01
5.30000000000000e+00  -2.30888242961192e-01
5.32500000000000e+00  -2.17973805269436e-01
5.35000000000000e+00  -2.03807789061571e-01
5.37500000000000e+00  -1.88400476283262e-01
5.40000000000000e+00  -1.71774119881422e-01
5.42500000000000e+00  -1.53973521530334e-01
5.45000000000000e+00  -1.35065662009354e-01
5.47500000000000e+00  -1.15139336434097e-01
5.50000000000000e+00  -9.43048221681969e-02
5.52500000000000e+00  -7.26935524861539e-02
5.55000000000000e+00  -5.04578102229737e-02
5.57500000000000e+00  -2.77704410580391e-02
5.60000000000000e+00  -4.82459624130274e-03
5.62500000000000e+00  1.81757291467257e-02
5.65000000000000e+00  4.10041825568208e-02
5.67500000000000e+00  6.34412710228729e-02
5.70000000000000e+00  8.52484673080345e-02
5.72500000000000e+00  1.06188266555665e-01
5.75000000000000e+00  1.26027572936712e-01
5.77500000000000e+00  1.44541086297105e-01
5.80000000000000e+00  1.61514941502173e-01
5.82500000000000e+00  1.76750520038843e-01
5.85000000000000e+00  1.90068627140539e-01
5.87500000000000e+00  2.01313606594887e-01
5.90000000000000e+00  2.10358131533765e-01
5.92500000000000e+00  2.17108096014178e-01
5.95000000000000e+00  2.21514573078892e-01
5.97500000000000e+00  2.23533156942259e-01
6.00000000000000e+00  2.23182985334508e-01
6.02500000000000e+00  2.20513180828508e-01
6.05000000000000e+00  2.15610760985598e-01
6.07500000000000e+00  2.08599196341539e-01
6.10000000000000e+00  1.99636985090655e-01
6.12500000000000e+00  1.88915662138564e-01
6.15000000000000e+00  1.76656651267618e-01
6.17500000000000e+00  1.63107249965892e-01
6.20000000000000e+00  1.48535941606087e-01
6.22500000000000e+00  1.33228501167161e-01
6.25000000000000e+00  1.17372988077236e-01
6.27500000000000e+00  1.01554985798016e-01
6.30000000000000e+00  8.58510948466885e-02
6.32500000000000e+00  7.06007434988722e-02
6.35000000000000e+00  5.61052658293779e-02
6.37500000000000e+00  4.26327279368997e-02
6.40000000000000e+00  3.04227541686980e-02
6.42500000000000e+00  1.96881641773730e-02
6.45000000000000e+00  1.06170084688645e-02
6.47500000000000e+00  3.36413773695308e-03
6.50000000000000e+00  -1.94627397208147e-03
6.52500000000000e+00  -5.24284566790830e-03
6.55000000000000e+00  -6.53321187294881e-03
6.57500000000000e+00  -5.84384592423004e-03
6.60000000000000e+00  -3.20072733891444e-03
6.62500000000000e+00  1.27208739782337e-03
6.65000000000000e+00  7.42302851759755e-03
6.67500000000000e+00  1.50620281048636e-02
6.70000000000000e+00  2.39631986157595e-02
6.72500000000000e+00  3.38676707101531e-02
6.75000000000000e+00  4.44877264123507e-02
6.77500000000000e+00  5.55115338647336e-02
6.80000000000000e+00  6.66088267981344e-02
6.82500000000000e+00  7.74374827677518e-02
6.85000000000000e+00  8.76509584405886e-02
6.87500000000000e+00  9.67746662937295e-02
6.90000000000000e+00  1.04895073774779e-01
6.92500000000000e+00  1.11289069792315e-01
6.95000000000000e+00  1.15706902115083e-01
6.97500000000000e+00  1.17898803254018e-01
7.00000000000000e+00  1.17628405112129e-01
7.02500000000000e+00  1.14686153634367e-01
7.05000000000000e+00  1.08896054192470e-01
7.07500000000000e+00  1.00116400884135e-01
7.10000000000000e+00  8.82465061569201e-02
7.12500000000000e+00  7.32220193229455e-02
7.15000000000000e+00  5.50259958012463e-02
7.17500000000000e+00  3.37026162630516e-02
7.20000000000000e+00  9.32759158832695e-03
7.22500000000000e+00  -1.79788636716922e-02
7.25000000000000e+00  -4.80323799538559e-02
7.27500000000000e+00  -8.06282506861027e-02
7.30000000000000e+00  -1.15514617517592e-01
7.32500000000000e+00  -1.52401602108650e-01
7.35000000000000e+00  -1.90970425557597e-01
7.37500000000000e+00  -2.30882445733526e-01
7.40000000000000e+00  -2.71788200466997e-01
7.42500000000000e+00  -3.13336405449568e-01
7.45000000000000e+00  -3.55182928431386e-01
7.47500000000000e+00  -3.96999728068126e-01
7.50000000000000e+00  -4.38177007751934e-01
7.52500000000000e+00  -4.78794994178667e-01
7.55000000000000e+00  -5.18068094198002e-01
7.57500000000000e+00  -5.55705024702557e-01
7.60000000000000e+00  -5.91423871856430e-01
7.62500000000000e+00  -6.24955179563560e-01
7.65000000000000e+00  -6.56045037936095e-01
7.67500000000000e+00  -6.84457162197123e-01
7.70000000000000e+00  -7.09975408656756e-01
7.72500000000000e+00  -7.32409932077789e-01
7.75000000000000e+00  -7.51602317360889e-01
7.77500000000000e+00  -7.67437213579901e-01
7.80000000000000e+00  -7.79854875820576e-01
7.82500000000000e+00  -7.88802048471909e-01
7.85000000000000e+00  -7.94276563877966e-01
7.87500000000000e+00  -7.96326612280743e-01
7.90000000000000e+00  -7.95016055917670e-01
7.92500000000000e+00  -7.90451601578363e-01
7.95000000000000e+00  -7.82774513339411e-01
7.97500000000000e+00  -7.72152325299165e-01
8.00000000000000e+00  -7.58770554312531e-01
8.02500000000000e+00  -7.42824412725752e-01
8.05000000000000e+00  -7.24510521111204e-01
8.07500000000000e+00  -7.04018621002180e-01
8.10000000000000e+00  -6.81523287627682e-01
8.12500000000000e+00  -6.57665378358499e-01
8.15000000000000e+00  -6.31931991039615e-01
8.17500000000000e+00  -6.05253208621262e-01
8.20000000000000e+00  -5.77790173441493e-01
8.22500000000000e+00  -5.49730848832767e-01
8.25000000000000e+00  -5.21282780694877e-01
8.27500000000000e+00  -4.92665859067897e-01
8.30000000000000e+00  -4.64105175893350e-01
8.32500000000000e+00  -4.35823944113298e-01
8.35000000000000e+00  -4.08036469568324e-01
8.37500000000000e+00  -3.80941144311536e-01
8.40000000000000e+00  -3.54713524883933e-01
8.42500000000000e+00  -3.29499423327427e-01
8.45000000000000e+00  -3.05441172470496e-01
8.47500000000000e+00  -2.82655665783039e-01
8.50000000000000e+00  -2.61228961449194e-01
8.52500000000000e+00  -2.41235878169220e-01
8.55000000000000e+00  -2.22728992360554e-01
8.57500000000000e+00  -2.05742155423429e-01
8.60000000000000e+00  -1.90294011006474e-01
8.62500000000000e+00  -1.76391512272325e-01
8.65000000000000e+00  -1.64033439163234e-01
8.67500000000000e+00  -1.53213915666675e-01
8.70000000000000e+00  -1.43925927080951e-01
8.72500000000000e+00  -1.36164837280805e-01
8.75000000000000e+00  -1.29904496871954e-01
8.77500000000000e+00  -1.24648428073716e-01
8.80000000000000e+00  -1.20766504257569e-01
8.82500000000000e+00  -1.18119754020691e-01
8.85000000000000e+00  -1.16580730895026e-01
8.87500000000000e+00  -1.16032021721450e-01
8.90000000000000e+00  -1.16364755023937e-01
8.92500000000000e+00  -1.17477109383720e-01
8.95000000000000e+00  -1.19272821813456e-01
8.97500000000000e+00  -1.21659696131391e-01
9.00000000000000e+00  -1.24548111335525e-01
9.02500000000000e+00  -1.27849529977775e-01
9.05000000000000e+00  -1.31475006538137e-01
9.07500000000000e+00  -1.35339354513174e-01
9.10000000000000e+00  -1.39357057776363e-01
9.12500000000000e+00  -1.43442203697873e-01
9.15000000000000e+00  -1.47515229710844e-01
9.17500000000000e+00  -1.51497904475364e-01
9.20000000000000e+00  -1.55316249667112e-01
9.22500000000000e+00  -1.58903461766005e-01
9.25000000000000e+00  -1.62202833844839e-01
9.27500000000000e+00  -1.65170677357937e-01
9.30000000000000e+00  -1.67779243929794e-01
9.32500000000000e+00  -1.70019647143720e-01
9.35000000000000e+00  -1.71904784330485e-01
9.37500000000000e+00  -1.73306238853870e-01
9.40000000000000e+00  -1.74244262538410e-01
9.42500000000000e+00  -1.74699030503708e-01
9.45000000000000e+00  -1.74666367175618e-01
9.47500000000000e+00  -1.74145967910751e-01
9.50000000000000e+00  -1.73141180355184e-01
9.52500000000000e+00  -1.71658785803165e-01
9.55000000000000e+00  -1.69708780555826e-01
9.57500000000000e+00  -1.67304157279882e-01
9.60000000000000e+00  -1.64460686366348e-01
9.62500000000000e+00  -1.61196697289240e-01
9.65000000000000e+00  -1.57532859964286e-01
9.67500000000000e+00  -1.53491966107629e-01
9.70000000000000e+00  -1.49098645753713e-01
9.72500000000000e+00  -1.44378698556183e-01
9.75000000000000e+00  -1.39358818694816e-01
9.77500000000000e+00  -1.34066201194443e-01
9.80000000000000e+00  -1.28527897086503e-01
9.82500000000000e+00  -1.22770251865518e-01
9.85000000000000e+00  -1.16818343945571e-01
9.87500000000000e+00  -1.10695423116784e-01
9.90000000000000e+00  -1.04422349001796e-01
9.92500000000000e+00  -9.80170295122378e-02
9.95000000000000e+00  -9.14938593052131e-02
9.97500000000000e+00  -8.48631582397719e-02
1.00000000000000e+01  -7.81306098333941e-02
