0.00000000000000e+00  1.04060304756778e-01
2.50000000000000e-02  1.15788045936233e-01
5.00000000000000e-02  1.27601750833503e-01
7.50000000000000e-02  1.39592439046871e-01
1.00000000000000e-01  1.51823446796798e-01
1.25000000000000e-01  1.64334025762194e-01
1.50000000000000e-01  1.77142941916696e-01
1.75000000000000e-01  1.90252074364942e-01
2.00000000000000e-01  2.03650014178847e-01
2.25000000000000e-01  2.17315663233884e-01
2.50000000000000e-01  2.31221833045354e-01
2.75000000000000e-01  2.45338843604667e-01
3.00000000000000e-01  2.59638122215615e-01
3.25000000000000e-01  2.74083598341179e-01
3.50000000000000e-01  2.88642436606245e-01
3.75000000000000e-01  3.03290849037720e-01
4.00000000000000e-01  3.17988811824406e-01
4.25000000000000e-01  3.32703262312110e-01
4.50000000000000e-01  3.47402325512757e-01
4.75000000000000e-01  3.62049540613491e-01
5.00000000000000e-01  3.76598087485793e-01
5.25000000000000e-01  3.90985013194586e-01
5.50000000000000e-01  4.05125458507347e-01
5.75000000000000e-01  4.18906884403220e-01
6.00000000000000e-01  4.32183298582118e-01
6.25000000000000e-01  4.45243764938599e-01
6.50000000000000e-01  4.57399965039473e-01
6.75000000000000e-01  4.69097371313623e-01
7.00000000000000e-01  4.80182175860902e-01
7.25000000000000e-01  4.90522347435516e-01
7.50000000000000e-01  5.00004373787383e-01
7.75000000000000e-01  5.08530004003480e-01
8.00000000000000e-01  5.16012990849200e-01
8.25000000000000e-01  5.22375833109709e-01
8.50000000000000e-01  5.27546517931294e-01
8.75000000000000e-01  5.31455263162724e-01
9.00000000000000e-01  5.34031259696595e-01
9.25000000000000e-01  5.35199413810694e-01
9.50000000000000e-01  5.34896493225636e-01
9.75000000000000e-01  5.33054747143185e-01
1.00000000000000e+00  5.29607927198074e-01
1.02500000000000e+00  5.24496226488638e-01
1.05000000000000e+00  5.17663818158406e-01
1.07500000000000e+00  5.09061965483788e-01
1.10000000000000e+00  4.98652131961771e-01
1.12500000000000e+00  4.86409091397615e-01
1.15000000000000e+00  4.72324037992542e-01
1.17500000000000e+00  4.56407696431433e-01
1.20000000000000e+00  4.38693431970519e-01
1.22500000000000e+00  4.19240360525078e-01
1.25000000000000e+00  3.97986319850985e-01
1.27500000000000e+00  3.74983117171537e-01
1.30000000000000e+00  3.50309242108902e-01
1.32500000000000e+00  3.24033799386862e-01
1.35000000000000e+00  2.96241717844168e-01
1.37500000000000e+00  2.67032850468071e-01
1.40000000000000e+00  2.36521074427870e-01
1.42500000000000e+00  2.04833391108451e-01
1.45000000000000e+00  1.72109026143827e-01
1.47500000000000e+00  1.38498529450680e-01
1.50000000000000e+00  1.04162875261905e-01
1.52500000000000e+00  6.92725621601416e-02
1.55000000000000e+00  3.40067131113280e-02
1.57500000000000e+00  -1.43648952408956e-03
1.60000000000000e+00  -3.68534134811317e-02
1.62500000000000e+00  -7.20353531078991e-02
1.65000000000000e+00  -1.06758853463051e-01
1.67500000000000e+00  -1.40798457832821e-01
1.70000000000000e+00  -1.73928020092242e-01
1.72500000000000e+00  -2.05922017066359e-01
1.75000000000000e+00  -2.36556860891457e-01
1.77500000000000e+00  -2.65612211376270e-01
1.80000000000000e+00  -2.92872288363209e-01
1.82500000000000e+00  -3.18127184089577e-01
1.85000000000000e+00  -3.41174175548790e-01
1.87500000000000e+00  -3.61826636942609e-01
1.90000000000000e+00  -3.79880430447575e-01
1.92500000000000e+00  -3.95188143516261e-01
1.95000000000000e+00  -4.07598731033042e-01
1.97500000000000e+00  -4.16981185329204e-01
2.00000000000000e+00  -4.23225766200548e-01
2.02500000000000e+00  -4.26245230924980e-01
2.05000000000000e+00  -4.25976064280111e-01
2.07500000000000e+00  -4.22379708560849e-01
2.10000000000000e+00  -4.15443793597000e-01
2.12500000000000e+00  -4.05183366770860e-01
2.15000000000000e+00  -3.91642123034810e-01
2.17500000000000e+00  -3.74893634928917e-01
2.20000000000000e+00  -3.55037559250433e-01
2.22500000000000e+00  -3.32203766687174e-01
2.25000000000000e+00  -3.06552041455579e-01
2.27500000000000e+00  -2.78266663909715e-01
2.30000000000000e+00  -2.47560663708735e-01
2.32500000000000e+00  -2.14673631586471e-01
2.35000000000000e+00  -1.79869531121013e-01
2.37500000000000e+00  -1.43434510504303e-01
2.40000000000000e+00  -1.05674714311724e-01
2.42500000000000e+00  -6.69140952716837e-02
2.45000000000000e+00  -2.74922260352073e-02
2.47500000000000e+00  1.22378890544791e-02
2.50000000000000e+00  5.19156752048769e-02
2.52500000000000e+00  9.11835471224051e-02
2.55000000000000e+00  1.29659422134492e-01
2.57500000000000e+00  1.66977605415781e-01
2.60000000000000e+00  2.02777354727657e-01
2.62500000000000e+00  2.36706591010103e-01
2.65000000000000e+00  2.68425608973571e-01
2.67500000000000e+00  2.97610787690839e-01
2.70000000000000e+00  3.23958301188886e-01
2.72500000000000e+00  3.47187829040748e-01
2.75000000000000e+00  3.67046266957385e-01
2.77500000000000e+00  3.83311437379546e-01
2.80000000000000e+00  3.95795800069632e-01
2.82500000000000e+00  4.04346280399104e-01
2.85000000000000e+00  4.08849456937264e-01
2.87500000000000e+00  4.09235475282787e-01
2.90000000000000e+00  4.05470804954251e-01
2.92500000000000e+00  3.97568442757907e-01
2.95000000000000e+00  3.85586727444965e-01
2.97500000000000e+00  3.69628154368868e-01
3.00000000000000e+00  3.49838190142572e-01
3.02500000000000e+00  3.26404087295828e-01
3.05000000000000e+00  2.99553698932455e-01
3.07500000000000e+00  2.69554293387622e-01
3.10000000000000e+00  2.36711368885130e-01
3.12500000000000e+00  2.01383553081582e-01
3.15000000000000e+00  1.63921734247632e-01
3.17500000000000e+00  1.24741100014356e-01
3.20000000000000e+00  8.42635573714055e-02
3.22500000000000e+00  4.29313239533030e-02
3.25000000000000e+00  1.20142855014738e-03
3.27500000000000e+00  -4.04597883816697e-02
3.30000000000000e+00  -8.15821742087518e-02
3.32500000000000e+00  -1.21697263609990e-01
3.35000000000000e+00  -1.60343778065851e-01
3.37500000000000e+00  -1.97073125347662e-01
3.40000000000000e+00  -2.31454899006901e-01
3.42500000000000e+00  -2.63082377864483e-01
3.45000000000000e+00  -2.91577403262127e-01
3.47500000000000e+00  -3.16595543490367e-01
3.50000000000000e+00  -3.37833792429672e-01
3.52500000000000e+00  -3.55024571425587e-01
3.55000000000000e+00  -3.67949891318143e-01
3.57500000000000e+00  -3.76442455174315e-01
3.60000000000000e+00  -3.80386761020480e-01
3.62500000000000e+00  -3.79720204574878e-01
3.65000000000000e+00  -3.74434181980069e-01
3.67500000000000e+00  -3.64575192535395e-01
3.70000000000000e+00  -3.50245941429435e-01
3.72500000000000e+00  -3.31606442472464e-01
3.75000000000000e+00  -3.08864536573955e-01
3.77500000000000e+00  -2.82303924373876e-01
3.80000000000000e+00  -2.52222887122923e-01
3.82500000000000e+00  -2.18979085625845e-01
3.85000000000000e+00  -1.82973507919555e-01
3.87500000000000e+00  -1.44644377025085e-01
3.90000000000000e+00  -1.04461058699540e-01
3.92500000000000e+00  -6.29179691880632e-02
3.95000000000000e+00  -2.05284829757817e-02
3.97500000000000e+00  2.21811594602328e-02
4.00000000000000e+00  6.46779438990042e-02
4.02500000000000e+00  1.06428174623700e-01
4.05000000000000e+00  1.46903566669670e-01
4.07500000000000e+00  1.85591796408426e-01
4.10000000000000e+00  2.21999594629627e-01
4.12500000000000e+00  2.55663139909301e-01
4.15000000000000e+00  2.86144836036246e-01
4.17500000000000e+00  3.13049111853307e-01
4.20000000000000e+00  3.36025874324557e-01
4.22500000000000e+00  3.54773961602462e-01
4.25000000000000e+00  3.69044596095056e-01
4.27500000000000e+00  3.78644837533113e-01
4.30000000000000e+00  3.83441036037317e-01
4.32500000000000e+00  3.83362285185433e-01
4.35000000000000e+00  3.78403875079480e-01
4.37500000000000e+00  3.68610459968180e-01
4.40000000000000e+00  3.54119089952974e-01
4.42500000000000e+00  3.35090050930425e-01
4.45000000000000e+00  3.11759902754257e-01
4.47500000000000e+00  2.84424406592889e-01
4.50000000000000e+00  2.53432803064159e-01
4.52500000000000e+00  2.19182090370046e-01
4.55000000000000e+00  1.82111302431399e-01
4.57500000000000e+00  1.42695787022655e-01
4.60000000000000e+00  1.01441483906568e-01
4.62500000000000e+00  5.88792029689347e-02
4.65000000000000e+00  1.55589023533078e-02
4.67500000000000e+00  -2.79560334042640e-02
4.70000000000000e+00  -7.11038639524298e-02
4.72500000000000e+00  -1.13324555979787e-01
4.75000000000000e+00  -1.54072492227638e-01
4.77500000000000e+00  -1.92814665837894e-01
4.80000000000000e+00  -2.29047289458876e-01
4.82500000000000e+00  -2.62300823491647e-01
4.85000000000000e+00  -2.92145004336339e-01
4.87500000000000e+00  -3.18193872638466e-01
4.90000000000000e+00  -3.40110801535258e-01
4.92500000000000e+00  -3.57613524901980e-01
4.95000000000000e+00  -3.70479165598255e-01
4.97500000000000e+00  -3.78549263714392e-01
5.00000000000000e+00  -3.81718204488206e-01
5.02500000000000e+00  -3.79960586937024e-01
5.05000000000000e+00  -3.73303822167181e-01
5.07500000000000e+00  -3.61840227090273e-01
5.10000000000000e+00  -3.45730069226127e-01
5.12500000000000e+00  -3.25196744008321e-01
5.15000000000000e+00  -3.00521952089696e-01
5.17500000000000e+00  -2.72040876647878e-01
5.20000000000000e+00  -2.40137360690803e-01
5.22500000000000e+00  -2.05239084362222e-01
5.25000000000000e+00  -1.67812742247233e-01
5.27500000000000e+00  -1.28359220677786e-01
5.30000000000000e+00  -8.74087750382141e-02
5.32500000000000e+00  -4.55047712814831e-02
5.35000000000000e+00  -3.20521228412836e-03
5.37500000000000e+00  3.89291632743673e-02
5.40000000000000e+00  8.03363824184457e-02
5.42500000000000e+00  1.20467006200586e-01
5.45000000000000e+00  1.58790298997733e-01
5.47500000000000e+00  1.94800397807721e-01
5.50000000000000e+00  2.28022481545687e-01
5.52500000000000e+00  2.58018940340507e-01
5.55000000000000e+00  2.84395544831204e-01
5.57500000000000e+00  3.06807615463380e-01
5.60000000000000e+00  3.24966191785638e-01
5.62500000000000e+00  3.38626513083479e-01
5.65000000000000e+00  3.47620338396006e-01
5.67500000000000e+00  3.51825305795784e-01
5.70000000000000e+00  3.51183582000524e-01
5.72500000000000e+00  3.45704742406778e-01
5.75000000000000e+00  3.35462666320338e-01
5.77500000000000e+00  3.20592432186645e-01
5.80000000000000e+00  3.01287212821191e-01
5.82500000000000e+00  2.77795170639928e-01
5.85000000000000e+00  2.50416352889662e-01
5.87500000000000e+00  2.19499586878470e-01
5.90000000000000e+00  1.85439375206093e-01
5.92500000000000e+00  1.48672790994349e-01
5.95000000000000e+00  1.09662842096418e-01
5.97500000000000e+00  6.89024011945673e-02
6.00000000000000e+00  2.69038956216190e-02
6.02500000000000e+00  -1.58042002771903e-02
6.05000000000000e+00  -5.86878794477606e-02
6.07500000000000e+00  -1.01213871774408e-01
6.10000000000000e+00  -1.42855913727177e-01
6.12500000000000e+00  -1.83101018009118e-01
6.15000000000000e+00  -2.21455743203603e-01
6.17500000000000e+00  -2.57452463421605e-01
6.20000000000000e+00  -2.90655637948999e-01
6.22500000000000e+00  -3.20668080893864e-01
6.25000000000000e+00  -3.47134784118324e-01
6.27500000000000e+00  -3.69727051726224e-01
6.30000000000000e+00  -3.88195757756517e-01
6.32500000000000e+00  -4.02322845837608e-01
6.35000000000000e+00  -4.11948827949360e-01
6.37500000000000e+00  -4.16971656972824e-01
6.40000000000000e+00  -4.17345599239983e-01
6.42500000000000e+00  -4.13080107083482e-01
6.45000000000000e+00  -4.04238691386375e-01
6.47500000000000e+00  -3.90937794131851e-01
6.50000000000000e+00  -3.73345660952980e-01
6.52500000000000e+00  -3.51681213682445e-01
6.55000000000000e+00  -3.26212922902284e-01
6.57500000000000e+00  -2.97245100359516e-01
6.60000000000000e+00  -2.65123259139307e-01
6.62500000000000e+00  -2.30226779981033e-01
6.65000000000000e+00  -1.92963854711813e-01
6.67500000000000e+00  -1.53766373915291e-01
6.70000000000000e+00  -1.13084419308305e-01
6.72500000000000e+00  -7.13807561175396e-02
6.75000000000000e+00  -2.91253254562092e-02
6.77500000000000e+00  1.32102632992935e-02
6.80000000000000e+00  5.51582401327178e-02
6.82500000000000e+00  9.62601820112953e-02
6.85000000000000e+00  1.36072520509078e-01
6.87500000000000e+00  1.74150998385822e-01
6.90000000000000e+00  2.10141343857922e-01
6.92500000000000e+00  2.43630460349708e-01
6.95000000000000e+00  2.74275740655119e-01
6.97500000000000e+00  3.01771362211529e-01
7.00000000000000e+00  3.25849508507943e-01
7.02500000000000e+00  3.46281590493201e-01
7.05000000000000e+00  3.62879467984171e-01
7.07500000000000e+00  3.75496671073949e-01
7.10000000000000e+00  3.84029621540056e-01
7.12500000000000e+00  3.88418854252636e-01
7.15000000000000e+00  3.88650238582656e-01
7.17500000000000e+00  3.84756199810101e-01
7.20000000000000e+00  3.76806066555126e-01
7.22500000000000e+00  3.64912660087533e-01
7.25000000000000e+00  3.49228536230675e-01
7.27500000000000e+00  3.29941153097887e-01
7.30000000000000e+00  3.07272597332036e-01
7.32500000000000e+00  2.81475854096717e-01
7.35000000000000e+00  2.52831077067432e-01
7.37500000000000e+00  2.21641858422781e-01
7.40000000000000e+00  1.88231498835643e-01
7.42500000000000e+00  1.52939277464374e-01
7.45000000000000e+00  1.16116721943982e-01
7.47500000000000e+00  7.81238783773174e-02
7.50000000000000e+00  3.93226690309153e-02
7.52500000000000e+00  1.11408387671866e-04
7.55000000000000e+00  -3.91684820909354e-02
7.57500000000000e+00  -7.81519790812892e-02
7.60000000000000e+00  -1.16485535788133e-01
7.62500000000000e+00  -1.53829227121656e-01
7.65000000000000e+00  -1.89858894874610e-01
7.67500000000000e+00  -2.24268292899391e-01
7.70000000000000e+00  -2.56771232285151e-01
7.72500000000000e+00  -2.87103726534892e-01
7.75000000000000e+00  -3.15026136742561e-01
7.77500000000000e+00  -3.40325316770157e-01
7.80000000000000e+00  -3.62816758424824e-01
7.82500000000000e+00  -3.82340610181250e-01
7.85000000000000e+00  -3.98767001772733e-01
7.87500000000000e+00  -4.11995934156341e-01
7.90000000000000e+00  -4.21953737594468e-01
7.92500000000000e+00  -4.28596573921531e-01
7.95000000000000e+00  -4.31909227953644e-01
7.97500000000000e+00  -4.31903898898309e-01
8.00000000000000e+00  -4.28618991764089e-01
8.02500000000000e+00  -4.22117908770292e-01
8.05000000000000e+00  -4.12487840756650e-01
8.07500000000000e+00  -3.99838558593002e-01
8.10000000000000e+00  -3.84301204588971e-01
8.12500000000000e+00  -3.66020071913347e-01
8.15000000000000e+00  -3.45159689037608e-01
8.17500000000000e+00  -3.21906877542400e-01
8.20000000000000e+00  -2.96454919002481e-01
8.22500000000000e+00  -2.69005829357002e-01
8.25000000000000e+00  -2.39769008381240e-01
8.27500000000000e+00  -2.08959889158358e-01
8.30000000000000e+00  -1.76798587551136e-01
8.32500000000000e+00  -1.43508551673708e-01
8.35000000000000e+00  -1.09315211363324e-01
8.37500000000000e+00  -7.44446276520673e-02
8.40000000000000e+00  -3.91221422386191e-02
8.42500000000000e+00  -3.57102695998950e-03
8.45000000000000e+00  3.20001557949607e-02
8.47500000000000e+00  6.73879823291586e-02
8.50000000000000e+00  1.02394509854595e-01
8.52500000000000e+00  1.36840874375900e-01
8.55000000000000e+00  1.70556847829429e-01
8.57500000000000e+00  2.03381718375744e-01
8.60000000000000e+00  2.35165170692102e-01
8.62500000000000e+00  2.65768166264957e-01
8.65000000000000e+00  2.95063823682432e-01
8.67500000000000e+00  3.22938298926818e-01
8.70000000000000e+00  3.49291665667062e-01
8.72500000000000e+00  3.74038795551259e-01
8.75000000000000e+00  3.97261213037775e-01
8.77500000000000e+00  4.18431394206046e-01
8.80000000000000e+00  4.37947066615501e-01
8.82500000000000e+00  4.55720411917827e-01
8.85000000000000e+00  4.71692462496665e-01
8.87500000000000e+00  4.85829992610511e-01
8.90000000000000e+00  4.98122409535620e-01
8.92500000000000e+00  5.08578644708912e-01
8.95000000000000e+00  5.17224044870874e-01
8.97500000000000e+00  5.24097263208468e-01
9.00000000000000e+00  5.29247150498033e-01
9.02500000000000e+00  5.32729646248186e-01
9.05000000000000e+00  5.34604669842733e-01
9.07500000000000e+00  5.34938568278160e-01
9.10000000000000e+00  5.33799192754296e-01
9.12500000000000e+00  5.31249876326977e-01
9.15000000000000e+00  5.27365802043435e-01
9.17500000000000e+00  5.22217869549993e-01
9.20000000000000e+00  5.15875951917736e-01
9.22500000000000e+00  5.08412152468178e-01
9.25000000000000e+00  4.99904061598920e-01
9.27500000000000e+00  4.90438013609333e-01
9.30000000000000e+00  4.80112343526211e-01
9.32500000000000e+00  4.69040643929444e-01
9.35000000000000e+00  4.57355021777687e-01
9.37500000000000e+00  4.44735024842217e-01
9.40000000000000e+00  4.32158329051194e-01
9.42500000000000e+00  4.18890259738302e-01
9.45000000000000e+00  4.05116140945639e-01
9.47500000000000e+00  3.90982058202497e-01
9.50000000000000e+00  3.76600633405591e-01
9.52500000000000e+00  3.62056799699296e-01
9.55000000000000e+00  3.47413576355872e-01
9.57500000000000e+00  3.32717843655693e-01
9.60000000000000e+00  3.18006117767480e-01
9.62500000000000e+00  3.03310325628532e-01
9.65000000000000e+00  2.88663579824949e-01
9.67500000000000e+00  2.74105953471869e-01
9.70000000000000e+00  2.59661278479249e-01
9.72500000000000e+00  2.45362433404653e-01
9.75000000000000e+00  2.31245530059920e-01
9.77500000000000e+00  2.17339178608090e-01
9.80000000000000e+00  2.03673093561756e-01
9.82500000000000e+00  1.90274493991509e-01
9.85000000000000e+00  1.77164503734395e-01
9.87500000000000e+00  1.64354551602362e-01
9.90000000000000e+00  1.51842771590709e-01
9.92500000000000e+00  1.39610403086541e-01
9.95000000000000e+00  1.27618191077219e-01
9.97500000000000e+00  1.15802786358809e-01
1.00000000000000e+01  1.04073145744541e-01
