0.00000000000000e+00  1.03351681064878e-01
2.50000000000000e-02  1.14722836720924e-01
5.00000000000000e-02  1.26374262533093e-01
7.50000000000000e-02  1.38307004744185e-01
1.00000000000000e-01  1.50521012595505e-01
1.25000000000000e-01  1.63014768227764e-01
1.50000000000000e-01  1.75784916581980e-01
1.75000000000000e-01  1.88825895300377e-01
2.00000000000000e-01  2.02129564627292e-01
2.25000000000000e-01  2.15684837310072e-01
2.50000000000000e-01  2.29477308499979e-01
2.75000000000000e-01  2.43488885653088e-01
3.00000000000000e-01  2.57697418431194e-01
3.25000000000000e-01  2.72077017395051e-01
3.50000000000000e-01  2.86597376055128e-01
3.75000000000000e-01  3.01223192916233e-01
4.00000000000000e-01  3.15916206503033e-01
4.25000000000000e-01  3.30633186442226e-01
4.50000000000000e-01  3.45326490420396e-01
4.75000000000000e-01  3.59944621141869e-01
5.00000000000000e-01  3.74432783286578e-01
5.25000000000000e-01  3.88733440467909e-01
5.50000000000000e-01  4.02786872190570e-01
5.75000000000000e-01  4.16531730808441e-01
6.00000000000000e-01  4.29905598482437e-01
6.25000000000000e-01  4.42805149965267e-01
6.50000000000000e-01  4.55213527650837e-01
6.75000000000000e-01  4.67004475383687e-01
7.00000000000000e-01  4.78105929932033e-01
7.25000000000000e-01  4.88441818099027e-01
7.50000000000000e-01  4.97932954455264e-01
7.75000000000000e-01  5.06497939071287e-01
8.00000000000000e-01  5.14054055250093e-01
8.25000000000000e-01  5.20518167259639e-01
8.50000000000000e-01  5.25807618065344e-01
8.75000000000000e-01  5.29841127062599e-01
9.00000000000000e-01  5.32539687809270e-01
9.25000000000000e-01  5.33827465758203e-01
9.50000000000000e-01  5.33632309109935e-01
9.75000000000000e-01  5.31886900352772e-01
1.00000000000000e+00  5.28529892550566e-01
1.02500000000000e+00  5.23505154862209e-01
1.05000000000000e+00  5.16763977121868e-01
1.07500000000000e+00  5.08265438062067e-01
1.10000000000000e+00  4.97976773536760e-01
1.12500000000000e+00  4.85873744744405e-01
1.15000000000000e+00  4.71941006451045e-01
1.17500000000000e+00  4.56172475213379e-01
1.20000000000000e+00  4.38571697601841e-01
1.22500000000000e+00  4.19152218423675e-01
1.25000000000000e+00  3.97979601417879e-01
1.27500000000000e+00  3.75020656166982e-01
1.30000000000000e+00  3.50401803460810e-01
1.32500000000000e+00  3.24182094978178e-01
1.35000000000000e+00  2.96438078370173e-01
1.37500000000000e+00  2.67262948303287e-01
1.40000000000000e+00  2.36765697502547e-01
1.42500000000000e+00  2.05070267794659e-01
1.45000000000000e+00  1.72314701151126e-01
1.47500000000000e+00  1.38650290731398e-01
1.50000000000000e+00  1.04240731925994e-01
1.52500000000000e+00  6.92612733996420e-02
1.55000000000000e+00  3.38978681344109e-02
1.57500000000000e+00  -1.65433623553334e-03
1.60000000000000e+00  -3.71917096533366e-02
1.62500000000000e+00  -7.25032266471412e-02
1.65000000000000e+00  -1.07372476418174e-01
1.67500000000000e+00  -1.41578229141416e-01
1.70000000000000e+00  -1.74896052599156e-01
1.72500000000000e+00  -2.07099928814518e-01
1.75000000000000e+00  -2.37963870685024e-01
1.77500000000000e+00  -2.67263538616121e-01
1.80000000000000e+00  -2.94777857154732e-01
1.82500000000000e+00  -3.20290631622804e-01
1.85000000000000e+00  -3.43592164750840e-01
1.87500000000000e+00  -3.64500001239991e-01
1.90000000000000e+00  -3.82832595734697e-01
1.92500000000000e+00  -3.98420240866342e-01
1.95000000000000e+00  -4.11111525512084e-01
1.97500000000000e+00  -4.20774733380014e-01
2.00000000000000e+00  -4.27299120096240e-01
2.02500000000000e+00  -4.30596190291977e-01
2.05000000000000e+00  -4.30600974690631e-01
2.07500000000000e+00  -4.27273307194887e-01
2.10000000000000e+00  -4.20599101973798e-01
2.12500000000000e+00  -4.10591630549869e-01
2.15000000000000e+00  -3.97292798886145e-01
2.17500000000000e+00  -3.80774424473299e-01
2.20000000000000e+00  -3.61135084037861e-01
2.22500000000000e+00  -3.38503429253481e-01
2.25000000000000e+00  -3.13038247315676e-01
2.27500000000000e+00  -2.84923348704784e-01
2.30000000000000e+00  -2.54371371326680e-01
2.32500000000000e+00  -2.21621580551811e-01
2.35000000000000e+00  -1.86937669254237e-01
2.37500000000000e+00  -1.50605557850664e-01
2.40000000000000e+00  -1.12931194339482e-01
2.42500000000000e+00  -7.42383543398049e-02
2.45000000000000e+00  -3.48664411305039e-02
2.47500000000000e+00  4.83171431075544e-03
2.50000000000000e+00  4.45003639834487e-02
2.52500000000000e+00  8.37582638802965e-02
2.55000000000000e+00  1.22243407102242e-01
2.57500000000000e+00  1.59586282450204e-01
2.60000000000000e+00  1.95422920988076e-01
2.62500000000000e+00  2.29398515877038e-01
2.65000000000000e+00  2.61171042209871e-01
2.67500000000000e+00  2.90414876845271e-01
2.70000000000000e+00  3.16824418242167e-01
2.72500000000000e+00  3.40117706294035e-01
2.75000000000000e+00  3.60040042163207e-01
2.77500000000000e+00  3.76367608115193e-01
2.80000000000000e+00  3.88911087352990e-01
2.82500000000000e+00  3.97515799020562e-01
2.85000000000000e+00  4.02066608818788e-01
2.87500000000000e+00  4.02491563271733e-01
2.90000000000000e+00  3.98755708732758e-01
2.92500000000000e+00  3.90870388813475e-01
2.95000000000000e+00  3.78892283878852e-01
2.97500000000000e+00  3.62922450542319e-01
3.00000000000000e+00  3.43105361160879e-01
3.02500000000000e+00  3.19627943330206e-01
3.05000000000000e+00  2.92718619379759e-01
3.07500000000000e+00  2.62646345867882e-01
3.10000000000000e+00  2.29719653076916e-01
3.12500000000000e+00  1.94285045315266e-01
3.15000000000000e+00  1.56709578677541e-01
3.17500000000000e+00  1.17399615035697e-01
3.20000000000000e+00  7.67795054133015e-02
3.22500000000000e+00  3.52937456792776e-02
3.25000000000000e+00  -6.59847987251942e-03
3.27500000000000e+00  -4.84287549437174e-02
3.30000000000000e+00  -8.97248876518466e-02
3.32500000000000e+00  -1.30016366950763e-01
3.35000000000000e+00  -1.68839819051068e-01
3.37500000000000e+00  -2.05744463840522e-01
3.40000000000000e+00  -2.40297571304470e-01
3.42500000000000e+00  -2.72089917946256e-01
3.45000000000000e+00  -3.00741133304885e-01
3.47500000000000e+00  -3.25904512727841e-01
3.50000000000000e+00  -3.47274648858174e-01
3.52500000000000e+00  -3.64581864751659e-01
3.55000000000000e+00  -3.77606126705510e-01
3.57500000000000e+00  -3.86178218776532e-01
3.60000000000000e+00  -3.90180917299280e-01
3.62500000000000e+00  -3.89550165404216e-01
3.65000000000000e+00  -3.84276247535870e-01
3.67500000000000e+00  -3.74404963970992e-01
3.70000000000000e+00  -3.60038805336713e-01
3.72500000000000e+00  -3.41338127128703e-01
3.75000000000000e+00  -3.18516212869956e-01
3.77500000000000e+00  -2.91834968006243e-01
3.80000000000000e+00  -2.61614190485901e-01
3.82500000000000e+00  -2.28209800790441e-01
3.85000000000000e+00  -1.92022053392207e-01
3.87500000000000e+00  -1.53489320602939e-01
3.90000000000000e+00  -1.13081876422332e-01
3.92500000000000e+00  -7.12956803865946e-02
3.95000000000000e+00  -2.86461614170067e-02
3.97500000000000e+00  1.43379983315231e-02
4.00000000000000e+00  5.71210796218939e-02
4.02500000000000e+00  9.91665422862576e-02
4.05000000000000e+00  1.39943241377455e-01
4.07500000000000e+00  1.78936054060877e-01
4.10000000000000e+00  2.15649064098354e-01
4.12500000000000e+00  2.49616248831658e-01
4.15000000000000e+00  2.80397634998191e-01
4.17500000000000e+00  3.07595736267701e-01
4.20000000000000e+00  3.30858858954573e-01
4.22500000000000e+00  3.49884407730106e-01
4.25000000000000e+00  3.64422191334799e-01
4.27500000000000e+00  3.74277728290637e-01
4.30000000000000e+00  3.79315552613369e-01
4.32500000000000e+00  3.79462519524797e-01
4.35000000000000e+00  3.74711111165054e-01
4.37500000000000e+00  3.65122835120633e-01
4.40000000000000e+00  3.50799116903922e-01
4.42500000000000e+00  3.31934133517221e-01
4.45000000000000e+00  3.08761041947669e-01
4.47500000000000e+00  2.81574177801514e-01
4.50000000000000e+00  2.50723052956985e-01
4.52500000000000e+00  2.16606353217153e-01
4.55000000000000e+00  1.79665935962813e-01
4.57500000000000e+00  1.40380827805338e-01
4.60000000000000e+00  9.92612222395607e-02
4.62500000000000e+00  5.68424772966382e-02
4.65000000000000e+00  1.36791131969146e-02
4.67500000000000e+00  -2.96611899971966e-02
4.70000000000000e+00  -7.26121144961252e-02
4.72500000000000e+00  -1.14609547392847e-01
4.75000000000000e+00  -1.55103975180798e-01
4.77500000000000e+00  -1.93558798008241e-01
4.80000000000000e+00  -2.29466945425826e-01
4.82500000000000e+00  -2.62355850898334e-01
4.85000000000000e+00  -2.91792426316445e-01
4.87500000000000e+00  -3.17388036508476e-01
4.90000000000000e+00  -3.38803473752145e-01
4.92500000000000e+00  -3.55753932286316e-01
4.95000000000000e+00  -3.68013982822756e-01
4.97500000000000e+00  -3.75422547057887e-01
5.00000000000000e+00  -3.77888887866800e-01
5.02500000000000e+00  -3.75359745414706e-01
5.05000000000000e+00  -3.67888079323679e-01
5.07500000000000e+00  -3.55565288653721e-01
5.10000000000000e+00  -3.38552201350339e-01
5.12500000000000e+00  -3.17074086254034e-01
5.15000000000000e+00  -2.91415665109767e-01
5.17500000000000e+00  -2.61916124576440e-01
5.20000000000000e+00  -2.28964128236379e-01
5.22500000000000e+00  -1.92992828604799e-01
5.25000000000000e+00  -1.54474879139296e-01
5.27500000000000e+00  -1.13917446249308e-01
5.30000000000000e+00  -7.18572213056065e-02
5.32500000000000e+00  -2.88438382324146e-02
5.35000000000000e+00  1.45584751935097e-02
5.37500000000000e+00  5.77833486042200e-02
5.40000000000000e+00  1.00262953657371e-01
5.42500000000000e+00  1.41442669932191e-01
5.45000000000000e+00  1.80787059758584e-01
5.47500000000000e+00  2.17785843046223e-01
5.50000000000000e+00  2.51959872113637e-01
5.52500000000000e+00  2.82867106517314e-01
5.55000000000000e+00  3.10108587880787e-01
5.57500000000000e+00  3.33334414723733e-01
5.60000000000000e+00  3.52249717291068e-01
5.62500000000000e+00  3.66622848831667e-01
5.65000000000000e+00  3.76256532150864e-01
5.67500000000000e+00  3.81051685031844e-01
5.70000000000000e+00  3.80946337080492e-01
5.72500000000000e+00  3.75947595548181e-01
5.75000000000000e+00  3.66128318677749e-01
5.77500000000000e+00  3.51623789049480e-01
5.80000000000000e+00  3.32628386927079e-01
5.82500000000000e+00  3.09392263603656e-01
5.85000000000000e+00  2.82218014747698e-01
5.87500000000000e+00  2.51457353749056e-01
5.90000000000000e+00  2.17507785064913e-01
5.92500000000000e+00  1.80809277565775e-01
5.95000000000000e+00  1.41827927632322e-01
5.97500000000000e+00  1.01059701772569e-01
6.00000000000000e+00  5.90197599479842e-02
6.02500000000000e+00  1.62393260623474e-02
6.05000000000000e+00  -2.67449800570115e-02
6.07500000000000e+00  -6.93973487585918e-02
6.10000000000000e+00  -1.11188986666134e-01
6.12500000000000e+00  -1.51604322778001e-01
6.15000000000000e+00  -1.90147214566589e-01
6.17500000000000e+00  -2.26347154077711e-01
6.20000000000000e+00  -2.59765474030003e-01
6.22500000000000e+00  -2.90001553914316e-01
6.25000000000000e+00  -3.16705884166984e-01
6.27500000000000e+00  -3.39540154027558e-01
6.30000000000000e+00  -3.58260437596065e-01
6.32500000000000e+00  -3.72647198031708e-01
6.35000000000000e+00  -3.82539940025379e-01
6.37500000000000e+00  -3.87836037719025e-01
6.40000000000000e+00  -3.88489562625021e-01
6.42500000000000e+00  -3.84510111545536e-01
6.45000000000000e+00  -3.75961634491900e-01
6.47500000000000e+00  -3.62961262603974e-01
6.50000000000000e+00  -3.45678136069521e-01
6.52500000000000e+00  -3.24332232043569e-01
6.55000000000000e+00  -2.99193192567783e-01
6.57500000000000e+00  -2.70566383383199e-01
6.60000000000000e+00  -2.38798496626807e-01
6.62500000000000e+00  -2.04269901205570e-01
6.65000000000000e+00  -1.67389818705885e-01
6.67500000000000e+00  -1.28590990173690e-01
6.70000000000000e+00  -8.83242170914682e-02
6.72500000000000e+00  -4.70529023552268e-02
6.75000000000000e+00  -5.24759125150277e-03
6.77500000000000e+00  3.66194875656573e-02
6.80000000000000e+00  7.80798810976912e-02
6.82500000000000e+00  1.18674371024534e-01
6.85000000000000e+00  1.57958432727629e-01
6.87500000000000e+00  1.95510407943623e-01
6.90000000000000e+00  2.30915905788902e-01
6.92500000000000e+00  2.63814977236266e-01
6.95000000000000e+00  2.93859905367382e-01
6.97500000000000e+00  3.20741763650417e-01
7.00000000000000e+00  3.44191349835255e-01
7.02500000000000e+00  3.63980119848746e-01
7.05000000000000e+00  3.79921121689930e-01
7.07500000000000e+00  3.91869929325275e-01
7.10000000000000e+00  3.99725576583908e-01
7.12500000000000e+00  4.03431491052849e-01
7.15000000000000e+00  4.02976427972247e-01
7.17500000000000e+00  3.98395404130611e-01
7.20000000000000e+00  3.89760480659869e-01
7.22500000000000e+00  3.77186858686351e-01
7.25000000000000e+00  3.60829260444947e-01
7.27500000000000e+00  3.40877053283126e-01
7.30000000000000e+00  3.17554088397488e-01
7.32500000000000e+00  2.91115094803325e-01
7.35000000000000e+00  2.61842073304172e-01
7.37500000000000e+00  2.30040690461375e-01
7.40000000000000e+00  1.96036672563636e-01
7.42500000000000e+00  1.60172199596583e-01
7.45000000000000e+00  1.22802299212322e-01
7.47500000000000e+00  8.42912406989903e-02
7.50000000000000e+00  4.49996051489179e-02
7.52500000000000e+00  5.31467083352672e-03
7.55000000000000e+00  -3.44072699491008e-02
7.57500000000000e+00  -7.38021075550632e-02
7.60000000000000e+00  -1.12516974874721e-01
7.62500000000000e+00  -1.50212445740552e-01
7.65000000000000e+00  -1.86564733335032e-01
7.67500000000000e+00  -2.21267888598488e-01
7.70000000000000e+00  -2.54035998636975e-01
7.72500000000000e+00  -2.84605385130140e-01
7.75000000000000e+00  -3.12736802739086e-01
7.77500000000000e+00  -3.38217637514244e-01
7.80000000000000e+00  -3.60864105303235e-01
7.82500000000000e+00  -3.80517458899825e-01
7.85000000000000e+00  -3.97049076546046e-01
7.87500000000000e+00  -4.10360423299570e-01
7.90000000000000e+00  -4.20379726245817e-01
7.92500000000000e+00  -4.27065121927286e-01
7.95000000000000e+00  -4.30403379898981e-01
7.97500000000000e+00  -4.30408626283826e-01
8.00000000000000e+00  -4.27121067328086e-01
8.02500000000000e+00  -4.20605712956787e-01
8.05000000000000e+00  -4.10951100329135e-01
8.07500000000000e+00  -3.98268017393934e-01
8.10000000000000e+00  -3.82688226445006e-01
8.12500000000000e+00  -3.64343929191613e-01
8.15000000000000e+00  -3.43462506598824e-01
8.17500000000000e+00  -3.20167912817078e-01
8.20000000000000e+00  -2.94661783903526e-01
8.22500000000000e+00  -2.67153855851597e-01
8.25000000000000e+00  -2.37860349957882e-01
8.27500000000000e+00  -2.07002358189037e-01
8.30000000000000e+00  -1.74804228548671e-01
8.32500000000000e+00  -1.41491950444232e-01
8.35000000000000e+00  -1.07291540053911e-01
8.37500000000000e+00  -7.24274256935154e-02
8.40000000000000e+00  -3.71208331833837e-02
8.42500000000000e+00  -1.58817121526144e-03
8.45000000000000e+00  3.39595430446889e-02
8.47500000000000e+00  6.93186846897321e-02
8.50000000000000e+00  1.04294110006812e-01
8.52500000000000e+00  1.38699871851476e-01
8.55000000000000e+00  1.72360725801938e-01
8.57500000000000e+00  2.05112979788357e-01
8.60000000000000e+00  2.36805343722125e-01
8.62500000000000e+00  2.67299779125169e-01
8.65000000000000e+00  2.96472348759223e-01
8.67500000000000e+00  3.24214066255128e-01
8.70000000000000e+00  3.50431745742116e-01
8.72500000000000e+00  3.75048851477106e-01
8.75000000000000e+00  3.97964692858922e-01
8.77500000000000e+00  4.19177669611464e-01
8.80000000000000e+00  4.38596121119834e-01
8.82500000000000e+00  4.56196118165017e-01
8.85000000000000e+00  4.71964099106945e-01
8.87500000000000e+00  4.85896501353844e-01
8.90000000000000e+00  4.97999392831564e-01
8.92500000000000e+00  5.08288103452930e-01
8.95000000000000e+00  5.16786856587081e-01
8.97500000000000e+00  5.23528400528810e-01
9.00000000000000e+00  5.28553639967911e-01
9.02500000000000e+00  5.31911267458513e-01
9.05000000000000e+00  5.33657394888427e-01
9.07500000000000e+00  5.33853351417532e-01
9.10000000000000e+00  5.32566435745000e-01
9.12500000000000e+00  5.29868780665119e-01
9.15000000000000e+00  5.25836202321884e-01
9.17500000000000e+00  5.20547689054908e-01
9.20000000000000e+00  5.14084504037979e-01
9.22500000000000e+00  5.06529287917634e-01
9.25000000000000e+00  4.97965161451707e-01
9.27500000000000e+00  4.88474828147909e-01
9.30000000000000e+00  4.78139676902377e-01
9.32500000000000e+00  4.67038884638247e-01
9.35000000000000e+00  4.55248518944210e-01
9.37500000000000e+00  4.42881015958541e-01
9.40000000000000e+00  4.29941449706347e-01
9.42500000000000e+00  4.16567851760835e-01
9.45000000000000e+00  4.02823149356753e-01
9.47500000000000e+00  3.88769757698684e-01
9.50000000000000e+00  3.74469022948306e-01
9.52500000000000e+00  3.59980665211668e-01
9.55000000000000e+00  3.45362221526450e-01
9.57500000000000e+00  3.30668488849231e-01
9.60000000000000e+00  3.15950967042758e-01
9.62500000000000e+00  3.01257301863215e-01
9.65000000000000e+00  2.86630727947479e-01
9.67500000000000e+00  2.72109511800402e-01
9.70000000000000e+00  2.57728960356115e-01
9.72500000000000e+00  2.43519386097728e-01
9.75000000000000e+00  2.29506684846811e-01
9.77500000000000e+00  2.15713013487982e-01
9.80000000000000e+00  2.02156471250368e-01
9.82500000000000e+00  1.88851469665991e-01
9.85000000000000e+00  1.75809102528144e-01
9.87500000000000e+00  1.63037515849782e-01
9.90000000000000e+00  1.50542277821893e-01
9.92500000000000e+00  1.38326748771893e-01
9.95000000000000e+00  1.26392451122004e-01
9.97500000000000e+00  1.14739439347633e-01
1.00000000000000e+01  1.03366669935764e-01
