0.00000000000000e+00  1.03493904221378e-01
2.50000000000000e-02  1.14877848708305e-01
5.00000000000000e-02  1.26541853593437e-01
7.50000000000000e-02  1.38487186943011e-01
1.00000000000000e-01  1.50714082364652e-01
1.25000000000000e-01  1.63221333795361e-01
1.50000000000000e-01  1.76005890289500e-01
1.75000000000000e-01  1.89062450806771e-01
2.00000000000000e-01  2.02383059000212e-01
2.25000000000000e-01  2.15956698004170e-01
2.50000000000000e-01  2.29768885222301e-01
2.75000000000000e-01  2.43801267115542e-01
3.00000000000000e-01  2.58031213990104e-01
3.25000000000000e-01  2.72433033976763e-01
3.50000000000000e-01  2.86976543327849e-01
3.75000000000000e-01  3.01626228951709e-01
4.00000000000000e-01  3.16344555872543e-01
4.25000000000000e-01  3.31088840957219e-01
4.50000000000000e-01  3.45811820015912e-01
4.75000000000000e-01  3.60462214902744e-01
5.00000000000000e-01  3.74985300616429e-01
5.25000000000000e-01  3.89323472400910e-01
5.50000000000000e-01  4.03416812846001e-01
5.75000000000000e-01  4.17203658988030e-01
6.00000000000000e-01  4.30621169410477e-01
6.25000000000000e-01  4.43569533115909e-01
6.50000000000000e-01  4.56024074425757e-01
6.75000000000000e-01  4.67866701477257e-01
7.00000000000000e-01  4.79024642432554e-01
7.25000000000000e-01  4.89421217239749e-01
7.50000000000000e-01  4.98976752996328e-01
7.75000000000000e-01  5.07609499312592e-01
8.00000000000000e-01  5.15236543675079e-01
8.25000000000000e-01  5.21774726809997e-01
8.50000000000000e-01  5.27141558046647e-01
8.75000000000000e-01  5.31256130680854e-01
9.00000000000000e-01  5.34040037338392e-01
9.25000000000000e-01  5.35418285338411e-01
9.50000000000000e-01  5.35318698372307e-01
9.75000000000000e-01  5.33674137027196e-01
1.00000000000000e+00  5.30423307068836e-01
1.02500000000000e+00  5.25509789567383e-01
1.05000000000000e+00  5.18884460211714e-01
1.07500000000000e+00  5.10505969692624e-01
1.10000000000000e+00  5.00341224086023e-01
1.12500000000000e+00  4.88365865236129e-01
1.15000000000000e+00  4.74564751138668e-01
1.17500000000000e+00  4.58932436324064e-01
1.20000000000000e+00  4.41473652240636e-01
1.22500000000000e+00  4.22203787637795e-01
1.25000000000000e+00  4.01161781341733e-01
1.27500000000000e+00  3.78385834879881e-01
1.30000000000000e+00  3.53935584431173e-01
1.32500000000000e+00  3.27879250763115e-01
1.35000000000000e+00  3.00299573641377e-01
1.37500000000000e+00  2.71293447749221e-01
1.40000000000000e+00  2.40971558606945e-01
1.42500000000000e+00  2.09458018491319e-01
1.45000000000000e+00  1.76890002355015e-01
1.47500000000000e+00  1.43417383746055e-01
1.50000000000000e+00  1.09202370727243e-01
1.52500000000000e+00  7.44191417955992e-02
1.55000000000000e+00  3.92534818018025e-02
1.57500000000000e+00  3.89934600777487e-03
1.60000000000000e+00  -3.14398704326415e-02
1.62500000000000e+00  -6.65528930542554e-02
1.65000000000000e+00  -1.01223319120886e-01
1.67500000000000e+00  -1.35229606230445e-01
1.70000000000000e+00  -1.68346969708405e-01
1.72500000000000e+00  -2.00349280001246e-01
1.75000000000000e+00  -2.31010960069926e-01
1.77500000000000e+00  -2.60108882783336e-01
1.80000000000000e+00  -2.87424268311755e-01
1.82500000000000e+00  -3.12744581520317e-01
1.85000000000000e+00  -3.35865429362463e-01
1.87500000000000e+00  -3.56596019396785e-01
1.90000000000000e+00  -3.74748870152184e-01
1.92500000000000e+00  -3.90165753270821e-01
1.95000000000000e+00  -4.02694901273415e-01
1.97500000000000e+00  -4.12204642036611e-01
2.00000000000000e+00  -4.18584608279766e-01
2.02500000000000e+00  -4.21746947051730e-01
2.05000000000000e+00  -4.21627529217629e-01
2.07500000000000e+00  -4.18187158945642e-01
2.10000000000000e+00  -4.11412783193791e-01
2.12500000000000e+00  -4.01318701196716e-01
2.15000000000000e+00  -3.87947773952460e-01
2.17500000000000e+00  -3.71372633709250e-01
2.20000000000000e+00  -3.51692828572788e-01
2.22500000000000e+00  -3.29037719383610e-01
2.25000000000000e+00  -3.03566736203161e-01
2.27500000000000e+00  -2.75464317491894e-01
2.30000000000000e+00  -2.44943621588537e-01
2.32500000000000e+00  -2.12244360474966e-01
2.35000000000000e+00  -1.77630633541087e-01
2.37500000000000e+00  -1.41388761349709e-01
2.40000000000000e+00  -1.03825119401427e-01
2.42500000000000e+00  -6.52639718994981e-02
2.45000000000000e+00  -2.60453055147188e-02
2.47500000000000e+00  1.34773368496982e-02
2.50000000000000e+00  5.29522531867521e-02
2.52500000000000e+00  9.19903191213553e-02
2.55000000000000e+00  1.30236260231264e-01
2.57500000000000e+00  1.67319875370027e-01
2.60000000000000e+00  2.02876873265477e-01
2.62500000000000e+00  2.36552442103732e-01
2.65000000000000e+00  2.68004819113211e-01
2.67500000000000e+00  2.96908860148631e-01
2.70000000000000e+00  3.22959609275029e-01
2.72500000000000e+00  3.45875868351756e-01
2.75000000000000e+00  3.65403766616489e-01
2.77500000000000e+00  3.81320330269242e-01
2.80000000000000e+00  3.93437052056368e-01
2.82500000000000e+00  4.01600243673034e-01
2.85000000000000e+00  4.05695680326975e-01
2.87500000000000e+00  4.05652232978468e-01
2.90000000000000e+00  4.01435960827830e-01
2.92500000000000e+00  3.93059183316829e-01
2.95000000000000e+00  3.80579561136162e-01
2.97500000000000e+00  3.64099177232926e-01
3.00000000000000e+00  3.43763617818084e-01
3.02500000000000e+00  3.19761053373941e-01
3.05000000000000e+00  2.92321319661614e-01
3.07500000000000e+00  2.61714998728503e-01
3.10000000000000e+00  2.28252499915761e-01
3.12500000000000e+00  1.92279334410968e-01
3.15000000000000e+00  1.54165032989997e-01
3.17500000000000e+00  1.14317439483399e-01
3.20000000000000e+00  7.31621946298293e-02
3.22500000000000e+00  3.11451131428071e-02
3.25000000000000e+00  -1.12732742346181e-02
3.27500000000000e+00  -5.36231786751885e-02
3.30000000000000e+00  -9.54310112127653e-02
3.32500000000000e+00  -1.36224840687661e-01
3.35000000000000e+00  -1.75539851691963e-01
3.37500000000000e+00  -2.12923802514863e-01
3.40000000000000e+00  -2.47942483087982e-01
3.42500000000000e+00  -2.80185172930697e-01
3.45000000000000e+00  -3.09270067248038e-01
3.47500000000000e+00  -3.34849052524094e-01
3.50000000000000e+00  -3.56615232687135e-01
3.52500000000000e+00  -3.74297564132220e-01
3.55000000000000e+00  -3.87674634181531e-01
3.57500000000000e+00  -3.96575851423297e-01
3.60000000000000e+00  -4.00882636050719e-01
3.62500000000000e+00  -4.00529610200897e-01
3.65000000000000e+00  -3.95505788293756e-01
3.67500000000000e+00  -3.85855767370972e-01
3.70000000000000e+00  -3.71680917434897e-01
3.72500000000000e+00  -3.53140571787485e-01
3.75000000000000e+00  -3.30449987746339e-01
3.77500000000000e+00  -3.03861179429353e-01
3.80000000000000e+00  -2.73701449157173e-01
3.82500000000000e+00  -2.40324994683298e-01
3.85000000000000e+00  -2.04130744234518e-01
3.87500000000000e+00  -1.65556105338823e-01
3.90000000000000e+00  -1.25070713653318e-01
3.92500000000000e+00  -8.31701817921405e-02
3.95000000000000e+00  -4.03698481543631e-02
3.97500000000000e+00  2.80147424808950e-03
4.00000000000000e+00  4.58077489625251e-02
4.02500000000000e+00  8.81119672675763e-02
4.05000000000000e+00  1.29182399345282e-01
4.07500000000000e+00  1.68503123150740e-01
4.10000000000000e+00  2.05577734168762e-01
4.12500000000000e+00  2.39939232094693e-01
4.15000000000000e+00  2.71146689248341e-01
4.17500000000000e+00  2.98801632757056e-01
4.20000000000000e+00  3.22551284898449e-01
4.22500000000000e+00  3.42091803443094e-01
4.25000000000000e+00  3.57171521997251e-01
4.27500000000000e+00  3.67594190345570e-01
4.30000000000000e+00  3.73222214793808e-01
4.32500000000000e+00  3.73979898511540e-01
4.35000000000000e+00  3.69856681874869e-01
4.37500000000000e+00  3.60918504935135e-01
4.40000000000000e+00  3.47250526031287e-01
4.42500000000000e+00  3.29057442486978e-01
4.45000000000000e+00  3.06568190707638e-01
4.47500000000000e+00  2.80073412738458e-01
4.50000000000000e+00  2.49919372216459e-01
4.52500000000000e+00  2.16501870322573e-01
4.55000000000000e+00  1.80260161733726e-01
4.57500000000000e+00  1.41670870574911e-01
4.60000000000000e+00  1.01241906371270e-01
4.62500000000000e+00  5.95063800001769e-02
4.65000000000000e+00  1.70165196433024e-02
4.67500000000000e+00  -2.56624132612893e-02
4.70000000000000e+00  -6.79663706739896e-02
4.72500000000000e+00  -1.09333642777705e-01
4.75000000000000e+00  -1.49217074172027e-01
4.77500000000000e+00  -1.87082431822639e-01
4.80000000000000e+00  -2.22424927472262e-01
4.82500000000000e+00  -2.54774140304771e-01
4.85000000000000e+00  -2.83698939609312e-01
4.87500000000000e+00  -3.08812407444411e-01
4.90000000000000e+00  -3.29776761302086e-01
4.92500000000000e+00  -3.46308276771965e-01
4.95000000000000e+00  -3.58182210205389e-01
4.97500000000000e+00  -3.65237721379539e-01
5.00000000000000e+00  -3.67390768257004e-01
5.02500000000000e+00  -3.64577441354474e-01
5.05000000000000e+00  -3.56860796261585e-01
5.07500000000000e+00  -3.44331404045265e-01
5.10000000000000e+00  -3.27149364359617e-01
5.12500000000000e+00  -3.05539279201386e-01
5.15000000000000e+00  -2.79785226665428e-01
5.17500000000000e+00  -2.50225734700177e-01
5.20000000000000e+00  -2.17248754863118e-01
5.22500000000000e+00  -1.81286636076250e-01
5.25000000000000e+00  -1.42811098381560e-01
5.27500000000000e+00  -1.02328206696483e-01
5.30000000000000e+00  -6.03733445693818e-02
5.32500000000000e+00  -1.74945749382903e-02
5.35000000000000e+00  2.57456069692456e-02
5.37500000000000e+00  6.87829407147694e-02
5.40000000000000e+00  1.11051720102281e-01
5.42500000000000e+00  1.51999729791048e-01
5.45000000000000e+00  1.91094105849118e-01
5.47500000000000e+00  2.27827196306830e-01
5.50000000000000e+00  2.61722421710308e-01
5.52500000000000e+00  2.92340135674984e-01
5.55000000000000e+00  3.19283485439091e-01
5.57500000000000e+00  3.42204272417179e-01
5.60000000000000e+00  3.60808812753621e-01
5.62500000000000e+00  3.74874120120820e-01
5.65000000000000e+00  3.84193947127927e-01
5.67500000000000e+00  3.88681564592137e-01
5.70000000000000e+00  3.88275744177342e-01
5.72500000000000e+00  3.82984675510946e-01
5.75000000000000e+00  3.72882558700970e-01
5.77500000000000e+00  3.58106196853152e-01
5.80000000000000e+00  3.38851588588059e-01
5.82500000000000e+00  3.15370520558188e-01
5.85000000000000e+00  2.87967159965067e-01
5.87500000000000e+00  2.56994647076369e-01
5.90000000000000e+00  2.22851687743004e-01
5.92500000000000e+00  1.85979145916236e-01
5.95000000000000e+00  1.46844119627740e-01
5.97500000000000e+00  1.05942903852201e-01
6.00000000000000e+00  6.37910205741302e-02
6.02500000000000e+00  2.09198062134919e-02
6.05000000000000e+00  -2.21341823764374e-02
6.07500000000000e+00  -6.48353239621733e-02
6.10000000000000e+00  -1.06655088983155e-01
6.12500000000000e+00  -1.47078195604846e-01
6.15000000000000e+00  -1.85608765771868e-01
6.17500000000000e+00  -2.21776481261101e-01
6.20000000000000e+00  -2.55142739734810e-01
6.22500000000000e+00  -2.85306810793762e-01
6.25000000000000e+00  -3.11922052057679e-01
6.27500000000000e+00  -3.34649799003419e-01
6.30000000000000e+00  -3.53247243104978e-01
6.32500000000000e+00  -3.67495573513814e-01
6.35000000000000e+00  -3.77235049129948e-01
6.37500000000000e+00  -3.82363822769222e-01
6.40000000000000e+00  -3.82836765330574e-01
6.42500000000000e+00  -3.78664289963295e-01
6.45000000000000e+00  -3.69911176234295e-01
6.47500000000000e+00  -3.56695394295368e-01
6.50000000000000e+00  -3.39186929050458e-01
6.52500000000000e+00  -3.17606604322918e-01
6.55000000000000e+00  -2.92224907022782e-01
6.57500000000000e+00  -2.63347956811884e-01
6.60000000000000e+00  -2.31323254610873e-01
6.62500000000000e+00  -1.96531898116513e-01
6.65000000000000e+00  -1.59383818325343e-01
6.67500000000000e+00  -1.20312436591788e-01
6.70000000000000e+00  -7.97692211511351e-02
6.72500000000000e+00  -3.82182436424896e-02
6.75000000000000e+00  3.86926436824579e-03
6.77500000000000e+00  4.60203548654165e-02
6.80000000000000e+00  8.77658068606356e-02
6.82500000000000e+00  1.28645569869822e-01
6.85000000000000e+00  1.68214207390238e-01
6.87500000000000e+00  2.06049018632660e-01
6.90000000000000e+00  2.41736228924251e-01
6.92500000000000e+00  2.74914240411982e-01
6.95000000000000e+00  3.05234600133314e-01
6.97500000000000e+00  3.32387592533603e-01
7.00000000000000e+00  3.56103187846456e-01
7.02500000000000e+00  3.76151990474101e-01
7.05000000000000e+00  3.92346187367737e-01
7.07500000000000e+00  4.04540496407901e-01
7.10000000000000e+00  4.12633114784823e-01
7.12500000000000e+00  4.16566667378790e-01
7.15000000000000e+00  4.16329155140504e-01
7.17500000000000e+00  4.11954903471442e-01
7.20000000000000e+00  4.03515143174275e-01
7.22500000000000e+00  3.91124323009667e-01
7.25000000000000e+00  3.74936382213732e-01
7.27500000000000e+00  3.55139910273740e-01
7.30000000000000e+00  3.31958013954227e-01
7.32500000000000e+00  3.05644728681045e-01
7.35000000000000e+00  2.76481429925392e-01
7.37500000000000e+00  2.44773244587860e-01
7.40000000000000e+00  2.10845462382468e-01
7.42500000000000e+00  1.75039947220705e-01
7.45000000000000e+00  1.37711548595573e-01
7.47500000000000e+00  9.92245129656193e-02
7.50000000000000e+00  5.99392072130245e-02
7.52500000000000e+00  2.02409894085115e-02
7.55000000000000e+00  -1.95112734396536e-02
7.57500000000000e+00  -5.89539787852821e-02
7.60000000000000e+00  -9.77344738922374e-02
7.62500000000000e+00  -1.35513295266501e-01
7.65000000000000e+00  -1.71966408088266e-01
7.67500000000000e+00  -2.06787445644002e-01
7.70000000000000e+00  -2.39689948758542e-01
7.72500000000000e+00  -2.70409605227164e-01
7.75000000000000e+00  -2.98706489247657e-01
7.77500000000000e+00  -3.24367300852413e-01
7.80000000000000e+00  -3.47207605340501e-01
7.82500000000000e+00  -3.67067889805802e-01
7.85000000000000e+00  -3.83818727341843e-01
7.87500000000000e+00  -3.97360764238852e-01
7.90000000000000e+00  -4.07621472742036e-01
7.92500000000000e+00  -4.14558136695038e-01
7.95000000000000e+00  -4.18156603961098e-01
7.97500000000000e+00  -4.18430038844224e-01
8.00000000000000e+00  -4.15417674510353e-01
8.02500000000000e+00  -4.09183565408516e-01
8.05000000000000e+00  -3.99815339692004e-01
8.07500000000000e+00  -3.87422951639531e-01
8.10000000000000e+00  -3.72137434076401e-01
8.12500000000000e+00  -3.54107551580352e-01
8.15000000000000e+00  -3.33505800928931e-01
8.17500000000000e+00  -3.10504970174747e-01
8.20000000000000e+00  -2.85299960505953e-01
8.22500000000000e+00  -2.58095548865251e-01
8.25000000000000e+00  -2.29104517230999e-01
8.27500000000000e+00  -1.98545781898341e-01
8.30000000000000e+00  -1.66642522760317e-01
8.32500000000000e+00  -1.33620312588969e-01
8.35000000000000e+00  -9.97052463164751e-02
8.37500000000000e+00  -6.51220703162439e-02
8.40000000000000e+00  -3.00923116840507e-02
8.42500000000000e+00  5.16759248085872e-03
8.45000000000000e+00  4.04463612086690e-02
8.47500000000000e+00  7.55405409555943e-02
8.50000000000000e+00  1.10256089919880e-01
8.52500000000000e+00  1.44407122741775e-01
8.55000000000000e+00  1.77819342712632e-01
8.57500000000000e+00  2.10330419356420e-01
8.60000000000000e+00  2.41790366011257e-01
8.62500000000000e+00  2.72061917410940e-01
8.65000000000000e+00  3.01020907266460e-01
8.67500000000000e+00  3.28556645847536e-01
8.70000000000000e+00  3.54572297564135e-01
8.72500000000000e+00  3.78985258548005e-01
8.75000000000000e+00  4.01714398548709e-01
8.77500000000000e+00  4.22736747850463e-01
8.80000000000000e+00  4.41977163985859e-01
8.82500000000000e+00  4.59408996907926e-01
8.85000000000000e+00  4.75016728193392e-01
8.87500000000000e+00  4.88795491741525e-01
8.90000000000000e+00  5.00750594472946e-01
8.92500000000000e+00  5.10897037028464e-01
8.95000000000000e+00  5.19259034467903e-01
8.97500000000000e+00  5.25869536968926e-01
9.00000000000000e+00  5.30769750525865e-01
9.02500000000000e+00  5.34008657648548e-01
9.05000000000000e+00  5.35642538061127e-01
9.07500000000000e+00  5.35732553851617e-01
9.10000000000000e+00  5.34345715790539e-01
9.12500000000000e+00  5.31554076761654e-01
9.15000000000000e+00  5.27432513571619e-01
9.17500000000000e+00  5.22059323368758e-01
9.20000000000000e+00  5.15515308341581e-01
9.22500000000000e+00  5.07882860417301e-01
9.25000000000000e+00  4.99245045960347e-01
9.27500000000000e+00  4.89684690470890e-01
9.30000000000000e+00  4.79283463283348e-01
9.32500000000000e+00  4.68120962264914e-01
9.35000000000000e+00  4.56273798514066e-01
9.37500000000000e+00  4.43851080585392e-01
9.40000000000000e+00  4.30861709500105e-01
9.42500000000000e+00  4.17439455997375e-01
9.45000000000000e+00  4.03647728627373e-01
9.47500000000000e+00  3.89549333940308e-01
9.50000000000000e+00  3.75205908580156e-01
9.52500000000000e+00  3.60677351378388e-01
9.55000000000000e+00  3.46021255447691e-01
9.57500000000000e+00  3.31292340275698e-01
9.60000000000000e+00  3.16541883818711e-01
9.62500000000000e+00  3.01817154595432e-01
9.65000000000000e+00  2.87160843780678e-01
9.67500000000000e+00  2.72610497299120e-01
9.70000000000000e+00  2.58201640804267e-01
9.72500000000000e+00  2.43964472805075e-01
9.75000000000000e+00  2.29924701431846e-01
9.77500000000000e+00  2.16104973238806e-01
9.80000000000000e+00  2.02523659745323e-01
9.82500000000000e+00  1.89195262522718e-01
9.85000000000000e+00  1.76130818281068e-01
9.87500000000000e+00  1.63338303956008e-01
9.90000000000000e+00  1.50823041795535e-01
9.92500000000000e+00  1.38588104446819e-01
9.95000000000000e+00  1.26634720043001e-01
9.97500000000000e+00  1.14962677290000e-01
1.00000000000000e+01  1.03570730553322e-01
