0.00000000000000e+00  1.03470700886565e-01
2.50000000000000e-02  1.14887559081743e-01
5.00000000000000e-02  1.26555629340145e-01
7.50000000000000e-02  1.38488405528527e-01
1.00000000000000e-01  1.50694576396291e-01
1.25000000000000e-01  1.63178193748865e-01
1.50000000000000e-01  1.75938840621095e-01
1.75000000000000e-01  1.88971799450629e-01
2.00000000000000e-01  2.02268220251310e-01
2.25000000000000e-01  2.15815288786562e-01
2.50000000000000e-01  2.29596394742779e-01
2.75000000000000e-01  2.43591299902711e-01
3.00000000000000e-01  2.57776306318856e-01
3.25000000000000e-01  2.72123785701766e-01
3.50000000000000e-01  2.86602688180202e-01
3.75000000000000e-01  3.01178778465707e-01
4.00000000000000e-01  3.15813355397772e-01
4.25000000000000e-01  3.30464388858769e-01
4.50000000000000e-01  3.45086176680750e-01
4.75000000000000e-01  3.59629001552245e-01
5.00000000000000e-01  3.74038787925053e-01
5.25000000000000e-01  3.88256758921046e-01
5.50000000000000e-01  4.02219093238957e-01
5.75000000000000e-01  4.15856582061185e-01
6.00000000000000e-01  4.29094285960582e-01
6.25000000000000e-01  4.41890703492732e-01
6.50000000000000e-01  4.54115147037882e-01
6.75000000000000e-01  4.65738582397702e-01
7.00000000000000e-01  4.76675421649123e-01
7.25000000000000e-01  4.86840148065860e-01
7.50000000000000e-01  4.96147586654091e-01
7.75000000000000e-01  5.04513174688135e-01
8.00000000000000e-01  5.11853232246125e-01
8.25000000000000e-01  5.18085232745691e-01
8.50000000000000e-01  5.23128073479633e-01
8.75000000000000e-01  5.26902346151600e-01
9.00000000000000e-01  5.29330607411766e-01
9.25000000000000e-01  5.30337649392510e-01
9.50000000000000e-01  5.29852853143766e-01
9.75000000000000e-01  5.27809274628674e-01
1.00000000000000e+00  5.24144489187538e-01
1.02500000000000e+00  5.18802586484692e-01
1.05000000000000e+00  5.11733925410128e-01
1.07500000000000e+00  5.02896196028237e-01
1.10000000000000e+00  4.92255481526563e-01
1.12500000000000e+00  4.79787320164550e-01
1.15000000000000e+00  4.65477767222291e-01
1.17500000000000e+00  4.49324456949276e-01
1.20000000000000e+00  4.31337664513142e-01
1.22500000000000e+00  4.11541367948423e-01
1.25000000000000e+00  3.89930416840200e-01
1.27500000000000e+00  3.66626551541412e-01
1.30000000000000e+00  3.41620081699826e-01
1.32500000000000e+00  3.14989864094855e-01
1.35000000000000e+00  2.86826125111359e-01
1.37500000000000e+00  2.57230623754249e-01
1.40000000000000e+00  2.26316814663100e-01
1.42500000000000e+00  1.94210011126758e-01
1.45000000000000e+00  1.61047548097942e-01
1.47500000000000e+00  1.26978945207862e-01
1.50000000000000e+00  9.21660697808206e-02
1.52500000000000e+00  5.67832998488207e-02
1.55000000000000e+00  2.10176871661791e-02
1.57500000000000e+00  -1.49370052377861e-02
1.60000000000000e+00  -5.08763062534030e-02
1.62500000000000e+00  -8.65869844138940e-02
1.65000000000000e+00  -1.21851589455556e-01
1.67500000000000e+00  -1.56446830235046e-01
1.70000000000000e+00  -1.90145855730358e-01
1.72500000000000e+00  -2.22720536041780e-01
1.75000000000000e+00  -2.53943743392877e-01
1.77500000000000e+00  -2.83591633131451e-01
1.80000000000000e+00  -3.11445924730509e-01
1.82500000000000e+00  -3.37296182789243e-01
1.85000000000000e+00  -3.60942098033984e-01
1.87500000000000e+00  -3.82174547966759e-01
1.90000000000000e+00  -4.00816714418612e-01
1.92500000000000e+00  -4.16702485431844e-01
1.95000000000000e+00  -4.29679605926602e-01
1.97500000000000e+00  -4.39615504517109e-01
2.00000000000000e+00  -4.46398565326524e-01
2.02500000000000e+00  -4.49939399801799e-01
2.05000000000000e+00  -4.50172118528535e-01
2.07500000000000e+00  -4.47055603045839e-01
2.10000000000000e+00  -4.40574777661182e-01
2.12500000000000e+00  -4.30741881265258e-01
2.15000000000000e+00  -4.17597739146835e-01
2.17500000000000e+00  -4.01213034807619e-01
2.20000000000000e+00  -3.81685254194925e-01
2.22500000000000e+00  -3.59141983956279e-01
2.25000000000000e+00  -3.33740867234805e-01
2.27500000000000e+00  -3.05664679963568e-01
2.30000000000000e+00  -2.75124965890052e-01
2.32500000000000e+00  -2.42359847664861e-01
2.35000000000000e+00  -2.07631837930414e-01
2.37500000000000e+00  -1.71225650409651e-01
2.40000000000000e+00  -1.33446010994731e-01
2.42500000000000e+00  -9.46154688357327e-02
2.45000000000000e+00  -5.50722074293561e-02
2.47500000000000e+00  -1.51678557076189e-02
2.50000000000000e+00  2.47428609307177e-02
2.52500000000000e+00  6.42799947255493e-02
2.55000000000000e+00  1.03082921237455e-01
2.57500000000000e+00  1.40783363315258e-01
2.60000000000000e+00  1.77018513629835e-01
2.62500000000000e+00  2.11434651222897e-01
2.65000000000000e+00  2.43690758055796e-01
2.67500000000000e+00  2.73462135558309e-01
2.70000000000000e+00  3.00444021177442e-01
2.72500000000000e+00  3.24355204926212e-01
2.75000000000000e+00  3.44941645932453e-01
2.77500000000000e+00  3.61980088987600e-01
2.80000000000000e+00  3.75281681095489e-01
2.82500000000000e+00  3.84691862145313e-01
2.85000000000000e+00  3.90095499997337e-01
2.87500000000000e+00  3.91420386259378e-01
2.90000000000000e+00  3.88631082650686e-01
2.92500000000000e+00  3.81738061300126e-01
2.95000000000000e+00  3.70796777670327e-01
2.97500000000000e+00  3.55906743481830e-01
3.00000000000000e+00  3.37210599637230e-01
3.02500000000000e+00  3.14893189145328e-01
3.05000000000000e+00  2.89180630045274e-01
3.07500000000000e+00  2.60339388330716e-01
3.10000000000000e+00  2.28675350873944e-01
3.12500000000000e+00  1.94528340161516e-01
3.15000000000000e+00  1.58263891998278e-01
3.17500000000000e+00  1.20283509912780e-01
3.20000000000000e+00  8.10068510869650e-02
3.22500000000000e+00  4.08734136677149e-02
3.25000000000000e+00  3.37116420176974e-04
3.27500000000000e+00  -4.01391216189036e-02
3.30000000000000e+00  -8.00888014878547e-02
3.32500000000000e+00  -1.19047264646752e-01
3.35000000000000e+00  -1.56557113324090e-01
3.37500000000000e+00  -1.92173630863448e-01
3.40000000000000e+00  -2.25470202070169e-01
3.42500000000000e+00  -2.56043733558020e-01
3.45000000000000e+00  -2.83519828043870e-01
3.47500000000000e+00  -3.07557641603730e-01
3.50000000000000e+00  -3.27857508847143e-01
3.52500000000000e+00  -3.44155229999065e-01
3.55000000000000e+00  -3.56235986495311e-01
3.57500000000000e+00  -3.63935472855396e-01
3.60000000000000e+00  -3.67141028555375e-01
3.62500000000000e+00  -3.65792769900681e-01
3.65000000000000e+00  -3.59884721898973e-01
3.67500000000000e+00  -3.49465950132968e-01
3.70000000000000e+00  -3.34641692633289e-01
3.72500000000000e+00  -3.15574491751302e-01
3.75000000000000e+00  -2.92474374295100e-01
3.77500000000000e+00  -2.65619837893915e-01
3.80000000000000e+00  -2.35317345181346e-01
3.82500000000000e+00  -2.01924763419137e-01
3.85000000000000e+00  -1.65843272716578e-01
3.87500000000000e+00  -1.27511242778637e-01
3.90000000000000e+00  -8.73981096540921e-02
3.92500000000000e+00  -4.59982524836687e-02
3.95000000000000e+00  -3.82487024816629e-03
3.97500000000000e+00  3.85961414834082e-02
4.00000000000000e+00  8.07323138057032e-02
4.02500000000000e+00  1.22050727728894e-01
4.05000000000000e+00  1.62024137430546e-01
4.07500000000000e+00  2.00141770021622e-01
4.10000000000000e+00  2.35911478202050e-01
4.12500000000000e+00  2.68871884200747e-01
4.15000000000000e+00  2.98587628429036e-01
4.17500000000000e+00  3.24665753712932e-01
4.20000000000000e+00  3.46759110850613e-01
4.22500000000000e+00  3.64569764169874e-01
4.25000000000000e+00  3.77852397085594e-01
4.27500000000000e+00  3.86417717657201e-01
4.30000000000000e+00  3.90135864146128e-01
4.32500000000000e+00  3.88939810573282e-01
4.35000000000000e+00  3.82828772276501e-01
4.37500000000000e+00  3.71857173897550e-01
4.40000000000000e+00  3.56157333519761e-01
4.42500000000000e+00  3.35904329172621e-01
4.45000000000000e+00  3.11339285609082e-01
4.47500000000000e+00  2.82763239280905e-01
4.50000000000000e+00  2.50531311200086e-01
4.52500000000000e+00  2.15046879800281e-01
4.55000000000000e+00  1.76755753798240e-01
4.57500000000000e+00  1.36140345055230e-01
4.60000000000000e+00  9.37138414384606e-02
4.62500000000000e+00  5.00143796825232e-02
4.65000000000000e+00  5.59921825080205e-03
4.67500000000000e+00  -3.89610898030809e-02
4.70000000000000e+00  -8.30977905070980e-02
4.72500000000000e+00  -1.26244162226277e-01
4.75000000000000e+00  -1.67848099502870e-01
4.77500000000000e+00  -2.07370526302318e-01
4.80000000000000e+00  -2.44301976151815e-01
4.82500000000000e+00  -2.78167642770780e-01
4.85000000000000e+00  -3.08532430701342e-01
4.87500000000000e+00  -3.35006005938801e-01
4.90000000000000e+00  -3.57247846562115e-01
4.92500000000000e+00  -3.74972293364366e-01
4.95000000000000e+00  -3.87953600483238e-01
4.97500000000000e+00  -3.96030986031491e-01
5.00000000000000e+00  -3.99101715098973e-01
5.02500000000000e+00  -3.97132885672695e-01
5.05000000000000e+00  -3.90158550271968e-01
5.07500000000000e+00  -3.78271451169890e-01
5.10000000000000e+00  -3.61633266435233e-01
5.12500000000000e+00  -3.40469717560730e-01
5.15000000000000e+00  -3.15065677091345e-01
5.17500000000000e+00  -2.85760276252552e-01
5.20000000000000e+00  -2.52942012578623e-01
5.22500000000000e+00  -2.17043857540894e-01
5.25000000000000e+00  -1.78538364176054e-01
5.27500000000000e+00  -1.37932774714413e-01
5.30000000000000e+00  -9.57641282081897e-02
5.32500000000000e+00  -5.25827266624415e-02
5.35000000000000e+00  -8.95376844922013e-03
5.37500000000000e+00  3.45547169947897e-02
5.40000000000000e+00  7.73733215202936e-02
5.42500000000000e+00  1.18945227537918e-01
5.45000000000000e+00  1.58732366015464e-01
5.47500000000000e+00  1.96221574475156e-01
5.50000000000000e+00  2.30930754990884e-01
5.52500000000000e+00  2.62415032185460e-01
5.55000000000000e+00  2.90272911227858e-01
5.57500000000000e+00  3.14152435830468e-01
5.60000000000000e+00  3.33757346246342e-01
5.62500000000000e+00  3.48840645574077e-01
5.65000000000000e+00  3.59221223625919e-01
5.67500000000000e+00  3.64777692423179e-01
5.70000000000000e+00  3.65446135407434e-01
5.72500000000000e+00  3.61230707929501e-01
5.75000000000000e+00  3.52200481215936e-01
5.77500000000000e+00  3.38486286335539e-01
5.80000000000000e+00  3.20277558165851e-01
5.82500000000000e+00  2.97819179359656e-01
5.85000000000000e+00  2.71408324311479e-01
5.87500000000000e+00  2.41391303124089e-01
5.90000000000000e+00  2.08160405574997e-01
5.92500000000000e+00  1.72150745082960e-01
5.95000000000000e+00  1.33823088272296e-01
5.97500000000000e+00  9.36693581329946e-02
6.00000000000000e+00  5.22004017944062e-02
6.02500000000000e+00  9.94352345499422e-03
6.05000000000000e+00  -3.25682131007004e-02
6.07500000000000e+00  -7.48022349158903e-02
6.10000000000000e+00  -1.16232710275403e-01
6.12500000000000e+00  -1.56346799119514e-01
6.15000000000000e+00  -1.94650903457806e-01
6.17500000000000e+00  -2.30676917783004e-01
6.20000000000000e+00  -2.63988479484828e-01
6.22500000000000e+00  -2.94187219263840e-01
6.25000000000000e+00  -3.20921400000369e-01
6.27500000000000e+00  -3.43851595180567e-01
6.30000000000000e+00  -3.62735635697538e-01
6.32500000000000e+00  -3.77352939575872e-01
6.35000000000000e+00  -3.87541521041966e-01
6.37500000000000e+00  -3.93196834129852e-01
6.40000000000000e+00  -3.94270616287037e-01
6.42500000000000e+00  -3.90769731980341e-01
6.45000000000000e+00  -3.82755016301729e-01
6.47500000000000e+00  -3.70340118574152e-01
6.50000000000000e+00  -3.53690345957382e-01
6.52500000000000e+00  -3.33021507053844e-01
6.55000000000000e+00  -3.08598755514462e-01
6.57500000000000e+00  -2.80722929787334e-01
6.60000000000000e+00  -2.49735921498903e-01
6.62500000000000e+00  -2.16013180680000e-01
6.65000000000000e+00  -1.79959024942114e-01
6.67500000000000e+00  -1.42001246320104e-01
6.70000000000000e+00  -1.02585701904588e-01
6.72500000000000e+00  -6.21709044743101e-02
6.75000000000000e+00  -2.12226131285382e-02
6.77500000000000e+00  1.97915760805709e-02
6.80000000000000e+00  6.04076395155768e-02
6.82500000000000e+00  1.00170535321381e-01
6.85000000000000e+00  1.38639612792847e-01
6.87500000000000e+00  1.75395752556319e-01
6.90000000000000e+00  2.10032381794534e-01
6.92500000000000e+00  2.42188506785061e-01
6.95000000000000e+00  2.71519668167413e-01
6.97500000000000e+00  2.97719738450550e-01
7.00000000000000e+00  3.20521876299342e-01
7.02500000000000e+00  3.39699480821041e-01
7.05000000000000e+00  3.55067145851748e-01
7.07500000000000e+00  3.66481614242881e-01
7.10000000000000e+00  3.73842732147645e-01
7.12500000000000e+00  3.77094403307496e-01
7.15000000000000e+00  3.76225543338615e-01
7.17500000000000e+00  3.71271034018372e-01
7.20000000000000e+00  3.62302716096216e-01
7.22500000000000e+00  3.49435366459791e-01
7.25000000000000e+00  3.32823257720300e-01
7.27500000000000e+00  3.12655099476145e-01
7.30000000000000e+00  2.89154028782600e-01
7.32500000000000e+00  2.62573976960870e-01
7.35000000000000e+00  2.33196036407129e-01
7.37500000000000e+00  2.01324827401581e-01
7.40000000000000e+00  1.67284864917502e-01
7.42500000000000e+00  1.31416925430300e-01
7.45000000000000e+00  9.40744137265570e-02
7.47500000000000e+00  5.56197297130814e-02
7.50000000000000e+00  1.64144734701907e-02
7.52500000000000e+00  -2.31586466514185e-02
7.55000000000000e+00  -6.27419231705942e-02
7.57500000000000e+00  -1.01972837374005e-01
7.60000000000000e+00  -1.40499987258331e-01
7.62500000000000e+00  -1.77985298460161e-01
7.65000000000000e+00  -2.14106235185911e-01
7.67500000000000e+00  -2.48558011141717e-01
7.70000000000000e+00  -2.81055800463353e-01
7.72500000000000e+00  -3.11336948646136e-01
7.75000000000000e+00  -3.39163183474822e-01
7.77500000000000e+00  -3.64322825953528e-01
7.80000000000000e+00  -3.86633001235627e-01
7.82500000000000e+00  -4.05935841515026e-01
7.85000000000000e+00  -4.22103680815774e-01
7.87500000000000e+00  -4.35038860525620e-01
7.90000000000000e+00  -4.44670516802011e-01
7.92500000000000e+00  -4.50957670457729e-01
7.95000000000000e+00  -4.53887938144545e-01
7.97500000000000e+00  -4.53476243536879e-01
8.00000000000000e+00  -4.49763528515451e-01
8.02500000000000e+00  -4.42815464350939e-01
8.05000000000000e+00  -4.32721162887634e-01
8.07500000000000e+00  -4.19591887727094e-01
8.10000000000000e+00  -4.03559765411803e-01
8.12500000000000e+00  -3.84799478027835e-01
8.15000000000000e+00  -3.63410519817177e-01
8.17500000000000e+00  -3.39635510212627e-01
8.20000000000000e+00  -3.13661816918219e-01
8.22500000000000e+00  -2.85689322518399e-01
8.25000000000000e+00  -2.55928127326307e-01
8.27500000000000e+00  -2.24596252232083e-01
8.30000000000000e+00  -1.91917341551149e-01
8.32500000000000e+00  -1.58118365872499e-01
8.35000000000000e+00  -1.23427324907004e-01
8.37500000000000e+00  -8.80709503356817e-02
8.40000000000000e+00  -5.22724086580104e-02
8.42500000000000e+00  -1.62490040402085e-02
8.45000000000000e+00  1.97861427365357e-02
8.47500000000000e+00  5.56286942829363e-02
8.50000000000000e+00  9.10850271839230e-02
8.52500000000000e+00  1.25968223403145e-01
8.55000000000000e+00  1.60104038939176e-01
8.57500000000000e+00  1.93330733193234e-01
8.60000000000000e+00  2.25498898336909e-01
8.62500000000000e+00  2.56471288679911e-01
8.65000000000000e+00  2.86122650037774e-01
8.67500000000000e+00  3.14339549099604e-01
8.70000000000000e+00  3.41020202795800e-01
8.72500000000000e+00  3.66074307665792e-01
8.75000000000000e+00  3.89466861230382e-01
8.77500000000000e+00  4.11077040495508e-01
8.80000000000000e+00  4.30913990108987e-01
8.82500000000000e+00  4.48939067976965e-01
8.85000000000000e+00  4.65128385861798e-01
8.87500000000000e+00  4.79471749426355e-01
8.90000000000000e+00  4.91971598278301e-01
8.92500000000000e+00  5.02641946014397e-01
8.95000000000000e+00  5.11507320264792e-01
8.97500000000000e+00  5.18601702737317e-01
9.00000000000000e+00  5.23967469261780e-01
9.02500000000000e+00  5.27654329834256e-01
9.05000000000000e+00  5.29718268661384e-01
9.07500000000000e+00  5.30221778469787e-01
9.10000000000000e+00  5.29231877086838e-01
9.12500000000000e+00  5.26819260057555e-01
9.15000000000000e+00  5.23059209660950e-01
9.17500000000000e+00  5.18029245606012e-01
9.20000000000000e+00  5.11808853139279e-01
9.22500000000000e+00  5.04479211152399e-01
9.25000000000000e+00  4.96122920289692e-01
9.27500000000000e+00  4.86823731055726e-01
9.30000000000000e+00  4.76666271922872e-01
9.32500000000000e+00  4.65735777438876e-01
9.35000000000000e+00  4.54117816334420e-01
9.37500000000000e+00  4.41858576150153e-01
9.40000000000000e+00  4.29105670986431e-01
9.42500000000000e+00  4.15871315802016e-01
9.45000000000000e+00  4.02236582202764e-01
9.47500000000000e+00  3.88276465530492e-01
9.50000000000000e+00  3.74060227853134e-01
9.52500000000000e+00  3.59651740954900e-01
9.55000000000000e+00  3.45109829326426e-01
9.57500000000000e+00  3.30488613154926e-01
9.60000000000000e+00  3.15837851314352e-01
9.62500000000000e+00  3.01203284355547e-01
9.65000000000000e+00  2.86626977496391e-01
9.67500000000000e+00  2.72147663611967e-01
9.70000000000000e+00  2.57799607280594e-01
9.72500000000000e+00  2.43613884286675e-01
9.75000000000000e+00  2.29618145748581e-01
9.77500000000000e+00  2.15836109828846e-01
9.80000000000000e+00  2.02288031997790e-01
9.82500000000000e+00  1.88990536995774e-01
9.85000000000000e+00  1.75956450795429e-01
9.87500000000000e+00  1.63194632563910e-01
9.90000000000000e+00  1.50709806625129e-01
9.92500000000000e+00  1.38502394422010e-01
9.95000000000000e+00  1.26568346478722e-01
9.97500000000000e+00  1.14898974362927e-01
1.00000000000000e+01  1.03480782648028e-01
