0.00000000000000e+00  1.02979266181235e-01
2.50000000000000e-02  1.14920176195220e-01
5.00000000000000e-02  1.26744708856804e-01
7.50000000000000e-02  1.38634451347771e-01
1.00000000000000e-01  1.50717885077037e-01
1.25000000000000e-01  1.63077469380579e-01
1.50000000000000e-01  1.75756725221359e-01
1.75000000000000e-01  1.88767318889259e-01
2.00000000000000e-01  2.02096145701008e-01
2.25000000000000e-01  2.15712413700108e-01
2.50000000000000e-01  2.29574727356771e-01
2.75000000000000e-01  2.43638171267839e-01
3.00000000000000e-01  2.57861393856721e-01
3.25000000000000e-01  2.72199647221704e-01
3.50000000000000e-01  2.86617776403136e-01
3.75000000000000e-01  3.01099776822754e-01
4.00000000000000e-01  3.15610087885610e-01
4.25000000000000e-01  3.30130333816530e-01
4.50000000000000e-01  3.44647248205794e-01
4.75000000000000e-01  3.59140598554808e-01
5.00000000000000e-01  3.73571110821785e-01
5.25000000000000e-01  3.87868393967416e-01
5.50000000000000e-01  4.01918864500550e-01
5.75000000000000e-01  4.15553671023875e-01
6.00000000000000e-01  4.28536618779585e-01
6.25000000000000e-01  4.41627715435780e-01
6.50000000000000e-01  4.53255736143061e-01
6.75000000000000e-01  4.64633071761256e-01
7.00000000000000e-01  4.75504899477514e-01
7.25000000000000e-01  4.85667255642516e-01
7.50000000000000e-01  4.94959590961252e-01
7.75000000000000e-01  5.03257325683816e-01
8.00000000000000e-01  5.10464404796182e-01
8.25000000000000e-01  5.16505853210999e-01
8.50000000000000e-01  5.21320330958372e-01
8.75000000000000e-01  5.24852688376648e-01
9.00000000000000e-01  5.27046521303200e-01
9.25000000000000e-01  5.27836726265220e-01
9.50000000000000e-01  5.27168414684710e-01
9.75000000000000e-01  5.24975408798487e-01
1.00000000000000e+00  5.21180338947091e-01
1.02500000000000e+00  5.15719639563477e-01
1.05000000000000e+00  5.08523027428678e-01
1.07500000000000e+00  4.99523040240159e-01
1.10000000000000e+00  4.88664575180175e-01
1.12500000000000e+00  4.75914427484124e-01
1.15000000000000e+00  4.61270829008896e-01
1.17500000000000e+00  4.44772986801236e-01
1.20000000000000e+00  4.26510621666088e-01
1.22500000000000e+00  4.06633506734955e-01
1.25000000000000e+00  3.84226456095375e-01
1.27500000000000e+00  3.61393385808795e-01
1.30000000000000e+00  3.36346482305578e-01
1.32500000000000e+00  3.09415285304441e-01
1.35000000000000e+00  2.80862789754663e-01
1.37500000000000e+00  2.50898017437402e-01
1.40000000000000e+00  2.19688588567023e-01
1.42500000000000e+00  1.87373293392426e-01
1.45000000000000e+00  1.54074663798362e-01
1.47500000000000e+00  1.19911544906770e-01
1.50000000000000e+00  8.50116666780897e-02
1.52500000000000e+00  4.95242155125950e-02
1.55000000000000e+00  1.36324058517151e-02
1.57500000000000e+00  -2.24882625514580e-02
1.60000000000000e+00  -5.86281743705377e-02
1.62500000000000e+00  -9.45558900983551e-02
1.65000000000000e+00  -1.30033119897730e-01
1.67500000000000e+00  -1.64808686766365e-01
1.70000000000000e+00  -1.98628178103567e-01
1.72500000000000e+00  -2.31243597276935e-01
1.75000000000000e+00  -2.62423015189083e-01
1.77500000000000e+00  -2.91960221844341e-01
1.80000000000000e+00  -3.19684377915459e-01
1.82500000000000e+00  -3.45469666310321e-01
1.85000000000000e+00  -3.69244943738645e-01
1.87500000000000e+00  -3.90505863934395e-01
1.90000000000000e+00  -4.09021160108844e-01
1.92500000000000e+00  -4.24788669259099e-01
1.95000000000000e+00  -4.37642497569955e-01
1.97500000000000e+00  -4.47440899802052e-01
2.00000000000000e+00  -4.54066854704428e-01
2.02500000000000e+00  -4.57428640427055e-01
2.05000000000000e+00  -4.57460409933388e-01
2.07500000000000e+00  -4.54122766412901e-01
2.10000000000000e+00  -4.47403338693639e-01
2.12500000000000e+00  -4.37317356654754e-01
2.15000000000000e+00  -4.23908226639052e-01
2.17500000000000e+00  -4.07248106865534e-01
2.20000000000000e+00  -3.87436812208603e-01
2.22500000000000e+00  -3.64603013125473e-01
2.25000000000000e+00  -3.38904695385036e-01
2.27500000000000e+00  -3.10524881741275e-01
2.30000000000000e+00  -2.79674904617473e-01
2.32500000000000e+00  -2.46592609310189e-01
2.35000000000000e+00  -2.11540557193214e-01
2.37500000000000e+00  -1.74804228921544e-01
2.40000000000000e+00  -1.36690227635345e-01
2.42500000000000e+00  -9.75244821639217e-02
2.45000000000000e+00  -5.76504502296781e-02
2.47500000000000e+00  -1.74273216520886e-02
2.50000000000000e+00  2.28028033352794e-02
2.52500000000000e+00  6.26678815936368e-02
2.55000000000000e+00  1.01792302851174e-01
2.57500000000000e+00  1.39808631957588e-01
2.60000000000000e+00  1.76354287766583e-01
2.62500000000000e+00  2.11075265851718e-01
2.65000000000000e+00  2.43629861222260e-01
2.67500000000000e+00  2.73692391039020e-01
2.70000000000000e+00  3.00956917330219e-01
2.72500000000000e+00  3.25140969707319e-01
2.75000000000000e+00  3.45989268080880e-01
2.77500000000000e+00  3.63277445376405e-01
2.80000000000000e+00  3.76815770250192e-01
2.82500000000000e+00  3.86448336786820e-01
2.85000000000000e+00  3.92058890788600e-01
2.87500000000000e+00  3.93574299317178e-01
2.90000000000000e+00  3.90957793903124e-01
2.92500000000000e+00  3.84218689138040e-01
2.95000000000000e+00  3.73411410073254e-01
2.97500000000000e+00  3.58634519618517e-01
3.00000000000000e+00  3.40029745940698e-01
3.02500000000000e+00  3.17781009862476e-01
3.05000000000000e+00  2.92113452261037e-01
3.07500000000000e+00  2.63292461466769e-01
3.10000000000000e+00  2.31622700661956e-01
3.12500000000000e+00  1.97444571974122e-01
3.15000000000000e+00  1.61126889348382e-01
3.17500000000000e+00  1.23066422106940e-01
3.20000000000000e+00  8.36838433242287e-02
3.22500000000000e+00  4.34196053916373e-02
3.25000000000000e+00  2.72855131253317e-03
3.27500000000000e+00  -3.79254740027073e-02
3.30000000000000e+00  -7.80750124416728e-02
3.32500000000000e+00  -1.17254381394895e-01
3.35000000000000e+00  -1.55005062460820e-01
3.37500000000000e+00  -1.90881090150780e-01
3.40000000000000e+00  -2.24454440593972e-01
3.42500000000000e+00  -2.55320420242425e-01
3.45000000000000e+00  -2.83103103820357e-01
3.47500000000000e+00  -3.07459950082894e-01
3.50000000000000e+00  -3.28089506191819e-01
3.52500000000000e+00  -3.44725791749433e-01
3.55000000000000e+00  -3.57152151728191e-01
3.57500000000000e+00  -3.65202414607028e-01
3.60000000000000e+00  -3.68762050507685e-01
3.62500000000000e+00  -3.67769329331036e-01
3.65000000000000e+00  -3.62216478893413e-01
3.67500000000000e+00  -3.52150843062934e-01
3.70000000000000e+00  -3.37676039895827e-01
3.72500000000000e+00  -3.18953119772757e-01
3.75000000000000e+00  -2.96191132529443e-01
3.77500000000000e+00  -2.69660993863922e-01
3.80000000000000e+00  -2.39672804543617e-01
3.82500000000000e+00  -2.06581898633657e-01
3.85000000000000e+00  -1.70787082303343e-01
3.87500000000000e+00  -1.32724502447595e-01
3.90000000000000e+00  -9.28615153084121e-02
3.92500000000000e+00  -5.16905550963299e-02
3.95000000000000e+00  -9.72300261187144e-03
3.97500000000000e+00  3.25169461329973e-02
4.00000000000000e+00  7.44984112934070e-02
4.02500000000000e+00  1.15689960570134e-01
4.05000000000000e+00  1.55565740588141e-01
4.07500000000000e+00  1.93616218624594e-01
4.10000000000000e+00  2.29350309119566e-01
4.12500000000000e+00  2.62307656466397e-01
4.15000000000000e+00  2.92053628609082e-01
4.17500000000000e+00  3.18195836430613e-01
4.20000000000000e+00  3.40387484570768e-01
4.22500000000000e+00  3.58330722243887e-01
4.25000000000000e+00  3.71779994056657e-01
4.27500000000000e+00  3.80545390825891e-01
4.30000000000000e+00  3.84496000396306e-01
4.32500000000000e+00  3.83563258458311e-01
4.35000000000000e+00  3.77744299365777e-01
4.37500000000000e+00  3.67096785750863e-01
4.40000000000000e+00  3.51740472221227e-01
4.42500000000000e+00  3.31858198798365e-01
4.45000000000000e+00  3.07687489668366e-01
4.47500000000000e+00  2.79526097615127e-01
4.50000000000000e+00  2.47726131434836e-01
4.52500000000000e+00  2.12688183350447e-01
4.55000000000000e+00  1.74855456426177e-01
4.57500000000000e+00  1.34707891981974e-01
4.60000000000000e+00  9.27562970080082e-02
4.62500000000000e+00  4.95364715791546e-02
4.65000000000000e+00  5.60333626946801e-03
4.67500000000000e+00  -3.84749404333214e-02
4.70000000000000e+00  -8.21318098817011e-02
4.72500000000000e+00  -1.24802784892265e-01
4.75000000000000e+00  -1.65937958959158e-01
4.77500000000000e+00  -2.05000367329624e-01
4.80000000000000e+00  -2.41482563531367e-01
4.82500000000000e+00  -2.74911636084310e-01
4.85000000000000e+00  -3.04854225212357e-01
4.87500000000000e+00  -3.30921539555143e-01
4.90000000000000e+00  -3.52774372879793e-01
4.92500000000000e+00  -3.70128120792680e-01
4.95000000000000e+00  -3.82757797451173e-01
4.97500000000000e+00  -3.90503052275406e-01
5.00000000000000e+00  -3.93266484743681e-01
5.02500000000000e+00  -3.91007521922197e-01
5.05000000000000e+00  -3.83768023781318e-01
5.07500000000000e+00  -3.71640462218353e-01
5.10000000000000e+00  -3.54786343484928e-01
5.12500000000000e+00  -3.33431273986955e-01
5.15000000000000e+00  -3.07860026084599e-01
5.17500000000000e+00  -2.78411603892244e-01
5.20000000000000e+00  -2.45474309078470e-01
5.22500000000000e+00  -2.09480806666008e-01
5.25000000000000e+00  -1.70903190831723e-01
5.27500000000000e+00  -1.30248050706567e-01
5.30000000000000e+00  -8.80515361755601e-02
5.32500000000000e+00  -4.48628599255040e-02
5.35000000000000e+00  -1.24585908547172e-03
5.37500000000000e+00  4.22331525263229e-02
5.40000000000000e+00  8.50065208420091e-02
5.42500000000000e+00  1.26519514477090e-01
5.45000000000000e+00  1.66236379912410e-01
5.47500000000000e+00  2.03646396676118e-01
5.50000000000000e+00  2.38269932525622e-01
5.52500000000000e+00  2.69664498629559e-01
5.55000000000000e+00  2.97430804749749e-01
5.57500000000000e+00  3.21218814423164e-01
5.60000000000000e+00  3.40733800143886e-01
5.62500000000000e+00  3.55735469904167e-01
5.65000000000000e+00  3.66037562989420e-01
5.67500000000000e+00  3.71527377377171e-01
5.70000000000000e+00  3.72142063316730e-01
5.72500000000000e+00  3.67886929442962e-01
5.75000000000000e+00  3.58832228455803e-01
5.77500000000000e+00  3.45109942799791e-01
5.80000000000000e+00  3.26910570343578e-01
5.82500000000000e+00  3.04479910059466e-01
5.85000000000000e+00  2.78115847702913e-01
5.87500000000000e+00  2.48165141492074e-01
5.90000000000000e+00  2.15020207787303e-01
5.92500000000000e+00  1.79115906770696e-01
5.95000000000000e+00  1.40912617581027e-01
5.97500000000000e+00  1.00901583690787e-01
6.00000000000000e+00  5.95926779380963e-02
6.02500000000000e+00  1.75120302743892e-02
6.05000000000000e+00  -2.48086486119580e-02
6.07500000000000e+00  -6.68382750222458e-02
6.10000000000000e+00  -1.08052599974098e-01
6.12500000000000e+00  -1.47940416928076e-01
6.15000000000000e+00  -1.86009769514331e-01
6.17500000000000e+00  -2.21794159259214e-01
6.20000000000000e+00  -2.54858753311921e-01
6.22500000000000e+00  -2.84806592171124e-01
6.25000000000000e+00  -3.11289795781940e-01
6.27500000000000e+00  -3.33968056512868e-01
6.30000000000000e+00  -3.52603253147876e-01
6.32500000000000e+00  -3.66976409483551e-01
6.35000000000000e+00  -3.76927219365070e-01
6.37500000000000e+00  -3.82352871640847e-01
6.40000000000000e+00  -3.83206875117184e-01
6.42500000000000e+00  -3.79497883512912e-01
6.45000000000000e+00  -3.71288520414047e-01
6.47500000000000e+00  -3.58694204228426e-01
6.50000000000000e+00  -3.41881973140366e-01
6.52500000000000e+00  -3.21069310065301e-01
6.55000000000000e+00  -2.96522967604437e-01
6.57500000000000e+00  -2.68545317089154e-01
6.60000000000000e+00  -2.37479653967403e-01
6.62500000000000e+00  -2.03702683991084e-01
6.65000000000000e+00  -1.67619919874808e-01
6.67500000000000e+00  -1.29660153634150e-01
6.70000000000000e+00  -9.02700588916587e-02
6.72500000000000e+00  -4.99087931828547e-02
6.75000000000000e+00  -9.04260026225334e-03
6.77500000000000e+00  3.18605875906416e-02
6.80000000000000e+00  7.23365472653170e-02
6.82500000000000e+00  1.11930162514247e-01
6.85000000000000e+00  1.50200821646889e-01
6.87500000000000e+00  1.86733772702152e-01
6.90000000000000e+00  2.21113405074314e-01
6.92500000000000e+00  2.52987653846738e-01
6.95000000000000e+00  2.82012594698305e-01
6.97500000000000e+00  3.07882937974947e-01
7.00000000000000e+00  3.30332949788965e-01
7.02500000000000e+00  3.49137373118360e-01
7.05000000000000e+00  3.64112348906150e-01
7.07500000000000e+00  3.75116337159699e-01
7.10000000000000e+00  3.82051038050039e-01
7.12500000000000e+00  3.84862313011191e-01
7.15000000000000e+00  3.83541105839490e-01
7.17500000000000e+00  3.78124363792914e-01
7.20000000000000e+00  3.68685555360673e-01
7.22500000000000e+00  3.55341135116902e-01
7.25000000000000e+00  3.38247142221416e-01
7.27500000000000e+00  3.17593486241636e-01
7.30000000000000e+00  2.93604636954741e-01
7.32500000000000e+00  2.66535926883703e-01
7.35000000000000e+00  2.36669853833328e-01
7.37500000000000e+00  2.04312383426299e-01
7.40000000000000e+00  1.69789251639207e-01
7.42500000000000e+00  1.33442267338601e-01
7.45000000000000e+00  9.56256148170207e-02
7.47500000000000e+00  5.67021563290348e-02
7.50000000000000e+00  1.70151557448722e-02
7.52500000000000e+00  -2.29929152733105e-02
7.55000000000000e+00  -6.30171652919809e-02
7.57500000000000e+00  -1.02688606805653e-01
7.60000000000000e+00  -1.41650972476044e-01
7.62500000000000e+00  -1.79562714852282e-01
7.65000000000000e+00  -2.16099006091133e-01
7.67500000000000e+00  -2.50953737677198e-01
7.70000000000000e+00  -2.83841520143150e-01
7.72500000000000e+00  -3.14499682789933e-01
7.75000000000000e+00  -3.42690273406982e-01
7.77500000000000e+00  -3.68202057992441e-01
7.80000000000000e+00  -3.90852520473374e-01
7.82500000000000e+00  -4.10483638460109e-01
7.85000000000000e+00  -4.26967273925071e-01
7.87500000000000e+00  -4.40204251172698e-01
7.90000000000000e+00  -4.50122909937958e-01
7.92500000000000e+00  -4.56680509405795e-01
7.95000000000000e+00  -4.59862516511039e-01
7.97500000000000e+00  -4.59681894238313e-01
8.00000000000000e+00  -4.56178389921931e-01
8.02500000000000e+00  -4.49417823545813e-01
8.05000000000000e+00  -4.39491376043384e-01
8.07500000000000e+00  -4.26514877597481e-01
8.10000000000000e+00  -4.10628095940258e-01
8.12500000000000e+00  -3.92500998849368e-01
8.15000000000000e+00  -3.70638646839903e-01
8.17500000000000e+00  -3.46767131987093e-01
8.20000000000000e+00  -3.20892830796659e-01
8.22500000000000e+00  -2.93086533506980e-01
8.25000000000000e+00  -2.63473775107569e-01
8.27500000000000e+00  -2.32225166357587e-01
8.30000000000000e+00  -1.99546724804338e-01
8.32500000000000e+00  -1.65670205801752e-01
8.35000000000000e+00  -1.30843433528901e-01
8.37500000000000e+00  -9.53206320084735e-02
8.40000000000000e+00  -5.93527561252929e-02
8.42500000000000e+00  -2.31778226448013e-02
8.45000000000000e+00  1.29729884414708e-02
8.47500000000000e+00  4.88903680447865e-02
8.50000000000000e+00  8.43991455471814e-02
8.52500000000000e+00  1.19316450111898e-01
8.55000000000000e+00  1.53493448722095e-01
8.57500000000000e+00  1.86802762661035e-01
8.60000000000000e+00  2.19125883992271e-01
8.62500000000000e+00  2.50340592039859e-01
8.65000000000000e+00  2.80308369868529e-01
8.67500000000000e+00  3.08861820763891e-01
8.70000000000000e+00  3.35792084712626e-01
8.72500000000000e+00  3.60836254882680e-01
8.75000000000000e+00  3.84799800835232e-01
8.77500000000000e+00  4.06067734156990e-01
8.80000000000000e+00  4.25939485767415e-01
8.82500000000000e+00  4.44195932731658e-01
8.85000000000000e+00  4.60687523576060e-01
8.87500000000000e+00  4.75324740340502e-01
8.90000000000000e+00  4.88068560630743e-01
8.92500000000000e+00  4.98920919670779e-01
8.95000000000000e+00  5.07915172355184e-01
8.97500000000000e+00  5.15106555301458e-01
9.00000000000000e+00  5.20562648902379e-01
9.02500000000000e+00  5.24353839378345e-01
9.05000000000000e+00  5.26543780829727e-01
9.07500000000000e+00  5.27209918523311e-01
9.10000000000000e+00  5.26418493713840e-01
9.12500000000000e+00  5.24224448150291e-01
9.15000000000000e+00  5.20692924411448e-01
9.17500000000000e+00  5.15880357188564e-01
9.20000000000000e+00  5.09841917370318e-01
9.22500000000000e+00  5.02638956127769e-01
9.25000000000000e+00  4.94346448999311e-01
9.27500000000000e+00  4.85060439975628e-01
9.30000000000000e+00  4.74905485584650e-01
9.32500000000000e+00  4.64042098976505e-01
9.35000000000000e+00  4.52674194008477e-01
9.37500000000000e+00  4.39981001814468e-01
9.40000000000000e+00  4.27976857172280e-01
9.42500000000000e+00  4.15006153231948e-01
9.45000000000000e+00  4.01384440302265e-01
9.47500000000000e+00  3.87347850503461e-01
9.50000000000000e+00  3.73065173019671e-01
9.52500000000000e+00  3.58649929351420e-01
9.55000000000000e+00  3.44172448568091e-01
9.57500000000000e+00  3.29671942560406e-01
9.60000000000000e+00  3.15168581292898e-01
9.62500000000000e+00  3.00675568056390e-01
9.65000000000000e+00  2.86211214720465e-01
9.67500000000000e+00  2.71811016985947e-01
9.70000000000000e+00  2.57490917177955e-01
9.72500000000000e+00  2.43286007486014e-01
9.75000000000000e+00  2.29240974036063e-01
9.77500000000000e+00  2.15397109563202e-01
9.80000000000000e+00  2.01799272758675e-01
9.82500000000000e+00  1.88488805638841e-01
9.85000000000000e+00  1.75496450914142e-01
9.87500000000000e+00  1.62835269358070e-01
9.90000000000000e+00  1.50493557176133e-01
9.92500000000000e+00  1.38427763374831e-01
9.95000000000000e+00  1.26555407130617e-01
9.97500000000000e+00  1.14747995158866e-01
1.00000000000000e+01  1.02823939082853e-01
