0.00000000000000e+00  1.03874947161544e-01
2.50000000000000e-02  1.15283848090403e-01
5.00000000000000e-02  1.26975115444646e-01
7.50000000000000e-02  1.38948578977966e-01
1.00000000000000e-01  1.51203213686846e-01
1.25000000000000e-01  1.63736738589535e-01
1.50000000000000e-01  1.76545215505036e-01
1.75000000000000e-01  1.89622647832095e-01
2.00000000000000e-01  2.02960579328185e-01
2.25000000000000e-01  2.16547692888492e-01
2.50000000000000e-01  2.30369409324904e-01
2.75000000000000e-01  2.44407486144993e-01
3.00000000000000e-01  2.58639616331006e-01
3.25000000000000e-01  2.73039631412768e-01
3.50000000000000e-01  2.87576883829879e-01
3.75000000000000e-01  3.02215678151446e-01
4.00000000000000e-01  3.16917257192102e-01
4.25000000000000e-01  3.31637824196395e-01
4.50000000000000e-01  3.46329157921637e-01
4.75000000000000e-01  3.60939227720750e-01
5.00000000000000e-01  3.75412808625118e-01
5.25000000000000e-01  3.89692096427438e-01
5.50000000000000e-01  4.03717322764562e-01
5.75000000000000e-01  4.17427370200356e-01
6.00000000000000e-01  4.30760387308540e-01
6.25000000000000e-01  4.43608570597527e-01
6.50000000000000e-01  4.55962261486960e-01
6.75000000000000e-01  4.67688206819711e-01
7.00000000000000e-01  4.78715048168578e-01
7.25000000000000e-01  4.88967213632062e-01
7.50000000000000e-01  4.98365847431811e-01
7.75000000000000e-01  5.06829739510059e-01
8.00000000000000e-01  5.14276255127063e-01
8.25000000000000e-01  5.20622264458547e-01
8.50000000000000e-01  5.25785072193136e-01
8.75000000000000e-01  5.29683347129803e-01
9.00000000000000e-01  5.32238051775301e-01
9.25000000000000e-01  5.33373371941607e-01
9.50000000000000e-01  5.33017441442382e-01
9.75000000000000e-01  5.31103311713757e-01
1.00000000000000e+00  5.27570042327581e-01
1.02500000000000e+00  5.22362219588329e-01
1.05000000000000e+00  5.15431896566141e-01
1.07500000000000e+00  5.06738924872908e-01
1.10000000000000e+00  4.96251286438351e-01
1.12500000000000e+00  4.83945425286107e-01
1.15000000000000e+00  4.69806579309810e-01
1.17500000000000e+00  4.53829112049176e-01
1.20000000000000e+00  4.36016844466083e-01
1.22500000000000e+00  4.16383386720655e-01
1.25000000000000e+00  3.94998553499377e-01
1.27500000000000e+00  3.71823917307514e-01
1.30000000000000e+00  3.46992342278144e-01
1.32500000000000e+00  3.20562742723394e-01
1.35000000000000e+00  2.92611773564267e-01
1.37500000000000e+00  2.63232940573692e-01
1.40000000000000e+00  2.32535710619594e-01
1.42500000000000e+00  2.00644621907951e-01
1.45000000000000e+00  1.67698394225851e-01
1.47500000000000e+00  1.33849039184557e-01
1.50000000000000e+00  9.92609704625690e-02
1.52500000000000e+00  6.41101140486782e-02
1.55000000000000e+00  2.85830184850348e-02
1.57500000000000e+00  -7.12482608202838e-03
1.60000000000000e+00  -4.28095347828492e-02
1.62500000000000e+00  -7.82598490604958e-02
1.65000000000000e+00  -1.13259522767714e-01
1.67500000000000e+00  -1.47587428749009e-01
1.70000000000000e+00  -1.81019187665216e-01
1.72500000000000e+00  -2.13328796818053e-01
1.75000000000000e+00  -2.44290258974690e-01
1.77500000000000e+00  -2.73679211192310e-01
1.80000000000000e+00  -3.01274553642670e-01
1.82500000000000e+00  -3.26860078436664e-01
1.85000000000000e+00  -3.50226098448887e-01
1.87500000000000e+00  -3.71188921530548e-01
1.90000000000000e+00  -3.89574222265174e-01
1.92500000000000e+00  -4.05205908759930e-01
1.95000000000000e+00  -4.17933795523186e-01
1.97500000000000e+00  -4.27627137969384e-01
2.00000000000000e+00  -4.34175942470694e-01
2.02500000000000e+00  -4.37492276408669e-01
2.05000000000000e+00  -4.37511578225909e-01
2.07500000000000e+00  -4.34193967477711e-01
2.10000000000000e+00  -4.27525554883731e-01
2.12500000000000e+00  -4.17519752379636e-01
2.15000000000000e+00  -4.04218583168769e-01
2.17500000000000e+00  -3.87693991773798e-01
2.20000000000000e+00  -3.68044658167762e-01
2.22500000000000e+00  -3.45399389260075e-01
2.25000000000000e+00  -3.19917116693173e-01
2.27500000000000e+00  -2.91781756185781e-01
2.30000000000000e+00  -2.61206031730234e-01
2.32500000000000e+00  -2.28429235979970e-01
2.35000000000000e+00  -1.93714990637017e-01
2.37500000000000e+00  -1.57349006839489e-01
2.40000000000000e+00  -1.19636845549081e-01
2.42500000000000e+00  -8.09016779385549e-02
2.45000000000000e+00  -4.14820457792388e-02
2.47500000000000e+00  -1.72962182851367e-03
2.50000000000000e+00  3.79985332642493e-02
2.52500000000000e+00  7.73219727822559e-02
2.55000000000000e+00  1.15880458744867e-01
2.57500000000000e+00  1.53305163518295e-01
2.60000000000000e+00  1.89232840023606e-01
2.62500000000000e+00  2.23309440519245e-01
2.65000000000000e+00  2.55193735383561e-01
2.67500000000000e+00  2.84560931897328e-01
2.70000000000000e+00  3.11106293026277e-01
2.72500000000000e+00  3.34548756203612e-01
2.75000000000000e+00  3.54634552112540e-01
2.77500000000000e+00  3.71140823468792e-01
2.80000000000000e+00  3.83879243803150e-01
2.82500000000000e+00  3.92695858449047e-01
2.85000000000000e+00  3.97476235651600e-01
2.87500000000000e+00  3.98148777473859e-01
2.90000000000000e+00  3.94679258051639e-01
2.92500000000000e+00  3.87079328111019e-01
2.95000000000000e+00  3.75405661167058e-01
2.97500000000000e+00  3.59759099722508e-01
3.00000000000000e+00  3.40283801466533e-01
3.02500000000000e+00  3.17166385473427e-01
3.05000000000000e+00  2.90635078401328e-01
3.07500000000000e+00  2.60958860690932e-01
3.10000000000000e+00  2.28446612764218e-01
3.12500000000000e+00  1.93435651757459e-01
3.15000000000000e+00  1.56303328634127e-01
3.17500000000000e+00  1.17446955715556e-01
3.20000000000000e+00  7.72897581205851e-02
3.22500000000000e+00  3.62746644375426e-02
3.25000000000000e+00  -5.14108865178070e-03
3.27500000000000e+00  -4.64913517481491e-02
3.30000000000000e+00  -8.73064581109040e-02
3.32500000000000e+00  -1.27118619033989e-01
3.35000000000000e+00  -1.65467319221974e-01
3.37500000000000e+00  -2.01904712166069e-01
3.40000000000000e+00  -2.36001015520154e-01
3.42500000000000e+00  -2.67349906476795e-01
3.45000000000000e+00  -2.95573095603141e-01
3.47500000000000e+00  -3.20326296455352e-01
3.50000000000000e+00  -3.41316954973027e-01
3.52500000000000e+00  -3.58265411171062e-01
3.55000000000000e+00  -3.70953776881881e-01
3.57500000000000e+00  -3.79219418437484e-01
3.60000000000000e+00  -3.82949669063115e-01
3.62500000000000e+00  -3.82083560771540e-01
3.65000000000000e+00  -3.76611286887030e-01
3.67500000000000e+00  -3.66576517413404e-01
3.70000000000000e+00  -3.52079885538156e-01
3.72500000000000e+00  -3.33288550089869e-01
3.75000000000000e+00  -3.10424539080209e-01
3.77500000000000e+00  -2.83737475780234e-01
3.80000000000000e+00  -2.53550186328501e-01
3.82500000000000e+00  -2.20218509541594e-01
3.85000000000000e+00  -1.84142200082813e-01
3.87500000000000e+00  -1.45758744454923e-01
3.90000000000000e+00  -1.05537176992915e-01
3.92500000000000e+00  -6.39718958567626e-02
3.95000000000000e+00  -2.15764790241710e-02
3.97500000000000e+00  2.11224997166668e-02
4.00000000000000e+00  6.35916547743098e-02
4.02500000000000e+00  1.05296972761319e-01
4.05000000000000e+00  1.45709996501495e-01
4.07500000000000e+00  1.84322840619955e-01
4.10000000000000e+00  2.20630565218575e-01
4.12500000000000e+00  2.54179758849948e-01
4.15000000000000e+00  2.84532024157257e-01
4.17500000000000e+00  3.11291936145737e-01
4.20000000000000e+00  3.34110223008188e-01
4.22500000000000e+00  3.52686946950474e-01
4.25000000000000e+00  3.66774685017031e-01
4.27500000000000e+00  3.76181709916374e-01
4.30000000000000e+00  3.80775170846597e-01
4.32500000000000e+00  3.80484274320885e-01
4.35000000000000e+00  3.75303464993011e-01
4.37500000000000e+00  3.65295050915110e-01
4.40000000000000e+00  3.50564446701923e-01
4.42500000000000e+00  3.31305435001082e-01
4.45000000000000e+00  3.07752689632279e-01
4.47500000000000e+00  2.80201751320506e-01
4.50000000000000e+00  2.49003052575535e-01
4.52500000000000e+00  2.14555942571407e-01
4.55000000000000e+00  1.77302712025931e-01
4.57500000000000e+00  1.37722618080161e-01
4.60000000000000e+00  9.63259091778937e-02
4.62500000000000e+00  5.36478499451573e-02
4.65000000000000e+00  1.02427460696927e-02
4.67500000000000e+00  -3.33220308195438e-02
4.70000000000000e+00  -7.64798292716895e-02
4.72500000000000e+00  -1.18669073604927e-01
4.75000000000000e+00  -1.59339109650854e-01
4.77500000000000e+00  -1.97954089615713e-01
4.80000000000000e+00  -2.34007616907166e-01
4.82500000000000e+00  -2.67027727262273e-01
4.85000000000000e+00  -2.96581869875465e-01
4.87500000000000e+00  -3.22281888526507e-01
4.90000000000000e+00  -3.43789002708479e-01
4.92500000000000e+00  -3.60818788755739e-01
4.95000000000000e+00  -3.73146160971898e-01
4.97500000000000e+00  -3.80610352757791e-01
5.00000000000000e+00  -3.83119899898420e-01
5.02500000000000e+00  -3.80623139721760e-01
5.05000000000000e+00  -3.73171547691940e-01
5.07500000000000e+00  -3.60856402634269e-01
5.10000000000000e+00  -3.43838290701552e-01
5.12500000000000e+00  -3.22342126197352e-01
5.15000000000000e+00  -2.96652172399234e-01
5.17500000000000e+00  -2.67107062382025e-01
5.20000000000000e+00  -2.34094819841067e-01
5.22500000000000e+00  -1.98047879915465e-01
5.25000000000000e+00  -1.59438110011346e-01
5.27500000000000e+00  -1.18771830625107e-01
5.30000000000000e+00  -7.65848361666732e-02
5.32500000000000e+00  -3.34277469640754e-02
5.35000000000000e+00  1.01378714992680e-02
5.37500000000000e+00  5.35453540886926e-02
5.40000000000000e+00  9.62272957019975e-02
5.42500000000000e+00  1.37629333939770e-01
5.45000000000000e+00  1.77216125977882e-01
5.47500000000000e+00  2.14477325439988e-01
5.50000000000000e+00  2.48933559270004e-01
5.52500000000000e+00  2.80142404604616e-01
5.55000000000000e+00  3.07704365645756e-01
5.57500000000000e+00  3.31268850533110e-01
5.60000000000000e+00  3.50540148216602e-01
5.62500000000000e+00  3.65283965406070e-01
5.65000000000000e+00  3.75304665588876e-01
5.67500000000000e+00  3.80498323647387e-01
5.70000000000000e+00  3.80801890156946e-01
5.72500000000000e+00  3.76220739191939e-01
5.75000000000000e+00  3.66825489489852e-01
5.77500000000000e+00  3.52748825615336e-01
5.80000000000000e+00  3.34182319124272e-01
5.82500000000000e+00  3.11373249727831e-01
5.85000000000000e+00  2.84621426456539e-01
5.87500000000000e+00  2.54276008824341e-01
5.90000000000000e+00  2.20732327992659e-01
5.92500000000000e+00  1.84428707934462e-01
5.95000000000000e+00  1.45818505338574e-01
5.97500000000000e+00  1.05406625701981e-01
6.00000000000000e+00  6.37009438121947e-02
6.02500000000000e+00  2.12299244493180e-02
6.05000000000000e+00  -2.14723890354752e-02
6.07500000000000e+00  -6.38725601290839e-02
6.10000000000000e+00  -1.05443944565653e-01
6.12500000000000e+00  -1.45672875735717e-01
6.15000000000000e+00  -1.84064850095371e-01
6.17500000000000e+00  -2.20150712575419e-01
6.20000000000000e+00  -2.53492841990535e-01
6.22500000000000e+00  -2.83691336448426e-01
6.25000000000000e+00  -3.10411422844116e-01
6.27500000000000e+00  -3.33266447200450e-01
6.30000000000000e+00  -3.52070284081217e-01
6.32500000000000e+00  -3.66579512253381e-01
6.35000000000000e+00  -3.76626800797416e-01
6.37500000000000e+00  -3.82111347963958e-01
6.40000000000000e+00  -3.82989320030469e-01
6.42500000000000e+00  -3.79270366623758e-01
6.45000000000000e+00  -3.71015306518805e-01
6.47500000000000e+00  -3.58336667566568e-01
6.50000000000000e+00  -3.41396956611985e-01
6.52500000000000e+00  -3.20413949924996e-01
6.55000000000000e+00  -2.95667213455383e-01
6.57500000000000e+00  -2.67449220459870e-01
6.60000000000000e+00  -2.36104192995322e-01
6.62500000000000e+00  -2.02010378015724e-01
6.65000000000000e+00  -1.65574070881903e-01
6.67500000000000e+00  -1.27225046256994e-01
6.70000000000000e+00  -8.74111618614382e-02
6.72500000000000e+00  -4.65929622279603e-02
6.75000000000000e+00  -5.23828245657289e-03
6.77500000000000e+00  3.61831480304478e-02
6.80000000000000e+00  7.72051017335587e-02
6.82500000000000e+00  1.17370249320965e-01
6.85000000000000e+00  1.56235555873635e-01
6.87500000000000e+00  1.93388289410363e-01
6.90000000000000e+00  2.28399177668142e-01
6.92500000000000e+00  2.60922568097429e-01
6.95000000000000e+00  2.90610391850771e-01
6.97500000000000e+00  3.17153622552663e-01
7.00000000000000e+00  3.40283131803965e-01
7.02500000000000e+00  3.59770544686323e-01
7.05000000000000e+00  3.75429095266586e-01
7.07500000000000e+00  3.87114482101232e-01
7.10000000000000e+00  3.94725723740782e-01
7.12500000000000e+00  3.98206014234217e-01
7.15000000000000e+00  3.97543578633408e-01
7.17500000000000e+00  3.92772528497523e-01
7.20000000000000e+00  3.83964357233506e-01
7.22500000000000e+00  3.71233404194030e-01
7.25000000000000e+00  3.54733545123538e-01
7.27500000000000e+00  3.34653039100617e-01
7.30000000000000e+00  3.11214690890465e-01
7.32500000000000e+00  2.84672231939911e-01
7.35000000000000e+00  2.55306701372429e-01
7.37500000000000e+00  2.23422826983157e-01
7.40000000000000e+00  1.89345406233912e-01
7.42500000000000e+00  1.53415687248213e-01
7.45000000000000e+00  1.15987749806294e-01
7.47500000000000e+00  7.74248863401200e-02
7.50000000000000e+00  3.80904778867030e-02
7.52500000000000e+00  -1.63865808473128e-03
7.55000000000000e+00  -4.13985089332788e-02
7.57500000000000e+00  -8.08264233998053e-02
7.60000000000000e+00  -1.19570633919485e-01
7.62500000000000e+00  -1.57292497496500e-01
7.65000000000000e+00  -1.93668736578761e-01
7.67500000000000e+00  -2.28393679932605e-01
7.70000000000000e+00  -2.61181503517517e-01
7.72500000000000e+00  -2.91768471360834e-01
7.75000000000000e+00  -3.19915176432451e-01
7.77500000000000e+00  -3.45408781519539e-01
7.80000000000000e+00  -3.68065260101247e-01
7.82500000000000e+00  -3.87725573014796e-01
7.85000000000000e+00  -4.04260810295523e-01
7.87500000000000e+00  -4.17572194882544e-01
7.90000000000000e+00  -4.27587690297233e-01
7.92500000000000e+00  -4.34265188977130e-01
7.95000000000000e+00  -4.37591202530328e-01
7.97500000000000e+00  -4.37579551989868e-01
8.00000000000000e+00  -4.34270058068119e-01
8.02500000000000e+00  -4.27727231411175e-01
8.05000000000000e+00  -4.18038962853240e-01
8.07500000000000e+00  -4.05315213671016e-01
8.10000000000000e+00  -3.89686705838092e-01
8.12500000000000e+00  -3.71285770546469e-01
8.15000000000000e+00  -3.50342016576317e-01
8.17500000000000e+00  -3.26976250661622e-01
8.20000000000000e+00  -3.01390021001887e-01
8.22500000000000e+00  -2.73793034097751e-01
8.25000000000000e+00  -2.44401525221707e-01
8.27500000000000e+00  -2.13436628888845e-01
8.30000000000000e+00  -1.81122749327570e-01
8.32500000000000e+00  -1.47685930950331e-01
8.35000000000000e+00  -1.13352228824355e-01
8.37500000000000e+00  -7.83460791423576e-02
8.40000000000000e+00  -4.28886696932954e-02
8.42500000000000e+00  -7.19631033307595e-03
8.45000000000000e+00  2.85196745914240e-02
8.47500000000000e+00  6.40553327779403e-02
8.50000000000000e+00  9.92151060895958e-02
8.52500000000000e+00  1.33812377054304e-01
8.55000000000000e+00  1.67671151466471e-01
8.57500000000000e+00  2.00626948476089e-01
8.60000000000000e+00  2.32527690677856e-01
8.62500000000000e+00  2.63234594200292e-01
8.65000000000000e+00  2.92623058794836e-01
8.67500000000000e+00  3.20583557924963e-01
8.70000000000000e+00  3.47022528855295e-01
8.72500000000000e+00  3.71863262740714e-01
8.75000000000000e+00  3.95000723713077e-01
8.77500000000000e+00  4.16440230958065e-01
8.80000000000000e+00  4.36081939248953e-01
8.82500000000000e+00  4.53902078353990e-01
8.85000000000000e+00  4.69887004183692e-01
8.87500000000000e+00  4.84032866816162e-01
8.90000000000000e+00  4.96345278522410e-01
8.92500000000000e+00  5.06838981791671e-01
8.95000000000000e+00  5.15537517356733e-01
8.97500000000000e+00  5.22472892219249e-01
9.00000000000000e+00  5.27685247675068e-01
9.02500000000000e+00  5.31222527339545e-01
9.05000000000000e+00  5.33140145172868e-01
9.07500000000000e+00  5.33499044931507e-01
9.10000000000000e+00  5.32366181589814e-01
9.12500000000000e+00  5.29813430369832e-01
9.15000000000000e+00  5.25916617285940e-01
9.17500000000000e+00  5.20754793816674e-01
9.20000000000000e+00  5.14409307178452e-01
9.22500000000000e+00  5.06962870599296e-01
9.25000000000000e+00  4.98498633592556e-01
9.27500000000000e+00  4.89099252230643e-01
9.30000000000000e+00  4.78845959418745e-01
9.32500000000000e+00  4.67817635168557e-01
9.35000000000000e+00  4.56089876872003e-01
9.37500000000000e+00  4.43779888977041e-01
9.40000000000000e+00  4.30883473323581e-01
9.42500000000000e+00  4.17547791192642e-01
9.45000000000000e+00  4.03834840307632e-01
9.47500000000000e+00  3.89806498130252e-01
9.50000000000000e+00  3.75523906829114e-01
9.52500000000000e+00  3.61046858248357e-01
9.55000000000000e+00  3.46433178876268e-01
9.57500000000000e+00  3.31738114813895e-01
9.60000000000000e+00  3.17013716743669e-01
9.62500000000000e+00  3.02308224898018e-01
9.65000000000000e+00  2.87665454027982e-01
9.67500000000000e+00  2.73124178371839e-01
9.70000000000000e+00  2.58720109152493e-01
9.72500000000000e+00  2.44483908735667e-01
9.75000000000000e+00  2.30441759311069e-01
9.77500000000000e+00  2.16615980374740e-01
9.80000000000000e+00  2.03024825713466e-01
9.82500000000000e+00  1.89682884544971e-01
9.85000000000000e+00  1.76601482658119e-01
9.87500000000000e+00  1.63789083553121e-01
9.90000000000000e+00  1.51251689581722e-01
9.92500000000000e+00  1.38993243087416e-01
9.95000000000000e+00  1.27016027545639e-01
9.97500000000000e+00  1.15321068703969e-01
1.00000000000000e+01  1.03908535722336e-01
