0.00000000000000e+00  1.04240943524373e-01
2.50000000000000e-02  1.15537376204744e-01
5.00000000000000e-02  1.27211441274814e-01
7.50000000000000e-02  1.39219725201773e-01
1.00000000000000e-01  1.51530493046521e-01
1.25000000000000e-01  1.64121475861956e-01
1.50000000000000e-01  1.76977658091275e-01
1.75000000000000e-01  1.90089064966268e-01
2.00000000000000e-01  2.03448549905615e-01
2.25000000000000e-01  2.17049581913182e-01
2.50000000000000e-01  2.30884032976319e-01
2.75000000000000e-01  2.44939965464154e-01
3.00000000000000e-01  2.59199419525890e-01
3.25000000000000e-01  2.73640688657074e-01
3.50000000000000e-01  2.88234191352930e-01
3.75000000000000e-01  3.02939688780769e-01
4.00000000000000e-01  3.17717749241954e-01
4.25000000000000e-01  3.32518762684105e-01
4.50000000000000e-01  3.47286509897307e-01
4.75000000000000e-01  3.61961731710313e-01
5.00000000000000e-01  3.76485698186749e-01
5.25000000000000e-01  3.90803777821321e-01
5.50000000000000e-01  4.04869006736017e-01
5.75000000000000e-01  4.18645657876319e-01
6.00000000000000e-01  4.32112810207399e-01
6.25000000000000e-01  4.44977658569620e-01
6.50000000000000e-01  4.57541569183876e-01
6.75000000000000e-01  4.69404135889725e-01
7.00000000000000e-01  4.80533600755813e-01
7.25000000000000e-01  4.90881573833785e-01
7.50000000000000e-01  5.00385964378728e-01
7.75000000000000e-01  5.08973912069587e-01
8.00000000000000e-01  5.16564718229604e-01
8.25000000000000e-01  5.23072777046743e-01
8.50000000000000e-01  5.28410506794119e-01
8.75000000000000e-01  5.32491281050431e-01
9.00000000000000e-01  5.35232359920388e-01
9.25000000000000e-01  5.36557821255138e-01
9.50000000000000e-01  5.36392731930412e-01
9.75000000000000e-01  5.34670953970513e-01
1.00000000000000e+00  5.31334088208660e-01
1.02500000000000e+00  5.26329781277671e-01
1.05000000000000e+00  5.19613999816497e-01
1.07500000000000e+00  5.11150334890851e-01
1.10000000000000e+00  5.00909306413851e-01
1.12500000000000e+00  4.88867667566660e-01
1.15000000000000e+00  4.75007709219120e-01
1.17500000000000e+00  4.59316564350396e-01
1.20000000000000e+00  4.41785512469608e-01
1.22500000000000e+00  4.22409284036476e-01
1.25000000000000e+00  4.01275610759077e-01
1.27500000000000e+00  3.78432646538505e-01
1.30000000000000e+00  3.53915247878161e-01
1.32500000000000e+00  3.27794346754542e-01
1.35000000000000e+00  3.00154604019808e-01
1.37500000000000e+00  2.71094198859105e-01
1.40000000000000e+00  2.40724618247905e-01
1.42500000000000e+00  2.09170446409338e-01
1.45000000000000e+00  1.76569154271526e-01
1.47500000000000e+00  1.43070888924917e-01
1.50000000000000e+00  1.08838263079617e-01
1.52500000000000e+00  7.40461445227240e-02
1.55000000000000e+00  3.88814455756667e-02
1.57500000000000e+00  3.53780319549475e-03
1.60000000000000e+00  -3.17811656931476e-02
1.62500000000000e+00  -6.68636626109734e-02
1.65000000000000e+00  -1.01493895990859e-01
1.67500000000000e+00  -1.35450638734122e-01
1.70000000000000e+00  -1.68509237196402e-01
1.72500000000000e+00  -2.00443620173510e-01
1.75000000000000e+00  -2.31028307887313e-01
1.77500000000000e+00  -2.60040420971589e-01
1.80000000000000e+00  -2.87261689457900e-01
1.82500000000000e+00  -3.12480461761462e-01
1.85000000000000e+00  -3.35493713667006e-01
1.87500000000000e+00  -3.56109119311774e-01
1.90000000000000e+00  -3.74141097164233e-01
1.92500000000000e+00  -3.89432706934595e-01
1.95000000000000e+00  -4.01832863381891e-01
1.97500000000000e+00  -4.11210661737901e-01
2.00000000000000e+00  -4.17456567721473e-01
2.02500000000000e+00  -4.20483607552856e-01
2.05000000000000e+00  -4.20228557968021e-01
2.07500000000000e+00  -4.16653136232991e-01
2.10000000000000e+00  -4.09745190158164e-01
2.12500000000000e+00  -3.99519888112643e-01
2.15000000000000e+00  -3.86020909038557e-01
2.17500000000000e+00  -3.69321632465392e-01
2.20000000000000e+00  -3.49522301972734e-01
2.22500000000000e+00  -3.26752957708209e-01
2.25000000000000e+00  -3.01173557334255e-01
2.27500000000000e+00  -2.72969032227822e-01
2.30000000000000e+00  -2.42352922855713e-01
2.32500000000000e+00  -2.09565219918300e-01
2.35000000000000e+00  -1.74870205493242e-01
2.37500000000000e+00  -1.38554294179196e-01
2.40000000000000e+00  -1.00923874239542e-01
2.42500000000000e+00  -6.23031487460964e-02
2.45000000000000e+00  -2.30319767228291e-02
2.47500000000000e+00  1.65362857104209e-02
2.50000000000000e+00  5.60506290954267e-02
2.52500000000000e+00  9.51220311374728e-02
2.55000000000000e+00  1.33396155192771e-01
2.57500000000000e+00  1.70503391470779e-01
2.60000000000000e+00  2.06080129175823e-01
2.62500000000000e+00  2.39772316480901e-01
2.65000000000000e+00  2.71239020501496e-01
2.67500000000000e+00  3.00155987269377e-01
2.70000000000000e+00  3.26219201706417e-01
2.72500000000000e+00  3.49148447598393e-01
2.75000000000000e+00  3.68690867568797e-01
2.77500000000000e+00  3.84624523052646e-01
2.80000000000000e+00  3.96761954270286e-01
2.82500000000000e+00  4.04950449660965e-01
2.85000000000000e+00  4.09076734826146e-01
2.87500000000000e+00  4.09070604132781e-01
2.90000000000000e+00  4.04898923471961e-01
2.92500000000000e+00  3.96574758398496e-01
2.95000000000000e+00  3.84156444194582e-01
2.97500000000000e+00  3.67746655933464e-01
3.00000000000000e+00  3.47491478543100e-01
3.02500000000000e+00  3.23579476869825e-01
3.05000000000000e+00  2.96240765742016e-01
3.07500000000000e+00  2.65746080033753e-01
3.10000000000000e+00  2.32405844728485e-01
3.12500000000000e+00  1.96565547337832e-01
3.15000000000000e+00  1.58593775875634e-01
3.17500000000000e+00  1.18898348652818e-01
3.20000000000000e+00  7.79042381210979e-02
3.22500000000000e+00  3.60564425283148e-02
3.25000000000000e+00  -6.18546467206235e-03
3.27500000000000e+00  -4.83527854114333e-02
3.30000000000000e+00  -8.99731475965656e-02
3.32500000000000e+00  -1.30575955700097e-01
3.35000000000000e+00  -1.69697841351036e-01
3.37500000000000e+00  -2.06888113925253e-01
3.40000000000000e+00  -2.41714211135989e-01
3.42500000000000e+00  -2.73767149624346e-01
3.45000000000000e+00  -3.02666823381460e-01
3.47500000000000e+00  -3.28066825666367e-01
3.50000000000000e+00  -3.49662050378570e-01
3.52500000000000e+00  -3.67183130024717e-01
3.55000000000000e+00  -3.80410302262167e-01
3.57500000000000e+00  -3.89174569763756e-01
3.60000000000000e+00  -3.93358860082565e-01
3.62500000000000e+00  -3.92899185516694e-01
3.65000000000000e+00  -3.87785802974031e-01
3.67500000000000e+00  -3.78064373837017e-01
3.70000000000000e+00  -3.63837123827424e-01
3.72500000000000e+00  -3.45264002871115e-01
3.75000000000000e+00  -3.22557860237540e-01
3.77500000000000e+00  -2.95980448535538e-01
3.80000000000000e+00  -2.65850352464413e-01
3.82500000000000e+00  -2.32522711508770e-01
3.85000000000000e+00  -1.96396854348600e-01
3.87500000000000e+00  -1.57910107046691e-01
3.90000000000000e+00  -1.17531601236047e-01
3.92500000000000e+00  -7.57560823073070e-02
3.95000000000000e+00  -3.30977175961574e-02
3.97500000000000e+00  9.91609542925328e-03
4.00000000000000e+00  5.27509209808917e-02
4.02500000000000e+00  9.48714767634282e-02
4.05000000000000e+00  1.35747825786815e-01
4.07500000000000e+00  1.74865888092407e-01
4.10000000000000e+00  2.11730998697312e-01
4.12500000000000e+00  2.45877808513940e-01
4.15000000000000e+00  2.76867116922865e-01
4.17500000000000e+00  3.04301982265769e-01
4.20000000000000e+00  3.27831017114642e-01
4.22500000000000e+00  3.47151683540954e-01
4.25000000000000e+00  3.62013588384846e-01
4.27500000000000e+00  3.72221778524315e-01
4.30000000000000e+00  3.77640036144394e-01
4.32500000000000e+00  3.78194174006342e-01
4.35000000000000e+00  3.73875330716822e-01
4.37500000000000e+00  3.64743021043070e-01
4.40000000000000e+00  3.50897393708865e-01
4.42500000000000e+00  3.32529774220827e-01
4.45000000000000e+00  3.09870852606985e-01
4.47500000000000e+00  2.83212179808856e-01
4.50000000000000e+00  2.52900203530600e-01
4.52500000000000e+00  2.19330304088187e-01
4.55000000000000e+00  1.82940830258566e-01
4.57500000000000e+00  1.44207135128818e-01
4.60000000000000e+00  1.03635611945328e-01
4.62500000000000e+00  6.17577299629499e-02
4.65000000000000e+00  1.91240702941609e-02
4.67500000000000e+00  -2.37016382417625e-02
4.70000000000000e+00  -6.61570263055428e-02
4.72500000000000e+00  -1.07681833672164e-01
4.75000000000000e+00  -1.47730283299728e-01
4.77500000000000e+00  -1.85769410577254e-01
4.80000000000000e+00  -2.21295559692472e-01
4.82500000000000e+00  -2.53839332577215e-01
4.85000000000000e+00  -2.82970537852837e-01
4.87500000000000e+00  -3.08303139775598e-01
4.90000000000000e+00  -3.29500207182073e-01
4.92500000000000e+00  -3.46278862434552e-01
4.95000000000000e+00  -3.58415230366436e-01
4.97500000000000e+00  -3.65749387227645e-01
5.00000000000000e+00  -3.68191083800291e-01
5.02500000000000e+00  -3.65687780691906e-01
5.05000000000000e+00  -3.58291991887983e-01
5.07500000000000e+00  -3.46094639425029e-01
5.10000000000000e+00  -3.29255609803823e-01
5.12500000000000e+00  -3.07998795847996e-01
5.15000000000000e+00  -2.82607138562608e-01
5.17500000000000e+00  -2.53417668992726e-01
5.20000000000000e+00  -2.20816550082005e-01
5.22500000000000e+00  -1.85234118531266e-01
5.25000000000000e+00  -1.47139926657077e-01
5.27500000000000e+00  -1.07037784250324e-01
5.30000000000000e+00  -6.54608004348013e-02
5.32500000000000e+00  -2.29548498854657e-02
5.35000000000000e+00  1.99197258954438e-02
5.37500000000000e+00  6.26005220003380e-02
5.40000000000000e+00  1.04523785303476e-01
5.42500000000000e+00  1.45138953470392e-01
5.45000000000000e+00  1.83914598141323e-01
5.47500000000000e+00  2.20344368114637e-01
5.50000000000000e+00  2.53952932530247e-01
5.52500000000000e+00  2.84301924053047e-01
5.55000000000000e+00  3.10995882056323e-01
5.57500000000000e+00  3.33688195805186e-01
5.60000000000000e+00  3.52087047639996e-01
5.62500000000000e+00  3.65963374228791e-01
5.65000000000000e+00  3.75122732972339e-01
5.67500000000000e+00  3.79467923547287e-01
5.70000000000000e+00  3.78938904495089e-01
5.72500000000000e+00  3.73544354946253e-01
5.75000000000000e+00  3.63358363589458e-01
5.77500000000000e+00  3.48517117640673e-01
5.80000000000000e+00  3.29215591812276e-01
5.82500000000000e+00  3.05704237282179e-01
5.85000000000000e+00  2.78285670662937e-01
5.87500000000000e+00  2.47311362970878e-01
5.90000000000000e+00  2.13178328595214e-01
5.92500000000000e+00  1.76325814267167e-01
5.95000000000000e+00  1.37219206240200e-01
5.97500000000000e+00  9.63531881204929e-02
6.00000000000000e+00  5.42418349648501e-02
6.02500000000000e+00  1.14150551152044e-02
6.05000000000000e+00  -3.15919023650376e-02
6.07500000000000e+00  -7.42446318729329e-02
6.10000000000000e+00  -1.16015755447970e-01
6.12500000000000e+00  -1.56391106954007e-01
6.15000000000000e+00  -1.94875916261239e-01
6.17500000000000e+00  -2.31000993428140e-01
6.20000000000000e+00  -2.64328912883418e-01
6.22500000000000e+00  -2.94460197607977e-01
6.25000000000000e+00  -3.21046084254078e-01
6.27500000000000e+00  -3.43750051497700e-01
6.30000000000000e+00  -3.62328171048862e-01
6.32500000000000e+00  -3.76561629252094e-01
6.35000000000000e+00  -3.86290488799088e-01
6.37500000000000e+00  -3.91412530012301e-01
6.40000000000000e+00  -3.91882092128566e-01
6.42500000000000e+00  -3.87708914582703e-01
6.45000000000000e+00  -3.78956978291127e-01
6.47500000000000e+00  -3.65743346935458e-01
6.50000000000000e+00  -3.48237008246130e-01
6.52500000000000e+00  -3.26657715285997e-01
6.55000000000000e+00  -3.01274827733950e-01
6.57500000000000e+00  -2.72393422436911e-01
6.60000000000000e+00  -2.40359884484635e-01
6.62500000000000e+00  -2.05554291188971e-01
6.65000000000000e+00  -1.68385580515914e-01
6.67500000000000e+00  -1.29286266361431e-01
6.70000000000000e+00  -8.87069876133134e-02
6.72500000000000e+00  -4.71110572130186e-02
6.75000000000000e+00  -4.96901121753360e-03
6.77500000000000e+00  3.72468421387892e-02
6.80000000000000e+00  7.90678733823677e-02
6.82500000000000e+00  1.20034582738546e-01
6.85000000000000e+00  1.59702051069746e-01
6.87500000000000e+00  1.97644744182844e-01
6.90000000000000e+00  2.33456285992465e-01
6.92500000000000e+00  2.66768584923220e-01
6.95000000000000e+00  2.97233762644408e-01
6.97500000000000e+00  3.24542310776869e-01
7.00000000000000e+00  3.48424086719517e-01
7.02500000000000e+00  3.68649309475890e-01
7.05000000000000e+00  3.85029555480681e-01
7.07500000000000e+00  3.97418754426291e-01
7.10000000000000e+00  4.05714185089365e-01
7.12500000000000e+00  4.09857471157330e-01
7.15000000000000e+00  4.09835577054943e-01
7.17500000000000e+00  4.05681803770829e-01
7.20000000000000e+00  3.97466258834320e-01
7.22500000000000e+00  3.85302305337766e-01
7.25000000000000e+00  3.69342822288992e-01
7.27500000000000e+00  3.49775317772784e-01
7.30000000000000e+00  3.26821839859669e-01
7.32500000000000e+00  3.00735378543561e-01
7.35000000000000e+00  2.71796267679379e-01
7.37500000000000e+00  2.40308586920695e-01
7.40000000000000e+00  2.06596563657353e-01
7.42500000000000e+00  1.71000974953117e-01
7.45000000000000e+00  1.33875549483294e-01
7.47500000000000e+00  9.55833694723707e-02
7.50000000000000e+00  5.64820017799353e-02
7.52500000000000e+00  1.69654001365427e-02
7.55000000000000e+00  -2.26175998987175e-02
7.57500000000000e+00  -6.19024866341556e-02
7.60000000000000e+00  -1.00536057064694e-01
7.62500000000000e+00  -1.38178578279957e-01
7.65000000000000e+00  -1.74505948872387e-01
7.67500000000000e+00  -2.09211860345338e-01
7.70000000000000e+00  -2.42009958521185e-01
7.72500000000000e+00  -2.72636004949424e-01
7.75000000000000e+00  -3.00850038314770e-01
7.77500000000000e+00  -3.26438535845274e-01
7.80000000000000e+00  -3.49216574720411e-01
7.82500000000000e+00  -3.69024284439262e-01
7.85000000000000e+00  -3.85731679349437e-01
7.87500000000000e+00  -3.99238570895294e-01
7.90000000000000e+00  -4.09471694179675e-01
7.92500000000000e+00  -4.16387461455507e-01
7.95000000000000e+00  -4.19970772664074e-01
7.97500000000000e+00  -4.20233825973301e-01
8.00000000000000e+00  -4.17214928316015e-01
8.02500000000000e+00  -4.10977305928230e-01
8.05000000000000e+00  -4.01607914887416e-01
8.07500000000000e+00  -3.89216251650773e-01
8.10000000000000e+00  -3.73933163593506e-01
8.12500000000000e+00  -3.55909739015679e-01
8.15000000000000e+00  -3.35303423798403e-01
8.17500000000000e+00  -3.12299289659671e-01
8.20000000000000e+00  -2.87089743994728e-01
8.22500000000000e+00  -2.59877815205512e-01
8.25000000000000e+00  -2.30875145895573e-01
8.27500000000000e+00  -2.00299986065020e-01
8.30000000000000e+00  -1.68375186305449e-01
8.32500000000000e+00  -1.35326190994868e-01
8.35000000000000e+00  -1.01379031492641e-01
8.37500000000000e+00  -6.67583193344055e-02
8.40000000000000e+00  -3.16852394270206e-02
8.42500000000000e+00  3.62445675651092e-03
8.45000000000000e+00  3.89590120903426e-02
8.47500000000000e+00  7.41148483230401e-02
8.50000000000000e+00  1.08898364093804e-01
8.52500000000000e+00  1.43122681510069e-01
8.55000000000000e+00  1.76612964348722e-01
8.57500000000000e+00  2.09206629108008e-01
8.60000000000000e+00  2.40753556059469e-01
8.62500000000000e+00  2.71116300299873e-01
8.65000000000000e+00  3.00170302803130e-01
8.67500000000000e+00  3.27804101472226e-01
8.70000000000000e+00  3.53919542191150e-01
8.72500000000000e+00  3.78431989876818e-01
8.75000000000000e+00  4.01180270354918e-01
8.77500000000000e+00  4.22400181737661e-01
8.80000000000000e+00  4.41772915082750e-01
8.82500000000000e+00  4.59300975130889e-01
8.85000000000000e+00  4.74989618820977e-01
8.87500000000000e+00  4.88847551281742e-01
8.90000000000000e+00  5.00887621823357e-01
8.92500000000000e+00  5.11127519929075e-01
8.95000000000000e+00  5.19590471246849e-01
8.97500000000000e+00  5.26305933580961e-01
9.00000000000000e+00  5.31310292883651e-01
9.02500000000000e+00  5.34647559246735e-01
9.05000000000000e+00  5.36370062893242e-01
9.07500000000000e+00  5.36536170309948e-01
9.10000000000000e+00  5.35211988947584e-01
9.12500000000000e+00  5.32472421599012e-01
9.15000000000000e+00  5.28393353721430e-01
9.17500000000000e+00  5.23057490491845e-01
9.20000000000000e+00  5.16551425589582e-01
9.22500000000000e+00  5.08962709978797e-01
9.25000000000000e+00  5.00376920690979e-01
9.27500000000000e+00  4.90874729607474e-01
9.30000000000000e+00  4.80528972241982e-01
9.32500000000000e+00  4.69401716523076e-01
9.35000000000000e+00  4.57541331576710e-01
9.37500000000000e+00  4.45269778270085e-01
9.40000000000000e+00  4.32116747833280e-01
9.42500000000000e+00  4.18651553074768e-01
9.45000000000000e+00  4.04876735152443e-01
9.47500000000000e+00  3.90813208975093e-01
9.50000000000000e+00  3.76496694539469e-01
9.52500000000000e+00  3.61974148267364e-01
9.55000000000000e+00  3.47300194342684e-01
9.57500000000000e+00  3.32533556048521e-01
9.60000000000000e+00  3.17733487104230e-01
9.62500000000000e+00  3.02956203002496e-01
9.65000000000000e+00  2.88251312346414e-01
9.67500000000000e+00  2.73658248186559e-01
9.70000000000000e+00  2.59217251192614e-01
9.72500000000000e+00  2.44957907319032e-01
9.75000000000000e+00  2.30901929403530e-01
9.77500000000000e+00  2.17067284702276e-01
9.80000000000000e+00  2.03465919538457e-01
9.82500000000000e+00  1.90105971393709e-01
9.85000000000000e+00  1.76993980999547e-01
9.87500000000000e+00  1.64137104428794e-01
9.90000000000000e+00  1.51545325187008e-01
9.92500000000000e+00  1.39233666303920e-01
9.95000000000000e+00  1.27224402424856e-01
9.97500000000000e+00  1.15549271902168e-01
1.00000000000000e+01  1.04251688886674e-01
