0.00000000000000e+00  1.04042777749368e-01
2.50000000000000e-02  1.15486508937521e-01
5.00000000000000e-02  1.27199417006615e-01
7.50000000000000e-02  1.39187263984226e-01
1.00000000000000e-01  1.51453352051720e-01
1.25000000000000e-01  1.63998331763048e-01
1.50000000000000e-01  1.76820010263540e-01
1.75000000000000e-01  1.89913159508711e-01
2.00000000000000e-01  2.03269324483061e-01
2.25000000000000e-01  2.16876631418867e-01
2.50000000000000e-01  2.30719596014990e-01
2.75000000000000e-01  2.44778931655673e-01
3.00000000000000e-01  2.59031357629337e-01
3.25000000000000e-01  2.73450230959349e-01
3.50000000000000e-01  2.88004811668511e-01
3.75000000000000e-01  3.02659783879090e-01
4.00000000000000e-01  3.17376997636730e-01
4.25000000000000e-01  3.32113801016297e-01
4.50000000000000e-01  3.46823283084909e-01
4.75000000000000e-01  3.61454516864965e-01
5.00000000000000e-01  3.75952802297178e-01
5.25000000000000e-01  3.90259909203600e-01
5.50000000000000e-01  4.04314320250659e-01
5.75000000000000e-01  4.18051473912186e-01
6.00000000000000e-01  4.31404007432441e-01
6.25000000000000e-01  4.44382706869984e-01
6.50000000000000e-01  4.56643774621835e-01
6.75000000000000e-01  4.68361711322693e-01
7.00000000000000e-01  4.79426714410330e-01
7.25000000000000e-01  4.89735939021489e-01
7.50000000000000e-01  4.99192802289488e-01
7.75000000000000e-01  5.07706287641837e-01
8.00000000000000e-01  5.15190249097841e-01
8.25000000000000e-01  5.21562715566214e-01
8.50000000000000e-01  5.26745195142687e-01
8.75000000000000e-01  5.30661979407618e-01
9.00000000000000e-01  5.33239447723600e-01
9.25000000000000e-01  5.34405371533077e-01
9.50000000000000e-01  5.34091655084536e-01
9.75000000000000e-01  5.32232112528794e-01
1.00000000000000e+00  5.28761664190922e-01
1.02500000000000e+00  5.23624051618534e-01
1.05000000000000e+00  5.16766112162777e-01
1.07500000000000e+00  5.08140643000285e-01
1.10000000000000e+00  4.97709265155139e-01
1.12500000000000e+00  4.85445287520816e-01
1.15000000000000e+00  4.71336570882150e-01
1.17500000000000e+00  4.55388391937286e-01
1.20000000000000e+00  4.37626307319633e-01
1.22500000000000e+00  4.18099017619825e-01
1.25000000000000e+00  3.96474830854495e-01
1.27500000000000e+00  3.73739741957763e-01
1.30000000000000e+00  3.49076167544250e-01
1.32500000000000e+00  3.22680593214329e-01
1.35000000000000e+00  2.94722830327667e-01
1.37500000000000e+00  2.65352485859646e-01
1.40000000000000e+00  2.34705432257790e-01
1.42500000000000e+00  2.02910277298196e-01
1.45000000000000e+00  1.70094833941951e-01
1.47500000000000e+00  1.36392590191565e-01
1.50000000000000e+00  1.01949178947395e-01
1.52500000000000e+00  6.69288478640708e-02
1.55000000000000e+00  3.15209292069209e-02
1.57500000000000e+00  -4.08989238637743e-03
1.60000000000000e+00  -3.96955864393301e-02
1.62500000000000e+00  -7.50775252564210e-02
1.65000000000000e+00  -1.10006861080759e-01
1.67500000000000e+00  -1.44250154192029e-01
1.70000000000000e+00  -1.77573131465555e-01
1.72500000000000e+00  -2.09744444931341e-01
1.75000000000000e+00  -2.40539430333135e-01
1.77500000000000e+00  -2.69743865687476e-01
1.80000000000000e+00  -2.97157729842747e-01
1.82500000000000e+00  -3.22598961038233e-01
1.85000000000000e+00  -3.45907215463167e-01
1.87500000000000e+00  -3.66856751099552e-01
1.90000000000000e+00  -3.84987696572525e-01
1.92500000000000e+00  -4.00451005889278e-01
1.95000000000000e+00  -4.13054392543137e-01
1.97500000000000e+00  -4.22638438061325e-01
2.00000000000000e+00  -4.29075728211684e-01
2.02500000000000e+00  -4.32269989209387e-01
2.05000000000000e+00  -4.32155223923656e-01
2.07500000000000e+00  -4.28694848084481e-01
2.10000000000000e+00  -4.21880826489335e-01
2.12500000000000e+00  -4.11732809209892e-01
2.15000000000000e+00  -3.98297267798742e-01
2.17500000000000e+00  -3.81646631496110e-01
2.20000000000000e+00  -3.61883721717295e-01
2.22500000000000e+00  -3.39137114971964e-01
2.25000000000000e+00  -3.13562903131433e-01
2.27500000000000e+00  -2.85342857881536e-01
2.30000000000000e+00  -2.54685959738279e-01
2.32500000000000e+00  -2.21827475424703e-01
2.35000000000000e+00  -1.87028035247747e-01
2.37500000000000e+00  -1.50572710475120e-01
2.40000000000000e+00  -1.12770090712162e-01
2.42500000000000e+00  -7.39513612787154e-02
2.45000000000000e+00  -3.44693805859899e-02
2.47500000000000e+00  5.30224248657431e-03
2.50000000000000e+00  4.50565345146470e-02
2.52500000000000e+00  8.44225733635795e-02
2.55000000000000e+00  1.23011382213614e-01
2.57500000000000e+00  1.60456782579093e-01
2.60000000000000e+00  1.96397460903203e-01
2.62500000000000e+00  2.30480699867114e-01
2.65000000000000e+00  2.62366109699134e-01
2.67500000000000e+00  2.91729359483855e-01
2.70000000000000e+00  3.18265908471303e-01
2.72500000000000e+00  3.41694737386086e-01
2.75000000000000e+00  3.61762079736541e-01
2.77500000000000e+00  3.78245153123882e-01
2.80000000000000e+00  3.90955890551352e-01
2.82500000000000e+00  3.99740505442257e-01
2.85000000000000e+00  4.04484944108431e-01
2.87500000000000e+00  4.05118355422132e-01
2.90000000000000e+00  4.01606742855397e-01
2.92500000000000e+00  3.93962298315582e-01
2.95000000000000e+00  3.82242384158436e-01
2.97500000000000e+00  3.66548515201167e-01
3.00000000000000e+00  3.47025340735508e-01
3.02500000000000e+00  3.23859626540788e-01
3.05000000000000e+00  2.97279236897001e-01
3.07500000000000e+00  2.67552116597873e-01
3.10000000000000e+00  2.34985272963932e-01
3.12500000000000e+00  1.99925116800059e-01
3.15000000000000e+00  1.62740559731411e-01
3.17500000000000e+00  1.23833136731192e-01
3.20000000000000e+00  8.36259952501407e-02
3.22500000000000e+00  4.25620720805856e-02
3.25000000000000e+00  1.09868006049411e-03
3.27500000000000e+00  -4.02979052224783e-02
3.30000000000000e+00  -8.11578587269412e-02
3.32500000000000e+00  -1.21013219253726e-01
3.35000000000000e+00  -1.59403302741837e-01
3.37500000000000e+00  -1.95880115564403e-01
3.40000000000000e+00  -2.30013767824633e-01
3.42500000000000e+00  -2.61397886651765e-01
3.45000000000000e+00  -2.89654934776505e-01
3.47500000000000e+00  -3.14440938773493e-01
3.50000000000000e+00  -3.35453219317576e-01
3.52500000000000e+00  -3.52424669930778e-01
3.55000000000000e+00  -3.65137703772623e-01
3.57500000000000e+00  -3.73425408479269e-01
3.60000000000000e+00  -3.77172701002643e-01
3.62500000000000e+00  -3.76317482449573e-01
3.65000000000000e+00  -3.70851792920928e-01
3.67500000000000e+00  -3.60822966350749e-01
3.70000000000000e+00  -3.46334785345386e-01
3.72500000000000e+00  -3.27548636022630e-01
3.75000000000000e+00  -3.04673866432237e-01
3.77500000000000e+00  -2.77985470681070e-01
3.80000000000000e+00  -2.47791674226773e-01
3.82500000000000e+00  -2.14449550487283e-01
3.85000000000000e+00  -1.78359797653048e-01
3.87500000000000e+00  -1.39960599536686e-01
3.90000000000000e+00  -9.97214864226553e-02
3.92500000000000e+00  -5.81371959169194e-02
3.95000000000000e+00  -1.57215337966059e-02
3.97500000000000e+00  2.69987651403281e-02
4.00000000000000e+00  6.94901762254272e-02
4.02500000000000e+00  1.11218524070078e-01
4.05000000000000e+00  1.51655121715839e-01
4.07500000000000e+00  1.90287408326913e-01
4.10000000000000e+00  2.26621836113036e-01
4.12500000000000e+00  2.60194766655759e-01
4.15000000000000e+00  2.90568697411120e-01
4.17500000000000e+00  3.17348391649038e-01
4.20000000000000e+00  3.40184265500481e-01
4.22500000000000e+00  3.58775775004613e-01
4.25000000000000e+00  3.72874803155966e-01
4.27500000000000e+00  3.82289046951590e-01
4.30000000000000e+00  3.86885404438214e-01
4.32500000000000e+00  3.86593361759405e-01
4.35000000000000e+00  3.81408380202727e-01
4.37500000000000e+00  3.71383874431237e-01
4.40000000000000e+00  3.56642908905910e-01
4.42500000000000e+00  3.37361981050779e-01
4.45000000000000e+00  3.13777689488419e-01
4.47500000000000e+00  2.86186720593501e-01
4.50000000000000e+00  2.54940000747842e-01
4.52500000000000e+00  2.20436848595455e-01
4.55000000000000e+00  1.83119127297608e-01
4.57500000000000e+00  1.43465396787868e-01
4.60000000000000e+00  1.01985066027156e-01
4.62500000000000e+00  5.92125452588020e-02
4.65000000000000e+00  1.57013982635902e-02
4.67500000000000e+00  -2.79815053851795e-02
4.70000000000000e+00  -7.12709152965396e-02
4.72500000000000e+00  -1.13603529954811e-01
4.75000000000000e+00  -1.54430600828891e-01
4.77500000000000e+00  -1.93216224384717e-01
4.80000000000000e+00  -2.29453941453375e-01
4.82500000000000e+00  -2.62671755945936e-01
4.85000000000000e+00  -2.92437153568302e-01
4.87500000000000e+00  -3.18362120536031e-01
4.90000000000000e+00  -3.40108162289184e-01
4.92500000000000e+00  -3.57391322207153e-01
4.95000000000000e+00  -3.69987200323502e-01
4.97500000000000e+00  -3.77735972040804e-01
5.00000000000000e+00  -3.80538362684902e-01
5.02500000000000e+00  -3.78357341728749e-01
5.05000000000000e+00  -3.71231455892844e-01
5.07500000000000e+00  -3.59253146370991e-01
5.10000000000000e+00  -3.42583622439261e-01
5.12500000000000e+00  -3.21447955665032e-01
5.15000000000000e+00  -2.96130174116022e-01
5.17500000000000e+00  -2.66968356569329e-01
5.20000000000000e+00  -2.34349726720469e-01
5.22500000000000e+00  -1.98705747392410e-01
5.25000000000000e+00  -1.60507214744616e-01
5.27500000000000e+00  -1.20259352482073e-01
5.30000000000000e+00  -7.84969060643400e-02
5.32500000000000e+00  -3.57676674846478e-02
5.35000000000000e+00  7.36592272861050e-03
5.37500000000000e+00  5.03389013117941e-02
5.40000000000000e+00  9.25850106523589e-02
5.42500000000000e+00  1.33550834065475e-01
5.45000000000000e+00  1.72701890894255e-01
5.47500000000000e+00  2.09528731609985e-01
5.50000000000000e+00  2.43553032912336e-01
5.52500000000000e+00  2.74333692829601e-01
5.55000000000000e+00  3.01472925818911e-01
5.57500000000000e+00  3.24622357866466e-01
5.60000000000000e+00  3.43489121587755e-01
5.62500000000000e+00  3.57832518135374e-01
5.65000000000000e+00  3.67471255999454e-01
5.67500000000000e+00  3.72291287228239e-01
5.70000000000000e+00  3.72231943397597e-01
5.72500000000000e+00  3.67300711832220e-01
5.75000000000000e+00  3.57570035510371e-01
5.77500000000000e+00  3.43174112968622e-01
5.80000000000000e+00  3.24305698206594e-01
5.82500000000000e+00  3.01212900591703e-01
5.85000000000000e+00  2.74195984763897e-01
5.87500000000000e+00  2.43604170540401e-01
5.90000000000000e+00  2.09832432820455e-01
5.92500000000000e+00  1.73318301490058e-01
5.95000000000000e+00  1.34525207090712e-01
5.97500000000000e+00  9.39467016840373e-02
6.00000000000000e+00  5.20956133181699e-02
6.02500000000000e+00  9.50086249510509e-03
6.05000000000000e+00  -3.33031073362047e-02
6.07500000000000e+00  -7.57825692076577e-02
6.10000000000000e+00  -1.17410752059841e-01
6.12500000000000e+00  -1.57674080169838e-01
6.15000000000000e+00  -1.96078412579067e-01
6.17500000000000e+00  -2.32155282521091e-01
6.20000000000000e+00  -2.65468136849445e-01
6.22500000000000e+00  -2.95618575465464e-01
6.25000000000000e+00  -3.22256017497299e-01
6.27500000000000e+00  -3.45041347000946e-01
6.30000000000000e+00  -3.63733340837390e-01
6.32500000000000e+00  -3.78112396359592e-01
6.35000000000000e+00  -3.88017752610680e-01
6.37500000000000e+00  -3.93346316766897e-01
6.40000000000000e+00  -3.94051490580547e-01
6.42500000000000e+00  -3.90141996822943e-01
6.45000000000000e+00  -3.81680705727360e-01
6.47500000000000e+00  -3.68783461431973e-01
6.50000000000000e+00  -3.51617908422816e-01
6.52500000000000e+00  -3.30402317976720e-01
6.55000000000000e+00  -3.05404414604267e-01
6.57500000000000e+00  -2.76927698210145e-01
6.60000000000000e+00  -2.45316772598956e-01
6.62500000000000e+00  -2.10949851542030e-01
6.65000000000000e+00  -1.74234067447900e-01
6.67500000000000e+00  -1.35600030683849e-01
6.70000000000000e+00  -9.54964099367298e-02
6.72500000000000e+00  -5.43845125737771e-02
6.75000000000000e+00  -1.27328650034328e-02
6.77500000000000e+00  2.89882069638479e-02
6.80000000000000e+00  7.03119977547665e-02
6.82500000000000e+00  1.10780841672370e-01
6.85000000000000e+00  1.49951532535236e-01
6.87500000000000e+00  1.87403254402402e-01
6.90000000000000e+00  2.22724960547617e-01
6.92500000000000e+00  2.55555643819200e-01
6.95000000000000e+00  2.85548420940223e-01
6.97500000000000e+00  3.12394964110695e-01
7.00000000000000e+00  3.35826439743153e-01
7.02500000000000e+00  3.55614447198262e-01
7.05000000000000e+00  3.71571957520404e-01
7.07500000000000e+00  3.83554252173277e-01
7.10000000000000e+00  3.91459861775492e-01
7.12500000000000e+00  3.95231504836161e-01
7.15000000000000e+00  3.94857026490500e-01
7.17500000000000e+00  3.90370337235418e-01
7.20000000000000e+00  3.81842454488026e-01
7.22500000000000e+00  3.69387359036291e-01
7.25000000000000e+00  3.53158477529868e-01
7.27500000000000e+00  3.33343897890060e-01
7.30000000000000e+00  3.10166133975296e-01
7.32500000000000e+00  2.83878534299489e-01
7.35000000000000e+00  2.54761690750367e-01
7.37500000000000e+00  2.23119847307833e-01
7.40000000000000e+00  1.89277308762305e-01
7.42500000000000e+00  1.53574849433063e-01
7.45000000000000e+00  1.16366121886601e-01
7.47500000000000e+00  7.80140656549659e-02
7.50000000000000e+00  3.88783080480797e-02
7.52500000000000e+00  -6.55055955174156e-04
7.55000000000000e+00  -4.02303094427951e-02
7.57500000000000e+00  -7.94842371694995e-02
7.60000000000000e+00  -1.18064742221462e-01
7.62500000000000e+00  -1.55633039487669e-01
7.65000000000000e+00  -1.91865849131301e-01
7.67500000000000e+00  -2.26457590061088e-01
7.70000000000000e+00  -2.59122573402682e-01
7.72500000000000e+00  -2.89597195970025e-01
7.75000000000000e+00  -3.17642133736709e-01
7.77500000000000e+00  -3.43044535307353e-01
7.80000000000000e+00  -3.65620215388961e-01
7.82500000000000e+00  -3.85210085366254e-01
7.85000000000000e+00  -4.01685119930755e-01
7.87500000000000e+00  -4.14946121700657e-01
7.90000000000000e+00  -4.24920852685553e-01
7.92500000000000e+00  -4.31566847518513e-01
7.95000000000000e+00  -4.34870162886797e-01
7.97500000000000e+00  -4.34844126962573e-01
8.00000000000000e+00  -4.31528088833620e-01
8.02500000000000e+00  -4.24986167934049e-01
8.05000000000000e+00  -4.15306003475008e-01
8.07500000000000e+00  -4.02597503875399e-01
8.10000000000000e+00  -3.86991596192585e-01
8.12500000000000e+00  -3.68639051613531e-01
8.15000000000000e+00  -3.47706053417595e-01
8.17500000000000e+00  -3.24371602036255e-01
8.20000000000000e+00  -2.98829601253405e-01
8.22500000000000e+00  -2.71284220907462e-01
8.25000000000000e+00  -2.41947960420140e-01
8.27500000000000e+00  -2.11039712325239e-01
8.30000000000000e+00  -1.78782825797421e-01
8.32500000000000e+00  -1.45403170180984e-01
8.35000000000000e+00  -1.11127198518654e-01
8.37500000000000e+00  -7.61800110803445e-02
8.40000000000000e+00  -4.07834188919570e-02
8.42500000000000e+00  -5.15400726414894e-03
8.45000000000000e+00  3.04964511067342e-02
8.47500000000000e+00  6.59641013960029e-02
8.50000000000000e+00  1.01054605177977e-01
8.52500000000000e+00  1.35581506063293e-01
8.55000000000000e+00  1.69369926826449e-01
8.57500000000000e+00  2.02256940597855e-01
8.60000000000000e+00  2.34091942055897e-01
8.62500000000000e+00  2.64737018619003e-01
8.65000000000000e+00  2.94067321637692e-01
8.67500000000000e+00  3.21971437586637e-01
8.70000000000000e+00  3.48351759256731e-01
8.72500000000000e+00  3.73124856947142e-01
8.75000000000000e+00  3.96232394679424e-01
8.77500000000000e+00  4.17579521674203e-01
8.80000000000000e+00  4.37155587918740e-01
8.82500000000000e+00  4.54925110181170e-01
8.85000000000000e+00  4.70866234860173e-01
8.87500000000000e+00  4.84969877011364e-01
8.90000000000000e+00  4.97238859373680e-01
8.92500000000000e+00  5.07687051395767e-01
8.95000000000000e+00  5.16338508262372e-01
8.97500000000000e+00  5.23226609920729e-01
9.00000000000000e+00  5.28393200106952e-01
9.02500000000000e+00  5.31887725372413e-01
9.05000000000000e+00  5.33766374110143e-01
9.07500000000000e+00  5.34091102895728e-01
9.10000000000000e+00  5.32928894059100e-01
9.12500000000000e+00  5.30350500488351e-01
9.15000000000000e+00  5.26431133587566e-01
9.17500000000000e+00  5.21248285978319e-01
9.20000000000000e+00  5.14881408550508e-01
9.22500000000000e+00  5.07411587513195e-01
9.25000000000000e+00  4.98921221445441e-01
9.27500000000000e+00  4.89493698347150e-01
9.30000000000000e+00  4.79213072689900e-01
9.32500000000000e+00  4.68163742467789e-01
9.35000000000000e+00  4.56430126248265e-01
9.37500000000000e+00  4.44063778434915e-01
9.40000000000000e+00  4.31203968215585e-01
9.42500000000000e+00  4.17868643352363e-01
9.45000000000000e+00  4.04137843739606e-01
9.47500000000000e+00  3.90085841478393e-01
9.50000000000000e+00  3.75781424811636e-01
9.52500000000000e+00  3.61288182059200e-01
9.55000000000000e+00  3.46664785553012e-01
9.57500000000000e+00  3.31965275572172e-01
9.60000000000000e+00  3.17239344278069e-01
9.62500000000000e+00  3.02532619649495e-01
9.65000000000000e+00  2.87886949417752e-01
9.67500000000000e+00  2.73340685001773e-01
9.70000000000000e+00  2.58928113847921e-01
9.72500000000000e+00  2.44680139875489e-01
9.75000000000000e+00  2.30624194303870e-01
9.77500000000000e+00  2.16783968190982e-01
9.80000000000000e+00  2.03179611584641e-01
9.82500000000000e+00  1.89827597734074e-01
9.85000000000000e+00  1.76740587301428e-01
9.87500000000000e+00  1.63927292573280e-01
9.90000000000000e+00  1.51392341672143e-01
9.92500000000000e+00  1.39136142767982e-01
9.95000000000000e+00  1.27154748289722e-01
9.97500000000000e+00  1.15439719136754e-01
1.00000000000000e+01  1.03977988890458e-01
