0.00000000000000e+00  1.03938867085431e-01
2.50000000000000e-02  1.15325074910959e-01
5.00000000000000e-02  1.27011740280287e-01
7.50000000000000e-02  1.38990661216763e-01
1.00000000000000e-01  1.51255068255761e-01
1.25000000000000e-01  1.63798901260905e-01
1.50000000000000e-01  1.76616086240266e-01
1.75000000000000e-01  1.89699812162588e-01
2.00000000000000e-01  2.03041807773496e-01
2.25000000000000e-01  2.16631618411707e-01
2.50000000000000e-01  2.30455882825248e-01
2.75000000000000e-01  2.44497609987666e-01
3.00000000000000e-01  2.58735455914242e-01
3.25000000000000e-01  2.73144033121131e-01
3.50000000000000e-01  2.87692874731665e-01
3.75000000000000e-01  3.02345503011371e-01
4.00000000000000e-01  3.17062858626387e-01
4.25000000000000e-01  3.31799928285454e-01
4.50000000000000e-01  3.46506913126445e-01
4.75000000000000e-01  3.61130397102883e-01
5.00000000000000e-01  3.75614515370476e-01
5.25000000000000e-01  3.89902122673632e-01
5.50000000000000e-01  4.03935961731989e-01
5.75000000000000e-01  4.17659831626943e-01
6.00000000000000e-01  4.31019756188165e-01
6.25000000000000e-01  4.43870795504567e-01
6.50000000000000e-01  4.56268456703091e-01
6.75000000000000e-01  4.68023252638974e-01
7.00000000000000e-01  4.79071846029110e-01
7.25000000000000e-01  4.89344264670549e-01
7.50000000000000e-01  4.98765203997757e-01
7.75000000000000e-01  5.07255329639865e-01
8.00000000000000e-01  5.14732579977920e-01
8.25000000000000e-01  5.21113468702143e-01
8.50000000000000e-01  5.26314387369176e-01
8.75000000000000e-01  5.30252907959340e-01
9.00000000000000e-01  5.32849085433881e-01
9.25000000000000e-01  5.34026760292231e-01
9.50000000000000e-01  5.33713423267240e-01
9.75000000000000e-01  5.31842158469993e-01
1.00000000000000e+00  5.28352642904132e-01
1.02500000000000e+00  5.23189946546542e-01
1.05000000000000e+00  5.16307011597423e-01
1.07500000000000e+00  5.07664666307306e-01
1.10000000000000e+00  4.97231638804073e-01
1.12500000000000e+00  4.84984570919977e-01
1.15000000000000e+00  4.70908032018661e-01
1.17500000000000e+00  4.54994532822177e-01
1.20000000000000e+00  4.37244539238004e-01
1.22500000000000e+00  4.17666486186067e-01
1.25000000000000e+00  3.96357661956910e-01
1.27500000000000e+00  3.73229706691970e-01
1.30000000000000e+00  3.48458221665036e-01
1.32500000000000e+00  3.22095868183796e-01
1.35000000000000e+00  2.94214956628430e-01
1.37500000000000e+00  2.64906249529384e-01
1.40000000000000e+00  2.34277764645156e-01
1.42500000000000e+00  2.02453578040078e-01
1.45000000000000e+00  1.69572627162096e-01
1.47500000000000e+00  1.35787513920550e-01
1.50000000000000e+00  1.01263307763961e-01
1.52500000000000e+00  6.61763487578075e-02
1.55000000000000e+00  3.07130506623100e-02
1.57500000000000e+00  -4.93083655247984e-03
1.60000000000000e+00  -4.05517722978668e-02
1.62500000000000e+00  -7.59392192661473e-02
1.65000000000000e+00  -1.10877625527986e-01
1.67500000000000e+00  -1.45146810019410e-01
1.70000000000000e+00  -1.78523395443327e-01
1.72500000000000e+00  -2.10782241171015e-01
1.75000000000000e+00  -2.41697876143643e-01
1.77500000000000e+00  -2.71045931773769e-01
1.80000000000000e+00  -2.98604574846845e-01
1.82500000000000e+00  -3.24155940422729e-01
1.85000000000000e+00  -3.47487564737184e-01
1.87500000000000e+00  -3.68425218480177e-01
1.90000000000000e+00  -3.86791697433378e-01
1.92500000000000e+00  -4.02411879468192e-01
1.95000000000000e+00  -4.15135902330414e-01
1.97500000000000e+00  -4.24833422326923e-01
2.00000000000000e+00  -4.31394911118566e-01
2.02500000000000e+00  -4.34732952513057e-01
2.05000000000000e+00  -4.34783539257860e-01
2.07500000000000e+00  -4.31507369833087e-01
2.10000000000000e+00  -4.24891145244382e-01
2.12500000000000e+00  -4.14948865815817e-01
2.15000000000000e+00  -4.01723127982781e-01
2.17500000000000e+00  -3.85286421084870e-01
2.20000000000000e+00  -3.65737954851047e-01
2.22500000000000e+00  -3.43206857805098e-01
2.25000000000000e+00  -3.17852412797075e-01
2.27500000000000e+00  -2.89858830056775e-01
2.30000000000000e+00  -2.59439036426905e-01
2.32500000000000e+00  -2.26832459773114e-01
2.35000000000000e+00  -1.92302813394013e-01
2.37500000000000e+00  -1.56135880431206e-01
2.40000000000000e+00  -1.18637298279321e-01
2.42500000000000e+00  -8.01303429960335e-02
2.45000000000000e+00  -4.09537137120933e-02
2.47500000000000e+00  -1.45931704135362e-03
2.50000000000000e+00  3.79969678335591e-02
2.52500000000000e+00  7.70353874034402e-02
2.55000000000000e+00  1.15294534868880e-01
2.57500000000000e+00  1.52406019373774e-01
2.60000000000000e+00  1.88007077252758e-01
2.62500000000000e+00  2.21744174712256e-01
2.65000000000000e+00  2.53276610511538e-01
2.67500000000000e+00  2.82280118643769e-01
2.70000000000000e+00  3.08450471017068e-01
2.72500000000000e+00  3.31507080135555e-01
2.75000000000000e+00  3.51196601780406e-01
2.77500000000000e+00  3.67296537690909e-01
2.80000000000000e+00  3.79618838245509e-01
2.82500000000000e+00  3.88010114805168e-01
2.85000000000000e+00  3.92356454307298e-01
2.87500000000000e+00  3.92586994902214e-01
2.90000000000000e+00  3.88667905673638e-01
2.92500000000000e+00  3.80611510903513e-01
2.95000000000000e+00  3.68475323179175e-01
2.97500000000000e+00  3.52361076500505e-01
3.00000000000000e+00  3.32413759387095e-01
3.02500000000000e+00  3.08820647985404e-01
3.05000000000000e+00  2.81810339175924e-01
3.07500000000000e+00  2.51651783680336e-01
3.10000000000000e+00  2.18653319168673e-01
3.12500000000000e+00  1.83161514358365e-01
3.15000000000000e+00  1.45541936634087e-01
3.17500000000000e+00  1.06201513227611e-01
3.20000000000000e+00  6.55636575925079e-02
3.22500000000000e+00  2.40718282069211e-02
3.25000000000000e+00  -1.78159164888071e-02
3.27500000000000e+00  -5.96323631545042e-02
3.30000000000000e+00  -1.00906588612541e-01
3.32500000000000e+00  -1.41169404910205e-01
3.35000000000000e+00  -1.79958804382077e-01
3.37500000000000e+00  -2.16825404712394e-01
3.40000000000000e+00  -2.51337893997432e-01
3.42500000000000e+00  -2.83088475807868e-01
3.45000000000000e+00  -3.11698254087182e-01
3.47500000000000e+00  -3.36822013727948e-01
3.50000000000000e+00  -3.58155653705045e-01
3.52500000000000e+00  -3.75430895884553e-01
3.55000000000000e+00  -3.88428955060797e-01
3.57500000000000e+00  -3.96981707807832e-01
3.60000000000000e+00  -4.00972861330940e-01
3.62500000000000e+00  -4.00339122318118e-01
3.65000000000000e+00  -3.95071365791568e-01
3.67500000000000e+00  -3.85215803959192e-01
3.70000000000000e+00  -3.70875155066081e-01
3.72500000000000e+00  -3.52209812246003e-01
3.75000000000000e+00  -3.29437612094644e-01
3.77500000000000e+00  -3.02805853660937e-01
3.80000000000000e+00  -2.72646934676144e-01
3.82500000000000e+00  -2.39314447234509e-01
3.85000000000000e+00  -2.03206552103314e-01
3.87500000000000e+00  -1.64759717030359e-01
3.90000000000000e+00  -1.24442455051445e-01
3.92500000000000e+00  -8.27490627978562e-02
3.95000000000000e+00  -4.01933588038355e-02
3.97500000000000e+00  2.69757818593315e-03
4.00000000000000e+00  4.53896709088400e-02
4.02500000000000e+00  8.73481052768732e-02
4.05000000000000e+00  1.28043592069132e-01
4.07500000000000e+00  1.66962897568945e-01
4.10000000000000e+00  2.03612191876647e-01
4.12500000000000e+00  2.37527707807432e-01
4.15000000000000e+00  2.68271577931675e-01
4.17500000000000e+00  2.95448549984258e-01
4.20000000000000e+00  3.18709152681598e-01
4.22500000000000e+00  3.37752861538664e-01
4.25000000000000e+00  3.52331264686008e-01
4.27500000000000e+00  3.62251228686788e-01
4.30000000000000e+00  3.67378064353786e-01
4.32500000000000e+00  3.67638692566436e-01
4.35000000000000e+00  3.63024810087848e-01
4.37500000000000e+00  3.53609078659536e-01
4.40000000000000e+00  3.39470477440616e-01
4.42500000000000e+00  3.20823956731426e-01
4.45000000000000e+00  2.97899503032840e-01
4.47500000000000e+00  2.70988942494417e-01
4.50000000000000e+00  2.40439803619046e-01
4.52500000000000e+00  2.06649179967586e-01
4.55000000000000e+00  1.70057592863522e-01
4.57500000000000e+00  1.31142854097601e-01
4.60000000000000e+00  9.04139286324802e-02
4.62500000000000e+00  4.84047973073817e-02
4.65000000000000e+00  5.66831954272163e-03
4.67500000000000e+00  -3.72299039552266e-02
4.70000000000000e+00  -7.97254948692097e-02
4.72500000000000e+00  -1.21256704314704e-01
4.75000000000000e+00  -1.61276442202928e-01
4.77500000000000e+00  -1.99250683278728e-01
4.80000000000000e+00  -2.34674918886503e-01
4.82500000000000e+00  -2.67079037473242e-01
4.85000000000000e+00  -2.96032205091570e-01
4.87500000000000e+00  -3.21147745902780e-01
4.90000000000000e+00  -3.42088022679880e-01
4.92500000000000e+00  -3.58569317310624e-01
4.95000000000000e+00  -3.70366711300557e-01
4.97500000000000e+00  -3.77318966276052e-01
5.00000000000000e+00  -3.79345643633977e-01
5.02500000000000e+00  -3.76376026565614e-01
5.05000000000000e+00  -3.68478874540148e-01
5.07500000000000e+00  -3.55744005555908e-01
5.10000000000000e+00  -3.38330919276412e-01
5.12500000000000e+00  -3.16463763011862e-01
5.15000000000000e+00  -2.90426297700633e-01
5.17500000000000e+00  -2.60556863890763e-01
5.20000000000000e+00  -2.27243347721459e-01
5.22500000000000e+00  -1.90918146904569e-01
5.25000000000000e+00  -1.52053136706094e-01
5.27500000000000e+00  -1.11154635927664e-01
5.30000000000000e+00  -6.87583728880440e-02
5.32500000000000e+00  -2.54128834776376e-02
5.35000000000000e+00  1.83187605104019e-02
5.37500000000000e+00  6.18716480845264e-02
5.40000000000000e+00  1.04679181763728e-01
5.42500000000000e+00  1.46188144658912e-01
5.45000000000000e+00  1.85864504616803e-01
5.47500000000000e+00  2.23199218363842e-01
5.50000000000000e+00  2.57714035650083e-01
5.52500000000000e+00  2.88967303393093e-01
5.55000000000000e+00  3.16559769821850e-01
5.57500000000000e+00  3.40140388620641e-01
5.60000000000000e+00  3.59412123072965e-01
5.62500000000000e+00  3.74152908798762e-01
5.65000000000000e+00  3.84146954481079e-01
5.67500000000000e+00  3.89310351045838e-01
5.70000000000000e+00  3.89577851864105e-01
5.72500000000000e+00  3.84953805820586e-01
5.75000000000000e+00  3.75508735905012e-01
5.77500000000000e+00  3.61375917803510e-01
5.80000000000000e+00  3.42747958489986e-01
5.82500000000000e+00  3.19873374817507e-01
5.85000000000000e+00  2.93053172109673e-01
5.87500000000000e+00  2.62637422752005e-01
5.90000000000000e+00  2.29021844783313e-01
5.92500000000000e+00  1.92644380487086e-01
5.95000000000000e+00  1.53969206255071e-01
5.97500000000000e+00  1.13490273142832e-01
6.00000000000000e+00  7.17205633982587e-02
6.02500000000000e+00  2.91891775455519e-02
6.05000000000000e+00  -1.35693236247427e-02
6.07500000000000e+00  -5.60210445310899e-02
6.10000000000000e+00  -9.76388802763542e-02
6.12500000000000e+00  -1.37908642123157e-01
6.15000000000000e+00  -1.76335182969265e-01
6.17500000000000e+00  -2.12448522822949e-01
6.20000000000000e+00  -2.45809974278364e-01
6.22500000000000e+00  -2.76018267990926e-01
6.25000000000000e+00  -3.02727143966414e-01
6.27500000000000e+00  -3.25597790978662e-01
6.30000000000000e+00  -3.44385473258747e-01
6.32500000000000e+00  -3.58870266633427e-01
6.35000000000000e+00  -3.68890994543579e-01
6.37500000000000e+00  -3.74344081484572e-01
6.40000000000000e+00  -3.75182406446643e-01
6.42500000000000e+00  -3.71414156355262e-01
6.45000000000000e+00  -3.63101679511513e-01
6.47500000000000e+00  -3.50360339032458e-01
6.50000000000000e+00  -3.33357366291514e-01
6.52500000000000e+00  -3.12310714358823e-01
6.55000000000000e+00  -2.87487911441627e-01
6.57500000000000e+00  -2.59192019899082e-01
6.60000000000000e+00  -2.27767469225194e-01
6.62500000000000e+00  -1.93592282398482e-01
6.65000000000000e+00  -1.57073265036278e-01
6.67500000000000e+00  -1.18640768715480e-01
6.70000000000000e+00  -7.87432566693833e-02
6.72500000000000e+00  -3.78418694844948e-02
6.75000000000000e+00  3.59500920262538e-03
6.77500000000000e+00  4.50971870085532e-02
6.80000000000000e+00  8.61980971061617e-02
6.82500000000000e+00  1.26440232527800e-01
6.85000000000000e+00  1.65380580468472e-01
6.87500000000000e+00  2.02599905766922e-01
6.90000000000000e+00  2.37682416546260e-01
6.92500000000000e+00  2.70271507185591e-01
6.95000000000000e+00  3.00020079923073e-01
6.97500000000000e+00  3.26619660767302e-01
7.00000000000000e+00  3.49801338416961e-01
7.02500000000000e+00  3.69336703180488e-01
7.05000000000000e+00  3.85038785895728e-01
7.07500000000000e+00  3.96762996849600e-01
7.10000000000000e+00  4.04408064697754e-01
7.12500000000000e+00  4.07916975384231e-01
7.15000000000000e+00  4.07277911061122e-01
7.17500000000000e+00  4.02525189008231e-01
7.20000000000000e+00  3.93729947712220e-01
7.22500000000000e+00  3.81006413825404e-01
7.25000000000000e+00  3.64508263624036e-01
7.27500000000000e+00  3.44423670250639e-01
7.30000000000000e+00  3.20975283158636e-01
7.32500000000000e+00  2.94416637823517e-01
7.35000000000000e+00  2.65028565454006e-01
7.37500000000000e+00  2.33115602703241e-01
7.40000000000000e+00  1.99002401379933e-01
7.42500000000000e+00  1.63030138159548e-01
7.45000000000000e+00  1.25552924295475e-01
7.47500000000000e+00  8.69342153301899e-02
7.50000000000000e+00  4.75340060379729e-02
7.52500000000000e+00  7.73746704967236e-03
7.55000000000000e+00  -3.20985575358190e-02
7.57500000000000e+00  -7.16105525197629e-02
7.60000000000000e+00  -1.10446113971026e-01
7.62500000000000e+00  -1.48266148150795e-01
7.65000000000000e+00  -1.84747070437311e-01
7.67500000000000e+00  -2.19583004250585e-01
7.70000000000000e+00  -2.52487979977134e-01
7.72500000000000e+00  -2.83198133894698e-01
7.75000000000000e+00  -3.11473907096964e-01
7.77500000000000e+00  -3.37102244418299e-01
7.80000000000000e+00  -3.59898793358466e-01
7.82500000000000e+00  -3.79704287241627e-01
7.85000000000000e+00  -3.96389399615509e-01
7.87500000000000e+00  -4.09854953719267e-01
7.90000000000000e+00  -4.20028470164786e-01
7.92500000000000e+00  -4.26867348002037e-01
7.95000000000000e+00  -4.30357588041595e-01
7.97500000000000e+00  -4.30512516177160e-01
8.00000000000000e+00  -4.27371506708074e-01
8.02500000000000e+00  -4.20998705661843e-01
8.05000000000000e+00  -4.11481754116657e-01
8.07500000000000e+00  -3.98930511523909e-01
8.10000000000000e+00  -3.83475779030712e-01
8.12500000000000e+00  -3.65233899311997e-01
8.15000000000000e+00  -3.44479959227814e-01
8.17500000000000e+00  -3.21292215946804e-01
8.20000000000000e+00  -2.95877252015824e-01
8.22500000000000e+00  -2.68448275838826e-01
8.25000000000000e+00  -2.39223721552556e-01
8.27500000000000e+00  -2.08425848902283e-01
8.30000000000000e+00  -1.76279343117498e-01
8.32500000000000e+00  -1.43009914787624e-01
8.35000000000000e+00  -1.08842899737741e-01
8.37500000000000e+00  -7.40018589042768e-02
8.40000000000000e+00  -3.87071782107370e-02
8.42500000000000e+00  -3.17466844340716e-03
8.45000000000000e+00  3.23849293779248e-02
8.47500000000000e+00  6.77678177586198e-02
8.50000000000000e+00  1.02777971462819e-01
8.52500000000000e+00  1.37228703173792e-01
8.55000000000000e+00  1.70943397371267e-01
8.57500000000000e+00  2.03756725271758e-01
8.60000000000000e+00  2.35515859768905e-01
8.62500000000000e+00  2.66081690373823e-01
8.65000000000000e+00  2.95330038155428e-01
8.67500000000000e+00  3.23152870680782e-01
8.70000000000000e+00  3.49459516955431e-01
8.72500000000000e+00  3.74177882363749e-01
8.75000000000000e+00  3.97173863741858e-01
8.77500000000000e+00  4.18513742582120e-01
8.80000000000000e+00  4.38043759972220e-01
8.82500000000000e+00  4.55747449189889e-01
8.85000000000000e+00  4.71616330131492e-01
8.87500000000000e+00  4.85649895321067e-01
8.90000000000000e+00  4.97855595919334e-01
8.92500000000000e+00  5.08248827732730e-01
8.95000000000000e+00  5.16852917222430e-01
8.97500000000000e+00  5.23699107513374e-01
9.00000000000000e+00  5.28826544403292e-01
9.02500000000000e+00  5.32282262371727e-01
9.05000000000000e+00  5.34121170589060e-01
9.07500000000000e+00  5.34403576784779e-01
9.10000000000000e+00  5.33196382243047e-01
9.12500000000000e+00  5.30572082365211e-01
9.15000000000000e+00  5.26606826037379e-01
9.17500000000000e+00  5.21380546339621e-01
9.20000000000000e+00  5.14975657171050e-01
9.22500000000000e+00  5.07475749874905e-01
9.25000000000000e+00  4.98964289863624e-01
9.27500000000000e+00  4.89523313243932e-01
9.30000000000000e+00  4.79232123441914e-01
9.32500000000000e+00  4.68165987828103e-01
9.35000000000000e+00  4.56394834342554e-01
9.37500000000000e+00  4.44076393871679e-01
9.40000000000000e+00  4.31116927207373e-01
9.42500000000000e+00  4.17744066768714e-01
9.45000000000000e+00  4.04008340900096e-01
9.47500000000000e+00  3.89963674251458e-01
9.50000000000000e+00  3.75666218879192e-01
9.52500000000000e+00  3.61173185347052e-01
9.55000000000000e+00  3.46541673827062e-01
9.57500000000000e+00  3.31827505200415e-01
9.60000000000000e+00  3.17084052158393e-01
9.62500000000000e+00  3.02361070303263e-01
9.65000000000000e+00  2.87703529249186e-01
9.67500000000000e+00  2.73150443723129e-01
9.70000000000000e+00  2.58738248517297e-01
9.72500000000000e+00  2.44497367129798e-01
9.75000000000000e+00  2.30453144219682e-01
9.77500000000000e+00  2.16626881954216e-01
9.80000000000000e+00  2.03035531011017e-01
9.82500000000000e+00  1.89692414278367e-01
9.85000000000000e+00  1.76607950555532e-01
9.87500000000000e+00  1.63790378253079e-01
9.90000000000000e+00  1.51246479093186e-01
9.92500000000000e+00  1.38982301809968e-01
9.95000000000000e+00  1.27003885849785e-01
9.97500000000000e+00  1.15317985071566e-01
1.00000000000000e+01  1.03932791447122e-01
