0.00000000000000e+00  1.04079685653563e-01
2.50000000000000e-02  1.15557895116916e-01
5.00000000000000e-02  1.27286087360898e-01
7.50000000000000e-02  1.39279133182404e-01
1.00000000000000e-01  1.51546835755159e-01
1.25000000000000e-01  1.64094118907368e-01
1.50000000000000e-01  1.76921215399364e-01
1.75000000000000e-01  1.90023855201257e-01
2.00000000000000e-01  2.03393453770582e-01
2.25000000000000e-01  2.17017300329955e-01
2.50000000000000e-01  2.30878746144717e-01
2.75000000000000e-01  2.44957392800583e-01
3.00000000000000e-01  2.59229280481297e-01
3.25000000000000e-01  2.73666997167490e-01
3.50000000000000e-01  2.88239756499506e-01
3.75000000000000e-01  3.02913486583955e-01
4.00000000000000e-01  3.17650270748258e-01
4.25000000000000e-01  3.32408836523845e-01
4.50000000000000e-01  3.47144155757261e-01
4.75000000000000e-01  3.61807044721269e-01
5.00000000000000e-01  3.76343764225960e-01
5.25000000000000e-01  3.90695619729849e-01
5.50000000000000e-01  4.04798561450990e-01
5.75000000000000e-01  4.18582784478076e-01
6.00000000000000e-01  4.31972328881542e-01
6.25000000000000e-01  4.44930466068963e-01
6.50000000000000e-01  4.57320329082799e-01
6.75000000000000e-01  4.69119495113855e-01
7.00000000000000e-01  4.80241691735512e-01
7.25000000000000e-01  4.90600903395198e-01
7.50000000000000e-01  5.00111632914655e-01
7.75000000000000e-01  5.08689162990196e-01
8.00000000000000e-01  5.16249817692968e-01
8.25000000000000e-01  5.22711223969214e-01
8.50000000000000e-01  5.27992573140530e-01
8.75000000000000e-01  5.32014882404133e-01
9.00000000000000e-01  5.34701256333114e-01
9.25000000000000e-01  5.35977148376706e-01
9.50000000000000e-01  5.35771958104148e-01
9.75000000000000e-01  5.34018797965557e-01
1.00000000000000e+00  5.30655497700576e-01
1.02500000000000e+00  5.25625573173124e-01
1.05000000000000e+00  5.18878978186538e-01
1.07500000000000e+00  5.10373163208785e-01
1.10000000000000e+00  5.00074134097679e-01
1.12500000000000e+00  4.87957510826099e-01
1.15000000000000e+00  4.74009586207204e-01
1.17500000000000e+00  4.58228384619652e-01
1.20000000000000e+00  4.40624720732812e-01
1.22500000000000e+00  4.21223258231987e-01
1.25000000000000e+00  4.00015743666440e-01
1.27500000000000e+00  3.77129364927166e-01
1.30000000000000e+00  3.52548283299218e-01
1.32500000000000e+00  3.26352312810166e-01
1.35000000000000e+00  2.98632382164886e-01
1.37500000000000e+00  2.69490706112697e-01
1.40000000000000e+00  2.39040956814513e-01
1.42500000000000e+00  2.07408435209990e-01
1.45000000000000e+00  1.74730242384666e-01
1.47500000000000e+00  1.41155450937117e-01
1.50000000000000e+00  1.06845276346096e-01
1.52500000000000e+00  7.19732483376813e-02
1.55000000000000e+00  3.67253822524269e-02
1.57500000000000e+00  1.29511921750402e-03
1.60000000000000e+00  -3.41136430294735e-02
1.62500000000000e+00  -6.92885808218187e-02
1.65000000000000e+00  -1.04012244358405e-01
1.67500000000000e+00  -1.38061805779815e-01
1.70000000000000e+00  -1.71211278638015e-01
1.72500000000000e+00  -2.03233737366004e-01
1.75000000000000e+00  -2.33903536747489e-01
1.77500000000000e+00  -2.62998531386544e-01
1.80000000000000e+00  -2.90302295177271e-01
1.82500000000000e+00  -3.15606340773467e-01
1.85000000000000e+00  -3.38712339058284e-01
1.87500000000000e+00  -3.59416914522348e-01
1.90000000000000e+00  -3.77531440079098e-01
1.92500000000000e+00  -3.92904772691747e-01
1.95000000000000e+00  -4.05385228397400e-01
1.97500000000000e+00  -4.14841429532316e-01
2.00000000000000e+00  -4.21163478372259e-01
2.02500000000000e+00  -4.24264130772841e-01
2.05000000000000e+00  -4.24079969809878e-01
2.07500000000000e+00  -4.20572579419731e-01
2.10000000000000e+00  -4.13729718039657e-01
2.12500000000000e+00  -4.03566492248159e-01
2.15000000000000e+00  -3.90126530405330e-01
2.17500000000000e+00  -3.73483156293204e-01
2.20000000000000e+00  -3.53736578401899e-01
2.22500000000000e+00  -3.31016752326327e-01
2.25000000000000e+00  -3.05483583180891e-01
2.27500000000000e+00  -2.77321929592703e-01
2.30000000000000e+00  -2.46745269518780e-01
2.32500000000000e+00  -2.13993544755831e-01
2.35000000000000e+00  -1.79331005450055e-01
2.37500000000000e+00  -1.43044054606930e-01
2.40000000000000e+00  -1.05439092601005e-01
2.42500000000000e+00  -6.68403616856955e-02
2.45000000000000e+00  -2.75877905030742e-02
2.47500000000000e+00  1.19651614063383e-02
2.50000000000000e+00  5.14672133805671e-02
2.52500000000000e+00  9.05316466383755e-02
2.55000000000000e+00  1.28801996470891e-01
2.57500000000000e+00  1.65909051903835e-01
2.60000000000000e+00  2.01489522561917e-01
2.62500000000000e+00  2.35189610688879e-01
2.65000000000000e+00  2.66668583167540e-01
2.67500000000000e+00  2.95602343539837e-01
2.70000000000000e+00  3.21687004026874e-01
2.72500000000000e+00  3.44642457548963e-01
2.75000000000000e+00  3.64215949745668e-01
2.77500000000000e+00  3.80185650995849e-01
2.80000000000000e+00  3.92364228437706e-01
2.82500000000000e+00  4.00599034065151e-01
2.85000000000000e+00  4.04776883137117e-01
2.87500000000000e+00  4.04827677091550e-01
2.90000000000000e+00  4.00718318366748e-01
2.92500000000000e+00  3.92461889556473e-01
2.95000000000000e+00  3.80116707498354e-01
2.97500000000000e+00  3.63785377362297e-01
3.00000000000000e+00  3.43613846738890e-01
3.02500000000000e+00  3.19790459727808e-01
3.05000000000000e+00  2.92545011026220e-01
3.07500000000000e+00  2.62147800017196e-01
3.10000000000000e+00  2.28908684858109e-01
3.12500000000000e+00  1.93173051660410e-01
3.15000000000000e+00  1.55310194223232e-01
3.17500000000000e+00  1.15725895649811e-01
3.20000000000000e+00  7.48448504400517e-02
3.22500000000000e+00  3.31116643455835e-02
3.25000000000000e+00  -9.01457519889408e-03
3.27500000000000e+00  -5.10657286442610e-02
3.30000000000000e+00  -9.25700338956295e-02
3.32500000000000e+00  -1.33057535881001e-01
3.35000000000000e+00  -1.72065516119917e-01
3.37500000000000e+00  -2.09143922292112e-01
3.40000000000000e+00  -2.43860797806165e-01
3.42500000000000e+00  -2.75807711368151e-01
3.45000000000000e+00  -3.04605148535773e-01
3.47500000000000e+00  -3.29907249002066e-01
3.50000000000000e+00  -3.51409344141512e-01
3.52500000000000e+00  -3.68842541548145e-01
3.55000000000000e+00  -3.81987477879703e-01
3.57500000000000e+00  -3.90675490453167e-01
3.60000000000000e+00  -3.94789788840292e-01
3.62500000000000e+00  -3.94266626463147e-01
3.65000000000000e+00  -3.89096472189648e-01
3.67500000000000e+00  -3.79325181929092e-01
3.70000000000000e+00  -3.65055170227696e-01
3.72500000000000e+00  -3.46446581864130e-01
3.75000000000000e+00  -3.23713733070115e-01
3.77500000000000e+00  -2.97112656835767e-01
3.80000000000000e+00  -2.66967216945115e-01
3.82500000000000e+00  -2.33631761058285e-01
3.85000000000000e+00  -1.97504970386540e-01
3.87500000000000e+00  -1.59023643301201e-01
3.90000000000000e+00  -1.18656478942574e-01
3.92500000000000e+00  -7.68978608288707e-02
3.95000000000000e+00  -3.42616404651310e-02
3.97500000000000e+00  8.72507904785718e-03
4.00000000000000e+00  5.15281594046295e-02
4.02500000000000e+00  9.36126434861268e-02
4.05000000000000e+00  1.34448971750767e-01
4.07500000000000e+00  1.73523474632137e-01
4.10000000000000e+00  2.10341900926992e-01
4.12500000000000e+00  2.44439539812752e-01
4.15000000000000e+00  2.75377714429582e-01
4.17500000000000e+00  3.02760110971496e-01
4.20000000000000e+00  3.26236024614385e-01
4.22500000000000e+00  3.45503605444025e-01
4.25000000000000e+00  3.60313104384090e-01
4.27500000000000e+00  3.70470119124174e-01
4.30000000000000e+00  3.75838840047797e-01
4.32500000000000e+00  3.76345296160425e-01
4.35000000000000e+00  3.71980601017482e-01
4.37500000000000e+00  3.62809057397616e-01
4.40000000000000e+00  3.48922461028235e-01
4.42500000000000e+00  3.30520817525005e-01
4.45000000000000e+00  3.07834242325971e-01
4.47500000000000e+00  2.81154071021715e-01
4.50000000000000e+00  2.50826831785002e-01
4.52500000000000e+00  2.17248217800416e-01
4.55000000000000e+00  1.80857059694013e-01
4.57500000000000e+00  1.42129297962953e-01
4.60000000000000e+00  1.01571955405147e-01
4.62500000000000e+00  5.97171095489036e-02
4.65000000000000e+00  1.71158650825623e-02
4.67500000000000e+00  -2.56676737158527e-02
4.70000000000000e+00  -6.80706878129195e-02
4.72500000000000e+00  -1.09532660566437e-01
4.75000000000000e+00  -1.49507611421003e-01
4.77500000000000e+00  -1.87462444993711e-01
4.80000000000000e+00  -2.22893440734276e-01
4.82500000000000e+00  -2.55331174245229e-01
4.85000000000000e+00  -2.84345438602125e-01
4.87500000000000e+00  -3.09550165673730e-01
4.90000000000000e+00  -3.30608347442231e-01
4.92500000000000e+00  -3.47236957323429e-01
4.95000000000000e+00  -3.59211871486935e-01
4.97500000000000e+00  -3.66372790176376e-01
5.00000000000000e+00  -3.68633293327086e-01
5.02500000000000e+00  -3.65934033613568e-01
5.05000000000000e+00  -3.58333698687689e-01
5.07500000000000e+00  -3.45922819565187e-01
5.10000000000000e+00  -3.28861135044113e-01
5.12500000000000e+00  -3.07372604194249e-01
5.15000000000000e+00  -2.81740418846518e-01
5.17500000000000e+00  -2.52302016082401e-01
5.20000000000000e+00  -2.19444090723352e-01
5.22500000000000e+00  -1.83597607820207e-01
5.25000000000000e+00  -1.45232815142606e-01
5.27500000000000e+00  -1.04854255668395e-01
5.30000000000000e+00  -6.29957800730531e-02
5.32500000000000e+00  -2.02040030688045e-02
5.35000000000000e+00  2.29599913193939e-02
5.37500000000000e+00  6.59331756919644e-02
5.40000000000000e+00  1.08151049634019e-01
5.42500000000000e+00  1.49062397303722e-01
5.45000000000000e+00  1.88135173061570e-01
5.47500000000000e+00  2.24862387099685e-01
5.50000000000000e+00  2.58767991071081e-01
5.52500000000000e+00  2.89412763718957e-01
5.55000000000000e+00  3.16400196505971e-01
5.57500000000000e+00  3.39382379243525e-01
5.60000000000000e+00  3.58065885721050e-01
5.62500000000000e+00  3.72224646611628e-01
5.65000000000000e+00  3.81656464870540e-01
5.67500000000000e+00  3.86269461490415e-01
5.70000000000000e+00  3.86001905890239e-01
5.72500000000000e+00  3.80861085081256e-01
5.75000000000000e+00  3.70919949970530e-01
5.77500000000000e+00  3.56313761664518e-01
5.80000000000000e+00  3.37236737772641e-01
5.82500000000000e+00  3.13938698710849e-01
5.85000000000000e+00  2.86721714005195e-01
5.87500000000000e+00  2.55936748595404e-01
5.90000000000000e+00  2.21980309138433e-01
5.92500000000000e+00  1.85291090312056e-01
5.95000000000000e+00  1.46333958431859e-01
5.97500000000000e+00  1.05603193048405e-01
6.00000000000000e+00  6.36123191684109e-02
6.02500000000000e+00  2.08907804942887e-02
6.05000000000000e+00  -2.20266152035908e-02
6.07500000000000e+00  -6.46058534631760e-02
6.10000000000000e+00  -1.06319870507040e-01
6.12500000000000e+00  -1.46654710618659e-01
6.15000000000000e+00  -1.85115683518715e-01
6.17500000000000e+00  -2.21233521741378e-01
6.20000000000000e+00  -2.54570538010602e-01
6.22500000000000e+00  -2.84726782616417e-01
6.25000000000000e+00  -3.11355275645889e-01
6.27500000000000e+00  -3.34116844790262e-01
6.30000000000000e+00  -3.52769206117269e-01
6.32500000000000e+00  -3.67093046179798e-01
6.35000000000000e+00  -3.76927916797565e-01
6.37500000000000e+00  -3.82171072119526e-01
6.40000000000000e+00  -3.82776305686298e-01
6.42500000000000e+00  -3.78752787492568e-01
6.45000000000000e+00  -3.70163901049517e-01
6.47500000000000e+00  -3.57126080447230e-01
6.50000000000000e+00  -3.39807647417118e-01
6.52500000000000e+00  -3.18427648394328e-01
6.55000000000000e+00  -2.93254691580162e-01
6.57500000000000e+00  -2.64593029542457e-01
6.60000000000000e+00  -2.32788217722704e-01
6.62500000000000e+00  -1.98219413538870e-01
6.65000000000000e+00  -1.61294642609486e-01
6.67500000000000e+00  -1.22445458103454e-01
6.70000000000000e+00  -8.21215177065889e-02
6.72500000000000e+00  -4.07851605881490e-02
6.75000000000000e+00  1.09401563261583e-03
6.77500000000000e+00  4.30445779199382e-02
6.80000000000000e+00  8.45986808549830e-02
6.82500000000000e+00  1.25297489669315e-01
6.85000000000000e+00  1.64696603278362e-01
6.87500000000000e+00  2.02374860007488e-01
6.90000000000000e+00  2.37917935973296e-01
6.92500000000000e+00  2.70965727641454e-01
6.95000000000000e+00  3.01170089875604e-01
6.97500000000000e+00  3.28221484265032e-01
7.00000000000000e+00  3.51849924774038e-01
7.02500000000000e+00  3.71825923391325e-01
7.05000000000000e+00  3.87961435779371e-01
7.07500000000000e+00  4.00110806923816e-01
7.10000000000000e+00  4.08171716782834e-01
7.12500000000000e+00  4.12086125936518e-01
7.15000000000000e+00  4.11841221236259e-01
7.17500000000000e+00  4.07470361454125e-01
7.20000000000000e+00  3.99043872227606e-01
7.22500000000000e+00  3.86675175145344e-01
7.25000000000000e+00  3.70517169903069e-01
7.27500000000000e+00  3.50757379209863e-01
7.30000000000000e+00  3.27617846877797e-01
7.32500000000000e+00  3.01351549891549e-01
7.35000000000000e+00  2.72238810478018e-01
7.37500000000000e+00  2.40583708175959e-01
7.40000000000000e+00  2.06710491905584e-01
7.42500000000000e+00  1.70959992038200e-01
7.45000000000000e+00  1.33686032465820e-01
7.47500000000000e+00  9.52518426707806e-02
7.50000000000000e+00  5.60018114690574e-02
7.52500000000000e+00  1.63697618352141e-02
7.55000000000000e+00  -2.33322952545811e-02
7.57500000000000e+00  -6.27352600414747e-02
7.60000000000000e+00  -1.01482663897303e-01
7.62500000000000e+00  -1.39232639265727e-01
7.65000000000000e+00  -1.75659889603387e-01
7.67500000000000e+00  -2.10457659321040e-01
7.70000000000000e+00  -2.43339703724712e-01
7.72500000000000e+00  -2.74042258956838e-01
7.75000000000000e+00  -3.02326011937408e-01
7.77500000000000e+00  -3.27978070305116e-01
7.80000000000000e+00  -3.50813932358500e-01
7.82500000000000e+00  -3.70674274107900e-01
7.85000000000000e+00  -3.87429245718891e-01
7.87500000000000e+00  -4.00978248943773e-01
7.90000000000000e+00  -4.11248087089211e-01
7.92500000000000e+00  -4.18194694196335e-01
7.95000000000000e+00  -4.21802263058480e-01
7.97500000000000e+00  -4.22082373238924e-01
8.00000000000000e+00  -4.19073119088621e-01
8.02500000000000e+00  -4.12838237763946e-01
8.05000000000000e+00  -4.03466237244426e-01
8.07500000000000e+00  -3.91069524350480e-01
8.10000000000000e+00  -3.75783532761156e-01
8.12500000000000e+00  -3.57802697264052e-01
8.15000000000000e+00  -3.37122451924589e-01
8.17500000000000e+00  -3.14080505844283e-01
8.20000000000000e+00  -2.88852200286676e-01
8.22500000000000e+00  -2.61628061860243e-01
8.25000000000000e+00  -2.32611227924974e-01
8.27500000000000e+00  -2.02014871998980e-01
8.30000000000000e+00  -1.70059629165073e-01
8.32500000000000e+00  -1.36971021477356e-01
8.35000000000000e+00  -1.02976883367822e-01
8.37500000000000e+00  -6.83047870529313e-02
8.40000000000000e+00  -3.31794679402174e-02
8.42500000000000e+00  2.17974996513174e-03
8.45000000000000e+00  3.75593461157681e-02
8.47500000000000e+00  7.27548170607985e-02
8.50000000000000e+00  1.07574388712293e-01
8.52500000000000e+00  1.41831664774250e-01
8.55000000000000e+00  1.75354931393382e-01
8.57500000000000e+00  2.07985858530286e-01
8.60000000000000e+00  2.39578201330629e-01
8.62500000000000e+00  2.69996501496343e-01
8.65000000000000e+00  2.99114788656787e-01
8.67500000000000e+00  3.26815281739940e-01
8.70000000000000e+00  3.52987090343585e-01
8.72500000000000e+00  3.77524916106489e-01
8.75000000000000e+00  4.00444180437707e-01
8.77500000000000e+00  4.21558464683080e-01
8.80000000000000e+00  4.40931312154003e-01
8.82500000000000e+00  4.58515767360585e-01
8.85000000000000e+00  4.74282082085719e-01
8.87500000000000e+00  4.88216285493476e-01
8.90000000000000e+00  5.00318754237502e-01
8.92500000000000e+00  5.10602782569409e-01
8.95000000000000e+00  5.19093152447176e-01
8.97500000000000e+00  5.25824703643540e-01
9.00000000000000e+00  5.30840903854393e-01
9.02500000000000e+00  5.34192418807172e-01
9.05000000000000e+00  5.35935682369265e-01
9.07500000000000e+00  5.36133399771765e-01
9.10000000000000e+00  5.34852252517377e-01
9.12500000000000e+00  5.32162219967241e-01
9.15000000000000e+00  5.28137285196721e-01
9.17500000000000e+00  5.22853537544139e-01
9.20000000000000e+00  5.16389132337733e-01
9.22500000000000e+00  5.08824250622603e-01
9.25000000000000e+00  5.00241058887667e-01
9.27500000000000e+00  4.90723668792613e-01
9.30000000000000e+00  4.80358096894845e-01
9.32500000000000e+00  4.69232224376442e-01
9.35000000000000e+00  4.57435756771104e-01
9.37500000000000e+00  4.45000850229864e-01
9.40000000000000e+00  4.32084851689426e-01
9.42500000000000e+00  4.18692761056785e-01
9.45000000000000e+00  4.04906552584688e-01
9.47500000000000e+00  3.90801806254062e-01
9.50000000000000e+00  3.76448082598976e-01
9.52500000000000e+00  3.61909297531599e-01
9.55000000000000e+00  3.47244097167152e-01
9.57500000000000e+00  3.32506232648869e-01
9.60000000000000e+00  3.17744934972952e-01
9.62500000000000e+00  3.03005289813530e-01
9.65000000000000e+00  2.88328612347609e-01
9.67500000000000e+00  2.73752822080041e-01
9.70000000000000e+00  2.59312035184874e-01
9.72500000000000e+00  2.45037036319171e-01
9.75000000000000e+00  2.30955210563893e-01
9.77500000000000e+00  2.17090495923304e-01
9.80000000000000e+00  2.03463253925610e-01
9.82500000000000e+00  1.90090095383137e-01
9.85000000000000e+00  1.76983706152506e-01
9.87500000000000e+00  1.64152672894818e-01
9.90000000000000e+00  1.51601308835818e-01
9.92500000000000e+00  1.39329479526088e-01
9.95000000000000e+00  1.27332428601212e-01
9.97500000000000e+00  1.15600603541961e-01
1.00000000000000e+01  1.04119481434472e-01
