0.00000000000000e+00  1.03285549726437e-01
2.50000000000000e-02  1.15715234079963e-01
5.00000000000000e-02  1.27743898548408e-01
7.50000000000000e-02  1.39684994186254e-01
1.00000000000000e-01  1.51761146947284e-01
1.25000000000000e-01  1.64116657819093e-01
1.50000000000000e-01  1.76830002957612e-01
1.75000000000000e-01  1.89926333821619e-01
2.00000000000000e-01  2.03389977307266e-01
2.25000000000000e-01  2.17176935882590e-01
2.50000000000000e-01  2.31227387722037e-01
2.75000000000000e-01  2.45478186840978e-01
3.00000000000000e-01  2.59875363230226e-01
3.25000000000000e-01  2.74361648182477e-01
3.50000000000000e-01  2.88899533063187e-01
3.75000000000000e-01  3.03488173282780e-01
4.00000000000000e-01  3.18094888724087e-01
4.25000000000000e-01  3.32720280120520e-01
4.50000000000000e-01  3.47376965049241e-01
4.75000000000000e-01  3.62068313924333e-01
5.00000000000000e-01  3.76767185989966e-01
5.25000000000000e-01  3.91394665313560e-01
5.50000000000000e-01  4.05798796778962e-01
5.75000000000000e-01  4.19733322079608e-01
6.00000000000000e-01  4.32836415711689e-01
6.25000000000000e-01  4.46492444748401e-01
6.50000000000000e-01  4.58010645559705e-01
6.75000000000000e-01  4.69566328313601e-01
7.00000000000000e-01  4.80773706805094e-01
7.25000000000000e-01  4.91336903344241e-01
7.50000000000000e-01  5.01036580121317e-01
7.75000000000000e-01  5.09716570571985e-01
8.00000000000000e-01  5.17270510742465e-01
8.25000000000000e-01  5.23628470654705e-01
8.50000000000000e-01  5.28743585671545e-01
8.75000000000000e-01  5.32578687861892e-01
9.00000000000000e-01  5.35092937365885e-01
9.25000000000000e-01  5.36228453760065e-01
9.50000000000000e-01  5.35941974217380e-01
9.75000000000000e-01  5.34167434496741e-01
1.00000000000000e+00  5.30815001120239e-01
1.02500000000000e+00  5.25815100110907e-01
1.05000000000000e+00  5.19080891573584e-01
1.07500000000000e+00  5.10524563507702e-01
1.10000000000000e+00  5.00073625620076e-01
1.12500000000000e+00  4.87687203137681e-01
1.15000000000000e+00  4.73372330620448e-01
1.17500000000000e+00  4.57200245774045e-01
1.20000000000000e+00  4.39322683262663e-01
1.22500000000000e+00  4.19988168521804e-01
1.25000000000000e+00  3.97567177850910e-01
1.27500000000000e+00  3.75716262696471e-01
1.30000000000000e+00  3.51253202415831e-01
1.32500000000000e+00  3.24704299870539e-01
1.35000000000000e+00  2.96467719453014e-01
1.37500000000000e+00  2.66835898856165e-01
1.40000000000000e+00  2.36017960843024e-01
1.42500000000000e+00  2.04162125016375e-01
1.45000000000000e+00  1.71378119588375e-01
1.47500000000000e+00  1.37759593150192e-01
1.50000000000000e+00  1.03406526441624e-01
1.52500000000000e+00  6.84476441207320e-02
1.55000000000000e+00  3.30628265334686e-02
1.57500000000000e+00  -2.59362988001767e-03
1.60000000000000e+00  -3.83028634569875e-02
1.62500000000000e+00  -7.38232257969194e-02
1.65000000000000e+00  -1.08901492788627e-01
1.67500000000000e+00  -1.43266517176483e-01
1.70000000000000e+00  -1.76644474051358e-01
1.72500000000000e+00  -2.08774106341545e-01
1.75000000000000e+00  -2.39421970303695e-01
1.77500000000000e+00  -2.68397681013751e-01
1.80000000000000e+00  -2.95569157857873e-01
1.82500000000000e+00  -3.20877870023378e-01
1.85000000000000e+00  -3.44354081989664e-01
1.87500000000000e+00  -3.65279982917158e-01
1.90000000000000e+00  -3.83342925765604e-01
1.92500000000000e+00  -3.98709409347829e-01
1.95000000000000e+00  -4.11199063367940e-01
1.97500000000000e+00  -4.20660856289871e-01
2.00000000000000e+00  -4.26972865003886e-01
2.02500000000000e+00  -4.30042044493084e-01
2.05000000000000e+00  -4.29803997499907e-01
2.07500000000000e+00  -4.26222744192639e-01
2.10000000000000e+00  -4.19290491831918e-01
2.12500000000000e+00  -4.09027404437235e-01
2.15000000000000e+00  -3.95481372453441e-01
2.17500000000000e+00  -3.78727782417253e-01
2.20000000000000e+00  -3.58870827765552e-01
2.22500000000000e+00  -3.36039616136815e-01
2.25000000000000e+00  -3.10395324067837e-01
2.27500000000000e+00  -2.82122080974135e-01
2.30000000000000e+00  -2.51431942451393e-01
2.32500000000000e+00  -2.18563482240472e-01
2.35000000000000e+00  -1.83780384192419e-01
2.37500000000000e+00  -1.47370034233480e-01
2.40000000000000e+00  -1.09642112330109e-01
2.42500000000000e+00  -7.09271844539829e-02
2.45000000000000e+00  -3.15752945470099e-02
2.47500000000000e+00  8.04544351366093e-03
2.50000000000000e+00  4.76200542040425e-02
2.52500000000000e+00  8.67524663978568e-02
2.55000000000000e+00  1.25080962359205e-01
2.57500000000000e+00  1.62236555159431e-01
2.60000000000000e+00  1.97856456048313e-01
2.62500000000000e+00  2.31587634675746e-01
2.65000000000000e+00  2.63090379313422e-01
2.67500000000000e+00  2.92041857076519e-01
2.70000000000000e+00  3.18139674145384e-01
2.72500000000000e+00  3.41105435987215e-01
2.75000000000000e+00  3.60688307577747e-01
2.77500000000000e+00  3.76668573622935e-01
2.80000000000000e+00  3.88861198780635e-01
2.82500000000000e+00  3.97116258002419e-01
2.85000000000000e+00  4.01323145304648e-01
2.87500000000000e+00  4.01414393539973e-01
2.90000000000000e+00  3.97359856449166e-01
2.92500000000000e+00  3.89175463363521e-01
2.95000000000000e+00  3.76922236192947e-01
2.97500000000000e+00  3.60705306414067e-01
3.00000000000000e+00  3.40672932058310e-01
3.02500000000000e+00  3.17015514700009e-01
3.05000000000000e+00  2.89964616444497e-01
3.07500000000000e+00  2.59791976916201e-01
3.10000000000000e+00  2.26808530246738e-01
3.12500000000000e+00  1.91353365576842e-01
3.15000000000000e+00  1.53811029434103e-01
3.17500000000000e+00  1.14577502685553e-01
3.20000000000000e+00  7.40774095446420e-02
3.22500000000000e+00  3.27544745979733e-02
3.25000000000000e+00  -8.93381895404738e-03
3.27500000000000e+00  -5.05215710565457e-02
3.30000000000000e+00  -9.15398065595202e-02
3.32500000000000e+00  -1.31521816977186e-01
3.35000000000000e+00  -1.70008502247317e-01
3.37500000000000e+00  -2.06553712490581e-01
3.40000000000000e+00  -2.40729589769885e-01
3.42500000000000e+00  -2.72131909849712e-01
3.45000000000000e+00  -3.00387763769220e-01
3.47500000000000e+00  -3.25151861344090e-01
3.50000000000000e+00  -3.46134534382806e-01
3.52500000000000e+00  -3.63062260498386e-01
3.55000000000000e+00  -3.75719815401364e-01
3.57500000000000e+00  -3.83946412971219e-01
3.60000000000000e+00  -3.87632367583438e-01
3.62500000000000e+00  -3.86719125065262e-01
3.65000000000000e+00  -3.81199473411419e-01
3.67500000000000e+00  -3.71119569905634e-01
3.70000000000000e+00  -3.56582596046396e-01
3.72500000000000e+00  -3.37755596082724e-01
3.75000000000000e+00  -3.14860465514834e-01
3.77500000000000e+00  -2.88150349151012e-01
3.80000000000000e+00  -2.57947593076129e-01
3.82500000000000e+00  -2.24607776525094e-01
3.85000000000000e+00  -1.88529958168377e-01
3.87500000000000e+00  -1.50150527300776e-01
3.90000000000000e+00  -1.09937055030184e-01
3.92500000000000e+00  -6.83821454663627e-02
3.95000000000000e+00  -2.59972869097021e-02
3.97500000000000e+00  1.66932969600091e-02
4.00000000000000e+00  5.91587958948119e-02
4.02500000000000e+00  1.00867961889814e-01
4.05000000000000e+00  1.41295257994416e-01
4.07500000000000e+00  1.79934444216455e-01
4.10000000000000e+00  2.16286682237841e-01
4.12500000000000e+00  2.49898734242700e-01
4.15000000000000e+00  2.80335691633684e-01
4.17500000000000e+00  3.07205164017613e-01
4.20000000000000e+00  3.30160469859831e-01
4.22500000000000e+00  3.48903827138551e-01
4.25000000000000e+00  3.63189543999207e-01
4.27500000000000e+00  3.72827209408805e-01
4.30000000000000e+00  3.77684883810271e-01
4.32500000000000e+00  3.77692289776804e-01
4.35000000000000e+00  3.72844002666222e-01
4.37500000000000e+00  3.63201772002014e-01
4.40000000000000e+00  3.48870260447753e-01
4.42500000000000e+00  3.30041378886205e-01
4.45000000000000e+00  3.06947845233255e-01
4.47500000000000e+00  2.79882675443995e-01
4.50000000000000e+00  2.49193257780254e-01
4.52500000000000e+00  2.15275427078128e-01
4.55000000000000e+00  1.78567539015525e-01
4.57500000000000e+00  1.39544544379684e-01
4.60000000000000e+00  9.87120633347179e-02
4.62500000000000e+00  5.66004596891471e-02
4.65000000000000e+00  1.37589151634223e-02
4.67500000000000e+00  -2.92504963425268e-02
4.70000000000000e+00  -7.18671976309356e-02
4.72500000000000e+00  -1.13532832959216e-01
4.75000000000000e+00  -1.53703648469909e-01
4.77500000000000e+00  -1.91848733383924e-01
4.80000000000000e+00  -2.27466448562680e-01
4.82500000000000e+00  -2.60089340891235e-01
4.85000000000000e+00  -2.89289057661421e-01
4.87500000000000e+00  -3.14681260954963e-01
4.90000000000000e+00  -3.35930542026616e-01
4.92500000000000e+00  -3.52755335687288e-01
4.95000000000000e+00  -3.64932834687171e-01
4.97500000000000e+00  -3.72303904098869e-01
5.00000000000000e+00  -3.74777995950040e-01
5.02500000000000e+00  -3.72304109145275e-01
5.05000000000000e+00  -3.64933241151692e-01
5.07500000000000e+00  -3.52755936559650e-01
5.10000000000000e+00  -3.35931326810600e-01
5.12500000000000e+00  -3.14682215848244e-01
5.15000000000000e+00  -2.89290165769697e-01
5.17500000000000e+00  -2.60090582476649e-01
5.20000000000000e+00  -2.27467801326529e-01
5.22500000000000e+00  -1.91850172783659e-01
5.25000000000000e+00  -1.53705148070426e-01
5.27500000000000e+00  -1.13534364818434e-01
5.30000000000000e+00  -7.18687327196708e-02
5.32500000000000e+00  -2.92520049439256e-02
5.35000000000000e+00  1.37574630729199e-02
5.37500000000000e+00  5.65990939443663e-02
5.40000000000000e+00  9.87108132097676e-02
5.42500000000000e+00  1.39543438142958e-01
5.45000000000000e+00  1.78566603508315e-01
5.47500000000000e+00  2.15274687316818e-01
5.50000000000000e+00  2.49192736582099e-01
5.52500000000000e+00  2.79882393076508e-01
5.55000000000000e+00  3.06947819087161e-01
5.57500000000000e+00  3.30041623172009e-01
5.60000000000000e+00  3.48870785915885e-01
5.62500000000000e+00  3.63203455111615e-01
5.65000000000000e+00  3.72845108776834e-01
5.67500000000000e+00  3.77693687880516e-01
5.70000000000000e+00  3.77686569791182e-01
5.72500000000000e+00  3.72829175331917e-01
5.75000000000000e+00  3.63191778170455e-01
5.77500000000000e+00  3.48906314209266e-01
5.80000000000000e+00  3.30163190975641e-01
5.82500000000000e+00  3.07208097011790e-01
5.85000000000000e+00  2.80338811264915e-01
5.87500000000000e+00  2.49902012477312e-01
5.90000000000000e+00  2.16290088576447e-01
5.92500000000000e+00  1.79937946065051e-01
5.95000000000000e+00  1.41298821000881e-01
5.97500000000000e+00  1.00871550413717e-01
6.00000000000000e+00  5.91623734600544e-02
6.02500000000000e+00  1.66968266274073e-02
6.05000000000000e+00  -2.59938420517763e-02
6.07500000000000e+00  -6.83788218345069e-02
6.10000000000000e+00  -1.09933888101677e-01
6.12500000000000e+00  -1.50147551192453e-01
6.15000000000000e+00  -1.88527205238703e-01
6.17500000000000e+00  -2.24605276999387e-01
6.20000000000000e+00  -2.57945374694974e-01
6.22500000000000e+00  -2.88148436841853e-01
6.25000000000000e+00  -3.14874730390586e-01
6.27500000000000e+00  -3.37754357241317e-01
6.30000000000000e+00  -3.56581717686068e-01
6.32500000000000e+00  -3.71119062383312e-01
6.35000000000000e+00  -3.81199343178079e-01
6.37500000000000e+00  -3.86719374586122e-01
6.40000000000000e+00  -3.87632995278105e-01
6.42500000000000e+00  -3.83947413186690e-01
6.45000000000000e+00  -3.75721178426360e-01
6.47500000000000e+00  -3.63063972636554e-01
6.50000000000000e+00  -3.46136578082440e-01
6.52500000000000e+00  -3.25154215416944e-01
6.55000000000000e+00  -3.00390403703261e-01
6.57500000000000e+00  -2.72134807986718e-01
6.60000000000000e+00  -2.40732715694344e-01
6.62500000000000e+00  -2.06557033418225e-01
6.65000000000000e+00  -1.70011983348914e-01
6.67500000000000e+00  -1.31525421841481e-01
6.70000000000000e+00  -9.15434976379994e-02
6.72500000000000e+00  -5.05253100900146e-02
6.75000000000000e+00  -8.93756738103706e-03
6.77500000000000e+00  3.27507552509916e-02
6.80000000000000e+00  7.40737572912058e-02
6.82500000000000e+00  1.14573954725341e-01
6.85000000000000e+00  1.53807621817259e-01
6.87500000000000e+00  1.91360187626584e-01
6.90000000000000e+00  2.26805502405138e-01
6.92500000000000e+00  2.59789184052499e-01
6.95000000000000e+00  2.89962084447044e-01
6.97500000000000e+00  3.17013266547903e-01
7.00000000000000e+00  3.40670987467789e-01
7.02500000000000e+00  3.60703681545842e-01
7.05000000000000e+00  3.76920943420456e-01
7.07500000000000e+00  3.89174511102121e-01
7.10000000000000e+00  3.97359249046253e-01
7.12500000000000e+00  4.01414131226034e-01
7.15000000000000e+00  4.01323224205243e-01
7.17500000000000e+00  3.97116670211098e-01
7.20000000000000e+00  3.88861932456988e-01
7.22500000000000e+00  3.76669613140793e-01
7.25000000000000e+00  3.60689633727529e-01
7.27500000000000e+00  3.41107026171647e-01
7.30000000000000e+00  3.18141502647656e-01
7.32500000000000e+00  2.92043895342240e-01
7.35000000000000e+00  2.63092596246366e-01
7.37500000000000e+00  2.31589996947402e-01
7.40000000000000e+00  1.97858928421222e-01
7.42500000000000e+00  1.62239100824330e-01
7.45000000000000e+00  1.25083543285964e-01
7.47500000000000e+00  8.67550437002110e-02
7.50000000000000e+00  4.75527891248050e-02
7.52500000000000e+00  8.04789731101404e-03
7.55000000000000e+00  -3.15729602879263e-02
7.57500000000000e+00  -7.09250070907783e-02
7.60000000000000e+00  -1.09640127997364e-01
7.62500000000000e+00  -1.47368277452013e-01
7.65000000000000e+00  -1.83778887507041e-01
7.67500000000000e+00  -2.18562275886196e-01
7.70000000000000e+00  -2.51431054048133e-01
7.72500000000000e+00  -2.82121535249868e-01
7.75000000000000e+00  -3.10395142610239e-01
7.77500000000000e+00  -3.36039817173375e-01
7.80000000000000e+00  -3.58871425972152e-01
7.82500000000000e+00  -3.78728788807072e-01
7.85000000000000e+00  -3.95482794287040e-01
7.87500000000000e+00  -4.09029245092792e-01
7.90000000000000e+00  -4.19292750793995e-01
7.92500000000000e+00  -4.26225417075377e-01
7.95000000000000e+00  -4.29807076093700e-01
7.97500000000000e+00  -4.30045516834751e-01
8.00000000000000e+00  -4.26976715470313e-01
8.02500000000000e+00  -4.20665065715150e-01
8.05000000000000e+00  -4.11203609183989e-01
8.07500000000000e+00  -3.98714265748498e-01
8.10000000000000e+00  -3.83348063894266e-01
8.12500000000000e+00  -3.66137488167031e-01
8.15000000000000e+00  -3.44359686864400e-01
8.17500000000000e+00  -3.20883655158544e-01
8.20000000000000e+00  -2.95575085603402e-01
8.22500000000000e+00  -2.68403711952391e-01
8.25000000000000e+00  -2.39428063651368e-01
8.27500000000000e+00  -2.08780220331614e-01
8.30000000000000e+00  -1.76650566302801e-01
8.32500000000000e+00  -1.43272545045955e-01
8.35000000000000e+00  -1.08907413706444e-01
8.37500000000000e+00  -7.38289975869305e-02
8.40000000000000e+00  -3.83084446403603e-02
8.42500000000000e+00  -2.59897996292450e-03
8.45000000000000e+00  3.30577467287736e-02
8.47500000000000e+00  6.84428723911622e-02
8.50000000000000e+00  1.03402098701495e-01
8.52500000000000e+00  1.37755543336032e-01
8.55000000000000e+00  1.71374479435612e-01
8.57500000000000e+00  2.04158923854494e-01
8.60000000000000e+00  2.36015225409224e-01
8.62500000000000e+00  2.66833653127508e-01
8.65000000000000e+00  2.96465984497051e-01
8.67500000000000e+00  3.24703093714432e-01
8.70000000000000e+00  3.51252539933958e-01
8.72500000000000e+00  3.75716155516531e-01
8.75000000000000e+00  3.99558765627653e-01
8.77500000000000e+00  4.19989195335921e-01
8.80000000000000e+00  4.39324283070899e-01
8.82500000000000e+00  4.57202416566987e-01
8.85000000000000e+00  4.73375067987747e-01
8.87500000000000e+00  4.87690500152337e-01
8.90000000000000e+00  5.00077472761916e-01
8.92500000000000e+00  5.10528948626076e-01
8.95000000000000e+00  5.19085799889258e-01
8.97500000000000e+00  5.25820514257175e-01
9.00000000000000e+00  5.30820901223231e-01
9.02500000000000e+00  5.34173798294941e-01
9.05000000000000e+00  5.35948777220356e-01
9.07500000000000e+00  5.36235669556619e-01
9.10000000000000e+00  5.35100537849956e-01
9.12500000000000e+00  5.32586643621579e-01
9.15000000000000e+00  5.28751866054709e-01
9.17500000000000e+00  5.23637044160859e-01
9.20000000000000e+00  5.17279345312545e-01
9.22500000000000e+00  5.09725633775988e-01
9.25000000000000e+00  5.01045839243813e-01
9.27500000000000e+00  4.91346325367762e-01
9.30000000000000e+00  4.80783258291392e-01
9.32500000000000e+00  4.69575975182780e-01
9.35000000000000e+00  4.58020352767228e-01
9.37500000000000e+00  4.44619160514306e-01
9.40000000000000e+00  4.32846147683433e-01
9.42500000000000e+00  4.19743018572634e-01
9.45000000000000e+00  4.05808429209866e-01
9.47500000000000e+00  3.91404205055458e-01
9.50000000000000e+00  3.76776604914500e-01
9.52500000000000e+00  3.62077584849240e-01
9.55000000000000e+00  3.47386062091476e-01
9.57500000000000e+00  3.32729178954939e-01
9.60000000000000e+00  3.18103566747697e-01
9.62500000000000e+00  3.03496609684538e-01
9.65000000000000e+00  2.88907708799363e-01
9.67500000000000e+00  2.74369545857583e-01
9.70000000000000e+00  2.59882967211191e-01
9.72500000000000e+00  2.45485483098603e-01
9.75000000000000e+00  2.31234363719715e-01
9.77500000000000e+00  2.17183580550794e-01
9.80000000000000e+00  2.03396280946833e-01
9.82500000000000e+00  1.89932288044965e-01
9.85000000000000e+00  1.76835600667874e-01
9.87500000000000e+00  1.64121893227212e-01
9.90000000000000e+00  1.51766015627009e-01
9.92500000000000e+00  1.39689493167092e-01
9.95000000000000e+00  1.27748026446495e-01
9.97500000000000e+00  1.15718991266873e-01
1.00000000000000e+01  1.03288938535926e-01
