0.00000000000000e+00  1.03940183693982e-01
2.50000000000000e-02  1.15386418897412e-01
5.00000000000000e-02  1.27094642337787e-01
7.50000000000000e-02  1.39073858783336e-01
1.00000000000000e-01  1.51329616382087e-01
1.25000000000000e-01  1.63863972366157e-01
1.50000000000000e-01  1.76675458756054e-01
1.75000000000000e-01  1.89759048064971e-01
2.00000000000000e-01  2.03106119003086e-01
2.25000000000000e-01  2.16704422181859e-01
2.50000000000000e-01  2.30538045818330e-01
2.75000000000000e-01  2.44587381439416e-01
3.00000000000000e-01  2.58829089586211e-01
3.25000000000000e-01  2.73236065518283e-01
3.50000000000000e-01  2.87777404917968e-01
3.75000000000000e-01  3.02418369594674e-01
4.00000000000000e-01  3.17120353189176e-01
4.25000000000000e-01  3.31840846877911e-01
4.50000000000000e-01  3.46533405077283e-01
4.75000000000000e-01  3.61147611147951e-01
5.00000000000000e-01  3.75629043099136e-01
5.25000000000000e-01  3.89919239292914e-01
5.50000000000000e-01  4.03955664148513e-01
5.75000000000000e-01  4.17671673846617e-01
6.00000000000000e-01  4.30996482033654e-01
6.25000000000000e-01  4.43865575745624e-01
6.50000000000000e-01  4.56193167724640e-01
6.75000000000000e-01  4.67911236764111e-01
7.00000000000000e-01  4.78939535352792e-01
7.25000000000000e-01  4.89196269373818e-01
7.50000000000000e-01  4.98598623098670e-01
7.75000000000000e-01  5.07063284181135e-01
8.00000000000000e-01  5.14506968651280e-01
8.25000000000000e-01  5.20846945909415e-01
8.50000000000000e-01  5.26001563720058e-01
8.75000000000000e-01  5.29890773205905e-01
9.00000000000000e-01  5.32436653841791e-01
9.25000000000000e-01  5.33563938448663e-01
9.50000000000000e-01  5.33201592355666e-01
9.75000000000000e-01  5.31282721439854e-01
1.00000000000000e+00  5.27745607148700e-01
1.02500000000000e+00  5.22534446135438e-01
1.05000000000000e+00  5.15600208494341e-01
1.07500000000000e+00  5.06901419889894e-01
1.10000000000000e+00  4.96404943685968e-01
1.12500000000000e+00  4.84086763074990e-01
1.15000000000000e+00  4.69932763207118e-01
1.17500000000000e+00  4.53939513319410e-01
1.20000000000000e+00  4.36115048864998e-01
1.22500000000000e+00  4.16479653642258e-01
1.25000000000000e+00  3.95056857290754e-01
1.27500000000000e+00  3.71907110903236e-01
1.30000000000000e+00  3.47074920793551e-01
1.32500000000000e+00  3.20631774654657e-01
1.35000000000000e+00  2.92662993415690e-01
1.37500000000000e+00  2.63267465553181e-01
1.40000000000000e+00  2.32557381402287e-01
1.42500000000000e+00  2.00657967468017e-01
1.45000000000000e+00  1.67707220736449e-01
1.47500000000000e+00  1.33855642985965e-01
1.50000000000000e+00  9.92659750984718e-02
1.52500000000000e+00  6.41129313706231e-02
1.55000000000000e+00  2.85829338250513e-02
1.57500000000000e+00  -7.12943823427181e-03
1.60000000000000e+00  -4.28199840339774e-02
1.62500000000000e+00  -7.82764769425521e-02
1.65000000000000e+00  -1.13281551622626e-01
1.67500000000000e+00  -1.47612659101451e-01
1.70000000000000e+00  -1.81044047431117e-01
1.72500000000000e+00  -2.13348742348759e-01
1.75000000000000e+00  -2.44300527936769e-01
1.77500000000000e+00  -2.73675927283011e-01
1.80000000000000e+00  -3.01256183141024e-01
1.82500000000000e+00  -3.26829238590244e-01
1.85000000000000e+00  -3.50191717696206e-01
1.87500000000000e+00  -3.71146952088109e-01
1.90000000000000e+00  -3.89513576670974e-01
1.92500000000000e+00  -4.05127815670071e-01
1.95000000000000e+00  -4.17838289297424e-01
1.97500000000000e+00  -4.27513463543390e-01
2.00000000000000e+00  -4.34042898516891e-01
2.02500000000000e+00  -4.37338496785645e-01
2.05000000000000e+00  -4.37335751716398e-01
2.07500000000000e+00  -4.33994995815155e-01
2.10000000000000e+00  -4.27302649067414e-01
2.12500000000000e+00  -4.17272467278398e-01
2.15000000000000e+00  -4.03946790413283e-01
2.17500000000000e+00  -3.87397790937434e-01
2.20000000000000e+00  -3.67724405688395e-01
2.22500000000000e+00  -3.45055573494639e-01
2.25000000000000e+00  -3.19550249469776e-01
2.27500000000000e+00  -2.91392409744150e-01
2.30000000000000e+00  -2.60794742525430e-01
2.32500000000000e+00  -2.27996460233160e-01
2.35000000000000e+00  -1.93261111633285e-01
2.37500000000000e+00  -1.56874393972699e-01
2.40000000000000e+00  -1.19141965113778e-01
2.42500000000000e+00  -8.03872556689216e-02
2.45000000000000e+00  -4.09492811350887e-02
2.47500000000000e+00  -1.18045402833708e-03
2.50000000000000e+00  3.85655816356916e-02
2.52500000000000e+00  7.79053434862975e-02
2.55000000000000e+00  1.16480507577638e-01
2.57500000000000e+00  1.53922234832751e-01
2.60000000000000e+00  1.89867402355800e-01
2.62500000000000e+00  2.23962195158823e-01
2.65000000000000e+00  2.55865697888483e-01
2.67500000000000e+00  2.85253486552815e-01
2.70000000000000e+00  3.11821220247983e-01
2.72500000000000e+00  3.35288232885019e-01
2.75000000000000e+00  3.55401124916583e-01
2.77500000000000e+00  3.71937355063704e-01
2.80000000000000e+00  3.84708832042537e-01
2.82500000000000e+00  3.93561983914475e-01
2.85000000000000e+00  3.98382683049833e-01
2.87500000000000e+00  3.99099790256880e-01
2.90000000000000e+00  3.95679100066963e-01
2.92500000000000e+00  3.88132439505043e-01
2.95000000000000e+00  3.76516736327630e-01
2.97500000000000e+00  3.60933087260715e-01
3.00000000000000e+00  3.41525826237704e-01
3.02500000000000e+00  3.18481592637352e-01
3.05000000000000e+00  2.92028399521695e-01
3.07500000000000e+00  2.62434701873983e-01
3.10000000000000e+00  2.30008464836619e-01
3.12500000000000e+00  1.95092144401661e-01
3.15000000000000e+00  1.58053763931408e-01
3.17500000000000e+00  1.19296455181158e-01
3.20000000000000e+00  7.92425080449480e-02
3.22500000000000e+00  3.83340581339356e-02
3.25000000000000e+00  -2.97233537838457e-03
3.27500000000000e+00  -4.42111119109487e-02
3.30000000000000e+00  -8.49131316298982e-02
3.32500000000000e+00  -1.24611097603357e-01
3.35000000000000e+00  -1.62844977956206e-01
3.37500000000000e+00  -1.99167428024853e-01
3.40000000000000e+00  -2.33149212512010e-01
3.42500000000000e+00  -2.64384627641465e-01
3.45000000000000e+00  -2.92496789480293e-01
3.47500000000000e+00  -3.17142416222977e-01
3.50000000000000e+00  -3.38019442474627e-01
3.52500000000000e+00  -3.54861417024927e-01
3.55000000000000e+00  -3.67451361938834e-01
3.57500000000000e+00  -3.75622923322977e-01
3.60000000000000e+00  -3.79261522092065e-01
3.62500000000000e+00  -3.78305504735293e-01
3.65000000000000e+00  -3.72747294082743e-01
3.67500000000000e+00  -3.62634540071795e-01
3.70000000000000e+00  -3.48071270513528e-01
3.72500000000000e+00  -3.29219041859126e-01
3.75000000000000e+00  -3.06289628398590e-01
3.77500000000000e+00  -2.79552100356307e-01
3.80000000000000e+00  -2.49320353632129e-01
3.82500000000000e+00  -2.15950863356081e-01
3.85000000000000e+00  -1.79843869725212e-01
3.87500000000000e+00  -1.41437213084661e-01
3.90000000000000e+00  -1.01200169008726e-01
3.92500000000000e+00  -5.96272833819233e-02
3.95000000000000e+00  -1.72322074800513e-02
3.97500000000000e+00  2.54584669487462e-02
4.00000000000000e+00  6.79113726029117e-02
4.02500000000000e+00  1.09592531546415e-01
4.05000000000000e+00  1.49973520127682e-01
4.07500000000000e+00  1.88542121426752e-01
4.10000000000000e+00  2.24805141776494e-01
4.12500000000000e+00  2.58299556016381e-01
4.15000000000000e+00  2.88588398783960e-01
4.17500000000000e+00  3.15277093981289e-01
4.20000000000000e+00  3.38016790659419e-01
4.22500000000000e+00  3.56507698902843e-01
4.25000000000000e+00  3.70502425713969e-01
4.27500000000000e+00  3.79809310897582e-01
4.30000000000000e+00  3.84295762945306e-01
4.32500000000000e+00  3.83891594920071e-01
4.35000000000000e+00  3.78592360340575e-01
4.37500000000000e+00  3.68456542069660e-01
4.40000000000000e+00  3.53598777093123e-01
4.42500000000000e+00  3.34204702732488e-01
4.45000000000000e+00  3.10510481785421e-01
4.47500000000000e+00  2.82812738220575e-01
4.50000000000000e+00  2.51462644395908e-01
4.52500000000000e+00  2.16860008276989e-01
4.55000000000000e+00  1.79447360655324e-01
4.57500000000000e+00  1.39704042366660e-01
4.60000000000000e+00  9.81402915093042e-02
4.62500000000000e+00  5.52913306624408e-02
4.65000000000000e+00  1.17114541044362e-02
4.67500000000000e+00  -3.20318849688331e-02
4.70000000000000e+00  -7.53728076444530e-02
4.72500000000000e+00  -1.17747576512584e-01
4.75000000000000e+00  -1.58607041891111e-01
4.77500000000000e+00  -1.97415007252991e-01
4.80000000000000e+00  -2.33664771887117e-01
4.82500000000000e+00  -2.66884122354358e-01
4.85000000000000e+00  -2.96640323943604e-01
4.87500000000000e+00  -3.22545112127799e-01
4.90000000000000e+00  -3.44259684019991e-01
4.92500000000000e+00  -3.61499689829359e-01
4.95000000000000e+00  -3.74040224317263e-01
4.97500000000000e+00  -3.81720818253281e-01
5.00000000000000e+00  -3.84445854162865e-01
5.02500000000000e+00  -3.82171033871029e-01
5.05000000000000e+00  -3.74941056748242e-01
5.07500000000000e+00  -3.62847673822973e-01
5.10000000000000e+00  -3.46051652808718e-01
5.12500000000000e+00  -3.24777847209967e-01
5.15000000000000e+00  -2.99310265428161e-01
5.17500000000000e+00  -2.69987139867658e-01
5.20000000000000e+00  -2.37195996041701e-01
5.22500000000000e+00  -2.01368721678367e-01
5.25000000000000e+00  -1.62976635826543e-01
5.27500000000000e+00  -1.22525557961879e-01
5.30000000000000e+00  -8.05508770927554e-02
5.32500000000000e+00  -3.76010261960725e-02
5.35000000000000e+00  5.76086293838705e-03
5.37500000000000e+00  4.89692121153272e-02
5.40000000000000e+00  9.14570259617773e-02
5.42500000000000e+00  1.32670197877779e-01
5.45000000000000e+00  1.72073549404666e-01
5.47500000000000e+00  2.09156869593347e-01
5.50000000000000e+00  2.43440954372568e-01
5.52500000000000e+00  2.74483645917202e-01
5.55000000000000e+00  3.01885872016515e-01
5.57500000000000e+00  3.25297685442449e-01
5.60000000000000e+00  3.44424303317897e-01
5.62500000000000e+00  3.59027986703283e-01
5.65000000000000e+00  3.68918874589125e-01
5.67500000000000e+00  3.73988459878056e-01
5.70000000000000e+00  3.74174019658005e-01
5.72500000000000e+00  3.69481309331584e-01
5.75000000000000e+00  3.59981321623171e-01
5.77500000000000e+00  3.45807045585975e-01
5.80000000000000e+00  3.27150225609118e-01
5.82500000000000e+00  3.04258120424713e-01
5.85000000000000e+00  2.77430262114930e-01
5.87500000000000e+00  2.47015215119081e-01
5.90000000000000e+00  2.13407335240689e-01
5.92500000000000e+00  1.77043528654567e-01
5.95000000000000e+00  1.38386621149453e-01
5.97500000000000e+00  9.79297550478169e-02
6.00000000000000e+00  5.61852054942739e-02
6.02500000000000e+00  1.36814482506001e-02
6.05000000000000e+00  -2.90474574079588e-02
6.07500000000000e+00  -7.14680824788178e-02
6.10000000000000e+00  -1.13053842018211e-01
6.12500000000000e+00  -1.53291208927320e-01
6.15000000000000e+00  -1.91685927738435e-01
6.17500000000000e+00  -2.27769228401083e-01
6.20000000000000e+00  -2.61104040068179e-01
6.22500000000000e+00  -2.91291204882175e-01
6.25000000000000e+00  -3.17980910721590e-01
6.27500000000000e+00  -3.40833812108375e-01
6.30000000000000e+00  -3.59607632769687e-01
6.32500000000000e+00  -3.74082325902535e-01
6.35000000000000e+00  -3.84096595176144e-01
6.37500000000000e+00  -3.89546733827089e-01
6.40000000000000e+00  -3.90385463754427e-01
6.42500000000000e+00  -3.86620774614835e-01
6.45000000000000e+00  -3.78314762917746e-01
6.47500000000000e+00  -3.65582471120478e-01
6.50000000000000e+00  -3.48590726723375e-01
6.52500000000000e+00  -3.27556981364939e-01
6.55000000000000e+00  -3.02748149916964e-01
6.57500000000000e+00  -2.74466843895163e-01
6.60000000000000e+00  -2.43056846745533e-01
6.62500000000000e+00  -2.08895542687164e-01
6.65000000000000e+00  -1.72389201309505e-01
6.67500000000000e+00  -1.33967601502895e-01
6.70000000000000e+00  -9.40786131470135e-02
6.72500000000000e+00  -5.31827787993157e-02
6.75000000000000e+00  -1.17478953834954e-02
6.77500000000000e+00  2.97564041220828e-02
6.80000000000000e+00  7.08640689959232e-02
6.82500000000000e+00  1.11118049084958e-01
6.85000000000000e+00  1.50075713116100e-01
6.87500000000000e+00  1.87316276763942e-01
6.90000000000000e+00  2.22430571590652e-01
6.92500000000000e+00  2.55056780423973e-01
6.95000000000000e+00  2.84848604095451e-01
6.97500000000000e+00  3.11498183708129e-01
7.00000000000000e+00  3.34737056370920e-01
7.02500000000000e+00  3.54337110933009e-01
7.05000000000000e+00  3.70111543718226e-01
7.07500000000000e+00  3.81915814259443e-01
7.10000000000000e+00  3.89648601032955e-01
7.12500000000000e+00  3.93252757192869e-01
7.15000000000000e+00  3.92716266305491e-01
7.17500000000000e+00  3.88073198083710e-01
7.20000000000000e+00  3.79394593694843e-01
7.22500000000000e+00  3.66794521580768e-01
7.25000000000000e+00  3.50426537806402e-01
7.27500000000000e+00  3.30478760655745e-01
7.30000000000000e+00  3.07173779175193e-01
7.32500000000000e+00  2.80765045981984e-01
7.35000000000000e+00  2.51533270072624e-01
7.37500000000000e+00  2.19782809631337e-01
7.40000000000000e+00  1.85838064838488e-01
7.42500000000000e+00  1.50039870679032e-01
7.45000000000000e+00  1.12741889750944e-01
7.47500000000000e+00  7.43070050736550e-02
7.50000000000000e+00  3.50950651818488e-02
7.52500000000000e+00  -4.50690065527485e-03
7.55000000000000e+00  -4.41442508233742e-02
7.57500000000000e+00  -8.34535410703901e-02
7.60000000000000e+00  -1.22082479615584e-01
7.62500000000000e+00  -1.59692124913606e-01
7.65000000000000e+00  -1.95959083418590e-01
7.67500000000000e+00  -2.30577707348222e-01
7.70000000000000e+00  -2.63262292447832e-01
7.72500000000000e+00  -2.93749275754466e-01
7.75000000000000e+00  -3.21799433360972e-01
7.77500000000000e+00  -3.47200078180079e-01
7.80000000000000e+00  -3.69767257708478e-01
7.82500000000000e+00  -3.89341995289409e-01
7.85000000000000e+00  -4.05795390422787e-01
7.87500000000000e+00  -4.19028515289915e-01
7.90000000000000e+00  -4.28969205864123e-01
7.92500000000000e+00  -4.35575141152308e-01
7.95000000000000e+00  -4.38832586569554e-01
7.97500000000000e+00  -4.38755137313762e-01
8.00000000000000e+00  -4.35382461740269e-01
8.02500000000000e+00  -4.28779044736477e-01
8.05000000000000e+00  -4.19032931096478e-01
8.07500000000000e+00  -4.06254468895675e-01
8.10000000000000e+00  -3.90575052865412e-01
8.12500000000000e+00  -3.72150560139638e-01
8.15000000000000e+00  -3.51131861773551e-01
8.17500000000000e+00  -3.27712972390796e-01
8.20000000000000e+00  -3.02086437026314e-01
8.22500000000000e+00  -2.74455493901987e-01
8.25000000000000e+00  -2.45032088181065e-01
8.27500000000000e+00  -2.14034885722615e-01
8.30000000000000e+00  -1.81687286835953e-01
8.32500000000000e+00  -1.48215440035076e-01
8.35000000000000e+00  -1.13846255793111e-01
8.37500000000000e+00  -7.88054202967313e-02
8.40000000000000e+00  -4.33154092006153e-02
8.42500000000000e+00  -7.59350138187050e-03
8.45000000000000e+00  2.81481539797798e-02
8.47500000000000e+00  6.37054463306766e-02
8.50000000000000e+00  9.88838924210966e-02
8.52500000000000e+00  1.33497167029016e-01
8.55000000000000e+00  1.67370655439811e-01
8.57500000000000e+00  2.00341715852887e-01
8.60000000000000e+00  2.32259941788315e-01
8.62500000000000e+00  2.62987424493488e-01
8.65000000000000e+00  2.92399015349736e-01
8.67500000000000e+00  3.20382588278980e-01
8.70000000000000e+00  3.46839302150363e-01
8.72500000000000e+00  3.71683863186899e-01
8.75000000000000e+00  3.94854606860317e-01
8.77500000000000e+00  4.16278137924680e-01
8.80000000000000e+00  4.35923137550050e-01
8.82500000000000e+00  4.53756371364724e-01
8.85000000000000e+00  4.69757629960022e-01
8.87500000000000e+00  4.83918947144336e-01
8.90000000000000e+00  4.96243818197178e-01
8.92500000000000e+00  5.06746418123231e-01
8.95000000000000e+00  5.15450819906404e-01
8.97500000000000e+00  5.22390212763879e-01
9.00000000000000e+00  5.27606120400162e-01
9.02500000000000e+00  5.31147619261135e-01
9.05000000000000e+00  5.33070556788106e-01
9.07500000000000e+00  5.33436691558270e-01
9.10000000000000e+00  5.32312955586333e-01
9.12500000000000e+00  5.29770418907537e-01
9.15000000000000e+00  5.25884380765705e-01
9.17500000000000e+00  5.20732791208843e-01
9.20000000000000e+00  5.14395725966115e-01
9.22500000000000e+00  5.06954861324822e-01
9.25000000000000e+00  4.98492949007371e-01
9.27500000000000e+00  4.89093291048258e-01
9.30000000000000e+00  4.78839214671037e-01
9.32500000000000e+00  4.67813547165298e-01
9.35000000000000e+00  4.56098090763640e-01
9.37500000000000e+00  4.43762665099721e-01
9.40000000000000e+00  4.30906638813750e-01
9.42500000000000e+00  4.17584461611951e-01
9.45000000000000e+00  4.03871100407569e-01
9.47500000000000e+00  3.89837344187077e-01
9.50000000000000e+00  3.75549838382791e-01
9.52500000000000e+00  3.61071119245501e-01
9.55000000000000e+00  3.46459648217082e-01
9.57500000000000e+00  3.31769846303122e-01
9.60000000000000e+00  3.17052128445536e-01
9.62500000000000e+00  3.02352937895195e-01
9.65000000000000e+00  2.87714780584537e-01
9.67500000000000e+00  2.73176259500195e-01
9.70000000000000e+00  2.58772109055618e-01
9.72500000000000e+00  2.44533229463687e-01
9.75000000000000e+00  2.30486721109339e-01
9.77500000000000e+00  2.16655918922186e-01
9.80000000000000e+00  2.03060426749137e-01
9.82500000000000e+00  1.89716151727019e-01
9.85000000000000e+00  1.76635338655199e-01
9.87500000000000e+00  1.63826604368202e-01
9.90000000000000e+00  1.51294972108330e-01
9.92500000000000e+00  1.39041905898288e-01
9.95000000000000e+00  1.27065344913804e-01
9.97500000000000e+00  1.15359737856245e-01
1.00000000000000e+01  1.03916077325249e-01
