0.00000000000000e+00  1.02216056366351e-01
2.50000000000000e-02  1.15781073612378e-01
5.00000000000000e-02  1.28114635380745e-01
7.50000000000000e-02  1.39908303547089e-01
1.00000000000000e-01  1.51654782982157e-01
1.25000000000000e-01  1.63675837755984e-01
1.50000000000000e-01  1.76150207342084e-01
1.75000000000000e-01  1.89141522821633e-01
2.00000000000000e-01  2.02626223087669e-01
2.25000000000000e-01  2.16521471049263e-01
2.50000000000000e-01  2.30713069835723e-01
2.75000000000000e-01  2.45083379000772e-01
3.00000000000000e-01  2.59539230726738e-01
3.25000000000000e-01  2.73987636056325e-01
3.50000000000000e-01  2.88384520084596e-01
3.75000000000000e-01  3.02771783383215e-01
4.00000000000000e-01  3.17128782844749e-01
4.25000000000000e-01  3.31513630329754e-01
4.50000000000000e-01  3.46015670537418e-01
4.75000000000000e-01  3.60707958876192e-01
5.00000000000000e-01  3.75599739334436e-01
5.25000000000000e-01  3.90588922351057e-01
5.50000000000000e-01  4.05414562686147e-01
5.75000000000000e-01  4.19609337291624e-01
6.00000000000000e-01  4.32452023181871e-01
6.25000000000000e-01  4.47179975165040e-01
6.50000000000000e-01  4.57721070075215e-01
6.75000000000000e-01  4.69185332939219e-01
7.00000000000000e-01  4.80791375013084e-01
7.25000000000000e-01  4.91967562890475e-01
7.50000000000000e-01  5.02320431646536e-01
7.75000000000000e-01  5.11603097981722e-01
8.00000000000000e-01  5.19683673365636e-01
8.25000000000000e-01  5.26513677180870e-01
8.50000000000000e-01  5.32096449866836e-01
8.75000000000000e-01  5.36455566063613e-01
9.00000000000000e-01  5.39603247755774e-01
9.25000000000000e-01  5.41508777416230e-01
9.50000000000000e-01  5.42167248189417e-01
9.75000000000000e-01  5.41516702487636e-01
1.00000000000000e+00  5.39432971356229e-01
1.02500000000000e+00  5.35830102971707e-01
1.05000000000000e+00  5.30574056262253e-01
1.07500000000000e+00  5.23518873095416e-01
1.10000000000000e+00  5.14542850465820e-01
1.12500000000000e+00  5.03584712682860e-01
1.15000000000000e+00  4.90679783558401e-01
1.17500000000000e+00  4.75996158594489e-01
1.20000000000000e+00  4.59870877171038e-01
1.22500000000000e+00  4.42846094733546e-01
1.25000000000000e+00  4.21249436937518e-01
1.27500000000000e+00  4.03063941754210e-01
1.30000000000000e+00  3.81248343876356e-01
1.32500000000000e+00  3.56869950126015e-01
1.35000000000000e+00  3.30695362762873e-01
1.37500000000000e+00  3.03240820261009e-01
1.40000000000000e+00  2.74822538085675e-01
1.42500000000000e+00  2.45607049470070e-01
1.45000000000000e+00  2.15661546192109e-01
1.47500000000000e+00  1.85004219351205e-01
1.50000000000000e+00  1.53654600145035e-01
1.52500000000000e+00  1.21683900646321e-01
1.55000000000000e+00  8.92653545796004e-02
1.57500000000000e+00  5.65027973617155e-02
1.60000000000000e+00  2.36087080272377e-02
1.62500000000000e+00  -9.14169819741426e-03
1.65000000000000e+00  -4.14730309339248e-02
1.67500000000000e+00  -7.30728561522426e-02
1.70000000000000e+00  -1.03623425082735e-01
1.72500000000000e+00  -1.32833403128325e-01
1.75000000000000e+00  -1.60469598776650e-01
1.77500000000000e+00  -1.86388692512203e-01
1.80000000000000e+00  -2.10568965728477e-01
1.82500000000000e+00  -2.33142029640122e-01
1.85000000000000e+00  -2.54424554195082e-01
1.87500000000000e+00  -2.73105507800318e-01
1.90000000000000e+00  -2.88675798684677e-01
1.92500000000000e+00  -3.01760808290112e-01
1.95000000000000e+00  -3.12145526096028e-01
1.97500000000000e+00  -3.19657923808589e-01
2.00000000000000e+00  -3.24166403320992e-01
2.02500000000000e+00  -3.25577244673740e-01
2.05000000000000e+00  -3.23832054014914e-01
2.07500000000000e+00  -3.18905211560447e-01
2.10000000000000e+00  -3.10801319554393e-01
2.12500000000000e+00  -2.99552650229208e-01
2.15000000000000e+00  -2.85216593766014e-01
2.17500000000000e+00  -2.67873106254876e-01
2.20000000000000e+00  -2.47633713610294e-01
2.22500000000000e+00  -2.24631744961295e-01
2.25000000000000e+00  -1.99025328367241e-01
2.27500000000000e+00  -1.70997099237430e-01
2.30000000000000e+00  -1.40754944720355e-01
2.32500000000000e+00  -1.08532025373076e-01
2.35000000000000e+00  -7.45867968306067e-02
2.37500000000000e+00  -3.92030314752961e-02
2.40000000000000e+00  -2.68984010621115e-03
2.42500000000000e+00  3.46183063914803e-02
2.45000000000000e+00  7.23615553771287e-02
2.47500000000000e+00  1.10154650785221e-01
2.50000000000000e+00  1.47742061864192e-01
2.52500000000000e+00  1.84732459980461e-01
2.55000000000000e+00  2.20752489040353e-01
2.57500000000000e+00  2.55440108705934e-01
2.60000000000000e+00  2.88439395662379e-01
2.62500000000000e+00  3.19404104986700e-01
2.65000000000000e+00  3.48001231516494e-01
2.67500000000000e+00  3.73914571218667e-01
2.70000000000000e+00  3.96848282558187e-01
2.72500000000000e+00  4.16530447866804e-01
2.75000000000000e+00  4.32716634711797e-01
2.77500000000000e+00  4.45193457264707e-01
2.80000000000000e+00  4.53782137670075e-01
2.82500000000000e+00  4.58337908269252e-01
2.85000000000000e+00  4.58755261749338e-01
2.87500000000000e+00  4.54972854164309e-01
2.90000000000000e+00  4.46963972705977e-01
2.92500000000000e+00  4.34749207949900e-01
2.95000000000000e+00  4.18395096954349e-01
2.97500000000000e+00  3.98012766359290e-01
3.00000000000000e+00  3.73756575485354e-01
3.02500000000000e+00  3.45822759432815e-01
3.05000000000000e+00  3.14448072180561e-01
3.07500000000000e+00  2.79908429685073e-01
3.10000000000000e+00  2.42517552979398e-01
3.12500000000000e+00  2.02650965979808e-01
3.15000000000000e+00  1.60632421122910e-01
3.17500000000000e+00  1.16923448239601e-01
3.20000000000000e+00  7.19499361025721e-02
3.22500000000000e+00  2.61597604068563e-02
3.25000000000000e+00  -1.99829729391427e-02
3.27500000000000e+00  -6.60036845226134e-02
3.30000000000000e+00  -1.11423078135304e-01
3.32500000000000e+00  -1.55762897482496e-01
3.35000000000000e+00  -1.98551682891967e-01
3.37500000000000e+00  -2.39330528022960e-01
3.40000000000000e+00  -2.77658836575151e-01
3.42500000000000e+00  -3.13120078997611e-01
3.45000000000000e+00  -3.45325789339501e-01
3.47500000000000e+00  -3.73921758434080e-01
3.50000000000000e+00  -3.98595278220837e-01
3.52500000000000e+00  -4.19069218361912e-01
3.55000000000000e+00  -4.35116004774781e-01
3.57500000000000e+00  -4.46558618362929e-01
3.60000000000000e+00  -4.53271593746536e-01
3.62500000000000e+00  -4.55182017993154e-01
3.65000000000000e+00  -4.52270529348388e-01
3.67500000000000e+00  -4.44572315966576e-01
3.70000000000000e+00  -4.32178114641472e-01
3.72500000000000e+00  -4.15235209536919e-01
3.75000000000000e+00  -3.93954163952656e-01
3.77500000000000e+00  -3.68589304292040e-01
3.80000000000000e+00  -3.39443718744236e-01
3.82500000000000e+00  -3.06863529306856e-01
3.85000000000000e+00  -2.71238912959382e-01
3.87500000000000e+00  -2.32998068337098e-01
3.90000000000000e+00  -1.92601182405007e-01
3.92500000000000e+00  -1.50534397131758e-01
3.95000000000000e+00  -1.07303776163562e-01
3.97500000000000e+00  -6.34292714981189e-02
4.00000000000000e+00  -1.94386901585377e-02
4.02500000000000e+00  2.41383391327403e-02
4.05000000000000e+00  6.67763992800160e-02
4.07500000000000e+00  1.07963741055436e-01
4.10000000000000e+00  1.47209552832680e-01
4.12500000000000e+00  1.84046592984777e-01
4.15000000000000e+00  2.18034364589623e-01
4.17500000000000e+00  2.48772439423703e-01
4.20000000000000e+00  2.75903724794084e-01
4.22500000000000e+00  2.99117730370392e-01
4.25000000000000e+00  3.18153835016801e-01
4.27500000000000e+00  3.32804553624025e-01
4.30000000000000e+00  3.42918803941297e-01
4.32500000000000e+00  3.48405173408359e-01
4.35000000000000e+00  3.49235185987444e-01
4.37500000000000e+00  3.45443541424928e-01
4.40000000000000e+00  3.37110929615526e-01
4.42500000000000e+00  3.24397948001555e-01
4.45000000000000e+00  3.07507166226146e-01
4.47500000000000e+00  2.86699918846342e-01
4.50000000000000e+00  2.62290649551679e-01
4.52500000000000e+00  2.34641255382759e-01
4.55000000000000e+00  2.04155430949833e-01
4.57500000000000e+00  1.71273012651379e-01
4.60000000000000e+00  1.36464322892676e-01
4.62500000000000e+00  1.00224514304392e-01
4.65000000000000e+00  6.30679139611474e-02
4.67500000000000e+00  2.55223676001102e-02
4.70000000000000e+00  -1.18849935528202e-02
4.72500000000000e+00  -4.86279921034009e-02
4.75000000000000e+00  -8.41937015901293e-02
4.77500000000000e+00  -1.18080772515316e-01
4.80000000000000e+00  -1.49815040747035e-01
4.82500000000000e+00  -1.78954264413392e-01
4.85000000000000e+00  -2.05092860796791e-01
4.87500000000000e+00  -2.27866643228195e-01
4.90000000000000e+00  -2.46957557981397e-01
4.92500000000000e+00  -2.62098421167280e-01
4.95000000000000e+00  -2.73077655628083e-01
4.97500000000000e+00  -2.79744027831669e-01
5.00000000000000e+00  -2.82010980307353e-01
5.02500000000000e+00  -2.79828496682078e-01
5.05000000000000e+00  -2.73245771341802e-01
5.07500000000000e+00  -2.62348159597887e-01
5.10000000000000e+00  -2.47286100827518e-01
5.12500000000000e+00  -2.28270396828209e-01
5.15000000000000e+00  -2.05567490172307e-01
5.17500000000000e+00  -1.79494742561494e-01
5.20000000000000e+00  -1.50415713181302e-01
5.22500000000000e+00  -1.18735437055602e-01
5.25000000000000e+00  -8.48957034011277e-02
5.27500000000000e+00  -4.93703339819646e-02
5.30000000000000e+00  -1.26604614640656e-02
5.32500000000000e+00  2.47210953417009e-02
5.35000000000000e+00  6.22481396455083e-02
5.37500000000000e+00  9.93933736535929e-02
5.40000000000000e+00  1.35628701240822e-01
5.42500000000000e+00  1.70439411725648e-01
5.45000000000000e+00  2.03329858740260e-01
5.47500000000000e+00  2.33829139100726e-01
5.50000000000000e+00  2.61496771677134e-01
5.52500000000000e+00  2.85928376263748e-01
5.55000000000000e+00  3.06761352449136e-01
5.57500000000000e+00  3.23680558486333e-01
5.60000000000000e+00  3.36423990162971e-01
5.62500000000000e+00  3.44790552455507e-01
5.65000000000000e+00  3.48611043483669e-01
5.67500000000000e+00  3.47811906450804e-01
5.70000000000000e+00  3.42354793807676e-01
5.72500000000000e+00  3.32267563656687e-01
5.75000000000000e+00  3.17641028355244e-01
5.77500000000000e+00  2.98625703119114e-01
5.80000000000000e+00  2.75428554625781e-01
5.82500000000000e+00  2.48309749617814e-01
5.85000000000000e+00  2.17579403506218e-01
5.87500000000000e+00  1.83594328973802e-01
5.90000000000000e+00  1.46754784578527e-01
5.92500000000000e+00  1.07501223356878e-01
5.95000000000000e+00  6.63009186741806e-02
5.97500000000000e+00  2.36448310275351e-02
6.00000000000000e+00  -1.99550285919106e-02
6.02500000000000e+00  -6.39728997627329e-02
6.05000000000000e+00  -1.07878721513386e-01
6.07500000000000e+00  -1.51144181601343e-01
6.10000000000000e+00  -1.93248765792272e-01
6.12500000000000e+00  -2.33685807139174e-01
6.15000000000000e+00  -2.71968535261560e-01
6.17500000000000e+00  -3.07636125624595e-01
6.20000000000000e+00  -3.40259748818260e-01
6.22500000000000e+00  -3.69448619836512e-01
6.25000000000000e+00  -3.94849973555808e-01
6.27500000000000e+00  -4.16177306546963e-01
6.30000000000000e+00  -4.33158500862018e-01
6.32500000000000e+00  -4.45588117842095e-01
6.35000000000000e+00  -4.53318326849914e-01
6.37500000000000e+00  -4.56257909134686e-01
6.40000000000000e+00  -4.54371261697020e-01
6.42500000000000e+00  -4.47677401153819e-01
6.45000000000000e+00  -4.36248967603182e-01
6.47500000000000e+00  -4.20211228489306e-01
6.50000000000000e+00  -3.99741082467384e-01
6.52500000000000e+00  -3.75066063268507e-01
6.55000000000000e+00  -3.46463343564563e-01
6.57500000000000e+00  -3.14245745253765e-01
6.60000000000000e+00  -2.78767659777550e-01
6.62500000000000e+00  -2.40417806943054e-01
6.65000000000000e+00  -1.99613032382976e-01
6.67500000000000e+00  -1.56794302710266e-01
6.70000000000000e+00  -1.12420939740634e-01
6.72500000000000e+00  -6.69648547150288e-02
6.75000000000000e+00  -2.09047825221579e-02
6.77500000000000e+00  2.52794840790328e-02
6.80000000000000e+00  7.11128602368449e-02
6.82500000000000e+00  1.16130734784336e-01
6.85000000000000e+00  1.59884736016823e-01
6.87500000000000e+00  2.01923112586074e-01
6.90000000000000e+00  2.41859928839697e-01
6.92500000000000e+00  2.79294916523688e-01
6.95000000000000e+00  3.13877492630084e-01
6.97500000000000e+00  3.45293566807228e-01
7.00000000000000e+00  3.73266898690009e-01
7.02500000000000e+00  3.97560455230122e-01
7.05000000000000e+00  4.17977768026302e-01
7.07500000000000e+00  4.34364290654579e-01
7.10000000000000e+00  4.46608755998525e-01
7.12500000000000e+00  4.54644533579496e-01
7.15000000000000e+00  4.58450986886884e-01
7.17500000000000e+00  4.58054830708363e-01
7.20000000000000e+00  4.53517452815779e-01
7.22500000000000e+00  4.44944442747699e-01
7.25000000000000e+00  4.32480683327031e-01
7.27500000000000e+00  4.16305104440953e-01
7.30000000000000e+00  3.96631265870418e-01
7.32500000000000e+00  3.73703791403723e-01
7.35000000000000e+00  3.47794802950082e-01
7.37500000000000e+00  3.19200354653203e-01
7.40000000000000e+00  2.88236867004858e-01
7.42500000000000e+00  2.55237560958456e-01
7.45000000000000e+00  2.20548892042621e-01
7.47500000000000e+00  1.84526984474758e-01
7.50000000000000e+00  1.47378978299560e-01
7.52500000000000e+00  1.09943707421514e-01
7.55000000000000e+00  7.21473516944948e-02
7.57500000000000e+00  3.44007175629532e-02
7.60000000000000e+00  -2.91083141652259e-03
7.62500000000000e+00  -3.94273527586886e-02
7.65000000000000e+00  -7.48143032331476e-02
7.67500000000000e+00  -1.08762517047827e-01
7.70000000000000e+00  -1.40988184032479e-01
7.72500000000000e+00  -1.71232827822170e-01
7.75000000000000e+00  -1.99263284040759e-01
7.77500000000000e+00  -2.24871678484407e-01
7.80000000000000e+00  -2.47875405305052e-01
7.82500000000000e+00  -2.68116367208497e-01
7.85000000000000e+00  -2.85461284937817e-01
7.87500000000000e+00  -2.99798679031457e-01
7.90000000000000e+00  -3.11048645742610e-01
7.92500000000000e+00  -3.19153847470334e-01
7.95000000000000e+00  -3.24082061615549e-01
7.97500000000000e+00  -3.25828729437038e-01
8.00000000000000e+00  -3.24419504907437e-01
8.02500000000000e+00  -3.19912803569230e-01
8.05000000000000e+00  -3.12402351390747e-01
8.07500000000000e+00  -3.02019733622161e-01
8.10000000000000e+00  -2.88936943651478e-01
8.12500000000000e+00  -2.75213109591030e-01
8.15000000000000e+00  -2.54690520392661e-01
8.17500000000000e+00  -2.33410571496698e-01
8.20000000000000e+00  -2.10839866242476e-01
8.22500000000000e+00  -1.86661744698777e-01
8.25000000000000e+00  -1.60744561954469e-01
8.27500000000000e+00  -1.33109966409163e-01
8.30000000000000e+00  -1.03901178063856e-01
8.32500000000000e+00  -7.33512668115736e-02
8.35000000000000e+00  -4.17514307280274e-02
8.37500000000000e+00  -9.41927436224593e-03
8.40000000000000e+00  2.33329129727601e-02
8.42500000000000e+00  5.62298789093617e-02
8.45000000000000e+00  8.89965368701530e-02
8.47500000000000e+00  1.21420519726946e-01
8.50000000000000e+00  1.53398072630207e-01
8.52500000000000e+00  1.84756048189298e-01
8.55000000000000e+00  2.15423286984887e-01
8.57500000000000e+00  2.45380286321022e-01
8.60000000000000e+00  2.74608868977226e-01
8.62500000000000e+00  3.03041851960588e-01
8.65000000000000e+00  3.30512715257839e-01
8.67500000000000e+00  3.56705270587446e-01
8.70000000000000e+00  3.81103330151699e-01
8.72500000000000e+00  4.02940375388798e-01
8.75000000000000e+00  4.25604458033410e-01
8.77500000000000e+00  4.42769605293549e-01
8.80000000000000e+00  4.59819930822328e-01
8.82500000000000e+00  4.75971905032256e-01
8.85000000000000e+00  4.90683258162869e-01
8.87500000000000e+00  5.03616812472558e-01
8.90000000000000e+00  5.14604314430381e-01
8.92500000000000e+00  5.23610266907894e-01
8.95000000000000e+00  5.30695761370973e-01
8.97500000000000e+00  5.35982310071630e-01
9.00000000000000e+00  5.39615678239843e-01
9.02500000000000e+00  5.41729716275374e-01
9.05000000000000e+00  5.42410191939594e-01
9.07500000000000e+00  5.41781083336504e-01
9.10000000000000e+00  5.39904167080708e-01
9.12500000000000e+00  5.36784177773410e-01
9.15000000000000e+00  5.32451663934699e-01
9.17500000000000e+00  5.26894245004298e-01
9.20000000000000e+00  5.20088198891237e-01
9.22500000000000e+00  5.12030049523503e-01
9.25000000000000e+00  5.02768154397700e-01
9.27500000000000e+00  4.92434292128717e-01
9.30000000000000e+00  4.81275249999378e-01
9.32500000000000e+00  4.69684411510108e-01
9.35000000000000e+00  4.58233343928589e-01
9.37500000000000e+00  4.43443881756986e-01
9.40000000000000e+00  4.32984493803183e-01
9.42500000000000e+00  4.20148660323560e-01
9.45000000000000e+00  4.05958836652863e-01
9.47500000000000e+00  3.91136128858328e-01
9.50000000000000e+00  3.76147805378799e-01
9.52500000000000e+00  3.61254808663847e-01
9.55000000000000e+00  3.46559266812892e-01
9.57500000000000e+00  3.32052005214316e-01
9.60000000000000e+00  3.17660058184590e-01
9.62500000000000e+00  3.03294180607388e-01
9.65000000000000e+00  2.88896359572704e-01
9.67500000000000e+00  2.74487326015980e-01
9.70000000000000e+00  2.60025281223202e-01
9.72500000000000e+00  2.45554386460929e-01
9.75000000000000e+00  2.31167705726841e-01
9.77500000000000e+00  2.16958483981685e-01
9.80000000000000e+00  2.03044429930067e-01
9.82500000000000e+00  1.89539805494811e-01
9.85000000000000e+00  1.76527515291321e-01
9.87500000000000e+00  1.64031196101942e-01
9.90000000000000e+00  1.51987306350314e-01
9.92500000000000e+00  1.40217215575740e-01
9.95000000000000e+00  1.28399293907544e-01
9.97500000000000e+00  1.16041001539429e-01
1.00000000000000e+01  1.02450978203846e-01
