0.00000000000000e+00  1.03577917278253e-01
2.50000000000000e-02  1.14981725944120e-01
5.00000000000000e-02  1.26656131456813e-01
7.50000000000000e-02  1.38606578633585e-01
1.00000000000000e-01  1.50836100900192e-01
1.25000000000000e-01  1.63345140995942e-01
1.50000000000000e-01  1.76131371678752e-01
1.75000000000000e-01  1.89189516430202e-01
2.00000000000000e-01  2.02511170160593e-01
2.25000000000000e-01  2.16084619913997e-01
2.50000000000000e-01  2.29894665573318e-01
2.75000000000000e-01  2.43922440565345e-01
3.00000000000000e-01  2.58145232565806e-01
3.25000000000000e-01  2.72536479339289e-01
3.50000000000000e-01  2.87065552283416e-01
3.75000000000000e-01  3.01697481956681e-01
4.00000000000000e-01  3.16393763969076e-01
4.25000000000000e-01  3.31111507388166e-01
4.50000000000000e-01  3.45803680203425e-01
4.75000000000000e-01  3.60419354790575e-01
5.00000000000000e-01  3.74903953375924e-01
5.25000000000000e-01  3.89199493500704e-01
5.50000000000000e-01  4.03244833485409e-01
5.75000000000000e-01  4.16975917894133e-01
6.00000000000000e-01  4.30326022998910e-01
6.25000000000000e-01  4.43213390755968e-01
6.50000000000000e-01  4.55581566718854e-01
6.75000000000000e-01  4.67337578581271e-01
7.00000000000000e-01  4.78405230588369e-01
7.25000000000000e-01  4.88705508244443e-01
7.50000000000000e-01  4.98157311687227e-01
7.75000000000000e-01  5.06678189062166e-01
8.00000000000000e-01  5.14185069896714e-01
8.25000000000000e-01  5.20594998474610e-01
8.50000000000000e-01  5.25825867210170e-01
8.75000000000000e-01  5.29797150022566e-01
9.00000000000000e-01  5.32430635710116e-01
9.25000000000000e-01  5.33651161324566e-01
9.50000000000000e-01  5.33387345545379e-01
9.75000000000000e-01  5.31572322054016e-01
1.00000000000000e+00  5.28144472908223e-01
1.02500000000000e+00  5.23048161916316e-01
1.05000000000000e+00  5.16234468011467e-01
1.07500000000000e+00  5.07661918625989e-01
1.10000000000000e+00  4.97297223065619e-01
1.12500000000000e+00  4.85116005883806e-01
1.15000000000000e+00  4.71103540255996e-01
1.17500000000000e+00  4.55255481353915e-01
1.20000000000000e+00  4.37578599719855e-01
1.22500000000000e+00  4.18091514640961e-01
1.25000000000000e+00  3.96832895584663e-01
1.27500000000000e+00  3.73825088163263e-01
1.30000000000000e+00  3.49146014301606e-01
1.32500000000000e+00  3.22861980457134e-01
1.35000000000000e+00  2.95054615850386e-01
1.37500000000000e+00  2.65820369630804e-01
1.40000000000000e+00  2.35270008042537e-01
1.42500000000000e+00  2.03528111590248e-01
1.45000000000000e+00  1.70732572204919e-01
1.47500000000000e+00  1.37034090409656e-01
1.50000000000000e+00  1.02595672485500e-01
1.52500000000000e+00  6.75921276372227e-02
1.55000000000000e+00  3.22095651591447e-02
1.57500000000000e+00  -3.35732534978856e-03
1.60000000000000e+00  -3.89046726078648e-02
1.62500000000000e+00  -7.42208022812840e-02
1.65000000000000e+00  -1.09088831181459e-01
1.67500000000000e+00  -1.43286785011501e-01
1.70000000000000e+00  -1.76589449399183e-01
1.72500000000000e+00  -2.08770220929879e-01
1.75000000000000e+00  -2.39602958179534e-01
1.77500000000000e+00  -2.68863832747604e-01
1.80000000000000e+00  -2.96333180290020e-01
1.82500000000000e+00  -3.21797351552135e-01
1.85000000000000e+00  -3.45050563401680e-01
1.87500000000000e+00  -3.65900550845677e-01
1.90000000000000e+00  -3.84169282690964e-01
1.92500000000000e+00  -3.99687382576065e-01
1.95000000000000e+00  -4.12303915437374e-01
1.97500000000000e+00  -4.21887606703924e-01
2.00000000000000e+00  -4.28328125581179e-01
2.02500000000000e+00  -4.31537368334823e-01
2.05000000000000e+00  -4.31450741574553e-01
2.07500000000000e+00  -4.28028445537865e-01
2.10000000000000e+00  -4.21256757373851e-01
2.12500000000000e+00  -4.11149314426984e-01
2.15000000000000e+00  -3.97748397520912e-01
2.17500000000000e+00  -3.81126214242245e-01
2.20000000000000e+00  -3.61381784650687e-01
2.22500000000000e+00  -3.38644202576268e-01
2.25000000000000e+00  -3.13072593458966e-01
2.27500000000000e+00  -2.84851356899368e-01
2.30000000000000e+00  -2.54193612250535e-01
2.32500000000000e+00  -2.21339021491431e-01
2.35000000000000e+00  -1.86551612100348e-01
2.37500000000000e+00  -1.50117599928337e-01
2.40000000000000e+00  -1.12343212072635e-01
2.42500000000000e+00  -7.35525097500950e-02
2.45000000000000e+00  -3.40852111706136e-02
2.47500000000000e+00  5.70548558944347e-03
2.50000000000000e+00  4.54653095531055e-02
2.52500000000000e+00  8.48111056426613e-02
2.55000000000000e+00  1.23380963639251e-01
2.57500000000000e+00  1.60805484473854e-01
2.60000000000000e+00  1.96720827391127e-01
2.62500000000000e+00  2.30772323755272e-01
2.65000000000000e+00  2.62618090855901e-01
2.67500000000000e+00  2.91932645713899e-01
2.70000000000000e+00  3.18410518887296e-01
2.72500000000000e+00  3.41769868277125e-01
2.75000000000000e+00  3.61756092933291e-01
2.77500000000000e+00  3.78145446860436e-01
2.80000000000000e+00  3.90748652823806e-01
2.82500000000000e+00  3.99411269015804e-01
2.85000000000000e+00  4.04018276175353e-01
2.87500000000000e+00  4.04497810714209e-01
2.90000000000000e+00  4.00815086229564e-01
2.92500000000000e+00  3.92981540796633e-01
2.95000000000000e+00  3.81053877236077e-01
2.97500000000000e+00  3.65133103381420e-01
3.00000000000000e+00  3.45363572346471e-01
3.02500000000000e+00  3.21932022792741e-01
3.05000000000000e+00  2.95066619196865e-01
3.07500000000000e+00  2.65035992118021e-01
3.10000000000000e+00  2.32148278465350e-01
3.12500000000000e+00  1.96748196615660e-01
3.15000000000000e+00  1.59207176634285e-01
3.17500000000000e+00  1.19927300793465e-01
3.20000000000000e+00  7.93330649115050e-02
3.22500000000000e+00  3.78689301155440e-02
3.25000000000000e+00  -4.00609266163553e-03
3.27500000000000e+00  -4.58238581847856e-02
3.30000000000000e+00  -8.71125024193760e-02
3.32500000000000e+00  -1.27401858034782e-01
3.35000000000000e+00  -1.66228869907468e-01
3.37500000000000e+00  -2.03143010624165e-01
3.40000000000000e+00  -2.37711695985061e-01
3.42500000000000e+00  -2.69525700506978e-01
3.45000000000000e+00  -2.98205634497988e-01
3.47500000000000e+00  -3.23403403565204e-01
3.50000000000000e+00  -3.44813948800207e-01
3.52500000000000e+00  -3.62167566090023e-01
3.55000000000000e+00  -3.75244106507756e-01
3.57500000000000e+00  -3.83874162361592e-01
3.60000000000000e+00  -3.87940253243791e-01
3.62500000000000e+00  -3.87378012079688e-01
3.65000000000000e+00  -3.82177371176692e-01
3.67500000000000e+00  -3.72383748273281e-01
3.70000000000000e+00  -3.58099232588000e-01
3.72500000000000e+00  -3.39483770868464e-01
3.75000000000000e+00  -3.16749279635835e-01
3.77500000000000e+00  -2.90158746309324e-01
3.80000000000000e+00  -2.60030624326632e-01
3.82500000000000e+00  -2.26720461969431e-01
3.85000000000000e+00  -1.90628069418626e-01
3.87500000000000e+00  -1.52191321786719e-01
3.90000000000000e+00  -1.11879962150176e-01
3.92500000000000e+00  -7.01894045818041e-02
3.95000000000000e+00  -2.76345371831065e-02
3.97500000000000e+00  1.52564748833439e-02
4.00000000000000e+00  5.79483863615345e-02
4.02500000000000e+00  9.99050688696496e-02
4.05000000000000e+00  1.40595707867697e-01
4.07500000000000e+00  1.79507001144218e-01
4.10000000000000e+00  2.16142979477580e-01
4.12500000000000e+00  2.50037434512465e-01
4.15000000000000e+00  2.80751448656414e-01
4.17500000000000e+00  3.07888411388178e-01
4.20000000000000e+00  3.31097358072504e-01
4.22500000000000e+00  3.50076308774907e-01
4.25000000000000e+00  3.64575607076447e-01
4.27500000000000e+00  3.74401258888515e-01
4.30000000000000e+00  3.79418271267602e-01
4.32500000000000e+00  3.79553991230082e-01
4.35000000000000e+00  3.74801444566987e-01
4.37500000000000e+00  3.65221492818655e-01
4.40000000000000e+00  3.50917714210065e-01
4.42500000000000e+00  3.32082314402748e-01
4.45000000000000e+00  3.08948608705682e-01
4.47500000000000e+00  2.81810815283963e-01
4.50000000000000e+00  2.51018074046688e-01
4.52500000000000e+00  2.16968465534844e-01
4.55000000000000e+00  1.80103029809204e-01
4.57500000000000e+00  1.40899785338201e-01
4.60000000000000e+00  9.98677478858269e-02
4.62500000000000e+00  5.75409493995217e-02
4.65000000000000e+00  1.44724568980500e-02
4.67500000000000e+00  -2.87716086405955e-02
4.70000000000000e+00  -7.16281344302873e-02
4.72500000000000e+00  -1.13530404403571e-01
4.75000000000000e+00  -1.53934022348954e-01
4.77500000000000e+00  -1.92303741241009e-01
4.80000000000000e+00  -2.28133931932108e-01
4.82500000000000e+00  -2.60953507432560e-01
4.85000000000000e+00  -2.90330847190772e-01
4.87500000000000e+00  -3.15878721373381e-01
4.90000000000000e+00  -3.37259215145410e-01
4.92500000000000e+00  -3.54188652950407e-01
4.95000000000000e+00  -3.66442522790590e-01
4.97500000000000e+00  -3.73860400507001e-01
5.00000000000000e+00  -3.76350874538743e-01
5.02500000000000e+00  -3.73863080600018e-01
5.05000000000000e+00  -3.66447842842504e-01
5.07500000000000e+00  -3.54196533079248e-01
5.10000000000000e+00  -3.37269536799011e-01
5.12500000000000e+00  -3.15891329307955e-01
5.15000000000000e+00  -2.90345551871331e-01
5.17500000000000e+00  -2.60970087855168e-01
5.20000000000000e+00  -2.28152138867965e-01
5.22500000000000e+00  -1.92323300902374e-01
5.25000000000000e+00  -1.53954640476898e-01
5.27500000000000e+00  -1.13551770777565e-01
5.30000000000000e+00  -7.16499277996342e-02
5.32500000000000e+00  -2.87935009505489e-02
5.35000000000000e+00  1.44507953609928e-02
5.37500000000000e+00  5.75198448701931e-02
5.40000000000000e+00  9.98475188389002e-02
5.42500000000000e+00  1.40880737484841e-01
5.45000000000000e+00  1.80085451483083e-01
5.47500000000000e+00  2.16952623467497e-01
5.50000000000000e+00  2.51004209532206e-01
5.52500000000000e+00  2.81799140733053e-01
5.55000000000000e+00  3.08939304589049e-01
5.57500000000000e+00  3.32075526583841e-01
5.60000000000000e+00  3.50913551667165e-01
5.62500000000000e+00  3.65221208390536e-01
5.65000000000000e+00  3.74802705825792e-01
5.67500000000000e+00  3.79557972694384e-01
5.70000000000000e+00  3.79424925885290e-01
5.72500000000000e+00  3.74410500968979e-01
5.75000000000000e+00  3.64587313808318e-01
5.77500000000000e+00  3.50090322169479e-01
5.80000000000000e+00  3.31113487332838e-01
5.82500000000000e+00  3.07906435703890e-01
5.85000000000000e+00  2.80771120424143e-01
5.87500000000000e+00  2.50058482982031e-01
5.90000000000000e+00  2.16165114823813e-01
5.92500000000000e+00  1.79529918964485e-01
5.95000000000000e+00  1.40619092748569e-01
5.97500000000000e+00  9.99285999115649e-02
6.00000000000000e+00  5.79717413560874e-02
6.02500000000000e+00  1.52793345698403e-02
6.05000000000000e+00  -2.76124843366717e-02
6.07500000000000e+00  -7.01684579216767e-02
6.10000000000000e+00  -1.11860404703699e-01
6.12500000000000e+00  -1.52173416453091e-01
6.15000000000000e+00  -1.90612055483599e-01
6.17500000000000e+00  -2.26706551943897e-01
6.20000000000000e+00  -2.60019001109142e-01
6.22500000000000e+00  -2.90149560672523e-01
6.25000000000000e+00  -3.16749720825507e-01
6.27500000000000e+00  -3.39479775078032e-01
6.30000000000000e+00  -3.58097918605207e-01
6.32500000000000e+00  -3.72385124551169e-01
6.35000000000000e+00  -3.82181409899005e-01
6.37500000000000e+00  -3.87384649844348e-01
6.40000000000000e+00  -3.87949392168973e-01
6.42500000000000e+00  -3.83885671614394e-01
6.45000000000000e+00  -3.75257824255457e-01
6.47500000000000e+00  -3.62183301873935e-01
6.50000000000000e+00  -3.44831486332129e-01
6.52500000000000e+00  -3.23422503946457e-01
6.55000000000000e+00  -2.98226039861052e-01
6.57500000000000e+00  -2.69547136707109e-01
6.60000000000000e+00  -2.37733877405440e-01
6.62500000000000e+00  -2.03165643875037e-01
6.65000000000000e+00  -1.66251657279757e-01
6.67500000000000e+00  -1.27424501731179e-01
6.70000000000000e+00  -8.71347085599777e-02
6.72500000000000e+00  -4.58453405872923e-02
6.75000000000000e+00  -4.02657639610941e-03
6.77500000000000e+00  3.78497053973747e-02
6.80000000000000e+00  7.93153418723674e-02
6.82500000000000e+00  1.19911301532112e-01
6.85000000000000e+00  1.59193100032515e-01
6.87500000000000e+00  1.96738177186565e-01
6.90000000000000e+00  2.32138537410941e-01
6.92500000000000e+00  2.65028609047457e-01
6.95000000000000e+00  2.95061679307166e-01
6.97500000000000e+00  3.21929581111246e-01
7.00000000000000e+00  3.45363653226463e-01
7.02500000000000e+00  3.65135700400651e-01
7.05000000000000e+00  3.81058953498173e-01
7.07500000000000e+00  3.92989029635401e-01
7.10000000000000e+00  4.00824892316178e-01
7.12500000000000e+00  4.04509811567293e-01
7.15000000000000e+00  4.04032324073952e-01
7.17500000000000e+00  3.99427193315245e-01
7.20000000000000e+00  3.90766262002684e-01
7.22500000000000e+00  3.78164531276904e-01
7.25000000000000e+00  3.61776427751856e-01
7.27500000000000e+00  3.41791215978437e-01
7.30000000000000e+00  3.18432632421067e-01
7.32500000000000e+00  2.91955271559132e-01
7.35000000000000e+00  2.62640971988422e-01
7.37500000000000e+00  2.30795202522579e-01
7.40000000000000e+00  1.96743448294531e-01
7.42500000000000e+00  1.60827596857945e-01
7.45000000000000e+00  1.23402324288664e-01
7.47500000000000e+00  8.48314812861483e-02
7.50000000000000e+00  4.54742517129482e-02
7.52500000000000e+00  5.72324845073760e-03
7.55000000000000e+00  -3.40690452857574e-02
7.57500000000000e+00  -7.35381101616672e-02
7.60000000000000e+00  -1.12330728105745e-01
7.62500000000000e+00  -1.50107159699114e-01
7.65000000000000e+00  -1.86543321564039e-01
7.67500000000000e+00  -2.21332963752671e-01
7.70000000000000e+00  -2.54189847135816e-01
7.72500000000000e+00  -2.84849920791694e-01
7.75000000000000e+00  -3.13073499394686e-01
7.77500000000000e+00  -3.38647440604106e-01
7.80000000000000e+00  -3.61387322452951e-01
7.82500000000000e+00  -3.81133997816117e-01
7.85000000000000e+00  -3.97758352254920e-01
7.87500000000000e+00  -4.11161346318319e-01
7.90000000000000e+00  -4.21270754161117e-01
7.92500000000000e+00  -4.28044278289380e-01
7.95000000000000e+00  -4.31468266324505e-01
7.97500000000000e+00  -4.31556427767303e-01
8.00000000000000e+00  -4.28348550762067e-01
8.02500000000000e+00  -4.21909218860651e-01
8.05000000000000e+00  -4.12326527786538e-01
8.07500000000000e+00  -3.99710802198922e-01
8.10000000000000e+00  -3.84193312456775e-01
8.12500000000000e+00  -3.65921190680227e-01
8.15000000000000e+00  -3.45075214376344e-01
8.17500000000000e+00  -3.21822013919594e-01
8.20000000000000e+00  -2.96357657833719e-01
8.22500000000000e+00  -2.68887933443605e-01
8.25000000000000e+00  -2.39626495709621e-01
8.27500000000000e+00  -2.08793016061981e-01
8.30000000000000e+00  -1.76611331235088e-01
8.32500000000000e+00  -1.43307592101876e-01
8.35000000000000e+00  -1.09108412508172e-01
8.37500000000000e+00  -7.42390181070242e-02
8.40000000000000e+00  -3.89213951930750e-02
8.42500000000000e+00  -3.37243953689351e-03
8.45000000000000e+00  3.21961615174121e-02
8.47500000000000e+00  6.75805233539703e-02
8.50000000000000e+00  1.02585942892941e-01
8.52500000000000e+00  1.37026297194689e-01
8.55000000000000e+00  1.70726763500772e-01
8.57500000000000e+00  2.03524322146640e-01
8.60000000000000e+00  2.35268259474344e-01
8.62500000000000e+00  2.65820670745254e-01
8.65000000000000e+00  2.95056963052752e-01
8.67500000000000e+00  3.22866358234949e-01
8.70000000000000e+00  3.49152395787388e-01
8.72500000000000e+00  3.73833435775761e-01
8.75000000000000e+00  3.96835695208075e-01
8.77500000000000e+00  4.18103643131598e-01
8.80000000000000e+00  4.37592524650425e-01
8.82500000000000e+00  4.55271130158927e-01
8.85000000000000e+00  4.71120833143117e-01
8.87500000000000e+00  4.85134856769622e-01
8.90000000000000e+00  4.97317540474635e-01
8.92500000000000e+00  5.07683606552880e-01
8.95000000000000e+00  5.16257426746574e-01
8.97500000000000e+00  5.23072288834389e-01
9.00000000000000e+00  5.28169663220416e-01
9.02500000000000e+00  5.31598469523122e-01
9.05000000000000e+00  5.33414343164318e-01
9.07500000000000e+00  5.33678901958113e-01
9.10000000000000e+00  5.32459012699885e-01
9.12500000000000e+00  5.29826057755234e-01
9.15000000000000e+00  5.25855201648953e-01
9.17500000000000e+00  5.20624657653981e-01
9.20000000000000e+00  5.14214954380371e-01
9.22500000000000e+00  5.06708202364249e-01
9.25000000000000e+00  4.98187360656777e-01
9.27500000000000e+00  4.88735503413114e-01
9.30000000000000e+00  4.78435086481380e-01
9.32500000000000e+00  4.67367213991616e-01
9.35000000000000e+00  4.55610904944743e-01
9.37500000000000e+00  4.43254970520950e-01
9.40000000000000e+00  4.30354553532067e-01
9.42500000000000e+00  4.17003947409831e-01
9.45000000000000e+00  4.03272303458629e-01
9.47500000000000e+00  3.89226350130626e-01
9.50000000000000e+00  3.74930147538672e-01
9.52500000000000e+00  3.60444841969215e-01
9.55000000000000e+00  3.45828420395205e-01
9.57500000000000e+00  3.31135464988998e-01
9.60000000000000e+00  3.16416907635266e-01
9.62500000000000e+00  3.01719784443909e-01
9.65000000000000e+00  2.87086990262951e-01
9.67500000000000e+00  2.72557033191458e-01
9.70000000000000e+00  2.58164886178867e-01
9.72500000000000e+00  2.43941181104614e-01
9.75000000000000e+00  2.29912483235778e-01
9.77500000000000e+00  2.16101507700925e-01
9.80000000000000e+00  2.02527123618573e-01
9.82500000000000e+00  1.89204533394266e-01
9.85000000000000e+00  1.76145452017663e-01
9.87500000000000e+00  1.63358286359612e-01
9.90000000000000e+00  1.50848314469235e-01
9.92500000000000e+00  1.38617864871011e-01
9.95000000000000e+00  1.26666495861858e-01
9.97500000000000e+00  1.14991174808208e-01
1.00000000000000e+01  1.03586457443103e-01
