0.00000000000000e+00  1.03287178439128e-01
2.50000000000000e-02  1.14766403031595e-01
5.00000000000000e-02  1.26452523318323e-01
7.50000000000000e-02  1.38380233724270e-01
1.00000000000000e-01  1.50573504831439e-01
1.25000000000000e-01  1.63046585057610e-01
1.50000000000000e-01  1.75805002335087e-01
1.75000000000000e-01  1.88846565789431e-01
2.00000000000000e-01  2.02162367418213e-01
2.25000000000000e-01  2.15737783769741e-01
2.50000000000000e-01  2.29553477621816e-01
2.75000000000000e-01  2.43586399660461e-01
3.00000000000000e-01  2.57810790158671e-01
3.25000000000000e-01  2.72197439040740e-01
3.50000000000000e-01  2.86715286745088e-01
3.75000000000000e-01  3.01332627644756e-01
4.00000000000000e-01  3.16012033611051e-01
4.25000000000000e-01  3.30715145643546e-01
4.50000000000000e-01  3.45400892368633e-01
4.75000000000000e-01  3.60023708538064e-01
5.00000000000000e-01  3.74531753527497e-01
5.25000000000000e-01  3.88865129835043e-01
5.50000000000000e-01  4.02954101579811e-01
5.75000000000000e-01  4.16717313000455e-01
6.00000000000000e-01  4.30060006953719e-01
6.25000000000000e-01  4.43040433819615e-01
6.50000000000000e-01  4.55350038412839e-01
6.75000000000000e-01  4.67114365675961e-01
7.00000000000000e-01  4.78226957829314e-01
7.25000000000000e-01  4.88587669694106e-01
7.50000000000000e-01  4.98101996490247e-01
7.75000000000000e-01  5.06680401634147e-01
8.00000000000000e-01  5.14237644536540e-01
8.25000000000000e-01  5.20692108400290e-01
8.50000000000000e-01  5.25965128018208e-01
8.75000000000000e-01  5.29980317570860e-01
9.00000000000000e-01  5.32662898424383e-01
9.25000000000000e-01  5.33939026928298e-01
9.50000000000000e-01  5.33739650862461e-01
9.75000000000000e-01  5.31997618974288e-01
1.00000000000000e+00  5.28648450149524e-01
1.02500000000000e+00  5.23634574916606e-01
1.05000000000000e+00  5.16903191117438e-01
1.07500000000000e+00  5.08408350039044e-01
1.10000000000000e+00  4.98113042545224e-01
1.12500000000000e+00  4.85991285208212e-01
1.15000000000000e+00  4.72030206440325e-01
1.17500000000000e+00  4.56232132625628e-01
1.20000000000000e+00  4.38616674251579e-01
1.22500000000000e+00  4.19222812040694e-01
1.25000000000000e+00  3.97935339263697e-01
1.27500000000000e+00  3.75109715065094e-01
1.30000000000000e+00  3.50525590697172e-01
1.32500000000000e+00  3.24290942930076e-01
1.35000000000000e+00  2.96515794029904e-01
1.37500000000000e+00  2.67313870656143e-01
1.40000000000000e+00  2.36804262759107e-01
1.42500000000000e+00  2.05113082477381e-01
1.45000000000000e+00  1.72375123035257e-01
1.47500000000000e+00  1.38735517640177e-01
1.50000000000000e+00  1.04351398380174e-01
1.52500000000000e+00  6.93935551213043e-02
1.55000000000000e+00  3.40480944050998e-02
1.57500000000000e+00  -1.49413148241105e-03
1.60000000000000e+00  -3.70287240384645e-02
1.62500000000000e+00  -7.23410564395645e-02
1.65000000000000e+00  -1.07211963393996e-01
1.67500000000000e+00  -1.41415676105314e-01
1.70000000000000e+00  -1.74722937091976e-01
1.72500000000000e+00  -2.06904115006961e-01
1.75000000000000e+00  -2.37732319457402e-01
1.77500000000000e+00  -2.66986515824207e-01
1.80000000000000e+00  -2.94454640081685e-01
1.82500000000000e+00  -3.19936713617180e-01
1.85000000000000e+00  -3.43247958050683e-01
1.87500000000000e+00  -3.64149976600872e-01
1.90000000000000e+00  -3.82447461780465e-01
1.92500000000000e+00  -3.98006524371370e-01
1.95000000000000e+00  -4.10672372452579e-01
1.97500000000000e+00  -4.20310972340979e-01
2.00000000000000e+00  -4.26810151505489e-01
2.02500000000000e+00  -4.30080701481187e-01
2.05000000000000e+00  -4.30057480783440e-01
2.07500000000000e+00  -4.26700517822039e-01
2.10000000000000e+00  -4.19996113815327e-01
2.12500000000000e+00  -4.09957945704330e-01
2.15000000000000e+00  -3.96628169066891e-01
2.17500000000000e+00  -3.80078521031794e-01
2.20000000000000e+00  -3.60407818222617e-01
2.22500000000000e+00  -3.37744642307257e-01
2.25000000000000e+00  -3.12247456702446e-01
2.27500000000000e+00  -2.84099862539989e-01
2.30000000000000e+00  -2.53514146248649e-01
2.32500000000000e+00  -2.20729184810918e-01
2.35000000000000e+00  -1.86008351019791e-01
2.37500000000000e+00  -1.49637418735535e-01
2.40000000000000e+00  -1.11922468142468e-01
2.42500000000000e+00  -7.31877910057293e-02
2.45000000000000e+00  -3.37737959280530e-02
2.47500000000000e+00  5.96508639346014e-03
2.50000000000000e+00  4.56786310501331e-02
2.52500000000000e+00  8.49810573192572e-02
2.55000000000000e+00  1.23513183155693e-01
2.57500000000000e+00  1.60905134695227e-01
2.60000000000000e+00  1.96792683909808e-01
2.62500000000000e+00  2.30820855098953e-01
2.65000000000000e+00  2.62647531381145e-01
2.67500000000000e+00  2.91947061185235e-01
2.70000000000000e+00  3.18413864741851e-01
2.72500000000000e+00  3.41766040574789e-01
2.75000000000000e+00  3.61748971992422e-01
2.77500000000000e+00  3.78138933579099e-01
2.80000000000000e+00  3.90746697686546e-01
2.82500000000000e+00  3.99417590861599e-01
2.85000000000000e+00  4.04036454651393e-01
2.87500000000000e+00  4.04531331988599e-01
2.90000000000000e+00  4.00867141886631e-01
2.92500000000000e+00  3.93055084245502e-01
2.95000000000000e+00  3.81151700324453e-01
2.97500000000000e+00  3.65257933214574e-01
3.00000000000000e+00  3.45518188311438e-01
3.02500000000000e+00  3.22119393787723e-01
3.05000000000000e+00  2.95290061065841e-01
3.07500000000000e+00  2.65299345290566e-01
3.10000000000000e+00  2.32456105801658e-01
3.12500000000000e+00  1.97104900516191e-01
3.15000000000000e+00  1.59612886278166e-01
3.17500000000000e+00  1.20387183778006e-01
3.20000000000000e+00  7.98517785962919e-02
3.22500000000000e+00  3.84508382997116e-02
3.25000000000000e+00  -3.35675166457417e-03
3.27500000000000e+00  -4.51028520745485e-02
3.30000000000000e+00  -8.63155340389620e-02
3.32500000000000e+00  -1.26524543102960e-01
3.35000000000000e+00  -1.65266763353706e-01
3.37500000000000e+00  -2.02091681526000e-01
3.40000000000000e+00  -2.36566851107908e-01
3.42500000000000e+00  -2.68283356446381e-01
3.45000000000000e+00  -2.96861091163015e-01
3.47500000000000e+00  -3.21953610069157e-01
3.50000000000000e+00  -3.43255822679653e-01
3.52500000000000e+00  -3.60498304066695e-01
3.55000000000000e+00  -3.73461285382480e-01
3.57500000000000e+00  -3.81975817811753e-01
3.60000000000000e+00  -3.85924936524372e-01
3.62500000000000e+00  -3.85244824627851e-01
3.65000000000000e+00  -3.79925977119919e-01
3.67500000000000e+00  -3.70014364841069e-01
3.70000000000000e+00  -3.55612598427115e-01
3.72500000000000e+00  -3.36881092261743e-01
3.75000000000000e+00  -3.14031288134173e-01
3.77500000000000e+00  -2.87332105977718e-01
3.80000000000000e+00  -2.57097050514532e-01
3.82500000000000e+00  -2.23682937249269e-01
3.85000000000000e+00  -1.87490682616786e-01
3.87500000000000e+00  -1.48959120499799e-01
3.90000000000000e+00  -1.08558818746549e-01
3.92500000000000e+00  -6.67858956884630e-02
3.95000000000000e+00  -2.41558366578143e-02
3.97500000000000e+00  1.88026894946190e-02
4.00000000000000e+00  6.15540138818862e-02
4.02500000000000e+00  1.03561651063207e-01
4.05000000000000e+00  1.44294482526306e-01
4.07500000000000e+00  1.83237436302939e-01
4.10000000000000e+00  2.19894547724078e-01
4.12500000000000e+00  2.53799679163831e-01
4.15000000000000e+00  2.84512826591508e-01
4.17500000000000e+00  3.11636375814095e-01
4.20000000000000e+00  3.34818467402263e-01
4.22500000000000e+00  3.53756361616359e-01
4.25000000000000e+00  3.68199803332413e-01
4.27500000000000e+00  3.77954386968135e-01
4.30000000000000e+00  3.82884921408910e-01
4.32500000000000e+00  3.82918794933806e-01
4.35000000000000e+00  3.78049340141567e-01
4.37500000000000e+00  3.68333012468427e-01
4.40000000000000e+00  3.53882450255695e-01
4.42500000000000e+00  3.34881934529166e-01
4.45000000000000e+00  3.11566230618306e-01
4.47500000000000e+00  2.84230844321095e-01
4.50000000000000e+00  2.53226093671234e-01
4.52500000000000e+00  2.18951180705363e-01
4.55000000000000e+00  1.81848263230287e-01
4.57500000000000e+00  1.42396526590178e-01
4.60000000000000e+00  1.01106255433804e-01
4.62500000000000e+00  5.85129054817438e-02
4.65000000000000e+00  1.51711752935949e-02
4.67500000000000e+00  -2.83509219647953e-02
4.70000000000000e+00  -7.14868628169908e-02
4.72500000000000e+00  -1.13672142853598e-01
4.75000000000000e+00  -1.54356826668068e-01
4.77500000000000e+00  -1.93003856578522e-01
4.80000000000000e+00  -2.29105680473746e-01
4.82500000000000e+00  -2.62189263602682e-01
4.85000000000000e+00  -2.91821100363910e-01
4.87500000000000e+00  -3.17612226095120e-01
4.90000000000000e+00  -3.39223228862608e-01
4.92500000000000e+00  -3.56369261250749e-01
4.95000000000000e+00  -3.68825052151479e-01
4.97500000000000e+00  -3.76429918553781e-01
5.00000000000000e+00  -3.79088362185011e-01
5.02500000000000e+00  -3.76755728282272e-01
5.05000000000000e+00  -3.69477381904197e-01
5.07500000000000e+00  -3.57345440355742e-01
5.10000000000000e+00  -3.40521219407310e-01
5.12500000000000e+00  -3.19230277672806e-01
5.15000000000000e+00  -2.93757460987688e-01
5.17500000000000e+00  -2.64441946787025e-01
5.20000000000000e+00  -2.31672288483554e-01
5.22500000000000e+00  -1.95881459845728e-01
5.25000000000000e+00  -1.57541899375780e-01
5.27500000000000e+00  -1.17160554687768e-01
5.30000000000000e+00  -7.52739268856367e-02
5.32500000000000e+00  -3.24314886637163e-02
5.35000000000000e+00  1.08026716381960e-02
5.37500000000000e+00  5.38621554485155e-02
5.40000000000000e+00  9.61792451006840e-02
5.42500000000000e+00  1.37199305605348e-01
5.45000000000000e+00  1.76386835107974e-01
5.47500000000000e+00  2.13231515346462e-01
5.50000000000000e+00  2.47254262108744e-01
5.52500000000000e+00  2.78013275690407e-01
5.55000000000000e+00  3.05110091352292e-01
5.57500000000000e+00  3.28195629778111e-01
5.60000000000000e+00  3.46976247532055e-01
5.62500000000000e+00  3.61215778273842e-01
5.65000000000000e+00  3.70725859963873e-01
5.67500000000000e+00  3.75400058340590e-01
5.70000000000000e+00  3.75177793626540e-01
5.72500000000000e+00  3.70067210071940e-01
5.75000000000000e+00  3.60141902012310e-01
5.77500000000000e+00  3.45537639926104e-01
5.80000000000000e+00  3.26449096492339e-01
5.82500000000000e+00  3.03126572648239e-01
5.85000000000000e+00  2.75872723646855e-01
5.87500000000000e+00  2.45039285114706e-01
5.90000000000000e+00  2.11023799109407e-01
5.92500000000000e+00  1.74266340177306e-01
5.95000000000000e+00  1.35232988724627e-01
5.97500000000000e+00  9.44197495940213e-02
6.00000000000000e+00  5.23418655549761e-02
6.02500000000000e+00  9.53059294110150e-03
6.05000000000000e+00  -3.34774322650563e-02
6.07500000000000e+00  -7.61464281312752e-02
6.10000000000000e+00  -1.17947700474948e-01
6.12500000000000e+00  -1.58365876562346e-01
6.15000000000000e+00  -1.96905138807905e-01
6.17500000000000e+00  -2.33095458473494e-01
6.20000000000000e+00  -2.66498829367692e-01
6.22500000000000e+00  -2.96715501545072e-01
6.25000000000000e+00  -3.23394457768846e-01
6.27500000000000e+00  -3.46199342488910e-01
6.30000000000000e+00  -3.64885620003486e-01
6.32500000000000e+00  -3.79234244151706e-01
6.35000000000000e+00  -3.89085173890790e-01
6.37500000000000e+00  -3.94336199469178e-01
6.40000000000000e+00  -3.94941768599667e-01
6.42500000000000e+00  -3.90911812632548e-01
6.45000000000000e+00  -3.82310572728740e-01
6.47500000000000e+00  -3.69255426032928e-01
6.50000000000000e+00  -3.51915711846700e-01
6.52500000000000e+00  -3.30511557801680e-01
6.55000000000000e+00  -3.05312706032666e-01
6.57500000000000e+00  -2.76624664201287e-01
6.60000000000000e+00  -2.44794186021093e-01
6.62500000000000e+00  -2.10201708748606e-01
6.65000000000000e+00  -1.73256510919511e-01
6.67500000000000e+00  -1.34391378215301e-01
6.70000000000000e+00  -9.40571357764476e-02
6.72500000000000e+00  -5.27171805155421e-02
6.75000000000000e+00  -1.08420134304739e-02
6.77500000000000e+00  3.10962280824261e-02
6.80000000000000e+00  7.26292379152133e-02
6.82500000000000e+00  1.13298008935175e-01
6.85000000000000e+00  1.52658300671674e-01
6.87500000000000e+00  1.90284062786989e-01
6.90000000000000e+00  2.25773185380699e-01
6.92500000000000e+00  2.58755175560848e-01
6.95000000000000e+00  2.88883586625223e-01
6.97500000000000e+00  3.15850388701209e-01
7.00000000000000e+00  3.39386955257759e-01
7.02500000000000e+00  3.59265049617384e-01
7.05000000000000e+00  3.75297811468124e-01
7.07500000000000e+00  3.87340743375530e-01
7.10000000000000e+00  3.95292697294646e-01
7.12500000000000e+00  3.99096861081980e-01
7.15000000000000e+00  3.98741745007492e-01
7.17500000000000e+00  3.94262168266566e-01
7.20000000000000e+00  3.85729993461936e-01
7.22500000000000e+00  3.73260269034276e-01
7.25000000000000e+00  3.57007586215905e-01
7.27500000000000e+00  3.37161247466479e-01
7.30000000000000e+00  3.13945035889999e-01
7.32500000000000e+00  2.87613584638643e-01
7.35000000000000e+00  2.58448746316597e-01
7.37500000000000e+00  2.26755962383890e-01
7.40000000000000e+00  1.92860632560220e-01
7.42500000000000e+00  1.57104484228796e-01
7.45000000000000e+00  1.19841941840163e-01
7.47500000000000e+00  8.14364963160363e-02
7.50000000000000e+00  4.22457811749680e-02
7.52500000000000e+00  2.66859508931052e-03
7.55000000000000e+00  -3.69495535341569e-02
7.57500000000000e+00  -7.62437011749511e-02
7.60000000000000e+00  -1.14860410038851e-01
7.62500000000000e+00  -1.52459923997780e-01
7.65000000000000e+00  -1.88718324529708e-01
7.67500000000000e+00  -2.23329686658534e-01
7.70000000000000e+00  -2.56008234893991e-01
7.72500000000000e+00  -2.86490499171526e-01
7.75000000000000e+00  -3.14537470792199e-01
7.77500000000000e+00  -3.39936758362575e-01
7.80000000000000e+00  -3.62504743734615e-01
7.82500000000000e+00  -3.82082889761058e-01
7.85000000000000e+00  -3.98542694071592e-01
7.87500000000000e+00  -4.11785378055378e-01
7.90000000000000e+00  -4.21739316127231e-01
7.92500000000000e+00  -4.28362487973724e-01
7.95000000000000e+00  -4.31641338261368e-01
7.97500000000000e+00  -4.31589636344794e-01
8.00000000000000e+00  -4.28247335974925e-01
8.02500000000000e+00  -4.21679435007159e-01
8.05000000000000e+00  -4.11974835109548e-01
8.07500000000000e+00  -3.99245201470974e-01
8.10000000000000e+00  -3.83623822509329e-01
8.12500000000000e+00  -3.65339758597978e-01
8.15000000000000e+00  -3.44308740612439e-01
8.17500000000000e+00  -3.20943399857801e-01
8.20000000000000e+00  -2.95409874634676e-01
8.22500000000000e+00  -2.67892700201673e-01
8.25000000000000e+00  -2.38591680915190e-01
8.27500000000000e+00  -2.07718762369240e-01
8.30000000000000e+00  -1.75494903535244e-01
8.32500000000000e+00  -1.42146948901832e-01
8.35000000000000e+00  -1.07904500614666e-01
8.37500000000000e+00  -7.29967906162199e-02
8.40000000000000e+00  -3.76495527856098e-02
8.42500000000000e+00  -2.08189507838511e-03
8.45000000000000e+00  3.34915948126550e-02
8.47500000000000e+00  6.88665805519330e-02
8.50000000000000e+00  1.03852282414837e-01
8.52500000000000e+00  1.38262669841070e-01
8.55000000000000e+00  1.71927034141924e-01
8.57500000000000e+00  2.04688323074280e-01
8.60000000000000e+00  2.36401475414625e-01
8.62500000000000e+00  2.66931755533070e-01
8.65000000000000e+00  2.96153087967353e-01
8.67500000000000e+00  3.23946391996855e-01
8.70000000000000e+00  3.50197916216614e-01
8.72500000000000e+00  3.74797573111337e-01
8.75000000000000e+00  3.97813223311788e-01
8.77500000000000e+00  4.18938703680703e-01
8.80000000000000e+00  4.38345209482810e-01
8.82500000000000e+00  4.55972370449716e-01
8.85000000000000e+00  4.71781269313548e-01
8.87500000000000e+00  4.85752356058525e-01
8.90000000000000e+00  4.97883362172529e-01
8.92500000000000e+00  5.08187214898678e-01
8.95000000000000e+00  5.16689951486901e-01
8.97500000000000e+00  5.23428633445506e-01
9.00000000000000e+00  5.28449260792759e-01
9.02500000000000e+00  5.31804686308449e-01
9.05000000000000e+00  5.33552529785467e-01
9.07500000000000e+00  5.33757318143754e-01
9.10000000000000e+00  5.32486248193601e-01
9.12500000000000e+00  5.29808416387227e-01
9.15000000000000e+00  5.25797706971644e-01
9.17500000000000e+00  5.20528937605315e-01
9.20000000000000e+00  5.14078531113178e-01
9.22500000000000e+00  5.06525187241662e-01
9.25000000000000e+00  4.97950554413700e-01
9.27500000000000e+00  4.88439901483757e-01
9.30000000000000e+00  4.78082789492839e-01
9.32500000000000e+00  4.66973743423515e-01
9.35000000000000e+00  4.55212923954935e-01
9.37500000000000e+00  4.42738630631412e-01
9.40000000000000e+00  4.29929899436239e-01
9.42500000000000e+00  4.16590727410180e-01
9.45000000000000e+00  4.02831065282691e-01
9.47500000000000e+00  3.88745678671891e-01
9.50000000000000e+00  3.74415929727281e-01
9.52500000000000e+00  3.59911558772464e-01
9.55000000000000e+00  3.45292465947859e-01
9.57500000000000e+00  3.30610492853420e-01
9.60000000000000e+00  3.15911204191350e-01
9.62500000000000e+00  3.01235669408824e-01
9.65000000000000e+00  2.86622244340700e-01
9.67500000000000e+00  2.72108352852238e-01
9.70000000000000e+00  2.57725695441783e-01
9.72500000000000e+00  2.43505325669593e-01
9.75000000000000e+00  2.29476446973638e-01
9.77500000000000e+00  2.15664811954829e-01
9.80000000000000e+00  2.02093462479589e-01
9.82500000000000e+00  1.88781728143572e-01
9.85000000000000e+00  1.75744224735387e-01
9.87500000000000e+00  1.62989852700319e-01
9.90000000000000e+00  1.50520795604046e-01
9.92500000000000e+00  1.38331518596369e-01
9.95000000000000e+00  1.26407766874929e-01
9.97500000000000e+00  1.14725564148925e-01
1.00000000000000e+01  1.03250211102850e-01
