0.00000000000000e+00  1.03723306762649e-01
2.50000000000000e-02  1.15307885846211e-01
5.00000000000000e-02  1.27058180534529e-01
7.50000000000000e-02  1.39027952845355e-01
1.00000000000000e-01  1.51254679036825e-01
1.25000000000000e-01  1.63761359212732e-01
1.50000000000000e-01  1.76558326927784e-01
1.75000000000000e-01  1.89645058792874e-01
2.00000000000000e-01  2.03011984080353e-01
2.25000000000000e-01  2.16642294329289e-01
2.50000000000000e-01  2.30513752950742e-01
2.75000000000000e-01  2.44600504833027e-01
3.00000000000000e-01  2.58874885946980e-01
3.25000000000000e-01  2.73305556434686e-01
3.50000000000000e-01  2.87860846987258e-01
3.75000000000000e-01  3.02511162685607e-01
4.00000000000000e-01  3.17219014915251e-01
4.25000000000000e-01  3.31948441414114e-01
4.50000000000000e-01  3.46661867177478e-01
4.75000000000000e-01  3.61316965362924e-01
5.00000000000000e-01  3.75863518195280e-01
5.25000000000000e-01  3.90240277871567e-01
5.50000000000000e-01  4.04371827465942e-01
5.75000000000000e-01  4.18165441834653e-01
6.00000000000000e-01  4.31507948520971e-01
6.25000000000000e-01  4.44550329554131e-01
6.50000000000000e-01  4.56815625457088e-01
6.75000000000000e-01  4.68574000071560e-01
7.00000000000000e-01  4.79699297239676e-01
7.25000000000000e-01  4.90077654640232e-01
7.50000000000000e-01  4.99605912677184e-01
7.75000000000000e-01  5.08190023368138e-01
8.00000000000000e-01  5.15743459232850e-01
8.25000000000000e-01  5.22185622181717e-01
8.50000000000000e-01  5.27440252404272e-01
8.75000000000000e-01  5.31433837257678e-01
9.00000000000000e-01  5.34094020155220e-01
9.25000000000000e-01  5.35348009454802e-01
9.50000000000000e-01  5.35128914380774e-01
9.75000000000000e-01  5.33369944122192e-01
1.00000000000000e+00  5.30004952559877e-01
1.02500000000000e+00  5.24976157675610e-01
1.05000000000000e+00  5.18228887087727e-01
1.07500000000000e+00  5.09714680471569e-01
1.10000000000000e+00  4.99394391979924e-01
1.12500000000000e+00  4.87241292663472e-01
1.15000000000000e+00  4.73244172891231e-01
1.17500000000000e+00  4.57410444771000e-01
1.20000000000000e+00  4.39769244569801e-01
1.22500000000000e+00  4.20374535134329e-01
1.25000000000000e+00  3.99004594902645e-01
1.27500000000000e+00  3.76248593311411e-01
1.30000000000000e+00  3.51677999669514e-01
1.32500000000000e+00  3.25430348988525e-01
1.35000000000000e+00  2.97636029521667e-01
1.37500000000000e+00  2.68421413590913e-01
1.40000000000000e+00  2.37911988414100e-01
1.42500000000000e+00  2.06235486932036e-01
1.45000000000000e+00  1.73525018635604e-01
1.47500000000000e+00  1.39922200392880e-01
1.50000000000000e+00  1.05580287276229e-01
1.52500000000000e+00  7.06673033894229e-02
1.55000000000000e+00  3.53691726947451e-02
1.57500000000000e+00  -1.25837362419937e-04
1.60000000000000e+00  -3.56130149845975e-02
1.62500000000000e+00  -7.08756988094144e-02
1.65000000000000e+00  -1.05693224923128e-01
1.67500000000000e+00  -1.39837264339762e-01
1.70000000000000e+00  -1.73075874993011e-01
1.72500000000000e+00  -2.05177553728115e-01
1.75000000000000e+00  -2.35915288293769e-01
1.77500000000000e+00  -2.65070609334004e-01
1.80000000000000e+00  -2.92437642380080e-01
1.82500000000000e+00  -3.17827159842384e-01
1.85000000000000e+00  -3.41070633002314e-01
1.87500000000000e+00  -3.61891679134937e-01
1.90000000000000e+00  -3.80101003401142e-01
1.92500000000000e+00  -3.95574555477280e-01
1.95000000000000e+00  -4.08158195827916e-01
1.97500000000000e+00  -4.17718653920839e-01
2.00000000000000e+00  -4.24144610632697e-01
2.02500000000000e+00  -4.27347780654617e-01
2.05000000000000e+00  -4.27263994897830e-01
2.07500000000000e+00  -4.23854282899305e-01
2.10000000000000e+00  -4.17105955227366e-01
2.12500000000000e+00  -4.07033685887324e-01
2.15000000000000e+00  -3.93680594727099e-01
2.17500000000000e+00  -3.77119329842848e-01
2.20000000000000e+00  -3.57449598146206e-01
2.22500000000000e+00  -3.34800691631676e-01
2.25000000000000e+00  -3.09331840245601e-01
2.27500000000000e+00  -2.81227255499693e-01
2.30000000000000e+00  -2.50699755447596e-01
2.32500000000000e+00  -2.17988665210543e-01
2.35000000000000e+00  -1.83357717503001e-01
2.37500000000000e+00  -1.47092953158334e-01
2.40000000000000e+00  -1.09500621654449e-01
2.42500000000000e+00  -7.09050816394515e-02
2.45000000000000e+00  -3.16467014573010e-02
2.47500000000000e+00  7.92024032654033e-03
2.50000000000000e+00  4.74424102875109e-02
2.52500000000000e+00  8.65457866770208e-02
2.55000000000000e+00  1.24861048441968e-01
2.57500000000000e+00  1.62020427815744e-01
2.60000000000000e+00  1.97661502350582e-01
2.62500000000000e+00  2.31430851329602e-01
2.65000000000000e+00  2.62987712178860e-01
2.67500000000000e+00  2.92007636879386e-01
2.70000000000000e+00  3.18186148379243e-01
2.72500000000000e+00  3.41242397005561e-01
2.75000000000000e+00  3.60922816876588e-01
2.77500000000000e+00  3.77004782313736e-01
2.80000000000000e+00  3.89300264253625e-01
2.82500000000000e+00  3.97655835124208e-01
2.85000000000000e+00  4.01957758082170e-01
2.87500000000000e+00  4.02135500109883e-01
2.90000000000000e+00  3.98155569615153e-01
2.92500000000000e+00  3.90030703000023e-01
2.95000000000000e+00  3.77818874044455e-01
2.97500000000000e+00  3.61622303290006e-01
3.00000000000000e+00  3.41586467423509e-01
3.02500000000000e+00  3.17899108660748e-01
3.05000000000000e+00  2.90789244130142e-01
3.07500000000000e+00  2.60526175256415e-01
3.10000000000000e+00  2.27418497144284e-01
3.12500000000000e+00  1.91814752597370e-01
3.15000000000000e+00  1.54078994983614e-01
3.17500000000000e+00  1.14620938598534e-01
3.20000000000000e+00  7.38643141799583e-02
3.22500000000000e+00  3.22530295251746e-02
3.25000000000000e+00  -9.75430225522951e-03
3.27500000000000e+00  -5.16898344835195e-02
3.30000000000000e+00  -9.30819586609722e-02
3.32500000000000e+00  -1.33460776214037e-01
3.35000000000000e+00  -1.72363570240492e-01
3.37500000000000e+00  -2.09340277255601e-01
3.40000000000000e+00  -2.43958958938270e-01
3.42500000000000e+00  -2.75811273877205e-01
3.45000000000000e+00  -3.04517724703036e-01
3.47500000000000e+00  -3.29732565684306e-01
3.50000000000000e+00  -3.51151277387787e-01
3.52500000000000e+00  -3.68505128169198e-01
3.55000000000000e+00  -3.81574954855799e-01
3.57500000000000e+00  -3.90192315782304e-01
3.60000000000000e+00  -3.94240643826800e-01
3.62500000000000e+00  -3.93656399446662e-01
3.65000000000000e+00  -3.88430223714469e-01
3.67500000000000e+00  -3.78608091353924e-01
3.70000000000000e+00  -3.64292463775766e-01
3.72500000000000e+00  -3.45643442113690e-01
3.75000000000000e+00  -3.22877340066785e-01
3.77500000000000e+00  -2.96247237551446e-01
3.80000000000000e+00  -2.66080188582873e-01
3.82500000000000e+00  -2.32730583959257e-01
3.85000000000000e+00  -1.96597262968410e-01
3.87500000000000e+00  -1.58117275868245e-01
3.90000000000000e+00  -1.17759646367264e-01
3.92500000000000e+00  -7.60191341050408e-02
3.95000000000000e+00  -3.34099971327068e-02
3.97500000000000e+00  9.54024560656965e-03
4.00000000000000e+00  5.22970517970917e-02
4.02500000000000e+00  9.43250932701546e-02
4.05000000000000e+00  1.35094493523556e-01
4.07500000000000e+00  1.74091538501808e-01
4.10000000000000e+00  2.10821143149139e-01
4.12500000000000e+00  2.44819044324236e-01
4.15000000000000e+00  2.75646446199841e-01
4.17500000000000e+00  3.02907076642255e-01
4.20000000000000e+00  3.26250403723321e-01
4.22500000000000e+00  3.45374852232390e-01
4.25000000000000e+00  3.60031020188300e-01
4.27500000000000e+00  3.70024895351356e-01
4.30000000000000e+00  3.75221071735297e-01
4.32500000000000e+00  3.75545966119278e-01
4.35000000000000e+00  3.70991034559841e-01
4.37500000000000e+00  3.61623843962240e-01
4.40000000000000e+00  3.47531561944680e-01
4.42500000000000e+00  3.28920113931140e-01
4.45000000000000e+00  3.06019938428871e-01
4.47500000000000e+00  2.79122998857262e-01
4.50000000000000e+00  2.48576706264553e-01
4.52500000000000e+00  2.14777842044554e-01
4.55000000000000e+00  1.78166480653370e-01
4.57500000000000e+00  1.39219912326110e-01
4.60000000000000e+00  9.84465657936125e-02
4.62500000000000e+00  5.63799309991664e-02
4.65000000000000e+00  1.35724818152180e-02
4.67500000000000e+00  -2.94104012398951e-02
4.70000000000000e+00  -7.20045358189103e-02
4.72500000000000e+00  -1.13648224568136e-01
4.75000000000000e+00  -1.53794337273726e-01
4.77500000000000e+00  -1.91908693684419e-01
4.80000000000000e+00  -2.27486582958314e-01
4.82500000000000e+00  -2.60057673655242e-01
4.85000000000000e+00  -2.89190923729155e-01
4.87500000000000e+00  -3.14499490520496e-01
4.90000000000000e+00  -3.35645640748588e-01
4.92500000000000e+00  -3.52345660504003e-01
4.95000000000000e+00  -3.64374765240946e-01
4.97500000000000e+00  -3.71572009769637e-01
5.00000000000000e+00  -3.73852909195786e-01
5.02500000000000e+00  -3.71153819106245e-01
5.05000000000000e+00  -3.63537002334442e-01
5.07500000000000e+00  -3.51092708649383e-01
5.10000000000000e+00  -3.33980656134814e-01
5.12500000000000e+00  -3.12425018919539e-01
5.15000000000000e+00  -2.86709414907742e-01
5.17500000000000e+00  -2.57171893509299e-01
5.20000000000000e+00  -2.24199923370110e-01
5.22500000000000e+00  -1.88225380102404e-01
5.25000000000000e+00  -1.49719534015073e-01
5.27500000000000e+00  -1.09188037843978e-01
5.30000000000000e+00  -6.71659144822775e-02
5.32500000000000e+00  -2.42010463785134e-02
5.35000000000000e+00  1.91442325596614e-02
5.37500000000000e+00  6.23056545317280e-02
5.40000000000000e+00  1.04717366872902e-01
5.42500000000000e+00  1.45826856404121e-01
5.45000000000000e+00  1.85100811345676e-01
5.47500000000000e+00  2.22030983230842e-01
5.50000000000000e+00  2.56140048819497e-01
5.52500000000000e+00  2.86987472011757e-01
5.55000000000000e+00  3.14175365761597e-01
5.57500000000000e+00  3.37354353990484e-01
5.60000000000000e+00  3.56229433501004e-01
5.62500000000000e+00  3.70575767656938e-01
5.65000000000000e+00  3.80186034417981e-01
5.67500000000000e+00  3.84971110981636e-01
5.70000000000000e+00  3.84867978933471e-01
5.72500000000000e+00  3.79882907224552e-01
5.75000000000000e+00  3.70088070699133e-01
5.77500000000000e+00  3.55618168622353e-01
5.80000000000000e+00  3.36667043207925e-01
5.82500000000000e+00  3.13484298145836e-01
5.85000000000000e+00  2.86371917130036e-01
5.87500000000000e+00  2.55680882386135e-01
5.90000000000000e+00  2.21807793199092e-01
5.92500000000000e+00  1.85191484440914e-01
5.95000000000000e+00  1.46296530145512e-01
5.97500000000000e+00  1.05618073372391e-01
6.00000000000000e+00  6.36696240277866e-02
6.02500000000000e+00  2.09809260222406e-02
6.05000000000000e+00  -2.19129053211417e-02
6.07500000000000e+00  -6.44775312869682e-02
6.10000000000000e+00  -1.06185537787866e-01
6.12500000000000e+00  -1.46522583384758e-01
6.15000000000000e+00  -1.84993547307168e-01
6.17500000000000e+00  -2.21128677473500e-01
6.20000000000000e+00  -2.54489738511335e-01
6.22500000000000e+00  -2.84676159777724e-01
6.25000000000000e+00  -3.11339929722013e-01
6.27500000000000e+00  -3.34145333183587e-01
6.30000000000000e+00  -3.52845979738288e-01
6.32500000000000e+00  -3.67222806541676e-01
6.35000000000000e+00  -3.77115476774755e-01
6.37500000000000e+00  -3.82421239557156e-01
6.40000000000000e+00  -3.83093789860328e-01
6.42500000000000e+00  -3.79142128420725e-01
6.45000000000000e+00  -3.70629421652994e-01
6.47500000000000e+00  -3.57671861563168e-01
6.50000000000000e+00  -3.40437525661848e-01
6.52500000000000e+00  -3.19145236877396e-01
6.55000000000000e+00  -2.94063423469121e-01
6.57500000000000e+00  -2.65496125262867e-01
6.60000000000000e+00  -2.33788743767040e-01
6.62500000000000e+00  -1.99320376446385e-01
6.65000000000000e+00  -1.62498882800682e-01
6.67500000000000e+00  -1.23755730845766e-01
6.70000000000000e+00  -8.35405294027356e-02
6.72500000000000e+00  -4.23155603871418e-02
6.75000000000000e+00  -5.50311098210234e-04
6.77500000000000e+00  4.12839934919724e-02
6.80000000000000e+00  8.27198584492410e-02
6.82500000000000e+00  1.23298986588154e-01
6.85000000000000e+00  1.62577746182795e-01
6.87500000000000e+00  2.00134444400873e-01
6.90000000000000e+00  2.35555427045767e-01
6.92500000000000e+00  2.68479885430733e-01
6.95000000000000e+00  2.98560343094346e-01
6.97500000000000e+00  3.25487866991348e-01
7.00000000000000e+00  3.48993018404263e-01
7.02500000000000e+00  3.68846803855034e-01
7.05000000000000e+00  3.84861626016633e-01
7.07500000000000e+00  3.96892234624698e-01
7.10000000000000e+00  4.04836677389150e-01
7.12500000000000e+00  4.08637250905818e-01
7.15000000000000e+00  4.08281451568068e-01
7.17500000000000e+00  4.03802926478422e-01
7.20000000000000e+00  3.95272377954505e-01
7.22500000000000e+00  3.82803658850128e-01
7.25000000000000e+00  3.66550261576163e-01
7.27500000000000e+00  3.46700264790125e-01
7.30000000000000e+00  3.23476318329883e-01
7.32500000000000e+00  2.97132008279307e-01
7.35000000000000e+00  2.67948222033913e-01
7.37500000000000e+00  2.36229513366526e-01
7.40000000000000e+00  2.02300467492920e-01
7.42500000000000e+00  1.66502066137476e-01
7.45000000000000e+00  1.29188052598833e-01
7.47500000000000e+00  9.07212968155339e-02
7.50000000000000e+00  5.14555266318474e-02
7.52500000000000e+00  1.18000855475036e-02
7.55000000000000e+00  -2.79104635392160e-02
7.57500000000000e+00  -6.73097398938675e-02
7.60000000000000e+00  -1.06043240656226e-01
7.62500000000000e+00  -1.43770429719204e-01
7.65000000000000e+00  -1.80166826607802e-01
7.67500000000000e+00  -2.14926095358025e-01
7.70000000000000e+00  -2.47762133395823e-01
7.72500000000000e+00  -2.78411160416027e-01
7.75000000000000e+00  -3.06633807261268e-01
7.77500000000000e+00  -3.32217204800927e-01
7.80000000000000e+00  -3.54977072810052e-01
7.82500000000000e+00  -3.74754212410455e-01
7.85000000000000e+00  -3.91419228360159e-01
7.87500000000000e+00  -4.04872433933103e-01
7.90000000000000e+00  -4.15041193854938e-01
7.92500000000000e+00  -4.21882386004476e-01
7.95000000000000e+00  -4.25381331402631e-01
7.97500000000000e+00  -4.25550724201361e-01
8.00000000000000e+00  -4.22429561672609e-01
8.02500000000000e+00  -4.16082074197241e-01
8.05000000000000e+00  -4.06596655253992e-01
8.07500000000000e+00  -3.94084791408401e-01
8.10000000000000e+00  -3.78679992301759e-01
8.12500000000000e+00  -3.60667803230715e-01
8.15000000000000e+00  -3.39777597679364e-01
8.17500000000000e+00  -3.16593885973961e-01
8.20000000000000e+00  -2.91260945140714e-01
8.22500000000000e+00  -2.63947688410325e-01
8.25000000000000e+00  -2.34843631569317e-01
8.27500000000000e+00  -2.04154859311383e-01
8.30000000000000e+00  -1.72099991588714e-01
8.32500000000000e+00  -1.38906149963330e-01
8.35000000000000e+00  -1.04804923958430e-01
8.37500000000000e+00  -7.00283374097072e-02
8.40000000000000e+00  -3.48048148167047e-02
8.42500000000000e+00  6.44852305859625e-04
8.45000000000000e+00  3.61039150536422e-02
8.47500000000000e+00  7.13675408959685e-02
8.50000000000000e+00  1.06247331525922e-01
8.52500000000000e+00  1.40557238250991e-01
8.55000000000000e+00  1.74129110876371e-01
8.57500000000000e+00  2.06809576590996e-01
8.60000000000000e+00  2.38456918853576e-01
8.62500000000000e+00  2.68937956278652e-01
8.65000000000000e+00  2.98124921522616e-01
8.67500000000000e+00  3.25892340169761e-01
8.70000000000000e+00  3.52113909618319e-01
8.72500000000000e+00  3.76659377966502e-01
8.75000000000000e+00  3.99694678256339e-01
8.77500000000000e+00  4.20736742279696e-01
8.80000000000000e+00  4.40107892503716e-01
8.82500000000000e+00  4.57726191204772e-01
8.85000000000000e+00  4.73537645910164e-01
8.87500000000000e+00  4.87513104640202e-01
8.90000000000000e+00  4.99645151150268e-01
8.92500000000000e+00  5.09945000172896e-01
8.95000000000000e+00  5.18439392659845e-01
8.97500000000000e+00  5.25167491024173e-01
9.00000000000000e+00  5.30177774382308e-01
9.02500000000000e+00  5.33524933796127e-01
9.05000000000000e+00  5.35266767515022e-01
9.07500000000000e+00  5.35469440089899e-01
9.10000000000000e+00  5.34199756717226e-01
9.12500000000000e+00  5.31524618926874e-01
9.15000000000000e+00  5.27516828634982e-01
9.17500000000000e+00  5.22248749205482e-01
9.20000000000000e+00  5.15793897534809e-01
9.22500000000000e+00  5.08228536136599e-01
9.25000000000000e+00  4.99633265226386e-01
9.27500000000000e+00  4.90094614806309e-01
9.30000000000000e+00  4.79706636749810e-01
9.32500000000000e+00  4.68572496886335e-01
9.35000000000000e+00  4.56806067086035e-01
9.37500000000000e+00  4.44245693231176e-01
9.40000000000000e+00  4.31484463553135e-01
9.42500000000000e+00  4.18136073426370e-01
9.45000000000000e+00  4.04337266465918e-01
9.47500000000000e+00  3.90201196032801e-01
9.50000000000000e+00  3.75820564840172e-01
9.52500000000000e+00  3.61270764559465e-01
9.55000000000000e+00  3.46613015426546e-01
9.57500000000000e+00  3.31897505847857e-01
9.60000000000000e+00  3.17166532006570e-01
9.62500000000000e+00  3.02457637468733e-01
9.65000000000000e+00  2.87806752789417e-01
9.67500000000000e+00  2.73251335118870e-01
9.70000000000000e+00  2.58820946591729e-01
9.72500000000000e+00  2.44547224620239e-01
9.75000000000000e+00  2.30461477923972e-01
9.77500000000000e+00  2.16591339148083e-01
9.80000000000000e+00  2.02962633224377e-01
9.82500000000000e+00  1.89597567711943e-01
9.85000000000000e+00  1.76512923137788e-01
9.87500000000000e+00  1.63718243337462e-01
9.90000000000000e+00  1.51214025795694e-01
9.92500000000000e+00  1.38989911987024e-01
9.95000000000000e+00  1.27022877716435e-01
9.97500000000000e+00  1.15275423459983e-01
1.00000000000000e+01  1.03693764705437e-01
