0.00000000000000e+00  1.04382782862218e-01
2.50000000000000e-02  1.15833565738496e-01
5.00000000000000e-02  1.27569679431317e-01
7.50000000000000e-02  1.39590184562772e-01
1.00000000000000e-01  1.51893537027526e-01
1.25000000000000e-01  1.64477160982524e-01
1.50000000000000e-01  1.77337021836698e-01
1.75000000000000e-01  1.90467199240674e-01
2.00000000000000e-01  2.03859460076486e-01
2.25000000000000e-01  2.17502831447278e-01
2.50000000000000e-01  2.31383173667016e-01
2.75000000000000e-01  2.45482753250193e-01
3.00000000000000e-01  2.59779815901539e-01
3.25000000000000e-01  2.74248532051577e-01
3.50000000000000e-01  2.88858554127369e-01
3.75000000000000e-01  3.03574479001356e-01
4.00000000000000e-01  3.18357625420129e-01
4.25000000000000e-01  3.33164234971143e-01
4.50000000000000e-01  3.47946147309854e-01
4.75000000000000e-01  3.62651475386843e-01
5.00000000000000e-01  3.77225280674947e-01
5.25000000000000e-01  3.91610248396390e-01
5.50000000000000e-01  4.05747362749910e-01
5.75000000000000e-01  4.19576582137891e-01
6.00000000000000e-01  4.33037514393489e-01
6.25000000000000e-01  4.46017386281419e-01
6.50000000000000e-01  4.58516473163676e-01
6.75000000000000e-01  4.70393545330690e-01
7.00000000000000e-01  4.81578793457560e-01
7.25000000000000e-01  4.91997785981011e-01
7.50000000000000e-01  5.01572465172231e-01
7.75000000000000e-01  5.10222143209702e-01
8.00000000000000e-01  5.17864498252042e-01
8.25000000000000e-01  5.24416570510832e-01
8.50000000000000e-01  5.29795758323458e-01
8.75000000000000e-01  5.33920814225945e-01
9.00000000000000e-01  5.36712841025786e-01
9.25000000000000e-01  5.38096287874788e-01
9.50000000000000e-01  5.37999299213538e-01
9.75000000000000e-01  5.36355025617362e-01
1.00000000000000e+00  5.33102894385583e-01
1.02500000000000e+00  5.28187379282413e-01
1.05000000000000e+00  5.21560581120474e-01
1.07500000000000e+00  5.13182486144328e-01
1.10000000000000e+00  5.03021224413999e-01
1.12500000000000e+00  4.91053328188500e-01
1.15000000000000e+00  4.77263990309353e-01
1.17500000000000e+00  4.61647322584121e-01
1.20000000000000e+00  4.44206614169927e-01
1.22500000000000e+00  4.24954589956981e-01
1.25000000000000e+00  4.03969566012179e-01
1.27500000000000e+00  3.81192575007670e-01
1.30000000000000e+00  3.56773647824232e-01
1.32500000000000e+00  3.30769510523507e-01
1.35000000000000e+00  3.03255384106537e-01
1.37500000000000e+00  2.74323931214802e-01
1.40000000000000e+00  2.44084202831262e-01
1.42500000000000e+00  2.12660584981396e-01
1.45000000000000e+00  1.80191745434242e-01
1.47500000000000e+00  1.46829580403440e-01
1.50000000000000e+00  1.12738161248269e-01
1.52500000000000e+00  7.80926811746877e-02
1.55000000000000e+00  4.30784019363786e-02
1.57500000000000e+00  7.89096973439377e-03
1.60000000000000e+00  -2.72662987594628e-02
1.62500000000000e+00  -6.21831656292486e-02
1.65000000000000e+00  -9.66431762018638e-02
1.67500000000000e+00  -1.30425797657626e-01
1.70000000000000e+00  -1.63307817781171e-01
1.72500000000000e+00  -1.95064743712340e-01
1.75000000000000e+00  -2.25472200697081e-01
1.77500000000000e+00  -2.54307330838339e-01
1.80000000000000e+00  -2.81350191846950e-01
1.82500000000000e+00  -3.06385155792543e-01
1.85000000000000e+00  -3.29202307854422e-01
1.87500000000000e+00  -3.49630266212892e-01
1.90000000000000e+00  -3.67476310348852e-01
1.92500000000000e+00  -3.82583819494145e-01
1.95000000000000e+00  -3.94802192239060e-01
1.97500000000000e+00  -4.04001035133401e-01
2.00000000000000e+00  -4.10071361956169e-01
2.02500000000000e+00  -4.12926792985217e-01
2.05000000000000e+00  -4.12504754266928e-01
2.07500000000000e+00  -4.08767676885877e-01
2.10000000000000e+00  -4.01704196234502e-01
2.12500000000000e+00  -3.91330351282771e-01
2.15000000000000e+00  -3.77690783847850e-01
2.17500000000000e+00  -3.60859937863772e-01
2.20000000000000e+00  -3.40938469843981e-01
2.22500000000000e+00  -3.18057017845628e-01
2.25000000000000e+00  -2.92376122406453e-01
2.27500000000000e+00  -2.64080769078620e-01
2.30000000000000e+00  -2.33384638751693e-01
2.32500000000000e+00  -2.00527923137674e-01
2.35000000000000e+00  -1.65775140256021e-01
2.37500000000000e+00  -1.29412949918685e-01
2.40000000000000e+00  -9.17479692151386e-02
2.42500000000000e+00  -5.31045879974044e-02
2.45000000000000e+00  -1.38227843650852e-02
2.47500000000000e+00  2.57440598496077e-02
2.50000000000000e+00  6.52458073014373e-02
2.52500000000000e+00  1.04292943355054e-01
2.55000000000000e+00  1.42532497609087e-01
2.57500000000000e+00  1.79595063154771e-01
2.60000000000000e+00  2.15117357012299e-01
2.62500000000000e+00  2.48745763577403e-01
2.65000000000000e+00  2.80139878067955e-01
2.67500000000000e+00  3.08976049970551e-01
2.70000000000000e+00  3.34950926487108e-01
2.72500000000000e+00  3.57784995981447e-01
2.75000000000000e+00  3.77226131425889e-01
2.77500000000000e+00  3.93053133847845e-01
2.80000000000000e+00  4.05079275776405e-01
2.82500000000000e+00  4.13152565584777e-01
2.85000000000000e+00  4.17160398993577e-01
2.87500000000000e+00  4.17033285528332e-01
2.90000000000000e+00  4.12738664520928e-01
2.92500000000000e+00  4.04290198052349e-01
2.95000000000000e+00  3.91746828025583e-01
2.97500000000000e+00  3.75211833238515e-01
3.00000000000000e+00  3.54831886456832e-01
3.02500000000000e+00  3.30796111486916e-01
3.05000000000000e+00  3.03335140248751e-01
3.07500000000000e+00  2.72720169848818e-01
3.10000000000000e+00  2.39262019652995e-01
3.12500000000000e+00  2.03306502854752e-01
3.15000000000000e+00  1.65223775882320e-01
3.17500000000000e+00  1.25420429561116e-01
3.20000000000000e+00  8.43220378523294e-02
3.22500000000000e+00  4.23740870153805e-02
3.25000000000000e+00  3.65388268471494e-05
3.27500000000000e+00  -4.22216062005967e-02
3.30000000000000e+00  -8.39277455992478e-02
3.32500000000000e+00  -1.24611111727444e-01
3.35000000000000e+00  -1.63808208550632e-01
3.37500000000000e+00  -2.01068248422427e-01
3.40000000000000e+00  -2.35958588865687e-01
3.42500000000000e+00  -2.68070169353574e-01
3.45000000000000e+00  -2.97022827360637e-01
3.47500000000000e+00  -3.22470077670811e-01
3.50000000000000e+00  -3.44106806046312e-01
3.52500000000000e+00  -3.61663597808115e-01
3.55000000000000e+00  -3.74920681676597e-01
3.57500000000000e+00  -3.83709090697531e-01
3.60000000000000e+00  -3.87911823168067e-01
3.62500000000000e+00  -3.87465003562720e-01
3.65000000000000e+00  -3.82359043459354e-01
3.67500000000000e+00  -3.72639802465172e-01
3.70000000000000e+00  -3.58409749142697e-01
3.72500000000000e+00  -3.39829121935761e-01
3.75000000000000e+00  -3.17108373545830e-01
3.77500000000000e+00  -2.90516855565193e-01
3.80000000000000e+00  -2.60366634732677e-01
3.82500000000000e+00  -2.27013890662339e-01
3.85000000000000e+00  -1.90858770155483e-01
3.87500000000000e+00  -1.52339223201966e-01
3.90000000000000e+00  -1.11924838981496e-01
3.92500000000000e+00  -7.01106818649418e-02
3.95000000000000e+00  -2.74111274156226e-02
3.97500000000000e+00  1.56463016093857e-02
4.00000000000000e+00  5.85270992579463e-02
4.02500000000000e+00  1.00695940381565e-01
4.05000000000000e+00  1.41622844634081e-01
4.07500000000000e+00  1.80793633888295e-01
4.10000000000000e+00  2.17713656465289e-01
4.12500000000000e+00  2.51917291411855e-01
4.15000000000000e+00  2.82965229736474e-01
4.17500000000000e+00  3.10460326923095e-01
4.20000000000000e+00  3.34050950696976e-01
4.22500000000000e+00  3.53434328790514e-01
4.25000000000000e+00  3.68359896709082e-01
4.27500000000000e+00  3.78632645496869e-01
4.30000000000000e+00  3.84116469502704e-01
4.32500000000000e+00  3.84737514145902e-01
4.35000000000000e+00  3.80487523682091e-01
4.37500000000000e+00  3.71420308034898e-01
4.40000000000000e+00  3.57647470839269e-01
4.42500000000000e+00  3.39349176776041e-01
4.45000000000000e+00  3.16757225487701e-01
4.47500000000000e+00  2.90163700657861e-01
4.50000000000000e+00  2.59915087746201e-01
4.52500000000000e+00  2.26406391723416e-01
4.55000000000000e+00  1.90075254806171e-01
4.57500000000000e+00  1.51396074192038e-01
4.60000000000000e+00  1.10874119794448e-01
4.62500000000000e+00  6.90396519776421e-02
4.65000000000000e+00  2.64420392916068e-02
4.67500000000000e+00  -1.63561237929625e-02
4.70000000000000e+00  -5.87937115935810e-02
4.72500000000000e+00  -1.00311576039355e-01
4.75000000000000e+00  -1.40365051239524e-01
4.77500000000000e+00  -1.78422205491268e-01
4.80000000000000e+00  -2.13980376083174e-01
4.82500000000000e+00  -2.46571136285153e-01
4.85000000000000e+00  -2.75765262338355e-01
4.87500000000000e+00  -3.01177700445072e-01
4.90000000000000e+00  -3.22472533758657e-01
4.92500000000000e+00  -3.39367949373431e-01
4.95000000000000e+00  -3.51641205314595e-01
4.97500000000000e+00  -3.59133597528147e-01
5.00000000000000e+00  -3.61750441927282e-01
5.02500000000000e+00  -3.59448812307980e-01
5.05000000000000e+00  -3.52273330445575e-01
5.07500000000000e+00  -3.40315779852857e-01
5.10000000000000e+00  -3.23736457215882e-01
5.12500000000000e+00  -3.02759256333932e-01
5.15000000000000e+00  -2.77666752059468e-01
5.17500000000000e+00  -2.48795284238090e-01
5.20000000000000e+00  -2.16530041648496e-01
5.22500000000000e+00  -1.81300145942432e-01
5.25000000000000e+00  -1.43573735584661e-01
5.27500000000000e+00  -1.03853049792907e-01
5.30000000000000e+00  -6.26695124778216e-02
5.32500000000000e+00  -2.05672977883896e-02
5.35000000000000e+00  2.18950227173261e-02
5.37500000000000e+00  6.41567353247586e-02
5.40000000000000e+00  1.05655920880191e-01
5.42500000000000e+00  1.45843746350975e-01
5.45000000000000e+00  1.84190469990123e-01
5.47500000000000e+00  2.20191446500903e-01
5.50000000000000e+00  2.53373132201415e-01
5.52500000000000e+00  2.83299090189195e-01
5.55000000000000e+00  3.09575995505791e-01
5.57500000000000e+00  3.31859640301364e-01
5.60000000000000e+00  3.49860938999270e-01
5.62500000000000e+00  3.63347327941526e-01
5.65000000000000e+00  3.72135084032821e-01
5.67500000000000e+00  3.76120183034860e-01
5.70000000000000e+00  3.75245065114696e-01
5.72500000000000e+00  3.69520390577061e-01
5.75000000000000e+00  3.59021787510580e-01
5.77500000000000e+00  3.43886599433969e-01
5.80000000000000e+00  3.24310632942251e-01
5.82500000000000e+00  3.00544905352964e-01
5.85000000000000e+00  2.72892392352359e-01
5.87500000000000e+00  2.41704775641622e-01
5.90000000000000e+00  2.07379190583070e-01
5.92500000000000e+00  1.70354973846368e-01
5.95000000000000e+00  1.31097565956174e-01
5.97500000000000e+00  9.01014199363622e-02
6.00000000000000e+00  4.78805439661901e-02
6.02500000000000e+00  4.96464955262140e-03
6.05000000000000e+00  -3.81112805481483e-02
6.07500000000000e+00  -8.08131987312312e-02
6.10000000000000e+00  -1.22614198943618e-01
6.12500000000000e+00  -1.63000723084718e-01
6.15000000000000e+00  -2.01478767406928e-01
6.17500000000000e+00  -2.37580088916176e-01
6.20000000000000e+00  -2.70868411772483e-01
6.22500000000000e+00  -3.00945633690516e-01
6.25000000000000e+00  -3.27462668616311e-01
6.27500000000000e+00  -3.50082879361640e-01
6.30000000000000e+00  -3.68564520464488e-01
6.32500000000000e+00  -3.82689410165931e-01
6.35000000000000e+00  -3.92298279533624e-01
6.37500000000000e+00  -3.97289597730826e-01
6.40000000000000e+00  -3.97618397285427e-01
6.42500000000000e+00  -3.93295099358981e-01
6.45000000000000e+00  -3.84384339015727e-01
6.47500000000000e+00  -3.71003790491618e-01
6.50000000000000e+00  -3.53322992463350e-01
6.52500000000000e+00  -3.31562173317389e-01
6.55000000000000e+00  -3.05991076418996e-01
6.57500000000000e+00  -2.76915189850784e-01
6.60000000000000e+00  -2.44681183685301e-01
6.62500000000000e+00  -2.09669355873088e-01
6.65000000000000e+00  -1.72288884843263e-01
6.67500000000000e+00  -1.32972449294431e-01
6.70000000000000e+00  -9.21707964210025e-02
6.72500000000000e+00  -5.03473101394896e-02
6.75000000000000e+00  -7.97257931483373e-03
6.77500000000000e+00  3.44810340132990e-02
6.80000000000000e+00  7.65448264041931e-02
6.82500000000000e+00  1.17759184789778e-01
6.85000000000000e+00  1.57679018248322e-01
6.87500000000000e+00  1.95888107366656e-01
6.90000000000000e+00  2.31953270974047e-01
6.92500000000000e+00  2.65529282735248e-01
6.95000000000000e+00  2.96265447644488e-01
6.97500000000000e+00  3.23850205851873e-01
7.00000000000000e+00  3.48011990822450e-01
7.02500000000000e+00  3.68520087495298e-01
7.05000000000000e+00  3.85185490442602e-01
7.07500000000000e+00  3.97861762028733e-01
7.10000000000000e+00  4.06445890569330e-01
7.12500000000000e+00  4.10879148490373e-01
7.15000000000000e+00  4.11147950487269e-01
7.17500000000000e+00  4.07284711683926e-01
7.20000000000000e+00  3.99359045677375e-01
7.22500000000000e+00  3.87483417059750e-01
7.25000000000000e+00  3.71809534500253e-01
7.27500000000000e+00  3.52523941504459e-01
7.30000000000000e+00  3.29847519587347e-01
7.32500000000000e+00  3.04031997552178e-01
7.35000000000000e+00  2.75356460769360e-01
7.37500000000000e+00  2.44123860455330e-01
7.40000000000000e+00  2.10657522951419e-01
7.42500000000000e+00  1.75297659002732e-01
7.45000000000000e+00  1.38397873037017e-01
7.47500000000000e+00  1.00321672443537e-01
7.50000000000000e+00  6.14201630192228e-02
7.52500000000000e+00  2.20954542246792e-02
7.55000000000000e+00  -1.73123099724103e-02
7.57500000000000e+00  -5.64380587831421e-02
7.60000000000000e+00  -9.49282152980401e-02
7.62500000000000e+00  -1.32442830531825e-01
7.65000000000000e+00  -1.68657717468208e-01
7.67500000000000e+00  -2.03266585104660e-01
7.70000000000000e+00  -2.35983172497205e-01
7.72500000000000e+00  -2.66543382805192e-01
7.75000000000000e+00  -2.94707417336078e-01
7.77500000000000e+00  -3.20261909590212e-01
7.80000000000000e+00  -3.43022059305614e-01
7.82500000000000e+00  -3.62827560801281e-01
7.85000000000000e+00  -3.79547942566619e-01
7.87500000000000e+00  -3.93082533916189e-01
7.90000000000000e+00  -4.03356908465093e-01
7.92500000000000e+00  -4.10326377211396e-01
7.95000000000000e+00  -4.13974816975198e-01
7.97500000000000e+00  -4.14313498837722e-01
8.00000000000000e+00  -4.11379916580387e-01
8.02500000000000e+00  -4.05236615123892e-01
8.05000000000000e+00  -3.95970018967294e-01
8.07500000000000e+00  -3.83689260627087e-01
8.10000000000000e+00  -3.68525009076280e-01
8.12500000000000e+00  -3.50595720148157e-01
8.15000000000000e+00  -3.30150292277205e-01
8.17500000000000e+00  -3.07289105704944e-01
8.20000000000000e+00  -2.82214458742389e-01
8.22500000000000e+00  -2.55135836687707e-01
8.25000000000000e+00  -2.26268501709298e-01
8.27500000000000e+00  -1.95832082728903e-01
8.30000000000000e+00  -1.64049165304685e-01
8.32500000000000e+00  -1.31143881514318e-01
8.35000000000000e+00  -9.73404998380902e-02
8.37500000000000e+00  -6.28620150419780e-02
8.40000000000000e+00  -2.79287380607556e-02
8.42500000000000e+00  7.24311411892468e-03
8.45000000000000e+00  4.24435222634418e-02
8.47500000000000e+00  7.74694010365225e-02
8.50000000000000e+00  1.12125335189846e-01
8.52500000000000e+00  1.46226292086839e-01
8.55000000000000e+00  1.79597299171612e-01
8.57500000000000e+00  2.12074490159316e-01
8.60000000000000e+00  2.43506151226515e-01
8.62500000000000e+00  2.73753767201566e-01
8.65000000000000e+00  3.02693067754971e-01
8.67500000000000e+00  3.30215073589754e-01
8.70000000000000e+00  3.56227142631832e-01
8.72500000000000e+00  3.80654016220385e-01
8.75000000000000e+00  4.03383333606567e-01
8.77500000000000e+00  4.24433078708205e-01
8.80000000000000e+00  4.43694358422787e-01
8.82500000000000e+00  4.61144782644749e-01
8.85000000000000e+00  4.76771646039900e-01
8.87500000000000e+00  4.90571670081510e-01
8.90000000000000e+00  5.02550745086380e-01
8.92500000000000e+00  5.12723672250930e-01
8.95000000000000e+00  5.21113905687280e-01
8.97500000000000e+00  5.27753294459328e-01
9.00000000000000e+00  5.32681824618833e-01
9.02500000000000e+00  5.35947361241496e-01
9.05000000000000e+00  5.37605390463042e-01
9.07500000000000e+00  5.37716438756741e-01
9.10000000000000e+00  5.36347305268255e-01
9.12500000000000e+00  5.33569792393050e-01
9.15000000000000e+00  5.29459393385143e-01
9.17500000000000e+00  5.24094947314377e-01
9.20000000000000e+00  5.17557643768856e-01
9.22500000000000e+00  5.09930027557380e-01
9.25000000000000e+00  5.01295003411872e-01
9.27500000000000e+00  4.91734840689823e-01
9.30000000000000e+00  4.81330178076713e-01
9.32500000000000e+00  4.70159028288455e-01
9.35000000000000e+00  4.58295782773818e-01
9.37500000000000e+00  4.45862888278257e-01
9.40000000000000e+00  4.32843456599958e-01
9.42500000000000e+00  4.19395261735168e-01
9.45000000000000e+00  4.05578344582482e-01
9.47500000000000e+00  3.91453073557514e-01
9.50000000000000e+00  3.77079469507603e-01
9.52500000000000e+00  3.62516530626540e-01
9.55000000000000e+00  3.47821557369275e-01
9.57500000000000e+00  3.33049477366635e-01
9.60000000000000e+00  3.18252170340043e-01
9.62500000000000e+00  3.03477793016230e-01
9.65000000000000e+00  2.88770104041946e-01
9.67500000000000e+00  2.74167788898686e-01
9.70000000000000e+00  2.59706257645102e-01
9.72500000000000e+00  2.45415868356025e-01
9.75000000000000e+00  2.31322464013754e-01
9.77500000000000e+00  2.17447815009738e-01
9.80000000000000e+00  2.03809673093837e-01
9.82500000000000e+00  1.90422198014118e-01
9.85000000000000e+00  1.77296384156636e-01
9.87500000000000e+00  1.64440487185230e-01
9.90000000000000e+00  1.51860450681303e-01
9.92500000000000e+00  1.39560332783619e-01
9.95000000000000e+00  1.27542732828087e-01
9.97500000000000e+00  1.15809217987550e-01
1.00000000000000e+01  1.04360749911580e-01
