0.00000000000000e+00  1.03272108290400e-01
2.50000000000000e-02  1.14653451833744e-01
5.00000000000000e-02  1.26301713797997e-01
7.50000000000000e-02  1.38224031995095e-01
1.00000000000000e-01  1.50424503152636e-01
1.25000000000000e-01  1.62904128986954e-01
1.50000000000000e-01  1.75660762276191e-01
1.75000000000000e-01  1.88689052933377e-01
2.00000000000000e-01  2.01980394079502e-01
2.25000000000000e-01  2.15522868116588e-01
2.50000000000000e-01  2.29301192800773e-01
2.75000000000000e-01  2.43296667315376e-01
3.00000000000000e-01  2.57487118343979e-01
3.25000000000000e-01  2.71845647706421e-01
3.50000000000000e-01  2.86341560748902e-01
3.75000000000000e-01  3.00940607585291e-01
4.00000000000000e-01  3.15603525916476e-01
4.25000000000000e-01  3.30287185880202e-01
4.50000000000000e-01  3.44944664934898e-01
4.75000000000000e-01  3.59525322743491e-01
5.00000000000000e-01  3.73974876057240e-01
5.25000000000000e-01  3.88235473599550e-01
5.50000000000000e-01  4.02245770949802e-01
5.75000000000000e-01  4.15941005427174e-01
6.00000000000000e-01  4.29253070974463e-01
6.25000000000000e-01  4.42106520183585e-01
6.50000000000000e-01  4.54435785927632e-01
6.75000000000000e-01  4.66152963236864e-01
7.00000000000000e-01  4.77181629776698e-01
7.25000000000000e-01  4.87442551729451e-01
7.50000000000000e-01  4.96854416843188e-01
7.75000000000000e-01  5.05334567480569e-01
8.00000000000000e-01  5.12799733667705e-01
8.25000000000000e-01  5.19166766143002e-01
8.50000000000000e-01  5.24353369406011e-01
8.75000000000000e-01  5.28278834766280e-01
9.00000000000000e-01  5.30864773392203e-01
9.25000000000000e-01  5.32035849359865e-01
9.50000000000000e-01  5.31720512701900e-01
9.75000000000000e-01  5.29851732456333e-01
1.00000000000000e+00  5.26367729715430e-01
1.02500000000000e+00  5.21212710674555e-01
1.05000000000000e+00  5.14337599681009e-01
1.07500000000000e+00  5.05700772282887e-01
1.10000000000000e+00  4.95268788277925e-01
1.12500000000000e+00  4.83017124762350e-01
1.15000000000000e+00  4.68930909179727e-01
1.17500000000000e+00  4.53005652369814e-01
1.20000000000000e+00  4.35247981617404e-01
1.22500000000000e+00  4.15676373701182e-01
1.25000000000000e+00  3.94320358790304e-01
1.27500000000000e+00  3.71226284274421e-01
1.30000000000000e+00  3.46450804669021e-01
1.32500000000000e+00  3.20062764491579e-01
1.35000000000000e+00  2.92145434005508e-01
1.37500000000000e+00  2.62796166394589e-01
1.40000000000000e+00  2.32126054937414e-01
1.42500000000000e+00  2.00259590181827e-01
1.45000000000000e+00  1.67334317119353e-01
1.47500000000000e+00  1.33500492359651e-01
1.50000000000000e+00  9.89207413049375e-02
1.52500000000000e+00  6.37697153244367e-02
1.55000000000000e+00  2.82337489288148e-02
1.57500000000000e+00  -7.49267078809764e-03
1.60000000000000e+00  -4.32055789150739e-02
1.62500000000000e+00  -7.86930213659472e-02
1.65000000000000e+00  -1.13738049681682e-01
1.67500000000000e+00  -1.48118396214274e-01
1.70000000000000e+00  -1.81608411625272e-01
1.72500000000000e+00  -2.13981002384284e-01
1.75000000000000e+00  -2.45009568267505e-01
1.77500000000000e+00  -2.74469939856228e-01
1.80000000000000e+00  -3.02142316035355e-01
1.82500000000000e+00  -3.27813201491924e-01
1.85000000000000e+00  -3.51277344213616e-01
1.87500000000000e+00  -3.72339060774682e-01
1.90000000000000e+00  -3.90817656899036e-01
1.92500000000000e+00  -4.06546007927614e-01
1.95000000000000e+00  -4.19371878508942e-01
1.97500000000000e+00  -4.29162735989301e-01
2.00000000000000e+00  -4.35807023260302e-01
2.02500000000000e+00  -4.39215431606472e-01
2.05000000000000e+00  -4.39322173552832e-01
2.07500000000000e+00  -4.36086255712475e-01
2.10000000000000e+00  -4.29492751634152e-01
2.12500000000000e+00  -4.19554074649848e-01
2.15000000000000e+00  -4.06311250722365e-01
2.17500000000000e+00  -3.89835191292900e-01
2.20000000000000e+00  -3.70223624753441e-01
2.22500000000000e+00  -3.47604444845440e-01
2.25000000000000e+00  -3.22135622470066e-01
2.27500000000000e+00  -2.94000289224196e-01
2.30000000000000e+00  -2.63410409052043e-01
2.32500000000000e+00  -2.30604589872262e-01
2.35000000000000e+00  -1.95845895205044e-01
2.37500000000000e+00  -1.59419655799217e-01
2.40000000000000e+00  -1.21631281259346e-01
2.42500000000000e+00  -8.28040716728317e-02
2.45000000000000e+00  -4.32770292370112e-02
2.47500000000000e+00  -3.40266988625312e-03
2.50000000000000e+00  3.64621623123715e-02
2.52500000000000e+00  7.59409161661478e-02
2.55000000000000e+00  1.14667782582530e-01
2.57500000000000e+00  1.52273941041714e-01
2.60000000000000e+00  1.88395880342988e-01
2.62500000000000e+00  2.22679048874377e-01
2.65000000000000e+00  2.54781504882287e-01
2.67500000000000e+00  2.84377566741145e-01
2.70000000000000e+00  3.11161463223052e-01
2.72500000000000e+00  3.34850983767418e-01
2.75000000000000e+00  3.55191128750610e-01
2.77500000000000e+00  3.71957759755596e-01
2.80000000000000e+00  3.84961249841587e-01
2.82500000000000e+00  3.94046414539247e-01
2.85000000000000e+00  3.99097635017631e-01
2.87500000000000e+00  4.00042518206415e-01
2.90000000000000e+00  3.96845429394256e-01
2.92500000000000e+00  3.89516992651911e-01
2.95000000000000e+00  3.78113103904063e-01
2.97500000000000e+00  3.62733944001140e-01
3.00000000000000e+00  3.43522991791142e-01
3.02500000000000e+00  3.20666037191460e-01
3.05000000000000e+00  2.94390194260699e-01
3.07500000000000e+00  2.64962914270501e-01
3.10000000000000e+00  2.32690998777367e-01
3.12500000000000e+00  1.97920348531550e-01
3.15000000000000e+00  1.61014260860002e-01
3.17500000000000e+00  1.22379159777388e-01
3.20000000000000e+00  8.24371559562504e-02
3.22500000000000e+00  4.16304911282197e-02
3.25000000000000e+00  4.16074469124534e-04
3.27500000000000e+00  -4.07399810158906e-02
3.30000000000000e+00  -8.13678221072514e-02
3.32500000000000e+00  -1.20999318985844e-01
3.35000000000000e+00  -1.59173528847902e-01
3.37500000000000e+00  -1.95442159519888e-01
3.40000000000000e+00  -2.29375033073383e-01
3.42500000000000e+00  -2.60565549439971e-01
3.45000000000000e+00  -2.88635850860953e-01
3.47500000000000e+00  -3.13241747416191e-01
3.50000000000000e+00  -3.34080421722062e-01
3.52500000000000e+00  -3.50884623399588e-01
3.55000000000000e+00  -3.63436718099197e-01
3.57500000000000e+00  -3.71569827398933e-01
3.60000000000000e+00  -3.75168968702668e-01
3.62500000000000e+00  -3.74172195138320e-01
3.65000000000000e+00  -3.68571735456066e-01
3.67500000000000e+00  -3.58415133926551e-01
3.70000000000000e+00  -3.43806390239109e-01
3.72500000000000e+00  -3.24907099399970e-01
3.75000000000000e+00  -3.01927053836791e-01
3.77500000000000e+00  -2.75144994664302e-01
3.80000000000000e+00  -2.44866934224019e-01
3.82500000000000e+00  -2.11451240529000e-01
3.85000000000000e+00  -1.75299890245915e-01
3.87500000000000e+00  -1.36852325945012e-01
3.90000000000000e+00  -9.65793133500809e-02
3.92500000000000e+00  -5.49767985884278e-02
3.95000000000000e+00  -1.25597654408305e-02
3.97500000000000e+00  3.01439074084934e-02
4.00000000000000e+00  7.25995891219161e-02
4.02500000000000e+00  1.14272039458439e-01
4.05000000000000e+00  1.54631551523721e-01
4.07500000000000e+00  1.93164701948901e-01
4.10000000000000e+00  2.29376925620478e-01
4.12500000000000e+00  2.62803948077624e-01
4.15000000000000e+00  2.93007652031534e-01
4.17500000000000e+00  3.19592314309831e-01
4.20000000000000e+00  3.42208028828810e-01
4.22500000000000e+00  3.60554129565666e-01
4.25000000000000e+00  3.74382613530735e-01
4.27500000000000e+00  3.83501563739733e-01
4.30000000000000e+00  3.87778572185987e-01
4.32500000000000e+00  3.87144162812679e-01
4.35000000000000e+00  3.81595214485073e-01
4.37500000000000e+00  3.71183749460993e-01
4.40000000000000e+00  3.56040044752111e-01
4.42500000000000e+00  3.36337018876277e-01
4.45000000000000e+00  3.12313857972480e-01
4.47500000000000e+00  2.84269780614962e-01
4.50000000000000e+00  2.52558206287431e-01
4.52500000000000e+00  2.17580923857290e-01
4.55000000000000e+00  1.79782260049855e-01
4.57500000000000e+00  1.39643247922573e-01
4.60000000000000e+00  9.76757953392455e-02
4.62500000000000e+00  5.44168534442553e-02
4.65000000000000e+00  1.04225851367732e-02
4.67500000000000e+00  -3.37374664550040e-02
4.70000000000000e+00  -7.74954691991846e-02
4.72500000000000e+00  -1.20285524434276e-01
4.75000000000000e+00  -1.61556324496157e-01
4.77500000000000e+00  -2.00769483057469e-01
4.80000000000000e+00  -2.37416175918996e-01
4.82500000000000e+00  -2.71022193115381e-01
4.85000000000000e+00  -3.01152991020856e-01
4.87500000000000e+00  -3.27418744454935e-01
4.90000000000000e+00  -3.49479398788153e-01
4.92500000000000e+00  -3.67049722047765e-01
4.95000000000000e+00  -3.79904357023467e-01
4.97500000000000e+00  -3.87882873373116e-01
5.00000000000000e+00  -3.90882891213937e-01
5.02500000000000e+00  -3.88871527373350e-01
5.05000000000000e+00  -3.81883242564071e-01
5.07500000000000e+00  -3.70010936521849e-01
5.10000000000000e+00  -3.53416403106535e-01
5.12500000000000e+00  -3.32325430190580e-01
5.15000000000000e+00  -3.07022899547514e-01
5.17500000000000e+00  -2.77847886740436e-01
5.20000000000000e+00  -2.45188761010505e-01
5.22500000000000e+00  -2.09478285165423e-01
5.25000000000000e+00  -1.71188715467927e-01
5.27500000000000e+00  -1.30826901524269e-01
5.30000000000000e+00  -8.89293861727139e-02
5.32500000000000e+00  -4.60458863964051e-02
5.35000000000000e+00  -2.74090421306653e-03
5.37500000000000e+00  4.04183650169735e-02
5.40000000000000e+00  8.28634282834835e-02
5.42500000000000e+00  1.24038522863298e-01
5.45000000000000e+00  1.63406773514342e-01
5.47500000000000e+00  2.00456349669661e-01
5.50000000000000e+00  2.34706622631428e-01
5.52500000000000e+00  2.65714322764983e-01
5.55000000000000e+00  2.93079696692839e-01
5.57500000000000e+00  3.16452664488716e-01
5.60000000000000e+00  3.35538976871560e-01
5.62500000000000e+00  3.50093826728163e-01
5.65000000000000e+00  3.59938341560942e-01
5.67500000000000e+00  3.64953482434774e-01
5.70000000000000e+00  3.65077819144655e-01
5.72500000000000e+00  3.60318106639950e-01
5.75000000000000e+00  3.50746109778752e-01
5.77500000000000e+00  3.36495428082240e-01
5.80000000000000e+00  3.17758320489039e-01
5.82500000000000e+00  2.94782530109583e-01
5.85000000000000e+00  2.67868108980470e-01
5.87500000000000e+00  2.37364242818826e-01
5.90000000000000e+00  2.03666075776656e-01
5.92500000000000e+00  1.67211535195218e-01
5.95000000000000e+00  1.28464375270623e-01
5.97500000000000e+00  8.79189646945570e-02
6.00000000000000e+00  4.60888445459256e-02
6.02500000000000e+00  3.50381725481318e-03
6.05000000000000e+00  -3.93007164720597e-02
6.07500000000000e+00  -8.17900276330654e-02
6.10000000000000e+00  -1.23436328913427e-01
6.12500000000000e+00  -1.63725044666948e-01
6.15000000000000e+00  -2.02161080897769e-01
6.17500000000000e+00  -2.38275095242100e-01
6.20000000000000e+00  -2.71629766949968e-01
6.22500000000000e+00  -3.01826066866966e-01
6.25000000000000e+00  -3.28510993230920e-01
6.27500000000000e+00  -3.51347766494554e-01
6.30000000000000e+00  -3.70091990578637e-01
6.32500000000000e+00  -3.84523874248186e-01
6.35000000000000e+00  -3.94482486398303e-01
6.37500000000000e+00  -3.99864592741245e-01
6.40000000000000e+00  -4.00623492493502e-01
6.42500000000000e+00  -3.96767855062871e-01
6.45000000000000e+00  -3.88360556735532e-01
6.47500000000000e+00  -3.75517517363119e-01
6.50000000000000e+00  -3.58406537049800e-01
6.52500000000000e+00  -3.37246132839347e-01
6.55000000000000e+00  -3.12304375402213e-01
6.57500000000000e+00  -2.83885143386514e-01
6.60000000000000e+00  -2.52333506192088e-01
6.62500000000000e+00  -2.18028234140787e-01
6.65000000000000e+00  -1.81376985166445e-01
6.67500000000000e+00  -1.42810951378175e-01
6.70000000000000e+00  -1.02779398227479e-01
6.72500000000000e+00  -6.17442036753328e-02
6.75000000000000e+00  -2.01743973592937e-02
6.77500000000000e+00  2.14593002394127e-02
6.80000000000000e+00  6.26899386287833e-02
6.82500000000000e+00  1.03059798138946e-01
6.85000000000000e+00  1.42125850755064e-01
6.87500000000000e+00  1.79464729208115e-01
6.90000000000000e+00  2.14670900049958e-01
6.92500000000000e+00  2.47378471255045e-01
6.95000000000000e+00  2.77241556375026e-01
6.97500000000000e+00  3.03952712141246e-01
7.00000000000000e+00  3.27243911421509e-01
7.02500000000000e+00  3.46887516176859e-01
7.05000000000000e+00  3.62697250418350e-01
7.07500000000000e+00  3.74529173163823e-01
7.10000000000000e+00  3.82282651394679e-01
7.12500000000000e+00  3.85901333012649e-01
7.15000000000000e+00  3.85374119796574e-01
7.17500000000000e+00  3.80736140359175e-01
7.20000000000000e+00  3.72059544092051e-01
7.22500000000000e+00  3.59459615543714e-01
7.25000000000000e+00  3.43091208011168e-01
7.27500000000000e+00  3.23143773113397e-01
7.30000000000000e+00  2.99841246538175e-01
7.32500000000000e+00  2.73438406101930e-01
7.35000000000000e+00  2.44217229809603e-01
7.37500000000000e+00  2.12483253914516e-01
7.40000000000000e+00  1.78561930978224e-01
7.42500000000000e+00  1.42794987930385e-01
7.45000000000000e+00  1.05536784128621e-01
7.47500000000000e+00  6.71506694183719e-02
7.50000000000000e+00  2.79987901373244e-02
7.52500000000000e+00  -1.15339152827571e-02
7.55000000000000e+00  -5.10901603647271e-02
7.57500000000000e+00  -9.03065120836650e-02
7.60000000000000e+00  -1.28830757766615e-01
7.62500000000000e+00  -1.66324108654297e-01
7.65000000000000e+00  -2.02463403462847e-01
7.67500000000000e+00  -2.36943311945525e-01
7.70000000000000e+00  -2.69478538454452e-01
7.72500000000000e+00  -2.99806025502331e-01
7.75000000000000e+00  -3.27687157324164e-01
7.77500000000000e+00  -3.52909963438988e-01
7.80000000000000e+00  -3.75291322211589e-01
7.82500000000000e+00  -3.94673154020358e-01
7.85000000000000e+00  -4.10927612202347e-01
7.87500000000000e+00  -4.23956857910040e-01
7.90000000000000e+00  -4.33689885114040e-01
7.92500000000000e+00  -4.40085587877144e-01
7.95000000000000e+00  -4.43131472283960e-01
7.97500000000000e+00  -4.42842368370525e-01
8.00000000000000e+00  -4.39259142053927e-01
8.02500000000000e+00  -4.32447407061913e-01
8.05000000000000e+00  -4.22496236862514e-01
8.07500000000000e+00  -4.09516876593663e-01
8.10000000000000e+00  -3.93641454992804e-01
8.12500000000000e+00  -3.75024281215812e-01
8.15000000000000e+00  -3.53826604801125e-01
8.17500000000000e+00  -3.30234150080174e-01
8.20000000000000e+00  -3.04441282455904e-01
8.22500000000000e+00  -2.76652694481778e-01
8.25000000000000e+00  -2.47081445737659e-01
8.27500000000000e+00  -2.15947002705723e-01
8.30000000000000e+00  -1.83473278646351e-01
8.32500000000000e+00  -1.49886673474015e-01
8.35000000000000e+00  -1.15414113633194e-01
8.37500000000000e+00  -8.02810919742451e-02
8.40000000000000e+00  -4.47097076293271e-02
8.42500000000000e+00  -8.91670588828003e-03
8.45000000000000e+00  2.68861212735756e-02
8.47500000000000e+00  6.24950054507647e-02
8.50000000000000e+00  9.77156668391962e-02
8.52500000000000e+00  1.32361974854841e-01
8.55000000000000e+00  1.66259482127308e-01
8.57500000000000e+00  1.99245755346606e-01
8.60000000000000e+00  2.31170706109915e-01
8.62500000000000e+00  2.61896921768369e-01
8.65000000000000e+00  2.91299996273808e-01
8.67500000000000e+00  3.19268861025565e-01
8.70000000000000e+00  3.45706115717230e-01
8.72500000000000e+00  3.70528359183422e-01
8.75000000000000e+00  3.93668534413537e-01
8.77500000000000e+00  4.15066251926444e-01
8.80000000000000e+00  4.34679201092660e-01
8.82500000000000e+00  4.52476382147359e-01
8.85000000000000e+00  4.68439373795951e-01
8.87500000000000e+00  4.82561600507063e-01
8.90000000000000e+00  4.94847599805512e-01
8.92500000000000e+00  5.05312289565287e-01
8.95000000000000e+00  5.13980235302522e-01
8.97500000000000e+00  5.20884917468477e-01
9.00000000000000e+00  5.26067998742517e-01
9.02500000000000e+00  5.29578591325084e-01
9.05000000000000e+00  5.31472524230680e-01
9.07500000000000e+00  5.31811610580840e-01
9.10000000000000e+00  5.30662914897115e-01
9.12500000000000e+00  5.28098020394044e-01
9.15000000000000e+00  5.24192296272137e-01
9.17500000000000e+00  5.19024165010847e-01
9.20000000000000e+00  5.12674369661552e-01
9.22500000000000e+00  5.05225241140531e-01
9.25000000000000e+00  4.96759965521940e-01
9.27500000000000e+00  4.87361851330793e-01
9.30000000000000e+00  4.77113596835936e-01
9.32500000000000e+00  4.66096557343030e-01
9.35000000000000e+00  4.54390012487520e-01
9.37500000000000e+00  4.42074478377591e-01
9.40000000000000e+00  4.29225722995898e-01
9.42500000000000e+00  4.15921539621821e-01
9.45000000000000e+00  4.02233351559779e-01
9.47500000000000e+00  3.88229312149947e-01
9.50000000000000e+00  3.73974229962298e-01
9.52500000000000e+00  3.59529493990648e-01
9.55000000000000e+00  3.44952998846702e-01
9.57500000000000e+00  3.30299069954090e-01
9.60000000000000e+00  3.15618388742419e-01
9.62500000000000e+00  3.00957917841307e-01
9.65000000000000e+00  2.86360826274432e-01
9.67500000000000e+00  2.71866414653574e-01
9.70000000000000e+00  2.57508969284446e-01
9.72500000000000e+00  2.43319220164269e-01
9.75000000000000e+00  2.29324099320702e-01
9.77500000000000e+00  2.15545812086215e-01
9.80000000000000e+00  2.02003089435908e-01
9.82500000000000e+00  1.88711241700466e-01
9.85000000000000e+00  1.75682212279111e-01
9.87500000000000e+00  1.62924631352557e-01
9.90000000000000e+00  1.50443869595960e-01
9.92500000000000e+00  1.38242091891880e-01
9.95000000000000e+00  1.26318311043230e-01
9.97500000000000e+00  1.14668441486230e-01
1.00000000000000e+01  1.03285353003368e-01
