0.00000000000000e+00  5.00008168711274e-01
2.50000000000000e-02  5.00009678864365e-01
5.00000000000000e-02  5.00011090367735e-01
7.50000000000000e-02  5.00012443801249e-01
1.00000000000000e-01  5.00013775711955e-01
1.25000000000000e-01  5.00015118879817e-01
1.50000000000000e-01  5.00016502583451e-01
1.75000000000000e-01  5.00017952865864e-01
2.00000000000000e-01  5.00019492800190e-01
2.25000000000000e-01  5.00021142755421e-01
2.50000000000000e-01  5.00022920662151e-01
2.75000000000000e-01  5.00024842278311e-01
3.00000000000000e-01  5.00026921454900e-01
3.25000000000000e-01  5.00029170624535e-01
3.50000000000000e-01  5.00031600989871e-01
3.75000000000000e-01  5.00034222717299e-01
4.00000000000000e-01  5.00037046136389e-01
4.25000000000000e-01  5.00040081372787e-01
4.50000000000000e-01  5.00043339007900e-01
4.75000000000000e-01  5.00046830738571e-01
5.00000000000000e-01  5.00050570036766e-01
5.25000000000000e-01  5.00054572809254e-01
5.50000000000000e-01  5.00058858057290e-01
5.75000000000000e-01  5.00063448536292e-01
6.00000000000000e-01  5.00068371415528e-01
6.25000000000000e-01  5.00073624392799e-01
6.50000000000000e-01  5.00079304439590e-01
6.75000000000000e-01  5.00085387313543e-01
7.00000000000000e-01  5.00091920037011e-01
7.25000000000000e-01  5.00098952317564e-01
7.50000000000000e-01  5.00106537274448e-01
7.75000000000000e-01  5.00114732165039e-01
8.00000000000000e-01  5.00123599111304e-01
8.25000000000000e-01  5.00133205826260e-01
8.50000000000000e-01  5.00143626340428e-01
8.75000000000000e-01  5.00154941728291e-01
9.00000000000000e-01  5.00167240834757e-01
9.25000000000000e-01  5.00180621001611e-01
9.50000000000000e-01  5.00195187898490e-01
9.75000000000000e-01  5.00211056711322e-01
1.00000000000000e+00  5.00228352817117e-01
1.02500000000000e+00  5.00247210747685e-01
1.05000000000000e+00  5.00267775941641e-01
1.07500000000000e+00  5.00290204730774e-01
1.10000000000000e+00  5.00314664326409e-01
1.12500000000000e+00  5.00341332805773e-01
1.15000000000000e+00  5.00370399098361e-01
1.17500000000000e+00  5.00402062972299e-01
1.20000000000000e+00  5.00436535020707e-01
1.22500000000000e+00  5.00474036648067e-01
1.25000000000000e+00  5.00515491254882e-01
1.27500000000000e+00  5.00560762826839e-01
1.30000000000000e+00  5.00610203672509e-01
1.32500000000000e+00  5.00664187788442e-01
1.35000000000000e+00  5.00723119744636e-01
1.37500000000000e+00  5.00787435930585e-01
1.40000000000000e+00  5.00857605801344e-01
1.42500000000000e+00  5.00934133123574e-01
1.45000000000000e+00  5.01017557221604e-01
1.47500000000000e+00  5.01108454223481e-01
1.50000000000000e+00  5.01207438307031e-01
1.52500000000000e+00  5.01315162945907e-01
1.55000000000000e+00  5.01432322155647e-01
1.57500000000000e+00  5.01559652138130e-01
1.60000000000000e+00  5.01697932164164e-01
1.62500000000000e+00  5.01847986835007e-01
1.65000000000000e+00  5.02010684657714e-01
1.67500000000000e+00  5.02186941879333e-01
1.70000000000000e+00  5.02377723087814e-01
1.72500000000000e+00  5.02584041812917e-01
1.75000000000000e+00  5.02806961127141e-01
1.77500000000000e+00  5.03047594246643e-01
1.80000000000000e+00  5.03307105132186e-01
1.82500000000000e+00  5.03586709090080e-01
1.85000000000000e+00  5.03887673373149e-01
1.87500000000000e+00  5.04211374855513e-01
1.90000000000000e+00  5.04559091507823e-01
1.92500000000000e+00  5.04932366074492e-01
1.95000000000000e+00  5.05332687684968e-01
1.97500000000000e+00  5.05761610059510e-01
2.00000000000000e+00  5.06220751758283e-01
2.02500000000000e+00  5.06711796430444e-01
2.05000000000000e+00  5.07236493063300e-01
2.07500000000000e+00  5.07796656231495e-01
2.10000000000000e+00  5.08394166346278e-01
2.12500000000000e+00  5.09030969904757e-01
2.15000000000000e+00  5.09709079739294e-01
2.17500000000000e+00  5.10430575266913e-01
2.20000000000000e+00  5.11197605616858e-01
2.22500000000000e+00  5.12012388011790e-01
2.25000000000000e+00  5.12877209230644e-01
2.27500000000000e+00  5.13794427218561e-01
2.30000000000000e+00  5.14766471411109e-01
2.32500000000000e+00  5.15795843864639e-01
2.35000000000000e+00  5.16885120386607e-01
2.37500000000000e+00  5.18036951665732e-01
2.40000000000000e+00  5.19254064402129e-01
2.42500000000000e+00  5.20539262437339e-01
2.45000000000000e+00  5.21895427884262e-01
2.47500000000000e+00  5.23325522256944e-01
2.50000000000000e+00  5.24831150036136e-01
2.52500000000000e+00  5.26417840386382e-01
2.55000000000000e+00  5.28087793619337e-01
2.57500000000000e+00  5.29844139806672e-01
2.60000000000000e+00  5.31690094201684e-01
2.62500000000000e+00  5.33628944004311e-01
2.65000000000000e+00  5.35664035126147e-01
2.67500000000000e+00  5.37798758955550e-01
2.70000000000000e+00  5.40036539122826e-01
2.72500000000000e+00  5.42380818265512e-01
2.75000000000000e+00  5.44835044793667e-01
2.77500000000000e+00  5.47402659655332e-01
2.80000000000000e+00  5.50087083102004e-01
2.82500000000000e+00  5.52891698806065e-01
2.85000000000000e+00  5.55819842608092e-01
2.87500000000000e+00  5.58874788209542e-01
2.90000000000000e+00  5.62059732143335e-01
2.92500000000000e+00  5.65377781160545e-01
2.95000000000000e+00  5.68831938176756e-01
2.97500000000000e+00  5.72425088217727e-01
3.00000000000000e+00  5.76159984360443e-01
3.02500000000000e+00  5.80039233675399e-01
3.05000000000000e+00  5.84065283166514e-01
3.07500000000000e+00  5.88240405710811e-01
3.10000000000000e+00  5.92566685998079e-01
3.12500000000000e+00  5.97045042674781e-01
3.15000000000000e+00  6.01678655260656e-01
3.17500000000000e+00  6.06467652652574e-01
3.20000000000000e+00  6.11413209988303e-01
3.22500000000000e+00  6.16516180094202e-01
3.25000000000000e+00  6.21777090883215e-01
3.27500000000000e+00  6.27196142752881e-01
3.30000000000000e+00  6.32773205983241e-01
3.32500000000000e+00  6.38507818135399e-01
3.35000000000000e+00  6.44399181450523e-01
3.37500000000000e+00  6.50446160249774e-01
3.40000000000000e+00  6.56647278334331e-01
3.42500000000000e+00  6.63000716385364e-01
3.45000000000000e+00  6.69504310384030e-01
3.47500000000000e+00  6.76155548115186e-01
3.50000000000000e+00  6.82951567159059e-01
3.52500000000000e+00  6.89889151920245e-01
3.55000000000000e+00  6.96964731465349e-01
3.57500000000000e+00  7.04174376794100e-01
3.60000000000000e+00  7.11513798111718e-01
3.62500000000000e+00  7.18978342109045e-01
3.65000000000000e+00  7.26562989239928e-01
3.67500000000000e+00  7.34262351002215e-01
3.70000000000000e+00  7.42070667218924e-01
3.72500000000000e+00  7.49981803320740e-01
3.75000000000000e+00  7.57984154815655e-01
3.77500000000000e+00  7.66081157937478e-01
3.80000000000000e+00  7.74259426809979e-01
3.82500000000000e+00  7.82511712799268e-01
3.85000000000000e+00  7.90830301668498e-01
3.87500000000000e+00  7.99207035261770e-01
3.90000000000000e+00  8.07633333188041e-01
3.92500000000000e+00  8.16100214504942e-01
3.95000000000000e+00  8.24598319402546e-01
3.97500000000000e+00  8.33117930887001e-01
4.00000000000000e+00  8.41648996464186e-01
4.02500000000000e+00  8.50181149823127e-01
4.05000000000000e+00  8.58703732519368e-01
4.07500000000000e+00  8.67205815910133e-01
4.10000000000000e+00  8.75676221500688e-01
4.12500000000000e+00  8.84103544954228e-01
4.15000000000000e+00  8.92476176475777e-01
4.17500000000000e+00  9.00782322560684e-01
4.20000000000000e+00  9.09010027975035e-01
4.22500000000000e+00  9.17147197738183e-01
4.25000000000000e+00  9.25181619120380e-01
4.27500000000000e+00  9.33100983639925e-01
4.30000000000000e+00  9.40892909069007e-01
4.32500000000000e+00  9.48544961443107e-01
4.35000000000000e+00  9.56044677072834e-01
4.37500000000000e+00  9.63380488254747e-01
4.40000000000000e+00  9.70538154714923e-01
4.42500000000000e+00  9.77507985493649e-01
4.45000000000000e+00  9.84277897226329e-01
4.47500000000000e+00  9.90836139426464e-01
4.50000000000000e+00  9.97171312145084e-01
4.52500000000000e+00  1.00327238363018e+00
4.55000000000000e+00  1.00912870798620e+00
4.57500000000000e+00  1.01473004283352e+00
4.60000000000000e+00  1.02006656696807e+00
4.62500000000000e+00  1.02512889802086e+00
4.65000000000000e+00  1.02990811011764e+00
4.67500000000000e+00  1.03439575153861e+00
4.70000000000000e+00  1.03858386294270e+00
4.72500000000000e+00  1.04246499464920e+00
4.75000000000000e+00  1.04603222476910e+00
4.77500000000000e+00  1.04927917624926e+00
4.80000000000000e+00  1.05220003528368e+00
4.82500000000000e+00  1.05478956886822e+00
4.85000000000000e+00  1.05704314235500e+00
4.87500000000000e+00  1.05895673700526e+00
4.90000000000000e+00  1.06052696754198e+00
4.92500000000000e+00  1.06175109970142e+00
4.95000000000000e+00  1.06262706778391e+00
4.97500000000000e+00  1.06315349220298e+00
5.00000000000000e+00  1.06332969710856e+00
5.02500000000000e+00  1.06315347191064e+00
5.05000000000000e+00  1.06262702744998e+00
5.07500000000000e+00  1.06175103993234e+00
5.10000000000000e+00  1.06052688921478e+00
5.12500000000000e+00  1.05895664125496e+00
5.15000000000000e+00  1.05704303056054e+00
5.17500000000000e+00  1.05478944263644e+00
5.20000000000000e+00  1.05219989643031e+00
5.22500000000000e+00  1.04927902677556e+00
5.25000000000000e+00  1.04603206683391e+00
5.27500000000000e+00  1.04246483053339e+00
5.30000000000000e+00  1.03858369500574e+00
5.32500000000000e+00  1.03439558219404e+00
5.35000000000000e+00  1.02990794180080e+00
5.37500000000000e+00  1.02512873320689e+00
5.40000000000000e+00  1.02006640799908e+00
5.42500000000000e+00  1.01472989196121e+00
5.45000000000000e+00  1.00912856736978e+00
5.47500000000000e+00  1.00327225529536e+00
5.50000000000000e+00  9.97171197943138e-01
5.52500000000000e+00  9.90836040989127e-01
5.55000000000000e+00  9.84277815937500e-01
5.57500000000000e+00  9.77507922486542e-01
5.60000000000000e+00  9.70538110905643e-01
5.62500000000000e+00  9.63379560526626e-01
5.65000000000000e+00  9.56044673341035e-01
5.67500000000000e+00  9.48544977931183e-01
5.70000000000000e+00  9.40892945519039e-01
5.72500000000000e+00  9.33101039551769e-01
5.75000000000000e+00  9.25181693719098e-01
5.77500000000000e+00  9.17147289970656e-01
5.80000000000000e+00  9.09010136529011e-01
5.82500000000000e+00  9.00782445899282e-01
5.85000000000000e+00  8.92476312870312e-01
5.87500000000000e+00  8.84103692517428e-01
5.90000000000000e+00  8.75676378189434e-01
5.92500000000000e+00  8.67205979493307e-01
5.95000000000000e+00  8.58703900713902e-01
5.97500000000000e+00  8.50181320290610e-01
6.00000000000000e+00  8.41649166875384e-01
6.02500000000000e+00  8.33118098865070e-01
6.05000000000000e+00  8.24598482609584e-01
6.07500000000000e+00  8.16100370695608e-01
6.10000000000000e+00  8.07633480233665e-01
6.12500000000000e+00  7.99207171168327e-01
6.15000000000000e+00  7.90830424587201e-01
6.17500000000000e+00  7.82511821042811e-01
6.20000000000000e+00  7.74259518880883e-01
6.22500000000000e+00  7.66081232576614e-01
6.25000000000000e+00  7.57989303900659e-01
6.27500000000000e+00  7.49981840407939e-01
6.30000000000000e+00  7.42070684625178e-01
6.32500000000000e+00  7.34262348504821e-01
6.35000000000000e+00  7.26562966882513e-01
6.37500000000000e+00  7.18978300194969e-01
6.40000000000000e+00  7.11513737197827e-01
6.42500000000000e+00  7.04174297683491e-01
6.45000000000000e+00  6.96964635198939e-01
6.47500000000000e+00  6.89889039763437e-01
6.50000000000000e+00  6.82951440586306e-01
6.52500000000000e+00  6.76155408784477e-01
6.55000000000000e+00  6.69504160100020e-01
6.57500000000000e+00  6.63000557098003e-01
6.60000000000000e+00  6.56647112103335e-01
6.62500000000000e+00  6.50445989211381e-01
6.65000000000000e+00  6.44399007797427e-01
6.67500000000000e+00  6.38507644084177e-01
6.70000000000000e+00  6.32773033743961e-01
6.72500000000000e+00  6.27195974500969e-01
6.75000000000000e+00  6.21776928733711e-01
6.77500000000000e+00  6.16516026077450e-01
6.80000000000000e+00  6.11413066026746e-01
6.82500000000000e+00  6.06467520538054e-01
6.85000000000000e+00  6.01678536632403e-01
6.87500000000000e+00  5.97045902789384e-01
6.90000000000000e+00  5.92566598523461e-01
6.92500000000000e+00  5.88240335510985e-01
6.95000000000000e+00  5.84065231088872e-01
6.97500000000000e+00  5.80039200343074e-01
7.00000000000000e+00  5.76159970169889e-01
7.02500000000000e+00  5.72425093337266e-01
7.05000000000000e+00  5.68831962546107e-01
7.07500000000000e+00  5.65377824491571e-01
7.10000000000000e+00  5.62059793924371e-01
7.12500000000000e+00  5.58874867712079e-01
7.15000000000000e+00  5.55819938900416e-01
7.17500000000000e+00  5.52891810774547e-01
7.20000000000000e+00  5.50087209455315e-01
7.22500000000000e+00  5.47402798942364e-01
7.25000000000000e+00  5.44835195428917e-01
7.27500000000000e+00  5.42380978545432e-01
7.30000000000000e+00  5.40036707247102e-01
7.32500000000000e+00  5.37798933048680e-01
7.35000000000000e+00  5.35664213259278e-01
7.37500000000000e+00  5.33629124217010e-01
7.40000000000000e+00  5.31690274523614e-01
7.42500000000000e+00  5.29844318278986e-01
7.45000000000000e+00  5.28087968315635e-01
7.47500000000000e+00  5.26418009433038e-01
7.50000000000000e+00  5.24832749199858e-01
7.52500000000000e+00  5.23325674714831e-01
7.55000000000000e+00  5.21895569601762e-01
7.57500000000000e+00  5.20539391940132e-01
7.60000000000000e+00  5.19254180355043e-01
7.62500000000000e+00  5.18037052884884e-01
7.65000000000000e+00  5.16885205848990e-01
7.67500000000000e+00  5.15795912715461e-01
7.70000000000000e+00  5.14766522969073e-01
7.72500000000000e+00  5.13794460979292e-01
7.75000000000000e+00  5.12877224868313e-01
7.77500000000000e+00  5.12012385379264e-01
7.80000000000000e+00  5.11197584744443e-01
7.82500000000000e+00  5.10430536358362e-01
7.85000000000000e+00  5.09709023168547e-01
7.87500000000000e+00  5.09030896206228e-01
7.90000000000000e+00  5.08394076212030e-01
7.92500000000000e+00  5.07796550499721e-01
7.95000000000000e+00  5.07236372706503e-01
7.97500000000000e+00  5.06711662543289e-01
8.00000000000000e+00  5.06220605544842e-01
8.02500000000000e+00  5.05761452819916e-01
8.05000000000000e+00  5.05332520801339e-01
8.07500000000000e+00  5.04932190996039e-01
8.10000000000000e+00  5.04558909735021e-01
8.12500000000000e+00  5.04211130617869e-01
8.15000000000000e+00  5.03887482896860e-01
8.17500000000000e+00  5.03586516694179e-01
8.20000000000000e+00  5.03306912293411e-01
8.22500000000000e+00  5.03047402486980e-01
8.25000000000000e+00  5.02806771979699e-01
8.27500000000000e+00  5.02583856792302e-01
8.30000000000000e+00  5.02377543664979e-01
8.32500000000000e+00  5.02186769460878e-01
8.35000000000000e+00  5.02010520569622e-01
8.37500000000000e+00  5.01847832310797e-01
8.40000000000000e+00  5.01697788337449e-01
8.42500000000000e+00  5.01559520039563e-01
8.45000000000000e+00  5.01432202708709e-01
8.47500000000000e+00  5.01315056969197e-01
8.50000000000000e+00  5.01207346521151e-01
8.52500000000000e+00  5.01108377243607e-01
8.55000000000000e+00  5.01017495565588e-01
8.57500000000000e+00  5.00934087215396e-01
8.60000000000000e+00  5.00857575969907e-01
8.62500000000000e+00  5.00787422403864e-01
8.65000000000000e+00  5.00723122639172e-01
8.67500000000000e+00  5.00664207094188e-01
8.70000000000000e+00  5.00610239233019e-01
8.72500000000000e+00  5.00560814314811e-01
8.75000000000000e+00  5.00514867317153e-01
8.77500000000000e+00  5.00474119140700e-01
8.80000000000000e+00  5.00436632363395e-01
8.82500000000000e+00  5.00402174673095e-01
8.85000000000000e+00  5.00370524574628e-01
8.87500000000000e+00  5.00341471401317e-01
8.90000000000000e+00  5.00314815326509e-01
8.92500000000000e+00  5.00290367375106e-01
8.95000000000000e+00  5.00267949435096e-01
8.97500000000000e+00  5.00247394269077e-01
9.00000000000000e+00  5.00228545525793e-01
9.02500000000000e+00  5.00211257751656e-01
9.05000000000000e+00  5.00195396402280e-01
9.07500000000000e+00  5.00180836097177e-01
9.10000000000000e+00  5.00167461648928e-01
9.12500000000000e+00  5.00155167390395e-01
9.15000000000000e+00  5.00143855986546e-01
9.17500000000000e+00  5.00133438603821e-01
9.20000000000000e+00  5.00123834183885e-01
9.22500000000000e+00  5.00114968717385e-01
9.25000000000000e+00  5.00106774517706e-01
9.27500000000000e+00  5.00099189494723e-01
9.30000000000000e+00  5.00092156428558e-01
9.32500000000000e+00  5.00085622243333e-01
9.35000000000000e+00  5.00079537280926e-01
9.37500000000000e+00  5.00073888998788e-01
9.40000000000000e+00  5.00068598245668e-01
9.42500000000000e+00  5.00063671551082e-01
9.45000000000000e+00  5.00059076736665e-01
9.47500000000000e+00  5.00054786689672e-01
9.50000000000000e+00  5.00050778704413e-01
9.52500000000000e+00  5.00047033823674e-01
9.55000000000000e+00  5.00043536180154e-01
9.57500000000000e+00  5.00040272337891e-01
9.60000000000000e+00  5.00037230633691e-01
9.62500000000000e+00  5.00034400518556e-01
9.65000000000000e+00  5.00031771899118e-01
9.67500000000000e+00  5.00029334479060e-01
9.70000000000000e+00  5.00027078120084e-01
9.72500000000000e+00  5.00024991648784e-01
9.75000000000000e+00  5.00023062661181e-01
9.77500000000000e+00  5.00021277331984e-01
9.80000000000000e+00  5.00019619927853e-01
9.82500000000000e+00  5.00018072540922e-01
9.85000000000000e+00  5.00016614822322e-01
9.87500000000000e+00  5.00015223715704e-01
9.90000000000000e+00  5.00013873190762e-01
9.92500000000000e+00  5.00012533976759e-01
9.95000000000000e+00  5.00011173296048e-01
9.97500000000000e+00  5.00009754597594e-01
1.00000000000000e+01  5.00008237290500e-01
