0.00000000000000e+00  6.29970559957286e-07
2.50000000000000e-02  9.86664831553534e-07
5.00000000000000e-02  1.32555631705515e-06
7.50000000000000e-02  1.66521780870486e-06
1.00000000000000e-01  2.02422164240597e-06
1.25000000000000e-01  2.42151372096677e-06
1.50000000000000e-01  2.87678753734489e-06
1.75000000000000e-01  3.41085819789182e-06
2.00000000000000e-01  4.04603644559738e-06
2.25000000000000e-01  4.80650268333407e-06
2.50000000000000e-01  5.71868099710168e-06
2.75000000000000e-01  6.81161317927158e-06
3.00000000000000e-01  8.11733275183126e-06
3.25000000000000e-01  9.67256009700383e-06
3.50000000000000e-01  1.15184540857354e-05
3.75000000000000e-01  1.37009684310433e-05
4.00000000000000e-01  1.62744242218055e-05
4.25000000000000e-01  1.92999534069299e-05
4.50000000000000e-01  2.28472413379561e-05
4.75000000000000e-01  2.69962693116559e-05
5.00000000000000e-01  3.18390571126357e-05
5.25000000000000e-01  3.74814055559371e-05
5.50000000000000e-01  4.40446390296385e-05
5.75000000000000e-01  5.16673480374572e-05
6.00000000000000e-01  6.05071317413494e-05
6.25000000000000e-01  7.06120420122865e-05
6.50000000000000e-01  8.25688187575414e-05
6.75000000000000e-01  9.62470607568978e-05
7.00000000000000e-01  1.11948210201091e-04
7.25000000000000e-01  1.29991009721680e-04
7.50000000000000e-01  1.50717335170964e-04
7.75000000000000e-01  1.74498028401898e-04
8.00000000000000e-01  2.01738730048014e-04
8.25000000000000e-01  2.32885712303333e-04
8.50000000000000e-01  2.68431711702284e-04
8.75000000000000e-01  3.08921761899624e-04
9.00000000000000e-01  3.54959026450346e-04
9.25000000000000e-01  4.07210631589605e-04
9.50000000000000e-01  4.66411766452409e-04
9.75000000000000e-01  5.33372160016888e-04
1.00000000000000e+00  6.08984141060601e-04
1.02500000000000e+00  6.94215836996504e-04
1.05000000000000e+00  7.90126772509194e-04
1.07500000000000e+00  8.97869325539694e-04
1.10000000000000e+00  1.01869018327021e-03
1.12500000000000e+00  1.15393179810893e-03
1.15000000000000e+00  1.30503384367478e-03
1.17500000000000e+00  1.47353467078223e-03
1.20000000000000e+00  1.66107276342605e-03
1.22500000000000e+00  1.86938819476608e-03
1.25000000000000e+00  2.10066775801438e-03
1.27500000000000e+00  2.35728517364832e-03
1.30000000000000e+00  2.64082767200310e-03
1.32500000000000e+00  2.95372383105823e-03
1.35000000000000e+00  3.29850132316696e-03
1.37500000000000e+00  3.67779599151033e-03
1.40000000000000e+00  4.09436092655105e-03
1.42500000000000e+00  4.55107248613760e-03
1.45000000000000e+00  5.05093416105114e-03
1.47500000000000e+00  5.59707734489544e-03
1.50000000000000e+00  6.19276188265974e-03
1.52500000000000e+00  6.84137132512769e-03
1.55000000000000e+00  7.54640740149672e-03
1.57500000000000e+00  8.31150158604082e-03
1.60000000000000e+00  9.14039517695017e-03
1.62500000000000e+00  1.00369376370384e-02
1.65000000000000e+00  1.10050726997850e-02
1.67500000000000e+00  1.20488365312635e-02
1.70000000000000e+00  1.31723448725450e-02
1.72500000000000e+00  1.43797801821020e-02
1.75000000000000e+00  1.56753787782120e-02
1.77500000000000e+00  1.70634179813611e-02
1.80000000000000e+00  1.85482032566480e-02
1.82500000000000e+00  2.01340553561876e-02
1.85000000000000e+00  2.18252974615142e-02
1.87500000000000e+00  2.36269741781659e-02
1.90000000000000e+00  2.55419368684625e-02
1.92500000000000e+00  2.75760186585709e-02
1.95000000000000e+00  2.97334261996463e-02
1.97500000000000e+00  3.20184465422959e-02
2.00000000000000e+00  3.44354206527822e-02
2.02500000000000e+00  3.69887169292248e-02
2.05000000000000e+00  3.96827139496870e-02
2.07500000000000e+00  4.25217898721928e-02
2.10000000000000e+00  4.55103229500579e-02
2.12500000000000e+00  4.86526918475971e-02
2.15000000000000e+00  5.19532953918915e-02
2.17500000000000e+00  5.54165752021642e-02
2.20000000000000e+00  5.90469023532079e-02
2.22500000000000e+00  6.28486842061731e-02
2.25000000000000e+00  6.68263138918924e-02
2.27500000000000e+00  7.09842336269792e-02
2.30000000000000e+00  7.53268754392048e-02
2.32500000000000e+00  7.98586739713188e-02
2.35000000000000e+00  8.45840789025883e-02
2.37500000000000e+00  8.95075647516169e-02
2.40000000000000e+00  9.46336358315088e-02
2.42500000000000e+00  9.99668285651552e-02
2.45000000000000e+00  1.05511706490676e-01
2.47500000000000e+00  1.11272843326663e-01
2.50000000000000e+00  1.17256410782217e-01
2.52500000000000e+00  1.23459643795226e-01
2.55000000000000e+00  1.29893150945823e-01
2.57500000000000e+00  1.36559957999722e-01
2.60000000000000e+00  1.43463049185213e-01
2.62500000000000e+00  1.50605292889440e-01
2.65000000000000e+00  1.57989367354682e-01
2.67500000000000e+00  1.65617670360809e-01
2.70000000000000e+00  1.73492217036624e-01
2.72500000000000e+00  1.81614517125793e-01
2.75000000000000e+00  1.89985452847064e-01
2.77500000000000e+00  1.98605120837738e-01
2.80000000000000e+00  2.07472668792663e-01
2.82500000000000e+00  2.16586532463535e-01
2.85000000000000e+00  2.25944053772227e-01
2.87500000000000e+00  2.35541495053100e-01
2.90000000000000e+00  2.45374026306410e-01
2.92500000000000e+00  2.55435630438021e-01
2.95000000000000e+00  2.65719086286417e-01
2.97500000000000e+00  2.76215952530656e-01
3.00000000000000e+00  2.86916557849411e-01
3.02500000000000e+00  2.97810000172544e-01
3.05000000000000e+00  3.08884151807784e-01
3.07500000000000e+00  3.20125678447126e-01
3.10000000000000e+00  3.31520079811774e-01
3.12500000000000e+00  3.43047860162003e-01
3.15000000000000e+00  3.54697665292362e-01
3.17500000000000e+00  3.66445567410899e-01
3.20000000000000e+00  3.78272053827681e-01
3.22500000000000e+00  3.90156391416992e-01
3.25000000000000e+00  4.02076685142604e-01
3.27500000000000e+00  4.14009936583048e-01
3.30000000000000e+00  4.25932121180492e-01
3.32500000000000e+00  4.37818279471984e-01
3.35000000000000e+00  4.49642629650778e-01
3.37500000000000e+00  4.61378681210936e-01
3.40000000000000e+00  4.72999384960932e-01
3.42500000000000e+00  4.84477288378012e-01
3.45000000000000e+00  4.95784429527551e-01
3.47500000000000e+00  5.06892620169405e-01
3.50000000000000e+00  5.17773514434012e-01
3.52500000000000e+00  5.28398550625592e-01
3.55000000000000e+00  5.38739137075107e-01
3.57500000000000e+00  5.48766659344013e-01
3.60000000000000e+00  5.58452484745646e-01
3.62500000000000e+00  5.67767948127012e-01
3.65000000000000e+00  5.76684329293079e-01
3.67500000000000e+00  5.85172817375261e-01
3.70000000000000e+00  5.93204458322217e-01
3.72500000000000e+00  6.00750078079109e-01
3.75000000000000e+00  6.07783164311528e-01
3.77500000000000e+00  6.14276234897717e-01
3.80000000000000e+00  6.20200827220830e-01
3.82500000000000e+00  6.25529873109464e-01
3.85000000000000e+00  6.30236530005627e-01
3.87500000000000e+00  6.34294308582808e-01
3.90000000000000e+00  6.37677200364049e-01
3.92500000000000e+00  6.40359793238310e-01
3.95000000000000e+00  6.42317378280052e-01
3.97500000000000e+00  6.43526046646424e-01
4.00000000000000e+00  6.43962784013508e-01
4.02500000000000e+00  6.43605549011483e-01
4.05000000000000e+00  6.42433349322947e-01
4.07500000000000e+00  6.40426687631134e-01
4.10000000000000e+00  6.37567429130495e-01
4.12500000000000e+00  6.33839103925274e-01
4.15000000000000e+00  6.29226875575062e-01
4.17500000000000e+00  6.23717895459691e-01
4.20000000000000e+00  6.17301420491468e-01
4.22500000000000e+00  6.09968930827393e-01
4.25000000000000e+00  6.01714247581392e-01
4.27500000000000e+00  5.92533650536541e-01
4.30000000000000e+00  5.82425995857293e-01
4.32500000000000e+00  5.71392833801704e-01
4.35000000000000e+00  5.59438526433664e-01
4.37500000000000e+00  5.46570361707476e-01
4.40000000000000e+00  5.32797912733599e-01
4.42500000000000e+00  5.18134377878900e-01
4.45000000000000e+00  5.02595232264530e-01
4.47500000000000e+00  4.86198849041012e-01
4.50000000000000e+00  4.68966370336381e-01
4.52500000000000e+00  4.50921578204314e-01
4.55000000000000e+00  4.32090765572275e-01
4.57500000000000e+00  4.12502607189645e-01
4.60000000000000e+00  3.92188030575863e-01
4.62500000000000e+00  3.71180086968564e-01
4.65000000000000e+00  3.49513822271709e-01
4.67500000000000e+00  3.27226148003732e-01
4.70000000000000e+00  3.04355484959327e-01
4.72500000000000e+00  2.80941786504133e-01
4.75000000000000e+00  2.57026277169141e-01
4.77500000000000e+00  2.32651428966174e-01
4.80000000000000e+00  2.07860665080662e-01
4.82500000000000e+00  1.82698250891760e-01
4.85000000000000e+00  1.57209184992458e-01
4.87500000000000e+00  1.31439090209695e-01
4.90000000000000e+00  1.05434104624473e-01
4.92500000000000e+00  7.92407725919714e-02
4.95000000000000e+00  5.29059357616619e-02
4.97500000000000e+00  2.64766240974163e-02
5.00000000000000e+00  5.31023717951635e-08
5.02500000000000e+00  -2.64766240974178e-02
5.05000000000000e+00  -5.29059357616642e-02
5.07500000000000e+00  -7.92407725919742e-02
5.10000000000000e+00  -1.05434104624476e-01
5.12500000000000e+00  -1.31439090209697e-01
5.15000000000000e+00  -1.57209184992460e-01
5.17500000000000e+00  -1.82698250891762e-01
5.20000000000000e+00  -2.07860665080663e-01
5.22500000000000e+00  -2.32651428966176e-01
5.25000000000000e+00  -2.57026277169143e-01
5.27500000000000e+00  -2.80941786504136e-01
5.30000000000000e+00  -3.04355484959330e-01
5.32500000000000e+00  -3.27226148003734e-01
5.35000000000000e+00  -3.49513822271711e-01
5.37500000000000e+00  -3.71180086968566e-01
5.40000000000000e+00  -3.92188030575866e-01
5.42500000000000e+00  -4.12502607189648e-01
5.45000000000000e+00  -4.32090765572277e-01
5.47500000000000e+00  -4.50921578204316e-01
5.50000000000000e+00  -4.68966370336382e-01
5.52500000000000e+00  -4.86198849041014e-01
5.55000000000000e+00  -5.02595232264531e-01
5.57500000000000e+00  -5.18134377878902e-01
5.60000000000000e+00  -5.32797912733601e-01
5.62500000000000e+00  -5.46570365335116e-01
5.65000000000000e+00  -5.59438526433664e-01
5.67500000000000e+00  -5.71392833801705e-01
5.70000000000000e+00  -5.82425995857294e-01
5.72500000000000e+00  -5.92533650536542e-01
5.75000000000000e+00  -6.01714247581393e-01
5.77500000000000e+00  -6.09968930827393e-01
5.80000000000000e+00  -6.17301420491468e-01
5.82500000000000e+00  -6.23717895459691e-01
5.85000000000000e+00  -6.29226875575062e-01
5.87500000000000e+00  -6.33839103925274e-01
5.90000000000000e+00  -6.37567429130495e-01
5.92500000000000e+00  -6.40426687631134e-01
5.95000000000000e+00  -6.42433349322946e-01
5.97500000000000e+00  -6.43605549011482e-01
6.00000000000000e+00  -6.43962784013507e-01
6.02500000000000e+00  -6.43526046646424e-01
6.05000000000000e+00  -6.42317378280051e-01
6.07500000000000e+00  -6.40359793238310e-01
6.10000000000000e+00  -6.37677200364049e-01
6.12500000000000e+00  -6.34294308582808e-01
6.15000000000000e+00  -6.30236530005627e-01
6.17500000000000e+00  -6.25529873109463e-01
6.20000000000000e+00  -6.20200827220829e-01
6.22500000000000e+00  -6.14276234897717e-01
6.25000000000000e+00  -6.07780205766871e-01
6.27500000000000e+00  -6.00750078079108e-01
6.30000000000000e+00  -5.93204458322216e-01
6.32500000000000e+00  -5.85172817375261e-01
6.35000000000000e+00  -5.76684329293078e-01
6.37500000000000e+00  -5.67767948127013e-01
6.40000000000000e+00  -5.58452484745646e-01
6.42500000000000e+00  -5.48766659344013e-01
6.45000000000000e+00  -5.38739137075108e-01
6.47500000000000e+00  -5.28398550625593e-01
6.50000000000000e+00  -5.17773514434012e-01
6.52500000000000e+00  -5.06892620169405e-01
6.55000000000000e+00  -4.95784429527550e-01
6.57500000000000e+00  -4.84477288378011e-01
6.60000000000000e+00  -4.72999384960930e-01
6.62500000000000e+00  -4.61378681210934e-01
6.65000000000000e+00  -4.49642629650776e-01
6.67500000000000e+00  -4.37818279471983e-01
6.70000000000000e+00  -4.25932121180489e-01
6.72500000000000e+00  -4.14009936583045e-01
6.75000000000000e+00  -4.02076685142603e-01
6.77500000000000e+00  -3.90156391416990e-01
6.80000000000000e+00  -3.78272053827678e-01
6.82500000000000e+00  -3.66445567410896e-01
6.85000000000000e+00  -3.54697665292359e-01
6.87500000000000e+00  -3.43051730297071e-01
6.90000000000000e+00  -3.31520079811771e-01
6.92500000000000e+00  -3.20125678447123e-01
6.95000000000000e+00  -3.08884151807781e-01
6.97500000000000e+00  -2.97810000172541e-01
7.00000000000000e+00  -2.86916557849408e-01
7.02500000000000e+00  -2.76215952530654e-01
7.05000000000000e+00  -2.65719086286415e-01
7.07500000000000e+00  -2.55435630438019e-01
7.10000000000000e+00  -2.45374026306408e-01
7.12500000000000e+00  -2.35541495053098e-01
7.15000000000000e+00  -2.25944053772226e-01
7.17500000000000e+00  -2.16586532463533e-01
7.20000000000000e+00  -2.07472668792663e-01
7.22500000000000e+00  -1.98605120837737e-01
7.25000000000000e+00  -1.89985452847063e-01
7.27500000000000e+00  -1.81614517125792e-01
7.30000000000000e+00  -1.73492217036624e-01
7.32500000000000e+00  -1.65617670360809e-01
7.35000000000000e+00  -1.57989367354681e-01
7.37500000000000e+00  -1.50605292889440e-01
7.40000000000000e+00  -1.43463049185213e-01
7.42500000000000e+00  -1.36559957999722e-01
7.45000000000000e+00  -1.29893150945824e-01
7.47500000000000e+00  -1.23459643795227e-01
7.50000000000000e+00  -1.17254806037422e-01
7.52500000000000e+00  -1.11272843326664e-01
7.55000000000000e+00  -1.05511706490677e-01
7.57500000000000e+00  -9.99668285651567e-02
7.60000000000000e+00  -9.46336358315103e-02
7.62500000000000e+00  -8.95075647516186e-02
7.65000000000000e+00  -8.45840789025900e-02
7.67500000000000e+00  -7.98586739713207e-02
7.70000000000000e+00  -7.53268754392068e-02
7.72500000000000e+00  -7.09842336269813e-02
7.75000000000000e+00  -6.68263138918946e-02
7.77500000000000e+00  -6.28486842061751e-02
7.80000000000000e+00  -5.90469023532100e-02
7.82500000000000e+00  -5.54165752021663e-02
7.85000000000000e+00  -5.19532953918937e-02
7.87500000000000e+00  -4.86526918475994e-02
7.90000000000000e+00  -4.55103229500600e-02
7.92500000000000e+00  -4.25217898721949e-02
7.95000000000000e+00  -3.96827139496891e-02
7.97500000000000e+00  -3.69887169292267e-02
8.00000000000000e+00  -3.44354206527841e-02
8.02500000000000e+00  -3.20184465422977e-02
8.05000000000000e+00  -2.97334261996479e-02
8.07500000000000e+00  -2.75760186585726e-02
8.10000000000000e+00  -2.55419368684641e-02
8.12500000000000e+00  -2.36262423259876e-02
8.15000000000000e+00  -2.18252974615156e-02
8.17500000000000e+00  -2.01340553561889e-02
8.20000000000000e+00  -1.85482032566493e-02
8.22500000000000e+00  -1.70634179813623e-02
8.25000000000000e+00  -1.56753787782131e-02
8.27500000000000e+00  -1.43797801821030e-02
8.30000000000000e+00  -1.31723448725460e-02
8.32500000000000e+00  -1.20488365312644e-02
8.35000000000000e+00  -1.10050726997858e-02
8.37500000000000e+00  -1.00369376370391e-02
8.40000000000000e+00  -9.14039517695081e-03
8.42500000000000e+00  -8.31150158604137e-03
8.45000000000000e+00  -7.54640740149722e-03
8.47500000000000e+00  -6.84137132512817e-03
8.50000000000000e+00  -6.19276188266015e-03
8.52500000000000e+00  -5.59707734489580e-03
8.55000000000000e+00  -5.05093416105144e-03
8.57500000000000e+00  -4.55107248613784e-03
8.60000000000000e+00  -4.09436092655127e-03
8.62500000000000e+00  -3.67779599151048e-03
8.65000000000000e+00  -3.29850132316707e-03
8.67500000000000e+00  -2.95372383105828e-03
8.70000000000000e+00  -2.64082767200312e-03
8.72500000000000e+00  -2.35728517364829e-03
8.75000000000000e+00  -2.10032408311208e-03
8.77500000000000e+00  -1.86938819476609e-03
8.80000000000000e+00  -1.66107276342603e-03
8.82500000000000e+00  -1.47353467078218e-03
8.85000000000000e+00  -1.30503384367472e-03
8.87500000000000e+00  -1.15393179810884e-03
8.90000000000000e+00  -1.01869018327010e-03
8.92500000000000e+00  -8.97869325539568e-04
8.95000000000000e+00  -7.90126772509052e-04
8.97500000000000e+00  -6.94215836996352e-04
9.00000000000000e+00  -6.08984141060433e-04
9.02500000000000e+00  -5.33372160016707e-04
9.05000000000000e+00  -4.66411766452215e-04
9.07500000000000e+00  -4.07210631589404e-04
9.10000000000000e+00  -3.54959026450141e-04
9.12500000000000e+00  -3.08921761899412e-04
9.15000000000000e+00  -2.68431711702069e-04
9.17500000000000e+00  -2.32885712303112e-04
9.20000000000000e+00  -2.01738730047790e-04
9.22500000000000e+00  -1.74498028401676e-04
9.25000000000000e+00  -1.50717335170741e-04
9.27500000000000e+00  -1.29991009721459e-04
9.30000000000000e+00  -1.11948210200874e-04
9.32500000000000e+00  -9.62470607566851e-05
9.35000000000000e+00  -8.25688187573349e-05
9.37500000000000e+00  -7.07423405039106e-05
9.40000000000000e+00  -6.05071317411548e-05
9.42500000000000e+00  -5.16673480372717e-05
9.45000000000000e+00  -4.40446390294638e-05
9.47500000000000e+00  -3.74814055557751e-05
9.50000000000000e+00  -3.18390571124876e-05
9.52500000000000e+00  -2.69962693115234e-05
9.55000000000000e+00  -2.28472413378408e-05
9.57500000000000e+00  -1.92999534068335e-05
9.60000000000000e+00  -1.62744242217297e-05
9.62500000000000e+00  -1.37009684309902e-05
9.65000000000000e+00  -1.15184540857069e-05
9.67500000000000e+00  -9.67256009700203e-06
9.70000000000000e+00  -8.11733275185862e-06
9.72500000000000e+00  -6.81161317933054e-06
9.75000000000000e+00  -5.71868099719486e-06
9.77500000000000e+00  -4.80650268346430e-06
9.80000000000000e+00  -4.04603644576761e-06
9.82500000000000e+00  -3.41085819810532e-06
9.85000000000000e+00  -2.87678753760511e-06
9.87500000000000e+00  -2.42151372127745e-06
9.90000000000000e+00  -2.02422164277103e-06
9.92500000000000e+00  -1.66521780912850e-06
9.95000000000000e+00  -1.32555631754190e-06
9.97500000000000e+00  -9.86664832108183e-07
1.00000000000000e+01  -6.29970560585036e-07
