0.00000000000000e+00  -2.18574245097051e-03
2.50000000000000e-02  -2.28939912148109e-03
5.00000000000000e-02  -2.39762599724831e-03
7.50000000000000e-02  -2.51068387506130e-03
1.00000000000000e-01  -2.62883694098371e-03
1.25000000000000e-01  -2.75235373349613e-03
1.50000000000000e-01  -2.88150810663862e-03
1.75000000000000e-01  -3.01658019315313e-03
2.00000000000000e-01  -3.15785736762607e-03
2.25000000000000e-01  -3.30563520963075e-03
2.50000000000000e-01  -3.46021846686990e-03
2.75000000000000e-01  -3.62192201831810e-03
3.00000000000000e-01  -3.79107183736434e-03
3.25000000000000e-01  -3.96800595495447e-03
3.50000000000000e-01  -4.15307542273371e-03
3.75000000000000e-01  -4.34664527618911e-03
4.00000000000000e-01  -4.54909549779206e-03
4.25000000000000e-01  -4.76082198014079e-03
4.50000000000000e-01  -4.98223748910282e-03
4.75000000000000e-01  -5.21377262695749e-03
5.00000000000000e-01  -5.45587679553843e-03
5.25000000000000e-01  -5.70901915937607e-03
5.50000000000000e-01  -5.97368960884006e-03
5.75000000000000e-01  -6.25039972328187e-03
6.00000000000000e-01  -6.53968373417718e-03
6.25000000000000e-01  -6.84209948826843e-03
6.50000000000000e-01  -7.15822941070728e-03
6.75000000000000e-01  -7.48868146819708e-03
7.00000000000000e-01  -7.83409013213545e-03
7.25000000000000e-01  -8.19511734175664e-03
7.50000000000000e-01  -8.57245346727413e-03
7.75000000000000e-01  -8.96681827302306e-03
8.00000000000000e-01  -9.37896188060269e-03
8.25000000000000e-01  -9.80966573201901e-03
8.50000000000000e-01  -1.02597435528271e-02
8.75000000000000e-01  -1.07300423152737e-02
9.00000000000000e-01  -1.12214432014396e-02
9.25000000000000e-01  -1.17348625663822e-02
9.50000000000000e-01  -1.22712529012782e-02
9.75000000000000e-01  -1.28316037965657e-02
1.00000000000000e+00  -1.34169429050868e-02
1.02500000000000e+00  -1.40283369052304e-02
1.05000000000000e+00  -1.46668924640742e-02
1.07500000000000e+00  -1.53337572005276e-02
1.10000000000000e+00  -1.60301206484741e-02
1.12500000000000e+00  -1.67572152199136e-02
1.15000000000000e+00  -1.75163171681049e-02
1.17500000000000e+00  -1.83087475507086e-02
1.20000000000000e+00  -1.91358731929291e-02
1.22500000000000e+00  -1.99991076506572e-02
1.25000000000000e+00  -2.08915211648722e-02
1.27500000000000e+00  -2.18379740674769e-02
1.30000000000000e+00  -2.28232814364488e-02
1.32500000000000e+00  -2.38495639865510e-02
1.35000000000000e+00  -2.49189516703344e-02
1.37500000000000e+00  -2.60335879962088e-02
1.40000000000000e+00  -2.71956343465134e-02
1.42500000000000e+00  -2.84072742955877e-02
1.45000000000000e+00  -2.96707179278425e-02
1.47500000000000e+00  -3.09882061558303e-02
1.50000000000000e+00  -3.23620150383162e-02
1.52500000000000e+00  -3.37944600983490e-02
1.55000000000000e+00  -3.52879006413315e-02
1.57500000000000e+00  -3.68447440730917e-02
1.60000000000000e+00  -3.84674502179533e-02
1.62500000000000e+00  -4.01585356368067e-02
1.65000000000000e+00  -4.19205779451796e-02
1.67500000000000e+00  -4.37562201313079e-02
1.70000000000000e+00  -4.56681748742066e-02
1.72500000000000e+00  -4.76592288617402e-02
1.75000000000000e+00  -4.97322471086939e-02
1.77500000000000e+00  -5.18901772748442e-02
1.80000000000000e+00  -5.41360539830296e-02
1.82500000000000e+00  -5.64730031372218e-02
1.85000000000000e+00  -5.89042462405958e-02
1.87500000000000e+00  -6.14335291919076e-02
1.90000000000000e+00  -6.40629010762535e-02
1.92500000000000e+00  -6.67971683221283e-02
1.95000000000000e+00  -6.96397356192967e-02
1.97500000000000e+00  -7.25941684415280e-02
2.00000000000000e+00  -7.56641765243199e-02
2.02500000000000e+00  -7.88535973426223e-02
2.05000000000000e+00  -8.21663795885597e-02
2.07500000000000e+00  -8.56065666491555e-02
2.10000000000000e+00  -8.91782800840549e-02
2.12500000000000e+00  -9.28857031032481e-02
2.15000000000000e+00  -9.67330640447943e-02
2.17500000000000e+00  -1.00724619852544e-01
2.20000000000000e+00  -1.04864639553865e-01
2.22500000000000e+00  -1.09157387737360e-01
2.25000000000000e+00  -1.13607108030597e-01
2.27500000000000e+00  -1.18218006577828e-01
2.30000000000000e+00  -1.22994235517715e-01
2.32500000000000e+00  -1.27939876461051e-01
2.35000000000000e+00  -1.33058923968484e-01
2.37500000000000e+00  -1.38355269028241e-01
2.40000000000000e+00  -1.43832682533854e-01
2.42500000000000e+00  -1.49494798761876e-01
2.45000000000000e+00  -1.55345098849612e-01
2.47500000000000e+00  -1.61386894272838e-01
2.50000000000000e+00  -1.67613411088359e-01
2.52500000000000e+00  -1.74079049749962e-01
2.55000000000000e+00  -1.80734196062907e-01
2.57500000000000e+00  -1.87589084429727e-01
2.60000000000000e+00  -1.94651684293670e-01
2.62500000000000e+00  -2.01927956592148e-01
2.65000000000000e+00  -2.09422110210192e-01
2.67500000000000e+00  -2.17136858433910e-01
2.70000000000000e+00  -2.25073675403941e-01
2.72500000000000e+00  -2.33233052568907e-01
2.75000000000000e+00  -2.41614755138873e-01
2.77500000000000e+00  -2.50218078538797e-01
2.80000000000000e+00  -2.59042104861988e-01
2.82500000000000e+00  -2.68085554559329e-01
2.85000000000000e+00  -2.77347080094222e-01
2.87500000000000e+00  -2.86825088377847e-01
2.90000000000000e+00  -2.96517576230755e-01
2.92500000000000e+00  -3.06422142334343e-01
2.95000000000000e+00  -3.16535577847710e-01
2.97500000000000e+00  -3.26853457024512e-01
3.00000000000000e+00  -3.37369727829824e-01
3.02500000000000e+00  -3.48076302556994e-01
3.05000000000000e+00  -3.58962648444502e-01
3.07500000000000e+00  -3.70015378292816e-01
3.10000000000000e+00  -3.81217841081254e-01
3.12500000000000e+00  -3.92553955130995e-01
3.15000000000000e+00  -4.04062603962245e-01
3.17500000000000e+00  -4.15674449351020e-01
3.20000000000000e+00  -4.27379958070002e-01
3.22500000000000e+00  -4.39165560889405e-01
3.25000000000000e+00  -4.51013989004601e-01
3.27500000000000e+00  -4.62904610463745e-01
3.30000000000000e+00  -4.74813766595403e-01
3.32500000000000e+00  -4.86715108436177e-01
3.35000000000000e+00  -4.98579933158330e-01
3.37500000000000e+00  -5.10377520497412e-01
3.40000000000000e+00  -5.22075469179888e-01
3.42500000000000e+00  -5.33640033350762e-01
3.45000000000000e+00  -5.45034190375500e-01
3.47500000000000e+00  -5.56219482760651e-01
3.50000000000000e+00  -5.67155825779555e-01
3.52500000000000e+00  -5.77799974071645e-01
3.55000000000000e+00  -5.88106988720275e-01
3.57500000000000e+00  -5.98029965085443e-01
3.60000000000000e+00  -6.07519760636495e-01
3.62500000000000e+00  -6.16524722784848e-01
3.65000000000000e+00  -6.24990416716695e-01
3.67500000000000e+00  -6.32859353225725e-01
3.70000000000000e+00  -6.40070716545837e-01
3.72500000000000e+00  -6.46560092183850e-01
3.75000000000000e+00  -6.52269655727164e-01
3.77500000000000e+00  -6.57170987291081e-01
3.80000000000000e+00  -6.61154885239239e-01
3.82500000000000e+00  -6.64163414041027e-01
3.85000000000000e+00  -6.66136150728320e-01
3.87500000000000e+00  -6.67010808968968e-01
3.90000000000000e+00  -6.66723863140293e-01
3.92500000000000e+00  -6.65211172402576e-01
3.95000000000000e+00  -6.62408604772551e-01
3.97500000000000e+00  -6.58252661196898e-01
4.00000000000000e+00  -6.52681099625735e-01
4.02500000000000e+00  -6.45633559086106e-01
4.05000000000000e+00  -6.37052183755479e-01
4.07500000000000e+00  -6.26886314556519e-01
4.10000000000000e+00  -6.15089872657284e-01
4.12500000000000e+00  -6.01621208568411e-01
4.15000000000000e+00  -5.86449324965091e-01
4.17500000000000e+00  -5.69549505707809e-01
4.20000000000000e+00  -5.50904212174878e-01
4.22500000000000e+00  -5.30503979594993e-01
4.25000000000000e+00  -5.08348313379769e-01
4.27500000000000e+00  -4.84446585456286e-01
4.30000000000000e+00  -4.58818930599635e-01
4.32500000000000e+00  -4.31497142765460e-01
4.35000000000000e+00  -4.02525571422507e-01
4.37500000000000e+00  -3.71967952917285e-01
4.40000000000000e+00  -3.39945785482821e-01
4.42500000000000e+00  -3.06516552874410e-01
4.45000000000000e+00  -2.71797654800430e-01
4.47500000000000e+00  -2.35924797863715e-01
4.50000000000000e+00  -1.99051827161087e-01
4.52500000000000e+00  -1.61350557882904e-01
4.55000000000000e+00  -1.23010606912612e-01
4.57500000000000e+00  -8.42392244262769e-02
4.60000000000000e+00  -4.52611254921397e-02
4.62500000000000e+00  -6.31832167015992e-03
4.65000000000000e+00  3.23300473884478e-02
4.67500000000000e+00  7.04078823416559e-02
4.70000000000000e+00  1.07624547950208e-01
4.72500000000000e+00  1.43674998580667e-01
4.75000000000000e+00  1.78242551405543e-01
4.77500000000000e+00  2.11002722466729e-01
4.80000000000000e+00  2.41624062424160e-01
4.82500000000000e+00  2.69773081096454e-01
4.85000000000000e+00  2.95119172001556e-01
4.87500000000000e+00  3.17339536897364e-01
4.90000000000000e+00  3.36124110322383e-01
4.92500000000000e+00  3.51180484136352e-01
4.95000000000000e+00  3.62238832060884e-01
4.97500000000000e+00  3.69056834220110e-01
5.00000000000000e+00  3.71424809203777e-01
5.02500000000000e+00  3.69175229333377e-01
5.05000000000000e+00  3.62473293210040e-01
5.07500000000000e+00  3.51526728133317e-01
5.10000000000000e+00  3.36575952798176e-01
5.12500000000000e+00  3.17889149375301e-01
5.15000000000000e+00  2.95757335591394e-01
5.17500000000000e+00  2.70489436809475e-01
5.20000000000000e+00  2.42407358109185e-01
5.22500000000000e+00  2.11841056367082e-01
5.25000000000000e+00  1.79123612336949e-01
5.27500000000000e+00  1.44586302730084e-01
5.30000000000000e+00  1.08553672295611e-01
5.32500000000000e+00  7.13426029534456e-02
5.35000000000000e+00  3.32585335543632e-02
5.37500000000000e+00  -5.40736436212161e-03
5.40000000000000e+00  -4.43783180022680e-02
5.42500000000000e+00  -8.33944157512238e-02
5.45000000000000e+00  -1.22212792968595e-01
5.47500000000000e+00  -1.60607817784018e-01
5.50000000000000e+00  -1.98371276892715e-01
5.52500000000000e+00  -2.35312561351073e-01
5.55000000000000e+00  -2.71258852372197e-01
5.57500000000000e+00  -3.06055307121490e-01
5.60000000000000e+00  -3.39565244512213e-01
5.62500000000000e+00  -3.71664401270788e-01
5.65000000000000e+00  -4.02312138674693e-01
5.67500000000000e+00  -4.31368341552785e-01
5.70000000000000e+00  -4.58774390437880e-01
5.72500000000000e+00  -4.84485186641925e-01
5.75000000000000e+00  -5.08468255601091e-01
5.77500000000000e+00  -5.30702850220871e-01
5.80000000000000e+00  -5.51179054221182e-01
5.82500000000000e+00  -5.69896885481453e-01
5.85000000000000e+00  -5.86865399385736e-01
5.87500000000000e+00  -6.02101792167791e-01
5.90000000000000e+00  -6.15630504256192e-01
5.92500000000000e+00  -6.27482323619419e-01
5.95000000000000e+00  -6.37698739845971e-01
5.97500000000000e+00  -6.46325730917135e-01
6.00000000000000e+00  -6.53413905367078e-01
6.02500000000000e+00  -6.59021115954841e-01
6.05000000000000e+00  -6.63207762055967e-01
6.07500000000000e+00  -6.66036161436294e-01
6.10000000000000e+00  -6.67569922025748e-01
6.12500000000000e+00  -6.67873313692140e-01
6.15000000000000e+00  -6.67010640014961e-01
6.17500000000000e+00  -6.65045610059170e-01
6.20000000000000e+00  -6.62040710148996e-01
6.22500000000000e+00  -6.58056575641727e-01
6.25000000000000e+00  -6.53141038855718e-01
6.27500000000000e+00  -6.47434765713783e-01
6.30000000000000e+00  -6.40935089553939e-01
6.32500000000000e+00  -6.33710546378942e-01
6.35000000000000e+00  -6.25825800203110e-01
6.37500000000000e+00  -6.17341913957000e-01
6.40000000000000e+00  -6.08316620392088e-01
6.42500000000000e+00  -5.98804592985439e-01
6.45000000000000e+00  -5.88857716844389e-01
6.47500000000000e+00  -5.78525359611217e-01
6.50000000000000e+00  -5.67854642367827e-01
6.52500000000000e+00  -5.56890710540416e-01
6.55000000000000e+00  -5.45677004804161e-01
6.57500000000000e+00  -5.34253796854672e-01
6.60000000000000e+00  -5.22659719162197e-01
6.62500000000000e+00  -5.10931957837067e-01
6.65000000000000e+00  -4.99104411668251e-01
6.67500000000000e+00  -4.87209623205683e-01
6.70000000000000e+00  -4.75278442617383e-01
6.72500000000000e+00  -4.63339691546573e-01
6.75000000000000e+00  -4.51419826968801e-01
6.77500000000000e+00  -4.39542605049059e-01
6.80000000000000e+00  -4.27728744998903e-01
6.82500000000000e+00  -4.15995592933577e-01
6.85000000000000e+00  -4.04356785729128e-01
6.87500000000000e+00  -3.92817670010673e-01
6.90000000000000e+00  -3.81460373596134e-01
6.92500000000000e+00  -3.70233317396551e-01
6.95000000000000e+00  -3.59156862082998e-01
6.97500000000000e+00  -3.48247687685238e-01
7.00000000000000e+00  -3.37519203504823e-01
7.02500000000000e+00  -3.26981958028185e-01
7.05000000000000e+00  -3.16644048839737e-01
7.07500000000000e+00  -3.06511532534963e-01
7.10000000000000e+00  -2.96588834633517e-01
7.12500000000000e+00  -2.86879159492317e-01
7.15000000000000e+00  -2.77384900218641e-01
7.17500000000000e+00  -2.68108048583223e-01
7.20000000000000e+00  -2.59050182882281e-01
7.22500000000000e+00  -2.50212633383968e-01
7.25000000000000e+00  -2.41596660134330e-01
7.27500000000000e+00  -2.33203159331175e-01
7.30000000000000e+00  -2.25032812189069e-01
7.32500000000000e+00  -2.17085828683499e-01
7.35000000000000e+00  -2.09361691295021e-01
7.37500000000000e+00  -2.01858898753421e-01
7.40000000000000e+00  -1.94574709781867e-01
7.42500000000000e+00  -1.87504886841067e-01
7.45000000000000e+00  -1.80643439873421e-01
7.47500000000000e+00  -1.73982370047182e-01
7.50000000000000e+00  -1.67521329935109e-01
7.52500000000000e+00  -1.61280171434528e-01
7.55000000000000e+00  -1.55234185528732e-01
7.57500000000000e+00  -1.49380217582716e-01
7.60000000000000e+00  -1.43714927539295e-01
7.62500000000000e+00  -1.38234806448384e-01
7.65000000000000e+00  -1.32936192996278e-01
7.67500000000000e+00  -1.27815290034939e-01
7.70000000000000e+00  -1.22868181111274e-01
7.72500000000000e+00  -1.18090846996419e-01
7.75000000000000e+00  -1.13479182215022e-01
7.77500000000000e+00  -1.09029011574523e-01
7.80000000000000e+00  -1.04736106694438e-01
7.82500000000000e+00  -1.00596202535640e-01
7.85000000000000e+00  -9.66050139296438e-02
7.87500000000000e+00  -9.27582521078837e-02
7.90000000000000e+00  -8.90516412309995e-02
7.92500000000000e+00  -8.54809349181170e-02
7.95000000000000e+00  -8.20419327761310e-02
7.97500000000000e+00  -7.87304969289867e-02
8.00000000000000e+00  -7.55425685469629e-02
8.02500000000000e+00  -7.24741843759529e-02
8.05000000000000e+00  -6.95214932667480e-02
8.07500000000000e+00  -6.66807727043190e-02
8.10000000000000e+00  -6.39484453370983e-02
8.12500000000000e+00  -6.13206691053922e-02
8.15000000000000e+00  -5.87939011850142e-02
8.17500000000000e+00  -5.63648083065752e-02
8.20000000000000e+00  -5.40300596253354e-02
8.22500000000000e+00  -5.17864248165797e-02
8.25000000000000e+00  -4.96307697370313e-02
8.27500000000000e+00  -4.75600520862685e-02
8.30000000000000e+00  -4.55713170681389e-02
8.32500000000000e+00  -4.36616930521743e-02
8.35000000000000e+00  -4.18283872350067e-02
8.37500000000000e+00  -4.00686813017818e-02
8.40000000000000e+00  -3.83799270875760e-02
8.42500000000000e+00  -3.67595422388100e-02
8.45000000000000e+00  -3.52050058746646e-02
8.47500000000000e+00  -3.37138542484958e-02
8.50000000000000e+00  -3.22836764092492e-02
8.52500000000000e+00  -3.09121098628762e-02
8.55000000000000e+00  -2.95968362337479e-02
8.57500000000000e+00  -2.83355769260712e-02
8.60000000000000e+00  -2.71260887853033e-02
8.62500000000000e+00  -2.59661597595668e-02
8.65000000000000e+00  -2.48536045610650e-02
8.67500000000000e+00  -2.37862603274969e-02
8.70000000000000e+00  -2.27619822834725e-02
8.72500000000000e+00  -2.17786394019274e-02
8.75000000000000e+00  -2.08424928029807e-02
8.77500000000000e+00  -1.99435733033835e-02
8.80000000000000e+00  -1.90821797117970e-02
8.82500000000000e+00  -1.82568507803461e-02
8.85000000000000e+00  -1.74661730181424e-02
8.87500000000000e+00  -1.67087797256899e-02
8.90000000000000e+00  -1.59833500292928e-02
8.92500000000000e+00  -1.52886079154621e-02
8.95000000000000e+00  -1.46233212653215e-02
8.97500000000000e+00  -1.39863008890157e-02
9.00000000000000e+00  -1.33763995601155e-02
9.02500000000000e+00  -1.27925110500262e-02
9.05000000000000e+00  -1.22335691623931e-02
9.07500000000000e+00  -1.16985467675091e-02
9.10000000000000e+00  -1.11864548367211e-02
9.12500000000000e+00  -1.06963414768369e-02
9.15000000000000e+00  -1.02272909645321e-02
9.17500000000000e+00  -9.77842278075660e-03
9.20000000000000e+00  -9.34889064514159e-03
9.22500000000000e+00  -8.93788155040641e-03
9.25000000000000e+00  -8.54461479676507e-03
9.27500000000000e+00  -8.16834102633333e-03
9.30000000000000e+00  -7.80834125753533e-03
9.32500000000000e+00  -7.46392591951038e-03
9.35000000000000e+00  -7.13443388651979e-03
9.37500000000000e+00  -6.81923151235361e-03
9.40000000000000e+00  -6.51771166473746e-03
9.42500000000000e+00  -6.22929275973934e-03
9.45000000000000e+00  -5.95341779617633e-03
9.47500000000000e+00  -5.68955339002149e-03
9.50000000000000e+00  -5.43718880881052e-03
9.52500000000000e+00  -5.19583500604864e-03
9.55000000000000e+00  -4.96502365561740e-03
9.57500000000000e+00  -4.74430618618135e-03
9.60000000000000e+00  -4.53325281559494e-03
9.62500000000000e+00  -4.33145158530928e-03
9.65000000000000e+00  -4.13850739477884e-03
9.67500000000000e+00  -3.95404103586838e-03
9.70000000000000e+00  -3.77768822725967e-03
9.72500000000000e+00  -3.60909864885823e-03
9.75000000000000e+00  -3.44793497620021e-03
9.77500000000000e+00  -3.29387191485909e-03
9.80000000000000e+00  -3.14659523485254e-03
9.82500000000000e+00  -3.00580080504916e-03
9.85000000000000e+00  -2.87119362757530e-03
9.87500000000000e+00  -2.74248687222183e-03
9.90000000000000e+00  -2.61940091085091e-03
9.92500000000000e+00  -2.50166235180281e-03
9.95000000000000e+00  -2.38900307430269e-03
9.97500000000000e+00  -2.28115926286738e-03
1.00000000000000e+01  -2.17787044171222e-03
