0.00000000000000e+00  -6.12797584955846e-04
2.50000000000000e-02  -6.46455685496461e-04
5.00000000000000e-02  -6.81665652803492e-04
7.50000000000000e-02  -7.18566921512801e-04
1.00000000000000e-01  -7.57297412153598e-04
1.25000000000000e-01  -7.97994322010328e-04
1.50000000000000e-01  -8.40794915984573e-04
1.75000000000000e-01  -8.85837317456950e-04
2.00000000000000e-01  -9.33261299149018e-04
2.25000000000000e-01  -9.83209073985170e-04
2.50000000000000e-01  -1.03582608595454e-03
2.75000000000000e-01  -1.09126180097291e-03
3.00000000000000e-01  -1.14967049774458e-03
3.25000000000000e-01  -1.21121205862431e-03
3.50000000000000e-01  -1.27605276047921e-03
3.75000000000000e-01  -1.34436606555060e-03
4.00000000000000e-01  -1.41633341231598e-03
4.25000000000000e-01  -1.49214500635086e-03
4.50000000000000e-01  -1.57200061119072e-03
4.75000000000000e-01  -1.65611033919288e-03
5.00000000000000e-01  -1.74469544239839e-03
5.25000000000000e-01  -1.83798910339397e-03
5.50000000000000e-01  -1.93623722617387e-03
5.75000000000000e-01  -2.03969922700180e-03
6.00000000000000e-01  -2.14864882527280e-03
6.25000000000000e-01  -2.26337483437517e-03
6.50000000000000e-01  -2.38418195255238e-03
6.75000000000000e-01  -2.51139155376491e-03
7.00000000000000e-01  -2.64534247855222e-03
7.25000000000000e-01  -2.78639182489461e-03
7.50000000000000e-01  -2.93491573907516e-03
7.75000000000000e-01  -3.09131020654155e-03
8.00000000000000e-01  -3.25599184276805e-03
8.25000000000000e-01  -3.42939868411739e-03
8.50000000000000e-01  -3.61199097870263e-03
8.75000000000000e-01  -3.80425197724912e-03
9.00000000000000e-01  -4.00668872395633e-03
9.25000000000000e-01  -4.21983284735980e-03
9.50000000000000e-01  -4.44424135119304e-03
9.75000000000000e-01  -4.68049740524940e-03
1.00000000000000e+00  -4.92921113624401e-03
1.02500000000000e+00  -5.19102041867564e-03
1.05000000000000e+00  -5.46659166568863e-03
1.07500000000000e+00  -5.75662061993479e-03
1.10000000000000e+00  -6.06183314443528e-03
1.12500000000000e+00  -6.38298601344251e-03
1.15000000000000e+00  -6.72086770330209e-03
1.17500000000000e+00  -7.07629918331465e-03
1.20000000000000e+00  -7.45013470659783e-03
1.22500000000000e+00  -7.84326260094809e-03
1.25000000000000e+00  -8.24091246174545e-03
1.27500000000000e+00  -8.68706664075432e-03
1.30000000000000e+00  -9.15190958843583e-03
1.32500000000000e+00  -9.63742097568760e-03
1.35000000000000e+00  -1.01455210493060e-02
1.37500000000000e+00  -1.06780801723224e-02
1.40000000000000e+00  -1.12369283643390e-02
1.42500000000000e+00  -1.18238648418653e-02
1.45000000000000e+00  -1.24406675586539e-02
1.47500000000000e+00  -1.30891027460367e-02
1.50000000000000e+00  -1.37709344532610e-02
1.52500000000000e+00  -1.44879340878257e-02
1.55000000000000e+00  -1.52418899558173e-02
1.57500000000000e+00  -1.60346168022459e-02
1.60000000000000e+00  -1.68679653513815e-02
1.62500000000000e+00  -1.77438318470901e-02
1.65000000000000e+00  -1.86641675931695e-02
1.67500000000000e+00  -1.96309884936859e-02
1.70000000000000e+00  -2.06463845933095e-02
1.72500000000000e+00  -2.17125296176509e-02
1.75000000000000e+00  -2.28316905135972e-02
1.77500000000000e+00  -2.40062369896480e-02
1.80000000000000e+00  -2.52386510562514e-02
1.82500000000000e+00  -2.65315365661405e-02
1.85000000000000e+00  -2.78876287546689e-02
1.87500000000000e+00  -2.93105580623028e-02
1.90000000000000e+00  -3.08006906628428e-02
1.92500000000000e+00  -3.23635595542194e-02
1.95000000000000e+00  -3.40021007388671e-02
1.97500000000000e+00  -3.57194893184242e-02
2.00000000000000e+00  -3.75191238599186e-02
2.02500000000000e+00  -3.94046107619531e-02
2.05000000000000e+00  -4.13797486208907e-02
2.07500000000000e+00  -4.34485125970408e-02
2.10000000000000e+00  -4.56150387808438e-02
2.12500000000000e+00  -4.78836085590576e-02
2.15000000000000e+00  -5.02586329809421e-02
2.17500000000000e+00  -5.27446371244455e-02
2.20000000000000e+00  -5.53462444623896e-02
2.22500000000000e+00  -5.80681612286549e-02
2.25000000000000e+00  -6.09151607843666e-02
2.27500000000000e+00  -6.38920679840802e-02
2.30000000000000e+00  -6.70037435419665e-02
2.32500000000000e+00  -7.02550683979973e-02
2.35000000000000e+00  -7.36509280841312e-02
2.37500000000000e+00  -7.71961970904989e-02
2.40000000000000e+00  -8.08957232315885e-02
2.42500000000000e+00  -8.47543120124313e-02
2.45000000000000e+00  -8.87767109947874e-02
2.47500000000000e+00  -9.29675941633309e-02
2.50000000000000e+00  -9.73524145424811e-02
2.52500000000000e+00  -1.01911996533408e-01
2.55000000000000e+00  -1.06663363196849e-01
2.57500000000000e+00  -1.11611975594643e-01
2.60000000000000e+00  -1.16763472363218e-01
2.62500000000000e+00  -1.22123624260229e-01
2.65000000000000e+00  -1.27698288711216e-01
2.67500000000000e+00  -1.33493364356248e-01
2.70000000000000e+00  -1.39514745596570e-01
2.72500000000000e+00  -1.45768277141259e-01
2.75000000000000e+00  -1.52259708553863e-01
2.77500000000000e+00  -1.58994648799060e-01
2.80000000000000e+00  -1.65978520789297e-01
2.82500000000000e+00  -1.73216515931446e-01
2.85000000000000e+00  -1.80713548673449e-01
2.87500000000000e+00  -1.88474211050970e-01
2.90000000000000e+00  -1.96502727234039e-01
2.92500000000000e+00  -2.04802908073703e-01
2.95000000000000e+00  -2.13378105648678e-01
2.97500000000000e+00  -2.22231167811993e-01
3.00000000000000e+00  -2.31364392737641e-01
3.02500000000000e+00  -2.40779483467226e-01
3.05000000000000e+00  -2.50477502456616e-01
3.07500000000000e+00  -2.60458826122585e-01
3.10000000000000e+00  -2.70723099389469e-01
3.12500000000000e+00  -2.81266803309367e-01
3.15000000000000e+00  -2.92091421664598e-01
3.17500000000000e+00  -3.03189650938228e-01
3.20000000000000e+00  -3.14556953954824e-01
3.22500000000000e+00  -3.26187405082548e-01
3.25000000000000e+00  -3.38073597199796e-01
3.27500000000000e+00  -3.50206548661835e-01
3.30000000000000e+00  -3.62575610267436e-01
3.32500000000000e+00  -3.75168372225512e-01
3.35000000000000e+00  -3.87970571121754e-01
3.37500000000000e+00  -4.00965996885265e-01
3.40000000000000e+00  -4.14136399755197e-01
3.42500000000000e+00  -4.27461397247386e-01
3.45000000000000e+00  -4.40918381120990e-01
3.47500000000000e+00  -4.54482424345120e-01
3.50000000000000e+00  -4.68126188065481e-01
3.52500000000000e+00  -4.81819828571007e-01
3.55000000000000e+00  -4.95530904260491e-01
3.57500000000000e+00  -5.09224282609231e-01
3.60000000000000e+00  -5.22862047135655e-01
3.62500000000000e+00  -5.36403404367964e-01
3.65000000000000e+00  -5.49804590810767e-01
3.67500000000000e+00  -5.63018779911713e-01
3.70000000000000e+00  -5.75995989028129e-01
3.72500000000000e+00  -5.88682986393659e-01
3.75000000000000e+00  -6.01029368042431e-01
3.77500000000000e+00  -6.12970045046140e-01
3.80000000000000e+00  -6.24446171101279e-01
3.82500000000000e+00  -6.35394585661695e-01
3.85000000000000e+00  -6.45749293916236e-01
3.87500000000000e+00  -6.55441851887436e-01
3.90000000000000e+00  -6.64401751530191e-01
3.92500000000000e+00  -6.72556805830441e-01
3.95000000000000e+00  -6.79833533903847e-01
3.97500000000000e+00  -6.86157546094474e-01
4.00000000000000e+00  -6.91453929073466e-01
4.02500000000000e+00  -6.95647630937730e-01
4.05000000000000e+00  -6.98663846308612e-01
4.07500000000000e+00  -7.00429544699871e-01
4.10000000000000e+00  -7.00873308905125e-01
4.12500000000000e+00  -6.99926162431840e-01
4.15000000000000e+00  -6.97523178259495e-01
4.17500000000000e+00  -6.93603569567905e-01
4.20000000000000e+00  -6.88111857880698e-01
4.22500000000000e+00  -6.80999041208797e-01
4.25000000000000e+00  -6.72223762193908e-01
4.27500000000000e+00  -6.61753476251994e-01
4.30000000000000e+00  -6.49565619716761e-01
4.32500000000000e+00  -6.35648777983137e-01
4.35000000000000e+00  -6.20003853650761e-01
4.37500000000000e+00  -6.02646563508224e-01
4.40000000000000e+00  -5.83603730493587e-01
4.42500000000000e+00  -5.62925450553149e-01
4.45000000000000e+00  -5.40673424217303e-01
4.47500000000000e+00  -5.16929556597487e-01
4.50000000000000e+00  -4.91796331411672e-01
4.52500000000000e+00  -4.65397185009852e-01
4.55000000000000e+00  -4.37876880399546e-01
4.57500000000000e+00  -4.09401881271285e-01
4.60000000000000e+00  -3.80160726024109e-01
4.62500000000000e+00  -3.50364401791059e-01
4.65000000000000e+00  -3.20246718464669e-01
4.67500000000000e+00  -2.90064682722467e-01
4.70000000000000e+00  -2.60092974089771e-01
4.72500000000000e+00  -2.30626966251983e-01
4.75000000000000e+00  -2.01982304746044e-01
4.77500000000000e+00  -1.74482508869459e-01
4.80000000000000e+00  -1.48466259769642e-01
4.82500000000000e+00  -1.24281515218894e-01
4.85000000000000e+00  -1.02279624389366e-01
4.87500000000000e+00  -8.28094426280390e-02
4.90000000000000e+00  -6.62114462316937e-02
4.92500000000000e+00  -5.28118472218837e-02
4.95000000000000e+00  -4.29167081199096e-02
4.97500000000000e+00  -3.68060567217884e-02
5.00000000000000e+00  -3.47280008732300e-02
5.02500000000000e+00  -3.68060567217885e-02
5.05000000000000e+00  -4.29167081199099e-02
5.07500000000000e+00  -5.28118472218844e-02
5.10000000000000e+00  -6.62114462316945e-02
5.12500000000000e+00  -8.28094426280396e-02
5.15000000000000e+00  -1.02279624389366e-01
5.17500000000000e+00  -1.24281515218895e-01
5.20000000000000e+00  -1.48466259769643e-01
5.22500000000000e+00  -1.74482508869459e-01
5.25000000000000e+00  -2.01982304746044e-01
5.27500000000000e+00  -2.30626966251984e-01
5.30000000000000e+00  -2.60092974089771e-01
5.32500000000000e+00  -2.90064682722467e-01
5.35000000000000e+00  -3.20246718464669e-01
5.37500000000000e+00  -3.50364401791057e-01
5.40000000000000e+00  -3.80160726024109e-01
5.42500000000000e+00  -4.09401881271286e-01
5.45000000000000e+00  -4.37876880399546e-01
5.47500000000000e+00  -4.65397185009852e-01
5.50000000000000e+00  -4.91796331411672e-01
5.52500000000000e+00  -5.16929556597488e-01
5.55000000000000e+00  -5.40673424217303e-01
5.57500000000000e+00  -5.62925450553148e-01
5.60000000000000e+00  -5.83603730493587e-01
5.62500000000000e+00  -6.02645234667453e-01
5.65000000000000e+00  -6.20003853650760e-01
5.67500000000000e+00  -6.35648777983137e-01
5.70000000000000e+00  -6.49565619716759e-01
5.72500000000000e+00  -6.61753476251993e-01
5.75000000000000e+00  -6.72223762193907e-01
5.77500000000000e+00  -6.80999041208796e-01
5.80000000000000e+00  -6.88111857880696e-01
5.82500000000000e+00  -6.93603569567904e-01
5.85000000000000e+00  -6.97523178259494e-01
5.87500000000000e+00  -6.99926162431839e-01
5.90000000000000e+00  -7.00873308905124e-01
5.92500000000000e+00  -7.00429544699870e-01
5.95000000000000e+00  -6.98663846308610e-01
5.97500000000000e+00  -6.95647630937729e-01
6.00000000000000e+00  -6.91453929073464e-01
6.02500000000000e+00  -6.86157546094472e-01
6.05000000000000e+00  -6.79833533903845e-01
6.07500000000000e+00  -6.72556805830439e-01
6.10000000000000e+00  -6.64401751530189e-01
6.12500000000000e+00  -6.55441851887434e-01
6.15000000000000e+00  -6.45749293916234e-01
6.17500000000000e+00  -6.35394585661693e-01
6.20000000000000e+00  -6.24446171101277e-01
6.22500000000000e+00  -6.12970045046138e-01
6.25000000000000e+00  -6.01023198084893e-01
6.27500000000000e+00  -5.88682986393657e-01
6.30000000000000e+00  -5.75995989028127e-01
6.32500000000000e+00  -5.63018779911711e-01
6.35000000000000e+00  -5.49804590810765e-01
6.37500000000000e+00  -5.36403404367962e-01
6.40000000000000e+00  -5.22862047135653e-01
6.42500000000000e+00  -5.09224282609229e-01
6.45000000000000e+00  -4.95530904260490e-01
6.47500000000000e+00  -4.81819828571005e-01
6.50000000000000e+00  -4.68126188065480e-01
6.52500000000000e+00  -4.54482424345118e-01
6.55000000000000e+00  -4.40918381120987e-01
6.57500000000000e+00  -4.27461397247384e-01
6.60000000000000e+00  -4.14136399755195e-01
6.62500000000000e+00  -4.00965996885263e-01
6.65000000000000e+00  -3.87970571121752e-01
6.67500000000000e+00  -3.75168372225510e-01
6.70000000000000e+00  -3.62575610267434e-01
6.72500000000000e+00  -3.50206548661833e-01
6.75000000000000e+00  -3.38073597199794e-01
6.77500000000000e+00  -3.26187405082546e-01
6.80000000000000e+00  -3.14556953954822e-01
6.82500000000000e+00  -3.03189650938226e-01
6.85000000000000e+00  -2.92091421664596e-01
6.87500000000000e+00  -2.81269190235808e-01
6.90000000000000e+00  -2.70723099389467e-01
6.92500000000000e+00  -2.60458826122583e-01
6.95000000000000e+00  -2.50477502456614e-01
6.97500000000000e+00  -2.40779483467225e-01
7.00000000000000e+00  -2.31364392737639e-01
7.02500000000000e+00  -2.22231167811992e-01
7.05000000000000e+00  -2.13378105648677e-01
7.07500000000000e+00  -2.04802908073702e-01
7.10000000000000e+00  -1.96502727234037e-01
7.12500000000000e+00  -1.88474211050969e-01
7.15000000000000e+00  -1.80713548673448e-01
7.17500000000000e+00  -1.73216515931444e-01
7.20000000000000e+00  -1.65978520789295e-01
7.22500000000000e+00  -1.58994648799058e-01
7.25000000000000e+00  -1.52259708553862e-01
7.27500000000000e+00  -1.45768277141258e-01
7.30000000000000e+00  -1.39514745596569e-01
7.32500000000000e+00  -1.33493364356247e-01
7.35000000000000e+00  -1.27698288711215e-01
7.37500000000000e+00  -1.22123624260228e-01
7.40000000000000e+00  -1.16763472363216e-01
7.42500000000000e+00  -1.11611975594642e-01
7.45000000000000e+00  -1.06663363196847e-01
7.47500000000000e+00  -1.01911996533407e-01
7.50000000000000e+00  -9.73315462918356e-02
7.52500000000000e+00  -9.29675941633309e-02
7.55000000000000e+00  -8.87767109947873e-02
7.57500000000000e+00  -8.47543120124314e-02
7.60000000000000e+00  -8.08957232315885e-02
7.62500000000000e+00  -7.71961970904990e-02
7.65000000000000e+00  -7.36509280841313e-02
7.67500000000000e+00  -7.02550683979975e-02
7.70000000000000e+00  -6.70037435419667e-02
7.72500000000000e+00  -6.38920679840804e-02
7.75000000000000e+00  -6.09151607843669e-02
7.77500000000000e+00  -5.80681612286550e-02
7.80000000000000e+00  -5.53462444623897e-02
7.82500000000000e+00  -5.27446371244457e-02
7.85000000000000e+00  -5.02586329809422e-02
7.87500000000000e+00  -4.78836085590578e-02
7.90000000000000e+00  -4.56150387808441e-02
7.92500000000000e+00  -4.34485125970410e-02
7.95000000000000e+00  -4.13797486208910e-02
7.97500000000000e+00  -3.94046107619533e-02
8.00000000000000e+00  -3.75191238599189e-02
8.02500000000000e+00  -3.57194893184244e-02
8.05000000000000e+00  -3.40021007388672e-02
8.07500000000000e+00  -3.23635595542196e-02
8.10000000000000e+00  -3.08006906628430e-02
8.12500000000000e+00  -2.93098037801478e-02
8.15000000000000e+00  -2.78876287546692e-02
8.17500000000000e+00  -2.65315365661407e-02
8.20000000000000e+00  -2.52386510562516e-02
8.22500000000000e+00  -2.40062369896482e-02
8.25000000000000e+00  -2.28316905135974e-02
8.27500000000000e+00  -2.17125296176511e-02
8.30000000000000e+00  -2.06463845933097e-02
8.32500000000000e+00  -1.96309884936860e-02
8.35000000000000e+00  -1.86641675931697e-02
8.37500000000000e+00  -1.77438318470903e-02
8.40000000000000e+00  -1.68679653513817e-02
8.42500000000000e+00  -1.60346168022461e-02
8.45000000000000e+00  -1.52418899558174e-02
8.47500000000000e+00  -1.44879340878259e-02
8.50000000000000e+00  -1.37709344532612e-02
8.52500000000000e+00  -1.30891027460369e-02
8.55000000000000e+00  -1.24406675586541e-02
8.57500000000000e+00  -1.18238648418655e-02
8.60000000000000e+00  -1.12369283643392e-02
8.62500000000000e+00  -1.06780801723226e-02
8.65000000000000e+00  -1.01455210493062e-02
8.67500000000000e+00  -9.63742097568776e-03
8.70000000000000e+00  -9.15190958843600e-03
8.72500000000000e+00  -8.68706664075450e-03
8.75000000000000e+00  -8.25660605970290e-03
8.77500000000000e+00  -7.84326260094829e-03
8.80000000000000e+00  -7.45013470659802e-03
8.82500000000000e+00  -7.07629918331484e-03
8.85000000000000e+00  -6.72086770330230e-03
8.87500000000000e+00  -6.38298601344273e-03
8.90000000000000e+00  -6.06183314443549e-03
8.92500000000000e+00  -5.75662061993502e-03
8.95000000000000e+00  -5.46659166568886e-03
8.97500000000000e+00  -5.19102041867589e-03
9.00000000000000e+00  -4.92921113624426e-03
9.02500000000000e+00  -4.68049740524965e-03
9.05000000000000e+00  -4.44424135119329e-03
9.07500000000000e+00  -4.21983284736006e-03
9.10000000000000e+00  -4.00668872395661e-03
9.12500000000000e+00  -3.80425197724941e-03
9.15000000000000e+00  -3.61199097870295e-03
9.17500000000000e+00  -3.42939868411771e-03
9.20000000000000e+00  -3.25599184276838e-03
9.22500000000000e+00  -3.09131020654190e-03
9.25000000000000e+00  -2.93491573907552e-03
9.27500000000000e+00  -2.78639182489499e-03
9.30000000000000e+00  -2.64534247855261e-03
9.32500000000000e+00  -2.51139155376532e-03
9.35000000000000e+00  -2.38418195255281e-03
9.37500000000000e+00  -2.26337483437562e-03
9.40000000000000e+00  -2.14864882527327e-03
9.42500000000000e+00  -2.03969922700228e-03
9.45000000000000e+00  -1.93623722617438e-03
9.47500000000000e+00  -1.83798910339451e-03
9.50000000000000e+00  -1.74469544239895e-03
9.52500000000000e+00  -1.65611033919345e-03
9.55000000000000e+00  -1.57200061119132e-03
9.57500000000000e+00  -1.49214500635148e-03
9.60000000000000e+00  -1.41633341231662e-03
9.62500000000000e+00  -1.34436606555128e-03
9.65000000000000e+00  -1.27605276047991e-03
9.67500000000000e+00  -1.21121205862504e-03
9.70000000000000e+00  -1.14967049774534e-03
9.72500000000000e+00  -1.09126180097370e-03
9.75000000000000e+00  -1.03582608595536e-03
9.77500000000000e+00  -9.83209073986026e-04
9.80000000000000e+00  -9.33261299149904e-04
9.82500000000000e+00  -8.85837317457870e-04
9.85000000000000e+00  -8.40794915985526e-04
9.87500000000000e+00  -7.97994322011321e-04
9.90000000000000e+00  -7.57297412154628e-04
9.92500000000000e+00  -7.18566921513870e-04
9.95000000000000e+00  -6.81665652804602e-04
9.97500000000000e+00  -6.46455685497612e-04
1.00000000000000e+01  -6.12797584957043e-04
