0.00000000000000e+00  -1.34105737517837e-03
2.50000000000000e-02  -1.40801708166411e-03
5.00000000000000e-02  -1.47800434586405e-03
7.50000000000000e-02  -1.55121704855207e-03
1.00000000000000e-01  -1.62785402473077e-03
1.25000000000000e-01  -1.70811593585558e-03
1.50000000000000e-01  -1.79220614205884e-03
1.75000000000000e-01  -1.88033157437401e-03
2.00000000000000e-01  -1.97270360695976e-03
2.25000000000000e-01  -2.06953892932413e-03
2.50000000000000e-01  -2.17106041854866e-03
2.75000000000000e-01  -2.27749801151254e-03
3.00000000000000e-01  -2.38908957711673e-03
3.25000000000000e-01  -2.50608178850811e-03
3.50000000000000e-01  -2.62873099530360e-03
3.75000000000000e-01  -2.75730409581435e-03
4.00000000000000e-01  -2.89207940926980e-03
4.25000000000000e-01  -3.03334754804188e-03
4.50000000000000e-01  -3.18141228986912e-03
4.75000000000000e-01  -3.33659145008081e-03
5.00000000000000e-01  -3.49921775382110e-03
5.25000000000000e-01  -3.66963970827319e-03
5.50000000000000e-01  -3.84822247488339e-03
5.75000000000000e-01  -4.03534874158538e-03
6.00000000000000e-01  -4.23141959502420e-03
6.25000000000000e-01  -4.43685539278053e-03
6.50000000000000e-01  -4.65209663559472e-03
6.75000000000000e-01  -4.87760483959096e-03
7.00000000000000e-01  -5.11386340850148e-03
7.25000000000000e-01  -5.36137850589058e-03
7.50000000000000e-01  -5.62067992737887e-03
7.75000000000000e-01  -5.89232197286733e-03
8.00000000000000e-01  -6.17688431876148e-03
8.25000000000000e-01  -6.47497289019554e-03
8.50000000000000e-01  -6.78722073325653e-03
8.75000000000000e-01  -7.11428888720845e-03
9.00000000000000e-01  -7.45686725671634e-03
9.25000000000000e-01  -7.81567548407051e-03
9.50000000000000e-01  -8.19146382141064e-03
9.75000000000000e-01  -8.58501400294989e-03
1.00000000000000e+00  -8.99714011719912e-03
1.02500000000000e+00  -9.42868947919089e-03
1.05000000000000e+00  -9.88054350270374e-03
1.07500000000000e+00  -1.03536185724863e-02
1.10000000000000e+00  -1.08488669164812e-02
1.12500000000000e+00  -1.13672774780498e-02
1.15000000000000e+00  -1.19098767881954e-02
1.17500000000000e+00  -1.24777298377885e-02
1.20000000000000e+00  -1.30719409497898e-02
1.22500000000000e+00  -1.36936546514753e-02
1.25000000000000e+00  -1.43910972938838e-02
1.27500000000000e+00  -1.50414250825946e-02
1.30000000000000e+00  -1.57343092283530e-02
1.32500000000000e+00  -1.64687642877335e-02
1.35000000000000e+00  -1.72441656037464e-02
1.37500000000000e+00  -1.80602333932733e-02
1.40000000000000e+00  -1.89170168345036e-02
1.42500000000000e+00  -1.98148781543698e-02
1.45000000000000e+00  -2.07544767159847e-02
1.47500000000000e+00  -2.17367531060763e-02
1.50000000000000e+00  -2.27629132224244e-02
1.52500000000000e+00  -2.38344123612966e-02
1.55000000000000e+00  -2.49529393048845e-02
1.57500000000000e+00  -2.61204004087391e-02
1.60000000000000e+00  -2.73389036892076e-02
1.62500000000000e+00  -2.86107429108691e-02
1.65000000000000e+00  -2.99383816739705e-02
1.67500000000000e+00  -3.13244375018627e-02
1.70000000000000e+00  -3.27716659284369e-02
1.72500000000000e+00  -3.42829445855599e-02
1.75000000000000e+00  -3.58612572905112e-02
1.77500000000000e+00  -3.75096781334178e-02
1.80000000000000e+00  -3.92313555646915e-02
1.82500000000000e+00  -4.10294964824639e-02
1.85000000000000e+00  -4.29073503200231e-02
1.87500000000000e+00  -4.48672727953011e-02
1.90000000000000e+00  -4.69156188069546e-02
1.92500000000000e+00  -4.90528501257839e-02
1.95000000000000e+00  -5.12827990492681e-02
1.97500000000000e+00  -5.36091661875076e-02
2.00000000000000e+00  -5.60355563996554e-02
2.02500000000000e+00  -5.85655147303473e-02
2.05000000000000e+00  -6.12025623461334e-02
2.07500000000000e+00  -6.39502324719082e-02
2.10000000000000e+00  -6.68121063273421e-02
2.12500000000000e+00  -6.97918490633119e-02
2.15000000000000e+00  -7.28932456983313e-02
2.17500000000000e+00  -7.61202370549826e-02
2.20000000000000e+00  -7.94769556963464e-02
2.22500000000000e+00  -8.29677618624333e-02
2.25000000000000e+00  -8.65972794066144e-02
2.27500000000000e+00  -9.03704317320522e-02
2.30000000000000e+00  -9.42924777281311e-02
2.32500000000000e+00  -9.83690477068885e-02
2.35000000000000e+00  -1.02606179339446e-01
2.37500000000000e+00  -1.07010353592439e-01
2.40000000000000e+00  -1.11588530664449e-01
2.42500000000000e+00  -1.16348185922434e-01
2.45000000000000e+00  -1.21297345838158e-01
2.47500000000000e+00  -1.26444623924623e-01
2.50000000000000e+00  -1.31729896629167e-01
2.52500000000000e+00  -1.37235956135750e-01
2.55000000000000e+00  -1.42941432495408e-01
2.57500000000000e+00  -1.48850963224976e-01
2.60000000000000e+00  -1.54969217060289e-01
2.62500000000000e+00  -1.61300844460146e-01
2.65000000000000e+00  -1.67850428110267e-01
2.67500000000000e+00  -1.74622433427250e-01
2.70000000000000e+00  -1.81621159062532e-01
2.72500000000000e+00  -1.88850687406347e-01
2.75000000000000e+00  -1.96314835091684e-01
2.77500000000000e+00  -2.04017103498244e-01
2.80000000000000e+00  -2.11960629256402e-01
2.82500000000000e+00  -2.20148134751162e-01
2.85000000000000e+00  -2.28581878626120e-01
2.87500000000000e+00  -2.37263606287417e-01
2.90000000000000e+00  -2.46194500407701e-01
2.92500000000000e+00  -2.55375131430085e-01
2.95000000000000e+00  -2.64805408072105e-01
2.97500000000000e+00  -2.74484527829681e-01
3.00000000000000e+00  -2.84410927481070e-01
3.02500000000000e+00  -2.94582233590830e-01
3.05000000000000e+00  -3.04995213013777e-01
3.07500000000000e+00  -3.15645723398941e-01
3.10000000000000e+00  -3.26528663693530e-01
3.12500000000000e+00  -3.37532805834708e-01
3.15000000000000e+00  -3.48983306774365e-01
3.17500000000000e+00  -3.60557939715948e-01
3.20000000000000e+00  -3.72287563728799e-01
3.22500000000000e+00  -3.84189285090258e-01
3.25000000000000e+00  -3.96268234147778e-01
3.27500000000000e+00  -4.08519342181039e-01
3.30000000000000e+00  -4.20929118264060e-01
3.32500000000000e+00  -4.33477426127317e-01
3.35000000000000e+00  -4.46139261019853e-01
3.37500000000000e+00  -4.58886526571396e-01
3.40000000000000e+00  -4.71689811654471e-01
3.42500000000000e+00  -4.84520167246514e-01
3.45000000000000e+00  -4.97345389870634e-01
3.47500000000000e+00  -5.10134506495243e-01
3.50000000000000e+00  -5.22857088556411e-01
3.52500000000000e+00  -5.35479999407845e-01
3.55000000000000e+00  -5.47969916191162e-01
3.57500000000000e+00  -5.60291497094338e-01
3.60000000000000e+00  -5.72405548610160e-01
3.62500000000000e+00  -5.84267192794669e-01
3.65000000000000e+00  -5.95824034525614e-01
3.67500000000000e+00  -6.07014328760898e-01
3.70000000000000e+00  -6.17765147797027e-01
3.72500000000000e+00  -6.27990548527559e-01
3.75000000000000e+00  -6.37250315834888e-01
3.77500000000000e+00  -6.46898844799068e-01
3.80000000000000e+00  -6.55513773995368e-01
3.82500000000000e+00  -6.63207295159087e-01
3.85000000000000e+00  -6.70035925333095e-01
3.87500000000000e+00  -6.76009159087592e-01
3.90000000000000e+00  -6.81098120739870e-01
3.92500000000000e+00  -6.85244216574081e-01
3.95000000000000e+00  -6.88367787060993e-01
3.97500000000000e+00  -6.90376759077756e-01
4.00000000000000e+00  -6.91175298127665e-01
4.02500000000000e+00  -6.90672460559919e-01
4.05000000000000e+00  -6.88790845789388e-01
4.07500000000000e+00  -6.85450876314209e-01
4.10000000000000e+00  -6.80591426434763e-01
4.12500000000000e+00  -6.74167466697567e-01
4.15000000000000e+00  -6.66138676866031e-01
4.17500000000000e+00  -6.56479388538318e-01
4.20000000000000e+00  -6.45172484784719e-01
4.22500000000000e+00  -6.32203299785033e-01
4.25000000000000e+00  -6.17553518465943e-01
4.27500000000000e+00  -6.01195076138393e-01
4.30000000000000e+00  -5.83084058134966e-01
4.32500000000000e+00  -5.63154599447263e-01
4.35000000000000e+00  -5.41312784363279e-01
4.37500000000000e+00  -5.17806861043751e-01
4.40000000000000e+00  -4.92856106835603e-01
4.42500000000000e+00  -4.66280467438299e-01
4.45000000000000e+00  -4.38191532210116e-01
4.47500000000000e+00  -4.08712889112145e-01
4.50000000000000e+00  -3.77981525417581e-01
4.52500000000000e+00  -3.46149228421009e-01
4.55000000000000e+00  -3.13383986147697e-01
4.57500000000000e+00  -2.79871388062877e-01
4.60000000000000e+00  -2.45816025781042e-01
4.62500000000000e+00  -2.11442893775229e-01
4.65000000000000e+00  -1.76998790086307e-01
4.67500000000000e+00  -1.42753717032272e-01
4.70000000000000e+00  -1.08993629726615e-01
4.72500000000000e+00  -7.60255306120225e-02
4.75000000000000e+00  -4.41745676005252e-02
4.77500000000000e+00  -1.37752852167181e-02
4.80000000000000e+00  1.48250695406415e-02
4.82500000000000e+00  4.12729359379753e-02
4.85000000000000e+00  6.52148282462285e-02
4.87500000000000e+00  8.63037244802017e-02
4.90000000000000e+00  1.04205455137898e-01
4.92500000000000e+00  1.18605091939857e-01
4.95000000000000e+00  1.29213336568496e-01
4.97500000000000e+00  1.35772909407451e-01
5.00000000000000e+00  1.38064938281732e-01
5.02500000000000e+00  1.35772912248619e-01
5.05000000000000e+00  1.29213342214086e-01
5.07500000000000e+00  1.18605100318849e-01
5.10000000000000e+00  1.04205466147769e-01
5.12500000000000e+00  8.63037379905015e-02
5.15000000000000e+00  6.52148441021475e-02
5.17500000000000e+00  4.12729539639010e-02
5.20000000000000e+00  1.48250895437038e-02
5.22500000000000e+00  -1.37752634431116e-02
5.25000000000000e+00  -4.41745442731637e-02
5.27500000000000e+00  -7.60255059543819e-02
5.30000000000000e+00  -1.08993603965347e-01
5.32500000000000e+00  -1.42753690394910e-01
5.35000000000000e+00  -1.76998762798206e-01
5.37500000000000e+00  -2.11442866057206e-01
5.40000000000000e+00  -2.45815997847108e-01
5.42500000000000e+00  -2.79871360118405e-01
5.45000000000000e+00  -3.13383958387845e-01
5.47500000000000e+00  -3.46149201029391e-01
5.50000000000000e+00  -3.77981498565162e-01
5.52500000000000e+00  -4.08712862956409e-01
5.55000000000000e+00  -4.38191506894449e-01
5.57500000000000e+00  -4.66280443091639e-01
5.60000000000000e+00  -4.92856083572321e-01
5.62500000000000e+00  -5.17430524024900e-01
5.65000000000000e+00  -5.41312763552243e-01
5.67500000000000e+00  -5.63154579976637e-01
5.70000000000000e+00  -5.83084040062605e-01
5.72500000000000e+00  -6.01195059509088e-01
5.75000000000000e+00  -6.17553503312096e-01
5.77500000000000e+00  -6.32203286127363e-01
5.80000000000000e+00  -6.45172472632995e-01
5.82500000000000e+00  -6.56479377892130e-01
5.85000000000000e+00  -6.66138667715583e-01
5.87500000000000e+00  -6.74167459024504e-01
5.90000000000000e+00  -6.80591420213031e-01
5.92500000000000e+00  -6.85450871510940e-01
5.95000000000000e+00  -6.88790842365518e-01
5.97500000000000e+00  -6.90672458471165e-01
6.00000000000000e+00  -6.91175297325147e-01
6.02500000000000e+00  -6.90376759508766e-01
6.05000000000000e+00  -6.88367788669673e-01
6.07500000000000e+00  -6.85244219302070e-01
6.10000000000000e+00  -6.81098124526898e-01
6.12500000000000e+00  -6.76009163872033e-01
6.15000000000000e+00  -6.70035931052482e-01
6.17500000000000e+00  -6.63207301750573e-01
6.20000000000000e+00  -6.55513781396149e-01
6.22500000000000e+00  -6.46898852946768e-01
6.25000000000000e+00  -6.37589748534198e-01
6.27500000000000e+00  -6.27990557985714e-01
6.30000000000000e+00  -6.17765157821076e-01
6.32500000000000e+00  -6.07014339293056e-01
6.35000000000000e+00  -5.95824045510040e-01
6.37500000000000e+00  -5.84267204177559e-01
6.40000000000000e+00  -5.72405560339831e-01
6.42500000000000e+00  -5.60291509121301e-01
6.45000000000000e+00  -5.47969928468179e-01
6.47500000000000e+00  -5.35480011889976e-01
6.50000000000000e+00  -5.22857101201049e-01
6.52500000000000e+00  -5.10134519262135e-01
6.55000000000000e+00  -4.97345402721890e-01
6.57500000000000e+00  -4.84520180146593e-01
6.60000000000000e+00  -4.71689824570191e-01
6.62500000000000e+00  -4.58886539471877e-01
6.65000000000000e+00  -4.46139273876492e-01
6.67500000000000e+00  -4.33477438913731e-01
6.70000000000000e+00  -4.20929130956023e-01
6.72500000000000e+00  -4.08519354756402e-01
6.75000000000000e+00  -3.96268246586382e-01
6.77500000000000e+00  -3.84189297373832e-01
6.80000000000000e+00  -3.72287575840849e-01
6.82500000000000e+00  -3.60557951641635e-01
6.85000000000000e+00  -3.48983318500367e-01
6.87500000000000e+00  -3.37637936161808e-01
6.90000000000000e+00  -3.26528674987338e-01
6.92500000000000e+00  -3.15645734462964e-01
6.95000000000000e+00  -3.04995223840663e-01
6.97500000000000e+00  -2.94582244174457e-01
7.00000000000000e+00  -2.84410937816465e-01
7.02500000000000e+00  -2.74484537912936e-01
7.05000000000000e+00  -2.64805417900308e-01
7.07500000000000e+00  -2.55375141001240e-01
7.10000000000000e+00  -2.46194509720659e-01
7.12500000000000e+00  -2.37263615341812e-01
7.15000000000000e+00  -2.28581887422299e-01
7.17500000000000e+00  -2.20148143290126e-01
7.20000000000000e+00  -2.11960637539746e-01
7.22500000000000e+00  -2.04017111528101e-01
7.25000000000000e+00  -1.96314842870674e-01
7.27500000000000e+00  -1.88850694937523e-01
7.30000000000000e+00  -1.81621166349333e-01
7.32500000000000e+00  -1.74622440473457e-01
7.35000000000000e+00  -1.67850434919963e-01
7.37500000000000e+00  -1.61300851037676e-01
7.40000000000000e+00  -1.54969223410221e-01
7.42500000000000e+00  -1.48850969352071e-01
7.45000000000000e+00  -1.42941438404591e-01
7.47500000000000e+00  -1.37235961832078e-01
7.50000000000000e+00  -1.31799262161265e-01
7.52500000000000e+00  -1.26444629210952e-01
7.55000000000000e+00  -1.21297350927352e-01
7.57500000000000e+00  -1.16348190819827e-01
7.60000000000000e+00  -1.11588535375389e-01
7.62500000000000e+00  -1.07010358122277e-01
7.65000000000000e+00  -1.02606183693519e-01
7.67500000000000e+00  -9.83690518905096e-02
7.70000000000000e+00  -9.42924817465733e-02
7.72500000000000e+00  -9.03704355905394e-02
7.75000000000000e+00  -8.65972831103108e-02
7.77500000000000e+00  -8.29677654164333e-02
7.80000000000000e+00  -7.94769591056664e-02
7.82500000000000e+00  -7.61202403245538e-02
7.85000000000000e+00  -7.28932488329923e-02
7.87500000000000e+00  -6.97918520678032e-02
7.90000000000000e+00  -6.68121092063017e-02
7.92500000000000e+00  -6.39502352298669e-02
7.95000000000000e+00  -6.12025649875129e-02
7.97500000000000e+00  -5.85655172594575e-02
8.00000000000000e+00  -5.60355588206936e-02
8.02500000000000e+00  -5.36091685045582e-02
8.05000000000000e+00  -5.12828012663037e-02
8.07500000000000e+00  -4.90528522466669e-02
8.10000000000000e+00  -4.69156208354400e-02
8.12500000000000e+00  -4.48681950729679e-02
8.15000000000000e+00  -4.29073521744791e-02
8.17500000000000e+00  -4.10294982550689e-02
8.20000000000000e+00  -3.92313572587447e-02
8.22500000000000e+00  -3.75096797521084e-02
8.25000000000000e+00  -3.58612588369204e-02
8.27500000000000e+00  -3.42829460626640e-02
8.30000000000000e+00  -3.27716673391091e-02
8.32500000000000e+00  -3.13244388488757e-02
8.35000000000000e+00  -2.99383829599986e-02
8.37500000000000e+00  -2.86107441384904e-02
8.40000000000000e+00  -2.73389048609063e-02
8.42500000000000e+00  -2.61204015269077e-02
8.45000000000000e+00  -2.49529403718259e-02
8.47500000000000e+00  -2.38344133792264e-02
8.50000000000000e+00  -2.27629141934723e-02
8.52500000000000e+00  -2.17367540322890e-02
8.55000000000000e+00  -2.07544775993273e-02
8.57500000000000e+00  -1.98148789967281e-02
8.60000000000000e+00  -1.89170176376857e-02
8.62500000000000e+00  -1.80602341590120e-02
8.65000000000000e+00  -1.72441663337004e-02
8.67500000000000e+00  -1.64687649834898e-02
8.70000000000000e+00  -1.57343098914285e-02
8.72500000000000e+00  -1.50414257144380e-02
8.75000000000000e+00  -1.43440571487611e-02
8.77500000000000e+00  -1.36936552251626e-02
8.80000000000000e+00  -1.30719414963493e-02
8.82500000000000e+00  -1.24777303584528e-02
8.85000000000000e+00  -1.19098772841456e-02
8.87500000000000e+00  -1.13672779504168e-02
8.90000000000000e+00  -1.08488673663481e-02
8.92500000000000e+00  -1.03536190008895e-02
8.95000000000000e+00  -9.88054391063504e-03
8.97500000000000e+00  -9.42868986759902e-03
9.00000000000000e+00  -8.99714048699123e-03
9.02500000000000e+00  -8.58501435499327e-03
9.05000000000000e+00  -8.19146415653412e-03
9.07500000000000e+00  -7.81567580306605e-03
9.10000000000000e+00  -7.45686756034046e-03
9.12500000000000e+00  -7.11428917618357e-03
9.15000000000000e+00  -6.78722100827246e-03
9.17500000000000e+00  -6.47497315191067e-03
9.20000000000000e+00  -6.17688456780423e-03
9.22500000000000e+00  -5.89232220983734e-03
9.25000000000000e+00  -5.62068015284821e-03
9.27500000000000e+00  -5.36137872040496e-03
9.30000000000000e+00  -5.11386361258138e-03
9.32500000000000e+00  -4.87760503373279e-03
9.35000000000000e+00  -4.65209682027181e-03
9.37500000000000e+00  -4.43685556844425e-03
9.40000000000000e+00  -4.23141976210486e-03
9.42500000000000e+00  -4.03534890049325e-03
9.45000000000000e+00  -3.84822262600963e-03
9.47500000000000e+00  -3.66963985199070e-03
9.50000000000000e+00  -3.49921789048537e-03
9.52500000000000e+00  -3.33659158003070e-03
9.55000000000000e+00  -3.18141241342769e-03
9.57500000000000e+00  -3.03334766551706e-03
9.60000000000000e+00  -2.89207952095510e-03
9.62500000000000e+00  -2.75730420198954e-03
9.65000000000000e+00  -2.62873109623528e-03
9.67500000000000e+00  -2.50608188445030e-03
9.70000000000000e+00  -2.38908966831143e-03
9.72500000000000e+00  -2.27749809819022e-03
9.75000000000000e+00  -2.17106050092872e-03
9.77500000000000e+00  -2.06953900761531e-03
9.80000000000000e+00  -1.97270368136055e-03
9.82500000000000e+00  -1.88033164507300e-03
9.85000000000000e+00  -1.79220620923501e-03
9.87500000000000e+00  -1.70811599967860e-03
9.90000000000000e+00  -1.62785408536120e-03
9.92500000000000e+00  -1.55121710614157e-03
9.95000000000000e+00  -1.47800440055557e-03
9.97500000000000e+00  -1.40801713359197e-03
1.00000000000000e+01  -1.34105742446836e-03
