0.00000000000000e+00  -9.67689089709820e-04
2.50000000000000e-02  -1.01791390665858e-03
5.00000000000000e-02  -1.07049253273125e-03
7.50000000000000e-02  -1.12559734933034e-03
1.00000000000000e-01  -1.18340042641922e-03
1.25000000000000e-01  -1.24407437934315e-03
1.50000000000000e-01  -1.30779322565027e-03
1.75000000000000e-01  -1.37473324191262e-03
2.00000000000000e-01  -1.44507382054717e-03
2.25000000000000e-01  -1.51899832663678e-03
2.50000000000000e-01  -1.59669495475125e-03
2.75000000000000e-01  -1.67835758576834e-03
3.00000000000000e-01  -1.76418664369472e-03
3.25000000000000e-01  -1.85438995248707e-03
3.50000000000000e-01  -1.94918359287301e-03
3.75000000000000e-01  -2.04879275917215e-03
4.00000000000000e-01  -2.15345261611710e-03
4.25000000000000e-01  -2.26340915567446e-03
4.50000000000000e-01  -2.37892005386586e-03
4.75000000000000e-01  -2.50025552758895e-03
5.00000000000000e-01  -2.62769919143841e-03
5.25000000000000e-01  -2.76154891452697e-03
5.50000000000000e-01  -2.90211767730641e-03
5.75000000000000e-01  -3.04973442838860e-03
6.00000000000000e-01  -3.20474494136645e-03
6.25000000000000e-01  -3.36751267163500e-03
6.50000000000000e-01  -3.53841961321234e-03
6.75000000000000e-01  -3.71786715556072e-03
7.00000000000000e-01  -3.90627694040747e-03
7.25000000000000e-01  -4.10409171856607e-03
7.50000000000000e-01  -4.31177620675714e-03
7.75000000000000e-01  -4.52981794442944e-03
8.00000000000000e-01  -4.75872815058090e-03
8.25000000000000e-01  -4.99904258057962e-03
8.50000000000000e-01  -5.25132238298489e-03
8.75000000000000e-01  -5.51615495636818e-03
9.00000000000000e-01  -5.79415480613417e-03
9.25000000000000e-01  -6.08596440134174e-03
9.50000000000000e-01  -6.39225503152505e-03
9.75000000000000e-01  -6.71372766351440e-03
1.00000000000000e+00  -7.05111379825743e-03
1.02500000000000e+00  -7.40517632763998e-03
1.05000000000000e+00  -7.77671039130716e-03
1.07500000000000e+00  -8.16654423348440e-03
1.10000000000000e+00  -8.57554005979836e-03
1.12500000000000e+00  -9.00459489409803e-03
1.15000000000000e+00  -9.45464143527572e-03
1.17500000000000e+00  -9.92664891408802e-03
1.20000000000000e+00  -1.04216239499769e-02
1.22500000000000e+00  -1.09406114078906e-02
1.25000000000000e+00  -1.14795567063125e-02
1.27500000000000e+00  -1.20545941569358e-02
1.30000000000000e+00  -1.26560028650977e-02
1.32500000000000e+00  -1.32853767798677e-02
1.35000000000000e+00  -1.39443301814514e-02
1.37500000000000e+00  -1.46345020232108e-02
1.40000000000000e+00  -1.53575602736846e-02
1.42500000000000e+00  -1.61152062586082e-02
1.45000000000000e+00  -1.69091790029340e-02
1.47500000000000e+00  -1.77412595728511e-02
1.50000000000000e+00  -1.86132754178063e-02
1.52500000000000e+00  -1.95271047125234e-02
1.55000000000000e+00  -2.04846806990237e-02
1.57500000000000e+00  -2.14879960286464e-02
1.60000000000000e+00  -2.25391071040683e-02
1.62500000000000e+00  -2.36401384213243e-02
1.65000000000000e+00  -2.47932869118274e-02
1.67500000000000e+00  -2.60008262843888e-02
1.70000000000000e+00  -2.72651113672382e-02
1.72500000000000e+00  -2.85885824500438e-02
1.75000000000000e+00  -2.99737696259327e-02
1.77500000000000e+00  -3.14232971335108e-02
1.80000000000000e+00  -3.29398876988829e-02
1.82500000000000e+00  -3.45263668776732e-02
1.85000000000000e+00  -3.61856673970452e-02
1.87500000000000e+00  -3.79211068374291e-02
1.90000000000000e+00  -3.97351253972494e-02
1.92500000000000e+00  -4.16317238017875e-02
1.95000000000000e+00  -4.36142065986761e-02
1.97500000000000e+00  -4.56860436733153e-02
2.00000000000000e+00  -4.78508621370817e-02
2.02500000000000e+00  -5.01124382155359e-02
2.05000000000000e+00  -5.24746891366310e-02
2.07500000000000e+00  -5.49416650189209e-02
2.10000000000000e+00  -5.75175407597687e-02
2.12500000000000e+00  -6.02066079235545e-02
2.15000000000000e+00  -6.30132666298840e-02
2.17500000000000e+00  -6.59420174417966e-02
2.20000000000000e+00  -6.89974532539736e-02
2.22500000000000e+00  -7.21842511809465e-02
2.25000000000000e+00  -7.55071644453054e-02
2.27500000000000e+00  -7.89710142659070e-02
2.30000000000000e+00  -8.25806817460828e-02
2.32500000000000e+00  -8.63410997618475e-02
2.35000000000000e+00  -9.02572448501072e-02
2.37500000000000e+00  -9.43341290968677e-02
2.40000000000000e+00  -9.85767920254426e-02
2.42500000000000e+00  -1.02990292484662e-01
2.45000000000000e+00  -1.07579700537079e-01
2.47500000000000e+00  -1.12350089347181e-01
2.50000000000000e+00  -1.17309711939429e-01
2.52500000000000e+00  -1.22465939330717e-01
2.55000000000000e+00  -1.27819529541540e-01
2.57500000000000e+00  -1.33376629719318e-01
2.60000000000000e+00  -1.39143154304805e-01
2.62500000000000e+00  -1.45124780135860e-01
2.65000000000000e+00  -1.51326941551229e-01
2.67500000000000e+00  -1.57754825494319e-01
2.70000000000000e+00  -1.64413366616981e-01
2.72500000000000e+00  -1.71307242383280e-01
2.75000000000000e+00  -1.78440868173279e-01
2.77500000000000e+00  -1.85818392386812e-01
2.80000000000000e+00  -1.93443691547264e-01
2.82500000000000e+00  -2.01320467548467e-01
2.85000000000000e+00  -2.09452118514521e-01
2.87500000000000e+00  -2.17841603773821e-01
2.90000000000000e+00  -2.26491652724235e-01
2.92500000000000e+00  -2.35404474219714e-01
2.95000000000000e+00  -2.44581649847877e-01
2.97500000000000e+00  -2.54024027207588e-01
3.00000000000000e+00  -2.63731613186539e-01
3.02500000000000e+00  -2.73703467238833e-01
3.05000000000000e+00  -2.83937594662567e-01
3.07500000000000e+00  -2.94430839877409e-01
3.10000000000000e+00  -3.05178779702184e-01
3.12500000000000e+00  -3.16087245766869e-01
3.15000000000000e+00  -3.27439926169052e-01
3.17500000000000e+00  -3.38958388017473e-01
3.20000000000000e+00  -3.50669325143080e-01
3.22500000000000e+00  -3.62587467723712e-01
3.25000000000000e+00  -3.74717105202030e-01
3.27500000000000e+00  -3.87053609203432e-01
3.30000000000000e+00  -3.99584956453979e-01
3.32500000000000e+00  -4.12293251698316e-01
3.35000000000000e+00  -4.25156250617600e-01
3.37500000000000e+00  -4.38148882747415e-01
3.40000000000000e+00  -4.51244774395698e-01
3.42500000000000e+00  -4.64417771560664e-01
3.45000000000000e+00  -4.77637806558929e-01
3.47500000000000e+00  -4.90875579734561e-01
3.50000000000000e+00  -5.04102756067798e-01
3.52500000000000e+00  -5.17286367497205e-01
3.55000000000000e+00  -5.30393635841726e-01
3.57500000000000e+00  -5.43390164359456e-01
3.60000000000000e+00  -5.56238129306412e-01
3.62500000000000e+00  -5.68894471495308e-01
3.65000000000000e+00  -5.81309087854325e-01
3.67500000000000e+00  -5.93423022985885e-01
3.70000000000000e+00  -6.05166660725420e-01
3.72500000000000e+00  -6.16457915700151e-01
3.75000000000000e+00  -6.26900078298678e-01
3.77500000000000e+00  -6.37681402365915e-01
3.80000000000000e+00  -6.47540718538376e-01
3.82500000000000e+00  -6.56568932282870e-01
3.85000000000000e+00  -6.64807440468292e-01
3.87500000000000e+00  -6.72255753105336e-01
3.90000000000000e+00  -6.78879115086196e-01
3.92500000000000e+00  -6.84616127924275e-01
3.95000000000000e+00  -6.89386371493892e-01
3.97500000000000e+00  -6.93098025769984e-01
4.00000000000000e+00  -6.95655492567819e-01
4.02500000000000e+00  -6.96967017282694e-01
4.05000000000000e+00  -6.96952310629651e-01
4.07500000000000e+00  -6.95529751380139e-01
4.10000000000000e+00  -6.92633743020109e-01
4.12500000000000e+00  -6.88212618482594e-01
4.15000000000000e+00  -6.82219883656228e-01
4.17500000000000e+00  -6.74621962924453e-01
4.20000000000000e+00  -6.65393024974830e-01
4.22500000000000e+00  -6.54509808608355e-01
4.25000000000000e+00  -6.41946448548771e-01
4.27500000000000e+00  -6.27669301251877e-01
4.30000000000000e+00  -6.11631770714849e-01
4.32500000000000e+00  -5.93769134285547e-01
4.35000000000000e+00  -5.73993368471832e-01
4.37500000000000e+00  -5.52498288637579e-01
4.40000000000000e+00  -5.29544295750682e-01
4.42500000000000e+00  -5.04911345462640e-01
4.45000000000000e+00  -4.78708583425982e-01
4.47500000000000e+00  -4.51055816948371e-01
4.50000000000000e+00  -4.22085288980165e-01
4.52500000000000e+00  -3.91943452101991e-01
4.55000000000000e+00  -3.60792742512323e-01
4.57500000000000e+00  -3.28813354015046e-01
4.60000000000000e+00  -2.96205012007034e-01
4.62500000000000e+00  -2.63188747465721e-01
4.65000000000000e+00  -2.30008670936671e-01
4.67500000000000e+00  -1.96933746521153e-01
4.70000000000000e+00  -1.64247715445472e-01
4.72500000000000e+00  -1.32256740265738e-01
4.75000000000000e+00  -1.01288088970818e-01
4.77500000000000e+00  -7.16750917794619e-02
4.80000000000000e+00  -4.37660111787520e-02
4.82500000000000e+00  -1.79169853038411e-02
4.85000000000000e+00  5.51502868231735e-03
4.87500000000000e+00  2.61793112092230e-02
4.90000000000000e+00  4.37384369190999e-02
4.92500000000000e+00  5.78753312871538e-02
4.95000000000000e+00  6.83003272418364e-02
4.97500000000000e+00  7.47582217851103e-02
5.00000000000000e+00  7.70353326127241e-02
5.02500000000000e+00  7.47582218321336e-02
5.05000000000000e+00  6.83003273352578e-02
5.07500000000000e+00  5.78753314257788e-02
5.10000000000000e+00  4.37384371012078e-02
5.12500000000000e+00  2.61793114326269e-02
5.15000000000000e+00  5.51502894442190e-03
5.17500000000000e+00  -1.79169850059781e-02
5.20000000000000e+00  -4.37660108483598e-02
5.22500000000000e+00  -7.16750914199953e-02
5.25000000000000e+00  -1.01288088585896e-01
5.27500000000000e+00  -1.32256739859083e-01
5.30000000000000e+00  -1.64247715020843e-01
5.32500000000000e+00  -1.96933746082354e-01
5.35000000000000e+00  -2.30008670487439e-01
5.37500000000000e+00  -2.63188747009744e-01
5.40000000000000e+00  -2.96205011547873e-01
5.42500000000000e+00  -3.28813353556106e-01
5.45000000000000e+00  -3.60792742056830e-01
5.47500000000000e+00  -3.91943451652977e-01
5.50000000000000e+00  -4.22085288540444e-01
5.52500000000000e+00  -4.51055816520534e-01
5.55000000000000e+00  -4.78708583012382e-01
5.57500000000000e+00  -5.04911345065387e-01
5.60000000000000e+00  -5.29544295371649e-01
5.62500000000000e+00  -5.52187974391717e-01
5.65000000000000e+00  -5.73993368133907e-01
5.67500000000000e+00  -5.93769133970001e-01
5.70000000000000e+00  -6.11631770422600e-01
5.72500000000000e+00  -6.27669300983629e-01
5.75000000000000e+00  -6.41946448305022e-01
5.77500000000000e+00  -6.54509808389413e-01
5.80000000000000e+00  -6.65393024780822e-01
5.82500000000000e+00  -6.74621962755336e-01
5.85000000000000e+00  -6.82219883511808e-01
5.87500000000000e+00  -6.88212618362531e-01
5.90000000000000e+00  -6.92633742923934e-01
5.92500000000000e+00  -6.95529751307267e-01
5.95000000000000e+00  -6.96952310579475e-01
5.97500000000000e+00  -6.96967017254391e-01
6.00000000000000e+00  -6.95655492560570e-01
6.02500000000000e+00  -6.93098025782905e-01
6.05000000000000e+00  -6.89386371526044e-01
6.07500000000000e+00  -6.84616127974678e-01
6.10000000000000e+00  -6.78879115153841e-01
6.12500000000000e+00  -6.72255753189194e-01
6.15000000000000e+00  -6.64807440567325e-01
6.17500000000000e+00  -6.56568932396037e-01
6.20000000000000e+00  -6.47540718664642e-01
6.22500000000000e+00  -6.37681402504256e-01
6.25000000000000e+00  -6.27200425037064e-01
6.27500000000000e+00  -6.16457915859377e-01
6.30000000000000e+00  -6.05166660893696e-01
6.32500000000000e+00  -5.93423023162265e-01
6.35000000000000e+00  -5.81309088037893e-01
6.37500000000000e+00  -5.68894471685176e-01
6.40000000000000e+00  -5.56238129501728e-01
6.42500000000000e+00  -5.43390164559407e-01
6.45000000000000e+00  -5.30393636045539e-01
6.47500000000000e+00  -5.17286367704145e-01
6.50000000000000e+00  -5.04102756277171e-01
6.52500000000000e+00  -4.90875579945711e-01
6.55000000000000e+00  -4.77637806771235e-01
6.57500000000000e+00  -4.64417771773543e-01
6.60000000000000e+00  -4.51244774608621e-01
6.62500000000000e+00  -4.38148882959890e-01
6.65000000000000e+00  -4.25156250829169e-01
6.67500000000000e+00  -4.12293251908552e-01
6.70000000000000e+00  -3.99584956662491e-01
6.72500000000000e+00  -3.87053609409865e-01
6.75000000000000e+00  -3.74717105406063e-01
6.77500000000000e+00  -3.62587467925055e-01
6.80000000000000e+00  -3.50669325341472e-01
6.82500000000000e+00  -3.38958388212684e-01
6.85000000000000e+00  -3.27439926360871e-01
6.87500000000000e+00  -3.16175616820648e-01
6.90000000000000e+00  -3.05178779886652e-01
6.92500000000000e+00  -2.94430840058017e-01
6.95000000000000e+00  -2.83937594839200e-01
6.97500000000000e+00  -2.73703467411397e-01
7.00000000000000e+00  -2.63731613354957e-01
7.02500000000000e+00  -2.54024027371803e-01
7.05000000000000e+00  -2.44581650007849e-01
7.07500000000000e+00  -2.35404474375416e-01
7.10000000000000e+00  -2.26491652875653e-01
7.12500000000000e+00  -2.17841603920957e-01
7.15000000000000e+00  -2.09452118657385e-01
7.17500000000000e+00  -2.01320467687078e-01
7.20000000000000e+00  -1.93443691681668e-01
7.22500000000000e+00  -1.85818392517036e-01
7.25000000000000e+00  -1.78440868299372e-01
7.27500000000000e+00  -1.71307242505298e-01
7.30000000000000e+00  -1.64413366734984e-01
7.32500000000000e+00  -1.57754825608374e-01
7.35000000000000e+00  -1.51326941661406e-01
7.37500000000000e+00  -1.45124780242235e-01
7.40000000000000e+00  -1.39143154407458e-01
7.42500000000000e+00  -1.33376629818331e-01
7.45000000000000e+00  -1.27819529636997e-01
7.47500000000000e+00  -1.22465939422707e-01
7.50000000000000e+00  -1.17306527158237e-01
7.52500000000000e+00  -1.12350089432519e-01
7.55000000000000e+00  -1.07579700619201e-01
7.57500000000000e+00  -1.02990292563657e-01
7.60000000000000e+00  -9.85767921014004e-02
7.62500000000000e+00  -9.43341291698766e-02
7.65000000000000e+00  -9.02572449202556e-02
7.67500000000000e+00  -8.63410998292235e-02
7.70000000000000e+00  -8.25806818107736e-02
7.72500000000000e+00  -7.89710143279988e-02
7.75000000000000e+00  -7.55071645048836e-02
7.77500000000000e+00  -7.21842512380948e-02
7.80000000000000e+00  -6.89974533087746e-02
7.82500000000000e+00  -6.59420174943316e-02
7.85000000000000e+00  -6.30132666802323e-02
7.87500000000000e+00  -6.02066079717941e-02
7.90000000000000e+00  -5.75175408059756e-02
7.92500000000000e+00  -5.49416650631692e-02
7.95000000000000e+00  -5.24746891789931e-02
7.97500000000000e+00  -5.01124382560823e-02
8.00000000000000e+00  -4.78508621758811e-02
8.02500000000000e+00  -4.56860437104342e-02
8.05000000000000e+00  -4.36142066341793e-02
8.07500000000000e+00  -4.16317238357383e-02
8.10000000000000e+00  -3.97351254297090e-02
8.12500000000000e+00  -3.79208335287491e-02
8.15000000000000e+00  -3.61856674266975e-02
8.17500000000000e+00  -3.45263669060060e-02
8.20000000000000e+00  -3.29398877259497e-02
8.22500000000000e+00  -3.14232971593635e-02
8.25000000000000e+00  -2.99737696506213e-02
8.27500000000000e+00  -2.85885824736166e-02
8.30000000000000e+00  -2.72651113897419e-02
8.32500000000000e+00  -2.60008263058684e-02
8.35000000000000e+00  -2.47932869323264e-02
8.37500000000000e+00  -2.36401384408844e-02
8.40000000000000e+00  -2.25391071227298e-02
8.42500000000000e+00  -2.14879960464481e-02
8.45000000000000e+00  -2.04846807160029e-02
8.47500000000000e+00  -1.95271047287161e-02
8.50000000000000e+00  -1.86132754332469e-02
8.52500000000000e+00  -1.77412595875727e-02
8.55000000000000e+00  -1.69091790169683e-02
8.57500000000000e+00  -1.61152062719858e-02
8.60000000000000e+00  -1.53575602864346e-02
8.62500000000000e+00  -1.46345020353612e-02
8.65000000000000e+00  -1.39443301930291e-02
8.67500000000000e+00  -1.32853767908983e-02
8.70000000000000e+00  -1.26560028756058e-02
8.72500000000000e+00  -1.20545941669448e-02
8.75000000000000e+00  -1.14846952646357e-02
8.77500000000000e+00  -1.09406114169673e-02
8.80000000000000e+00  -1.04216239586202e-02
8.82500000000000e+00  -9.92664892231763e-03
8.85000000000000e+00  -9.45464144311067e-03
8.87500000000000e+00  -9.00459490155646e-03
8.90000000000000e+00  -8.57554006689765e-03
8.92500000000000e+00  -8.16654424024120e-03
8.95000000000000e+00  -7.77671039773738e-03
8.97500000000000e+00  -7.40517633375886e-03
9.00000000000000e+00  -7.05111380407949e-03
9.02500000000000e+00  -6.71372766905354e-03
9.05000000000000e+00  -6.39225503679454e-03
9.07500000000000e+00  -6.08596440635429e-03
9.10000000000000e+00  -5.79415481090190e-03
9.12500000000000e+00  -5.51615496090262e-03
9.15000000000000e+00  -5.25132238729709e-03
9.17500000000000e+00  -4.99904258468010e-03
9.20000000000000e+00  -4.75872815447969e-03
9.22500000000000e+00  -4.52981794813613e-03
9.25000000000000e+00  -4.31177621028084e-03
9.27500000000000e+00  -4.10409172191549e-03
9.30000000000000e+00  -3.90627694359090e-03
9.32500000000000e+00  -3.71786715858606e-03
9.35000000000000e+00  -3.53841961608713e-03
9.37500000000000e+00  -3.36751267436641e-03
9.40000000000000e+00  -3.20474494396132e-03
9.42500000000000e+00  -3.04973443085342e-03
9.45000000000000e+00  -2.90211767964740e-03
9.47500000000000e+00  -2.76154891675003e-03
9.50000000000000e+00  -2.62769919354917e-03
9.52500000000000e+00  -2.50025552959276e-03
9.55000000000000e+00  -2.37892005576783e-03
9.57500000000000e+00  -2.26340915747944e-03
9.60000000000000e+00  -2.15345261782971e-03
9.62500000000000e+00  -2.04879276079682e-03
9.65000000000000e+00  -1.94918359441391e-03
9.67500000000000e+00  -1.85438995394820e-03
9.70000000000000e+00  -1.76418664507988e-03
9.72500000000000e+00  -1.67835758708113e-03
9.75000000000000e+00  -1.59669495599513e-03
9.77500000000000e+00  -1.51899832781500e-03
9.80000000000000e+00  -1.44507382166284e-03
9.82500000000000e+00  -1.37473324296869e-03
9.85000000000000e+00  -1.30779322664952e-03
9.87500000000000e+00  -1.24407438028824e-03
9.90000000000000e+00  -1.18340042731266e-03
9.92500000000000e+00  -1.12559735017449e-03
9.95000000000000e+00  -1.07049253352834e-03
9.97500000000000e+00  -1.01791390741069e-03
1.00000000000000e+01  -9.67689090418926e-04
