0.00000000000000e+00  -1.22559724572590e-03
2.50000000000000e-02  -1.28783050826819e-03
5.00000000000000e-02  -1.35298365140298e-03
7.50000000000000e-02  -1.42124876799492e-03
1.00000000000000e-01  -1.49281860467783e-03
1.25000000000000e-01  -1.56788741865711e-03
1.50000000000000e-01  -1.64665183451209e-03
1.75000000000000e-01  -1.72931170099846e-03
2.00000000000000e-01  -1.81607094785072e-03
2.25000000000000e-01  -1.90713844258453e-03
2.50000000000000e-01  -2.00272884729914e-03
2.75000000000000e-01  -2.10306347547981e-03
3.00000000000000e-01  -2.20837114880018e-03
3.25000000000000e-01  -2.31888905392475e-03
3.50000000000000e-01  -2.43486359931120e-03
3.75000000000000e-01  -2.55655127201285e-03
4.00000000000000e-01  -2.68421949448107e-03
4.25000000000000e-01  -2.81814748136765e-03
4.50000000000000e-01  -2.95862709632727e-03
4.75000000000000e-01  -3.10596370881981e-03
5.00000000000000e-01  -3.26047705091289e-03
5.25000000000000e-01  -3.42250207408416e-03
5.50000000000000e-01  -3.59238980602374e-03
5.75000000000000e-01  -3.77050820743669e-03
6.00000000000000e-01  -3.95724302884532e-03
6.25000000000000e-01  -4.15299866739168e-03
6.50000000000000e-01  -4.35819902363992e-03
6.75000000000000e-01  -4.57328835837870e-03
7.00000000000000e-01  -4.79873214942364e-03
7.25000000000000e-01  -5.03501794841965e-03
7.50000000000000e-01  -5.28265623764343e-03
7.75000000000000e-01  -5.54218128680582e-03
8.00000000000000e-01  -5.81415200985418e-03
8.25000000000000e-01  -6.09915282177491e-03
8.50000000000000e-01  -6.39779449539572e-03
8.75000000000000e-01  -6.71071501818814e-03
9.00000000000000e-01  -7.03858044906988e-03
9.25000000000000e-01  -7.38208577520724e-03
9.50000000000000e-01  -7.74195576881754e-03
9.75000000000000e-01  -8.11894584397149e-03
1.00000000000000e+00  -8.51384291339565e-03
1.02500000000000e+00  -8.92746624527481e-03
1.05000000000000e+00  -9.36066832005435e-03
1.07500000000000e+00  -9.81433568724276e-03
1.10000000000000e+00  -1.02893898222139e-02
1.12500000000000e+00  -1.07867879830096e-02
1.15000000000000e+00  -1.13075240671419e-02
1.17500000000000e+00  -1.18526294683954e-02
1.20000000000000e+00  -1.24231739336301e-02
1.22500000000000e+00  -1.30202664195830e-02
1.25000000000000e+00  -1.36824328988029e-02
1.27500000000000e+00  -1.43126530973820e-02
1.30000000000000e+00  -1.49820392828686e-02
1.32500000000000e+00  -1.56900622949431e-02
1.35000000000000e+00  -1.64364932419853e-02
1.37500000000000e+00  -1.72213910011612e-02
1.40000000000000e+00  -1.80450897185082e-02
1.42500000000000e+00  -1.89081863090217e-02
1.45000000000000e+00  -1.98115279567415e-02
1.47500000000000e+00  -2.07561996148373e-02
1.50000000000000e+00  -2.17435115056953e-02
1.52500000000000e+00  -2.27749866210040e-02
1.55000000000000e+00  -2.38523482218407e-02
1.57500000000000e+00  -2.49775073387574e-02
1.60000000000000e+00  -2.61525502718669e-02
1.62500000000000e+00  -2.73797260909290e-02
1.65000000000000e+00  -2.86614341354365e-02
1.67500000000000e+00  -3.00002115147017e-02
1.70000000000000e+00  -3.13987206079421e-02
1.72500000000000e+00  -3.28597365643667e-02
1.75000000000000e+00  -3.43861348032621e-02
1.77500000000000e+00  -3.59808785140788e-02
1.80000000000000e+00  -3.76470061565171e-02
1.82500000000000e+00  -3.93876189606132e-02
1.85000000000000e+00  -4.12058684268257e-02
1.87500000000000e+00  -4.31040984223197e-02
1.90000000000000e+00  -4.50886140369358e-02
1.92500000000000e+00  -4.71599163117722e-02
1.95000000000000e+00  -4.93218012315142e-02
1.97500000000000e+00  -5.15779843969884e-02
2.00000000000000e+00  -5.39321291111469e-02
2.02500000000000e+00  -5.63878744650513e-02
2.05000000000000e+00  -5.89488634238573e-02
2.07500000000000e+00  -6.16187709127988e-02
2.10000000000000e+00  -6.44013319031724e-02
2.12500000000000e+00  -6.73003694983212e-02
2.15000000000000e+00  -7.03198230196194e-02
2.17500000000000e+00  -7.34637760924566e-02
2.20000000000000e+00  -7.67364847322216e-02
2.22500000000000e+00  -8.01424054302875e-02
2.25000000000000e+00  -8.36862232399951e-02
2.27500000000000e+00  -8.73728798626377e-02
2.30000000000000e+00  -9.12076017334450e-02
2.32500000000000e+00  -9.51959281075679e-02
2.35000000000000e+00  -9.93437391460618e-02
2.37500000000000e+00  -1.03657284001872e-01
2.40000000000000e+00  -1.08143208905818e-01
2.42500000000000e+00  -1.12808585252575e-01
2.45000000000000e+00  -1.17660937686663e-01
2.47500000000000e+00  -1.22708272188427e-01
2.50000000000000e+00  -1.28012993099899e-01
2.52500000000000e+00  -1.33305457760079e-01
2.55000000000000e+00  -1.38882068266572e-01
2.57500000000000e+00  -1.44708538522709e-01
2.60000000000000e+00  -1.50762079105067e-01
2.62500000000000e+00  -1.57029659882528e-01
2.65000000000000e+00  -1.63506272635322e-01
2.67500000000000e+00  -1.70193193674089e-01
2.70000000000000e+00  -1.77096246458927e-01
2.72500000000000e+00  -1.84224064218441e-01
2.75000000000000e+00  -1.91586352568803e-01
2.77500000000000e+00  -1.99192152132799e-01
2.80000000000000e+00  -2.07048101158881e-01
2.82500000000000e+00  -2.15160748545224e-01
2.85000000000000e+00  -2.23532922222372e-01
2.87500000000000e+00  -2.32162888310923e-01
2.90000000000000e+00  -2.41050384661332e-01
2.92500000000000e+00  -2.50190895085183e-01
2.95000000000000e+00  -2.59577928766497e-01
2.97500000000000e+00  -2.69205299673039e-01
3.00000000000000e+00  -2.79069405967617e-01
3.02500000000000e+00  -2.89171509419393e-01
3.05000000000000e+00  -2.99520014815181e-01
3.07500000000000e+00  -3.10132749370757e-01
3.10000000000000e+00  -3.21039242142160e-01
3.12500000000000e+00  -3.31852348235840e-01
3.15000000000000e+00  -3.43508577849797e-01
3.17500000000000e+00  -3.55139398144772e-01
3.20000000000000e+00  -3.66852636021870e-01
3.22500000000000e+00  -3.78718677730674e-01
3.25000000000000e+00  -3.90775952237691e-01
3.27500000000000e+00  -4.03036414594804e-01
3.30000000000000e+00  -4.15491029307720e-01
3.32500000000000e+00  -4.28115253704425e-01
3.35000000000000e+00  -4.40874521303627e-01
3.37500000000000e+00  -4.53729725183213e-01
3.40000000000000e+00  -4.66642701348694e-01
3.42500000000000e+00  -4.79581712101659e-01
3.45000000000000e+00  -4.92510185655099e-01
3.47500000000000e+00  -5.05399325638482e-01
3.50000000000000e+00  -5.18222670721928e-01
3.52500000000000e+00  -5.30957275534280e-01
3.55000000000000e+00  -5.43579867786346e-01
3.57500000000000e+00  -5.56063524555229e-01
3.60000000000000e+00  -5.68374348568658e-01
3.62500000000000e+00  -5.80468144489318e-01
3.65000000000000e+00  -5.92287095199182e-01
3.67500000000000e+00  -6.03756438083842e-01
3.70000000000000e+00  -6.14781141316837e-01
3.72500000000000e+00  -6.25242580143986e-01
3.75000000000000e+00  -6.35392196705258e-01
3.77500000000000e+00  -6.44660307467180e-01
3.80000000000000e+00  -6.53411774909049e-01
3.82500000000000e+00  -6.61521435528028e-01
3.85000000000000e+00  -6.68880161633912e-01
3.87500000000000e+00  -6.75392517419430e-01
3.90000000000000e+00  -6.80974415030545e-01
3.92500000000000e+00  -6.85550770636753e-01
3.95000000000000e+00  -6.89053160501381e-01
3.97500000000000e+00  -6.91417477051894e-01
4.00000000000000e+00  -6.92581584950188e-01
4.02500000000000e+00  -6.92482977162893e-01
4.05000000000000e+00  -6.91056431031676e-01
4.07500000000000e+00  -6.88239767285918e-01
4.10000000000000e+00  -6.83968573726887e-01
4.12500000000000e+00  -6.78179199409963e-01
4.15000000000000e+00  -6.70809939110614e-01
4.17500000000000e+00  -6.61802650496991e-01
4.20000000000000e+00  -6.51105893989456e-01
4.22500000000000e+00  -6.38678072620106e-01
4.25000000000000e+00  -6.24490571892307e-01
4.27500000000000e+00  -6.08530899640215e-01
4.30000000000000e+00  -5.90805825888303e-01
4.32500000000000e+00  -5.71344522710893e-01
4.35000000000000e+00  -5.50201704091681e-01
4.37500000000000e+00  -5.27281651906482e-01
4.40000000000000e+00  -5.02772609677055e-01
4.42500000000000e+00  -4.76638501203590e-01
4.45000000000000e+00  -4.48976519625563e-01
4.47500000000000e+00  -4.19899778243931e-01
4.50000000000000e+00  -3.89538169525159e-01
4.52500000000000e+00  -3.58039224105265e-01
4.55000000000000e+00  -3.25568969793866e-01
4.57500000000000e+00  -2.92312790578202e-01
4.60000000000000e+00  -2.58476285627191e-01
4.62500000000000e+00  -2.24286128295460e-01
4.65000000000000e+00  -1.89990925127385e-01
4.67500000000000e+00  -1.55862074861137e-01
4.70000000000000e+00  -1.22187534958033e-01
4.72500000000000e+00  -8.92757523724462e-02
4.75000000000000e+00  -5.74551420500289e-02
4.77500000000000e+00  -2.70606184632588e-02
4.80000000000000e+00  1.55850894614752e-03
4.82500000000000e+00  2.80451557065883e-02
4.85000000000000e+00  5.20410822559348e-02
4.87500000000000e+00  7.31935138808761e-02
4.90000000000000e+00  9.11617606562795e-02
4.92500000000000e+00  1.05623837384538e-01
4.95000000000000e+00  1.16283083534925e-01
4.97500000000000e+00  1.22874783182947e-01
5.00000000000000e+00  1.25172784949403e-01
5.02500000000000e+00  1.22874783215781e-01
5.05000000000000e+00  1.16283083600444e-01
5.07500000000000e+00  1.05623837481827e-01
5.10000000000000e+00  9.11617607839927e-02
5.12500000000000e+00  7.31935140372880e-02
5.15000000000000e+00  5.20410824389903e-02
5.17500000000000e+00  2.80451559139564e-02
5.20000000000000e+00  1.55850917527724e-03
5.22500000000000e+00  -2.70606182150815e-02
5.25000000000000e+00  -5.74551417856197e-02
5.27500000000000e+00  -8.92757520946642e-02
5.30000000000000e+00  -1.22187534669710e-01
5.32500000000000e+00  -1.55862074565167e-01
5.35000000000000e+00  -1.89990924826600e-01
5.37500000000000e+00  -2.24286127992675e-01
5.40000000000000e+00  -2.58476285325068e-01
5.42500000000000e+00  -2.92312790279237e-01
5.45000000000000e+00  -3.25568969500381e-01
5.47500000000000e+00  -3.58039223819412e-01
5.50000000000000e+00  -3.89538169248903e-01
5.52500000000000e+00  -4.19899777979057e-01
5.55000000000000e+00  -4.48976519373666e-01
5.57500000000000e+00  -4.76638500966073e-01
5.60000000000000e+00  -5.02772609455135e-01
5.62500000000000e+00  -5.27460765577982e-01
5.65000000000000e+00  -5.50201703903802e-01
5.67500000000000e+00  -5.71344522541026e-01
5.70000000000000e+00  -5.90805825736879e-01
5.72500000000000e+00  -6.08530899507503e-01
5.75000000000000e+00  -6.24490571778427e-01
5.77500000000000e+00  -6.38678072525041e-01
5.80000000000000e+00  -6.51105893913063e-01
5.82500000000000e+00  -6.61802650439012e-01
5.85000000000000e+00  -6.70809939070680e-01
5.87500000000000e+00  -6.78179199387603e-01
5.90000000000000e+00  -6.83968573721528e-01
5.92500000000000e+00  -6.88239767296892e-01
5.95000000000000e+00  -6.91056431058500e-01
5.97500000000000e+00  -6.92482977204632e-01
6.00000000000000e+00  -6.92581585006117e-01
6.02500000000000e+00  -6.91417477121230e-01
6.05000000000000e+00  -6.89053160583300e-01
6.07500000000000e+00  -6.85550770730408e-01
6.10000000000000e+00  -6.80974415135082e-01
6.12500000000000e+00  -6.75392517533994e-01
6.15000000000000e+00  -6.68880161757660e-01
6.17500000000000e+00  -6.61521435660133e-01
6.20000000000000e+00  -6.53411775048705e-01
6.22500000000000e+00  -6.44660307613597e-01
6.25000000000000e+00  -6.34995213319647e-01
6.27500000000000e+00  -6.25242580301047e-01
6.30000000000000e+00  -6.14781141478339e-01
6.32500000000000e+00  -6.03756438249101e-01
6.35000000000000e+00  -5.92287095367532e-01
6.37500000000000e+00  -5.80468144660121e-01
6.40000000000000e+00  -5.68374348741308e-01
6.42500000000000e+00  -5.56063524729158e-01
6.45000000000000e+00  -5.43579867961024e-01
6.47500000000000e+00  -5.30957275709212e-01
6.50000000000000e+00  -5.18222670896654e-01
6.52500000000000e+00  -5.05399325812571e-01
6.55000000000000e+00  -4.92510185828141e-01
6.57500000000000e+00  -4.79581712273314e-01
6.60000000000000e+00  -4.66642701518609e-01
6.62500000000000e+00  -4.53729725351103e-01
6.65000000000000e+00  -4.40874521469224e-01
6.67500000000000e+00  -4.28115253867484e-01
6.70000000000000e+00  -4.15491029468022e-01
6.72500000000000e+00  -4.03036414752158e-01
6.75000000000000e+00  -3.90775952391935e-01
6.77500000000000e+00  -3.78718677881669e-01
6.80000000000000e+00  -3.66852636169498e-01
6.82500000000000e+00  -3.55139398288931e-01
6.85000000000000e+00  -3.43508577990389e-01
6.87500000000000e+00  -3.32283003573756e-01
6.90000000000000e+00  -3.21039242275255e-01
6.92500000000000e+00  -3.10132749500148e-01
6.95000000000000e+00  -2.99520014940842e-01
6.97500000000000e+00  -2.89171509541312e-01
7.00000000000000e+00  -2.79069406085798e-01
7.02500000000000e+00  -2.69205299787495e-01
7.05000000000000e+00  -2.59577928877255e-01
7.07500000000000e+00  -2.50190895192277e-01
7.10000000000000e+00  -2.41050384764805e-01
7.12500000000000e+00  -2.32162888410823e-01
7.15000000000000e+00  -2.23532922318751e-01
7.17500000000000e+00  -2.15160748638139e-01
7.20000000000000e+00  -2.07048101248430e-01
7.22500000000000e+00  -1.99192152219020e-01
7.25000000000000e+00  -1.91586352651776e-01
7.27500000000000e+00  -1.84224064298244e-01
7.30000000000000e+00  -1.77096246535640e-01
7.32500000000000e+00  -1.70193193747796e-01
7.35000000000000e+00  -1.63506272706104e-01
7.37500000000000e+00  -1.57029659950471e-01
7.40000000000000e+00  -1.50762079170259e-01
7.42500000000000e+00  -1.44708538585238e-01
7.45000000000000e+00  -1.38882068326532e-01
7.47500000000000e+00  -1.33305457817564e-01
7.50000000000000e+00  -1.27959104215103e-01
7.52500000000000e+00  -1.22708272241150e-01
7.55000000000000e+00  -1.17660937737109e-01
7.57500000000000e+00  -1.12808585300821e-01
7.60000000000000e+00  -1.08143208951942e-01
7.62500000000000e+00  -1.03657284045951e-01
7.65000000000000e+00  -9.93437391881688e-02
7.67500000000000e+00  -9.51959281477770e-02
7.70000000000000e+00  -9.12076017718282e-02
7.72500000000000e+00  -8.73728798992648e-02
7.75000000000000e+00  -8.36862232749349e-02
7.77500000000000e+00  -8.01424054636066e-02
7.80000000000000e+00  -7.67364847639851e-02
7.82500000000000e+00  -7.34637761227278e-02
7.85000000000000e+00  -7.03198230484595e-02
7.87500000000000e+00  -6.73003695257899e-02
7.90000000000000e+00  -6.44013319293272e-02
7.92500000000000e+00  -6.16187709376954e-02
7.95000000000000e+00  -5.89488634475495e-02
7.97500000000000e+00  -5.63878744875912e-02
8.00000000000000e+00  -5.39321291325848e-02
8.02500000000000e+00  -5.15779844173727e-02
8.05000000000000e+00  -4.93218012508916e-02
8.07500000000000e+00  -4.71599163301879e-02
8.10000000000000e+00  -4.50886140544335e-02
8.12500000000000e+00  -4.31049438427422e-02
8.15000000000000e+00  -4.12058684426104e-02
8.17500000000000e+00  -3.93876189755999e-02
8.20000000000000e+00  -3.76470061707427e-02
8.22500000000000e+00  -3.59808785275790e-02
8.25000000000000e+00  -3.43861348160708e-02
8.27500000000000e+00  -3.28597365765165e-02
8.30000000000000e+00  -3.13987206194644e-02
8.32500000000000e+00  -3.00002115256265e-02
8.35000000000000e+00  -2.86614341457927e-02
8.37500000000000e+00  -2.73797261007440e-02
8.40000000000000e+00  -2.61525502811671e-02
8.42500000000000e+00  -2.49775073475681e-02
8.45000000000000e+00  -2.38523482301859e-02
8.47500000000000e+00  -2.27749866289068e-02
8.50000000000000e+00  -2.17435115131777e-02
8.52500000000000e+00  -2.07561996219204e-02
8.55000000000000e+00  -1.98115279634453e-02
8.57500000000000e+00  -1.89081863153654e-02
8.60000000000000e+00  -1.80450897245101e-02
8.62500000000000e+00  -1.72213910068389e-02
8.65000000000000e+00  -1.64364932473554e-02
8.67500000000000e+00  -1.56900623000215e-02
8.70000000000000e+00  -1.49820392876708e-02
8.72500000000000e+00  -1.43126531019226e-02
8.75000000000000e+00  -1.36450559539541e-02
8.77500000000000e+00  -1.30202664236290e-02
8.80000000000000e+00  -1.24231739374516e-02
8.82500000000000e+00  -1.18526294720041e-02
8.85000000000000e+00  -1.13075240705487e-02
8.87500000000000e+00  -1.07867879862251e-02
8.90000000000000e+00  -1.02893898252480e-02
8.92500000000000e+00  -9.81433569010507e-03
8.95000000000000e+00  -9.36066832275393e-03
8.97500000000000e+00  -8.92746624782032e-03
9.00000000000000e+00  -8.51384291579527e-03
9.02500000000000e+00  -8.11894584623300e-03
9.05000000000000e+00  -7.74195577094835e-03
9.07500000000000e+00  -7.38208577721440e-03
9.10000000000000e+00  -7.03858045096007e-03
9.12500000000000e+00  -6.71071501996766e-03
9.15000000000000e+00  -6.39779449707059e-03
9.17500000000000e+00  -6.09915282335077e-03
9.20000000000000e+00  -5.81415201133643e-03
9.22500000000000e+00  -5.54218128819955e-03
9.25000000000000e+00  -5.28265623895345e-03
9.27500000000000e+00  -5.03501794965050e-03
9.30000000000000e+00  -4.79873215057961e-03
9.32500000000000e+00  -4.57328835946387e-03
9.35000000000000e+00  -4.35819902465811e-03
9.37500000000000e+00  -4.15299866834650e-03
9.40000000000000e+00  -3.95724302974017e-03
9.42500000000000e+00  -3.77050820827476e-03
9.45000000000000e+00  -3.59238980680807e-03
9.47500000000000e+00  -3.42250207481758e-03
9.50000000000000e+00  -3.26047705159807e-03
9.52500000000000e+00  -3.10596370945925e-03
9.55000000000000e+00  -2.95862709692332e-03
9.57500000000000e+00  -2.81814748192252e-03
9.60000000000000e+00  -2.68421949499681e-03
9.62500000000000e+00  -2.55655127249141e-03
9.65000000000000e+00  -2.43486359975436e-03
9.67500000000000e+00  -2.31888905433420e-03
9.70000000000000e+00  -2.20837114917747e-03
9.72500000000000e+00  -2.10306347582638e-03
9.75000000000000e+00  -2.00272884761635e-03
9.77500000000000e+00  -1.90713844287360e-03
9.80000000000000e+00  -1.81607094811278e-03
9.82500000000000e+00  -1.72931170123455e-03
9.85000000000000e+00  -1.64665183472313e-03
9.87500000000000e+00  -1.56788741884397e-03
9.90000000000000e+00  -1.49281860484124e-03
9.92500000000000e+00  -1.42124876813553e-03
9.95000000000000e+00  -1.35298365152137e-03
9.97500000000000e+00  -1.28783050836484e-03
1.00000000000000e+01  -1.22559724580120e-03
