0.00000000000000e+00  -9.31095621907473e-04
2.50000000000000e-02  -1.04489435791792e-03
5.00000000000000e-02  -1.17123431452031e-03
7.50000000000000e-02  -1.31169530611332e-03
1.00000000000000e-01  -1.46793128187235e-03
1.25000000000000e-01  -1.64169374204419e-03
1.50000000000000e-01  -1.83485515424176e-03
1.75000000000000e-01  -2.04943236973875e-03
2.00000000000000e-01  -2.28761003976441e-03
2.25000000000000e-01  -2.55176403179817e-03
2.50000000000000e-01  -2.84448484586444e-03
2.75000000000000e-01  -3.16860103082721e-03
3.00000000000000e-01  -3.52720260068485e-03
3.25000000000000e-01  -3.92366445086477e-03
3.50000000000000e-01  -4.36166977451812e-03
3.75000000000000e-01  -4.84523347881455e-03
4.00000000000000e-01  -5.37872560123683e-03
4.25000000000000e-01  -5.96689472587560e-03
4.50000000000000e-01  -6.61489139972416e-03
4.75000000000000e-01  -7.32829154897298e-03
5.00000000000000e-01  -8.11311989530465e-03
5.25000000000000e-01  -8.97587337218835e-03
5.50000000000000e-01  -9.92354454117469e-03
5.75000000000000e-01  -1.09636450081905e-02
6.00000000000000e-01  -1.21042288398332e-02
6.25000000000000e-01  -1.33540173570819e-02
6.50000000000000e-01  -1.47234392774571e-02
6.75000000000000e-01  -1.62218338295903e-02
7.00000000000000e-01  -1.78602352094213e-02
7.25000000000000e-01  -1.96504503191025e-02
7.50000000000000e-01  -2.16051124811128e-02
7.75000000000000e-01  -2.37377351523686e-02
8.00000000000000e-01  -2.60627656383374e-02
8.25000000000000e-01  -2.85956388071498e-02
8.50000000000000e-01  -3.13528308037115e-02
8.75000000000000e-01  -3.43519127638167e-02
9.00000000000000e-01  -3.76116045282598e-02
9.25000000000000e-01  -4.11518283569480e-02
9.50000000000000e-01  -4.49937626430142e-02
9.75000000000000e-01  -4.91598956269284e-02
1.00000000000000e+00  -5.36740791106117e-02
1.02500000000000e+00  -5.85615821715474e-02
1.05000000000000e+00  -6.38491448768935e-02
1.07500000000000e+00  -6.95650319975967e-02
1.10000000000000e+00  -7.57390867225027e-02
1.12500000000000e+00  -8.24027843724701e-02
1.15000000000000e+00  -8.95892861144825e-02
1.17500000000000e+00  -9.73334926757604e-02
1.20000000000000e+00  -1.05672098057875e-01
1.22500000000000e+00  -1.14643643250859e-01
1.25000000000000e+00  -1.24285608577784e-01
1.27500000000000e+00  -1.34647954791579e-01
1.30000000000000e+00  -1.45767526124741e-01
1.32500000000000e+00  -1.57691220827118e-01
1.35000000000000e+00  -1.70467595671529e-01
1.37500000000000e+00  -1.84146896380384e-01
1.40000000000000e+00  -1.98781088052307e-01
1.42500000000000e+00  -2.14423885588758e-01
1.45000000000000e+00  -2.31130784120661e-01
1.47500000000000e+00  -2.48959089435021e-01
1.50000000000000e+00  -2.67967948401547e-01
1.52500000000000e+00  -2.88218379399280e-01
1.55000000000000e+00  -3.09773302743211e-01
1.57500000000000e+00  -3.32697079647958e-01
1.60000000000000e+00  -3.57055807013363e-01
1.62500000000000e+00  -3.82917159778150e-01
1.65000000000000e+00  -4.10350029400205e-01
1.67500000000000e+00  -4.39424616937286e-01
1.70000000000000e+00  -4.70212220481403e-01
1.72500000000000e+00  -5.02785022593202e-01
1.75000000000000e+00  -5.37215877736353e-01
1.77500000000000e+00  -5.73578099711925e-01
1.80000000000000e+00  -6.11945249092775e-01
1.82500000000000e+00  -6.52390920657931e-01
1.85000000000000e+00  -6.94988530826973e-01
1.87500000000000e+00  -7.39828231870290e-01
1.90000000000000e+00  -7.86932699879466e-01
1.92500000000000e+00  -8.36419200194865e-01
1.95000000000000e+00  -8.88351841495920e-01
1.97500000000000e+00  -9.42794902021090e-01
2.00000000000000e+00  -9.99812126958677e-01
2.02500000000000e+00  -1.05946602583762e+00
2.05000000000000e+00  -1.12181716991830e+00
2.07500000000000e+00  -1.18692348958334e+00
2.10000000000000e+00  -1.25483957172843e+00
2.12500000000000e+00  -1.32561595715309e+00
2.15000000000000e+00  -1.39929843795151e+00
2.17500000000000e+00  -1.47592735490333e+00
2.20000000000000e+00  -1.55553760164706e+00
2.22500000000000e+00  -1.63815755271929e+00
2.25000000000000e+00  -1.72380858794221e+00
2.27500000000000e+00  -1.81250513817942e+00
2.30000000000000e+00  -1.90425374582381e+00
2.32500000000000e+00  -1.99905277601481e+00
2.35000000000000e+00  -2.09689212785553e+00
2.37500000000000e+00  -2.19775294562991e+00
2.40000000000000e+00  -2.30160733001995e+00
2.42500000000000e+00  -2.40841804932281e+00
2.45000000000000e+00  -2.51813825066804e+00
2.47500000000000e+00  -2.63071117123475e+00
2.50000000000000e+00  -2.74607475582532e+00
2.52500000000000e+00  -2.86409618951514e+00
2.55000000000000e+00  -2.98472877476475e+00
2.57500000000000e+00  -3.10785878292753e+00
2.60000000000000e+00  -3.23336134481392e+00
2.62500000000000e+00  -3.36110003317844e+00
2.65000000000000e+00  -3.49092644520672e+00
2.67500000000000e+00  -3.62267978500256e+00
2.70000000000000e+00  -3.75618644607499e+00
2.72500000000000e+00  -3.89125959382525e+00
2.75000000000000e+00  -4.02769874803389e+00
2.77500000000000e+00  -4.16528936534775e+00
2.80000000000000e+00  -4.30380242176707e+00
2.82500000000000e+00  -4.44299672352704e+00
2.85000000000000e+00  -4.58261701889599e+00
2.87500000000000e+00  -4.72239463712810e+00
2.90000000000000e+00  -4.86204919434340e+00
2.92500000000000e+00  -5.00128786993456e+00
2.95000000000000e+00  -5.13980631973640e+00
2.97500000000000e+00  -5.27728958919544e+00
3.00000000000000e+00  -5.41341302653943e+00
3.02500000000000e+00  -5.54784319594683e+00
3.05000000000000e+00  -5.68023879071637e+00
3.07500000000000e+00  -5.81025154643658e+00
3.10000000000000e+00  -5.93752715415530e+00
3.12500000000000e+00  -6.06169748554834e+00
3.15000000000000e+00  -6.18239901449925e+00
3.17500000000000e+00  -6.29926253710096e+00
3.20000000000000e+00  -6.41191778317284e+00
3.22500000000000e+00  -6.51999384087180e+00
3.25000000000000e+00  -6.62312075262659e+00
3.27500000000000e+00  -6.72093111107207e+00
3.30000000000000e+00  -6.81306165498355e+00
3.32500000000000e+00  -6.89915486521103e+00
3.35000000000000e+00  -6.97886056061352e+00
3.37500000000000e+00  -7.05183749399332e+00
3.40000000000000e+00  -7.11775494803033e+00
3.42500000000000e+00  -7.17629433121633e+00
3.45000000000000e+00  -7.22715131177432e+00
3.47500000000000e+00  -7.27003711411576e+00
3.50000000000000e+00  -7.30468058475407e+00
3.52500000000000e+00  -7.33082888441498e+00
3.55000000000000e+00  -7.34825015513598e+00
3.57500000000000e+00  -7.35673490738774e+00
3.60000000000000e+00  -7.35609740719542e+00
3.62500000000000e+00  -7.34617706326006e+00
3.65000000000000e+00  -7.32683981407995e+00
3.67500000000000e+00  -7.29797951507196e+00
3.70000000000000e+00  -7.25951932569293e+00
3.72500000000000e+00  -7.21141309656104e+00
3.75000000000000e+00  -7.15364718983473e+00
3.77500000000000e+00  -7.08623540859814e+00
3.80000000000000e+00  -7.00923243481502e+00
3.82500000000000e+00  -6.92272120339468e+00
3.85000000000000e+00  -6.82682025776995e+00
3.87500000000000e+00  -6.72168355572009e+00
3.90000000000000e+00  -6.60750027519376e+00
3.92500000000000e+00  -6.48449462013206e+00
3.95000000000000e+00  -6.35292562629140e+00
3.97500000000000e+00  -6.21308696706653e+00
4.00000000000000e+00  -6.06530675931348e+00
4.02500000000000e+00  -5.90994736917255e+00
4.05000000000000e+00  -5.74740521789128e+00
4.07500000000000e+00  -5.57810712801134e+00
4.10000000000000e+00  -5.40251194196205e+00
4.12500000000000e+00  -5.22110901265116e+00
4.15000000000000e+00  -5.03441474357349e+00
4.17500000000000e+00  -4.84297314969041e+00
4.20000000000000e+00  -4.64735366555896e+00
4.22500000000000e+00  -4.44814895346106e+00
4.25000000000000e+00  -4.24597271153271e+00
4.27500000000000e+00  -4.04145748189311e+00
4.30000000000000e+00  -3.83525245877392e+00
4.32500000000000e+00  -3.62802129664837e+00
4.35000000000000e+00  -3.42043991836051e+00
4.37500000000000e+00  -3.21319344113643e+00
4.40000000000000e+00  -3.00697283014939e+00
4.42500000000000e+00  -2.80247266919847e+00
4.45000000000000e+00  -2.60038905644771e+00
4.47500000000000e+00  -2.40141593924968e+00
4.50000000000000e+00  -2.20624226251292e+00
4.52500000000000e+00  -2.01554911706946e+00
4.55000000000000e+00  -1.83000688804238e+00
4.57500000000000e+00  -1.65027240321325e+00
4.60000000000000e+00  -1.47698608138968e+00
4.62500000000000e+00  -1.31076908077285e+00
4.65000000000000e+00  -1.15222044732497e+00
4.67500000000000e+00  -1.00191426313685e+00
4.70000000000000e+00  -8.60397848009549e-01
4.72500000000000e+00  -7.28188522905294e-01
4.75000000000000e+00  -6.05770586250971e-01
4.77500000000000e+00  -4.93596011213597e-01
4.80000000000000e+00  -3.92079367654775e-01
4.82500000000000e+00  -3.01596511298214e-01
4.85000000000000e+00  -2.22483272897229e-01
4.87500000000000e+00  -1.55034147402286e-01
4.90000000000000e+00  -9.95009831285003e-02
4.92500000000000e+00  -5.60916709231732e-02
4.95000000000000e+00  -2.49688333333067e-02
4.97500000000000e+00  -6.24851377311795e-03
5.00000000000000e+00  1.13430842996500e-06
5.02500000000000e+00  -6.24851377311731e-03
5.05000000000000e+00  -2.49688333333076e-02
5.07500000000000e+00  -5.60916709231764e-02
5.10000000000000e+00  -9.95009831285048e-02
5.12500000000000e+00  -1.55034147402289e-01
5.15000000000000e+00  -2.22483272897232e-01
5.17500000000000e+00  -3.01596511298217e-01
5.20000000000000e+00  -3.92079367654777e-01
5.22500000000000e+00  -4.93596011213601e-01
5.25000000000000e+00  -6.05770586250975e-01
5.27500000000000e+00  -7.28188522905306e-01
5.30000000000000e+00  -8.60397848009561e-01
5.32500000000000e+00  -1.00191426313685e+00
5.35000000000000e+00  -1.15222044732498e+00
5.37500000000000e+00  -1.31076908077285e+00
5.40000000000000e+00  -1.47698608138969e+00
5.42500000000000e+00  -1.65027240321326e+00
5.45000000000000e+00  -1.83000688804239e+00
5.47500000000000e+00  -2.01554911706947e+00
5.50000000000000e+00  -2.20624226251292e+00
5.52500000000000e+00  -2.40141593924969e+00
5.55000000000000e+00  -2.60038905644772e+00
5.57500000000000e+00  -2.80247266919847e+00
5.60000000000000e+00  -3.00697283014941e+00
5.62500000000000e+00  -3.21319432325434e+00
5.65000000000000e+00  -3.42043991836051e+00
5.67500000000000e+00  -3.62802129664838e+00
5.70000000000000e+00  -3.83525245877393e+00
5.72500000000000e+00  -4.04145748189313e+00
5.75000000000000e+00  -4.24597271153272e+00
5.77500000000000e+00  -4.44814895346107e+00
5.80000000000000e+00  -4.64735366555897e+00
5.82500000000000e+00  -4.84297314969041e+00
5.85000000000000e+00  -5.03441474357350e+00
5.87500000000000e+00  -5.22110901265116e+00
5.90000000000000e+00  -5.40251194196207e+00
5.92500000000000e+00  -5.57810712801135e+00
5.95000000000000e+00  -5.74740521789129e+00
5.97500000000000e+00  -5.90994736917256e+00
6.00000000000000e+00  -6.06530675931348e+00
6.02500000000000e+00  -6.21308696706652e+00
6.05000000000000e+00  -6.35292562629140e+00
6.07500000000000e+00  -6.48449462013206e+00
6.10000000000000e+00  -6.60750027519377e+00
6.12500000000000e+00  -6.72168355572009e+00
6.15000000000000e+00  -6.82682025776996e+00
6.17500000000000e+00  -6.92272120339469e+00
6.20000000000000e+00  -7.00923243481501e+00
6.22500000000000e+00  -7.08623540859813e+00
6.25000000000000e+00  -7.15364675657712e+00
6.27500000000000e+00  -7.21141309656105e+00
6.30000000000000e+00  -7.25951932569293e+00
6.32500000000000e+00  -7.29797951507195e+00
6.35000000000000e+00  -7.32683981407993e+00
6.37500000000000e+00  -7.34617706326005e+00
6.40000000000000e+00  -7.35609740719541e+00
6.42500000000000e+00  -7.35673490738773e+00
6.45000000000000e+00  -7.34825015513598e+00
6.47500000000000e+00  -7.33082888441497e+00
6.50000000000000e+00  -7.30468058475406e+00
6.52500000000000e+00  -7.27003711411573e+00
6.55000000000000e+00  -7.22715131177431e+00
6.57500000000000e+00  -7.17629433121633e+00
6.60000000000000e+00  -7.11775494803033e+00
6.62500000000000e+00  -7.05183749399331e+00
6.65000000000000e+00  -6.97886056061350e+00
6.67500000000000e+00  -6.89915486521101e+00
6.70000000000000e+00  -6.81306165498353e+00
6.72500000000000e+00  -6.72093111107206e+00
6.75000000000000e+00  -6.62312075262658e+00
6.77500000000000e+00  -6.51999384087179e+00
6.80000000000000e+00  -6.41191778317282e+00
6.82500000000000e+00  -6.29926253710094e+00
6.85000000000000e+00  -6.18239901449923e+00
6.87500000000000e+00  -6.06170617354919e+00
6.90000000000000e+00  -5.93752715415529e+00
6.92500000000000e+00  -5.81025154643656e+00
6.95000000000000e+00  -5.68023879071635e+00
6.97500000000000e+00  -5.54784319594681e+00
7.00000000000000e+00  -5.41341302653942e+00
7.02500000000000e+00  -5.27728958919543e+00
7.05000000000000e+00  -5.13980631973639e+00
7.07500000000000e+00  -5.00128786993456e+00
7.10000000000000e+00  -4.86204919434339e+00
7.12500000000000e+00  -4.72239463712809e+00
7.15000000000000e+00  -4.58261701889597e+00
7.17500000000000e+00  -4.44299672352702e+00
7.20000000000000e+00  -4.30380242176707e+00
7.22500000000000e+00  -4.16528936534774e+00
7.25000000000000e+00  -4.02769874803387e+00
7.27500000000000e+00  -3.89125959382524e+00
7.30000000000000e+00  -3.75618644607497e+00
7.32500000000000e+00  -3.62267978500255e+00
7.35000000000000e+00  -3.49092644520671e+00
7.37500000000000e+00  -3.36110003317844e+00
7.40000000000000e+00  -3.23336134481392e+00
7.42500000000000e+00  -3.10785878292752e+00
7.45000000000000e+00  -2.98472877476474e+00
7.47500000000000e+00  -2.86409618951513e+00
7.50000000000000e+00  -2.74606984946872e+00
7.52500000000000e+00  -2.63071117123474e+00
7.55000000000000e+00  -2.51813825066803e+00
7.57500000000000e+00  -2.40841804932280e+00
7.60000000000000e+00  -2.30160733001994e+00
7.62500000000000e+00  -2.19775294562991e+00
7.65000000000000e+00  -2.09689212785552e+00
7.67500000000000e+00  -1.99905277601481e+00
7.70000000000000e+00  -1.90425374582381e+00
7.72500000000000e+00  -1.81250513817941e+00
7.75000000000000e+00  -1.72380858794221e+00
7.77500000000000e+00  -1.63815755271928e+00
7.80000000000000e+00  -1.55553760164705e+00
7.82500000000000e+00  -1.47592735490332e+00
7.85000000000000e+00  -1.39929843795150e+00
7.87500000000000e+00  -1.32561595715308e+00
7.90000000000000e+00  -1.25483957172842e+00
7.92500000000000e+00  -1.18692348958333e+00
7.95000000000000e+00  -1.12181716991829e+00
7.97500000000000e+00  -1.05946602583761e+00
8.00000000000000e+00  -9.99812126958674e-01
8.02500000000000e+00  -9.42794902021086e-01
8.05000000000000e+00  -8.88351841495913e-01
8.07500000000000e+00  -8.36419200194860e-01
8.10000000000000e+00  -7.86932699879462e-01
8.12500000000000e+00  -7.39811105094415e-01
8.15000000000000e+00  -6.94988530826971e-01
8.17500000000000e+00  -6.52390920657927e-01
8.20000000000000e+00  -6.11945249092769e-01
8.22500000000000e+00  -5.73578099711922e-01
8.25000000000000e+00  -5.37215877736350e-01
8.27500000000000e+00  -5.02785022593199e-01
8.30000000000000e+00  -4.70212220481401e-01
8.32500000000000e+00  -4.39424616937285e-01
8.35000000000000e+00  -4.10350029400205e-01
8.37500000000000e+00  -3.82917159778149e-01
8.40000000000000e+00  -3.57055807013360e-01
8.42500000000000e+00  -3.32697079647956e-01
8.45000000000000e+00  -3.09773302743210e-01
8.47500000000000e+00  -2.88218379399279e-01
8.50000000000000e+00  -2.67967948401545e-01
8.52500000000000e+00  -2.48959089435019e-01
8.55000000000000e+00  -2.31130784120660e-01
8.57500000000000e+00  -2.14423885588757e-01
8.60000000000000e+00  -1.98781088052306e-01
8.62500000000000e+00  -1.84146896380384e-01
8.65000000000000e+00  -1.70467595671529e-01
8.67500000000000e+00  -1.57691220827117e-01
8.70000000000000e+00  -1.45767526124740e-01
8.72500000000000e+00  -1.34647954791578e-01
8.75000000000000e+00  -1.24288569947319e-01
8.77500000000000e+00  -1.14643643250858e-01
8.80000000000000e+00  -1.05672098057874e-01
8.82500000000000e+00  -9.73334926757594e-02
8.85000000000000e+00  -8.95892861144820e-02
8.87500000000000e+00  -8.24027843724696e-02
8.90000000000000e+00  -7.57390867225022e-02
8.92500000000000e+00  -6.95650319975964e-02
8.95000000000000e+00  -6.38491448768932e-02
8.97500000000000e+00  -5.85615821715473e-02
9.00000000000000e+00  -5.36740791106117e-02
9.02500000000000e+00  -4.91598956269283e-02
9.05000000000000e+00  -4.49937626430139e-02
9.07500000000000e+00  -4.11518283569477e-02
9.10000000000000e+00  -3.76116045282597e-02
9.12500000000000e+00  -3.43519127638165e-02
9.15000000000000e+00  -3.13528308037114e-02
9.17500000000000e+00  -2.85956388071495e-02
9.20000000000000e+00  -2.60627656383372e-02
9.22500000000000e+00  -2.37377351523685e-02
9.25000000000000e+00  -2.16051124811126e-02
9.27500000000000e+00  -1.96504503191024e-02
9.30000000000000e+00  -1.78602352094211e-02
9.32500000000000e+00  -1.62218338295903e-02
9.35000000000000e+00  -1.47234392774571e-02
9.37500000000000e+00  -1.33539159796658e-02
9.40000000000000e+00  -1.21042288398330e-02
9.42500000000000e+00  -1.09636450081903e-02
9.45000000000000e+00  -9.92354454117457e-03
9.47500000000000e+00  -8.97587337218830e-03
9.50000000000000e+00  -8.11311989530460e-03
9.52500000000000e+00  -7.32829154897294e-03
9.55000000000000e+00  -6.61489139972412e-03
9.57500000000000e+00  -5.96689472587556e-03
9.60000000000000e+00  -5.37872560123677e-03
9.62500000000000e+00  -4.84523347881453e-03
9.65000000000000e+00  -4.36166977451810e-03
9.67500000000000e+00  -3.92366445086474e-03
9.70000000000000e+00  -3.52720260068481e-03
9.72500000000000e+00  -3.16860103082718e-03
9.75000000000000e+00  -2.84448484586441e-03
9.77500000000000e+00  -2.55176403179816e-03
9.80000000000000e+00  -2.28761003976439e-03
9.82500000000000e+00  -2.04943236973873e-03
9.85000000000000e+00  -1.83485515424173e-03
9.87500000000000e+00  -1.64169374204418e-03
9.90000000000000e+00  -1.46793128187234e-03
9.92500000000000e+00  -1.31169530611331e-03
9.95000000000000e+00  -1.17123431452031e-03
9.97500000000000e+00  -1.04489435791792e-03
1.00000000000000e+01  -9.31095621907489e-04
