0.00000000000000e+00  3.67761408923630e-09
5.00000000000000e-02  4.37231263280717e-09
1.00000000000000e-01  4.29539526560965e-09
1.50000000000000e-01  3.66997578947535e-09
2.00000000000000e-01  2.68837394428747e-09
2.50000000000000e-01  1.51424328083848e-09
3.00000000000000e-01  2.84699033688849e-10
3.50000000000000e-01  -8.87554005974781e-10
4.00000000000000e-01  -1.91209361748155e-09
4.50000000000000e-01  -2.71865227781760e-09
5.00000000000000e-01  -3.25498928876818e-09
5.50000000000000e-01  -3.48476290405902e-09
6.00000000000000e-01  -3.38540245649811e-09
6.50000000000000e-01  -2.94598048511740e-09
7.00000000000000e-01  -2.16508486231456e-09
7.50000000000000e-01  -1.04869092099439e-09
8.00000000000000e-01  3.91966418289259e-10
8.50000000000000e-01  2.14252052019179e-09
9.00000000000000e-01  4.18760090743646e-09
9.50000000000000e-01  6.51296113367236e-09
1.00000000000000e+00  9.10760665633308e-09
1.05000000000000e+00  1.19659227094946e-08
1.10000000000000e+00  1.50898021767340e-08
1.15000000000000e+00  1.84907734639878e-08
1.20000000000000e+00  2.21921283724096e-08
1.25000000000000e+00  2.62310499712298e-08
1.30000000000000e+00  3.06607404706122e-08
1.35000000000000e+00  3.55525490945135e-08
1.40000000000000e+00  4.09980999535416e-08
1.45000000000000e+00  4.71114199178130e-08
1.50000000000000e+00  5.40310664898125e-08
1.55000000000000e+00  6.19222556772501e-08
1.60000000000000e+00  7.09789898659200e-08
1.65000000000000e+00  8.14261856925598e-08
1.70000000000000e+00  9.35218019177065e-08
1.75000000000000e+00  1.07558967298558e-07
1.80000000000000e+00  1.23868108461828e-07
1.85000000000000e+00  1.42819077776607e-07
1.90000000000000e+00  1.64823281227219e-07
1.95000000000000e+00  1.90335806286081e-07
2.00000000000000e+00  2.19857549786561e-07
2.05000000000000e+00  2.53937345795836e-07
2.10000000000000e+00  2.93174093487748e-07
2.15000000000000e+00  3.38218885015671e-07
2.20000000000000e+00  3.89777133385354e-07
2.25000000000000e+00  4.48610700327796e-07
2.30000000000000e+00  5.15540024172095e-07
2.35000000000000e+00  5.91446247718303e-07
2.40000000000000e+00  6.77273346110298e-07
2.45000000000000e+00  7.74030254708626e-07
2.50000000000000e+00  8.40065155676261e-07
2.55000000000000e+00  1.01045461605478e-06
2.60000000000000e+00  1.18413388945165e-06
2.65000000000000e+00  1.36889708560211e-06
2.70000000000000e+00  1.57176183535263e-06
2.75000000000000e+00  1.79920358046005e-06
2.80000000000000e+00  2.05738986339069e-06
2.85000000000000e+00  2.35241461711955e-06
2.90000000000000e+00  2.69053245492941e-06
2.95000000000000e+00  3.07839296020995e-06
3.00000000000000e+00  3.52327497625696e-06
3.05000000000000e+00  4.03332089607141e-06
3.10000000000000e+00  4.61777095215862e-06
3.15000000000000e+00  5.28719750632743e-06
3.20000000000000e+00  6.05373933948927e-06
3.25000000000000e+00  6.93133594145735e-06
3.30000000000000e+00  7.93596180074583e-06
3.35000000000000e+00  9.08586069436883e-06
3.40000000000000e+00  1.04017799776398e-05
3.45000000000000e+00  1.19072048739704e-05
3.50000000000000e+00  1.36285927646698e-05
3.55000000000000e+00  1.55956074787438e-05
3.60000000000000e+00  1.78413535826940e-05
3.65000000000000e+00  2.04026106703167e-05
3.70000000000000e+00  2.33200676525025e-05
3.75000000000000e+00  2.64816594368641e-05
3.80000000000000e+00  3.04663259090686e-05
3.85000000000000e+00  3.48533102283033e-05
3.90000000000000e+00  3.97776789868450e-05
3.95000000000000e+00  4.53658367710970e-05
4.00000000000000e+00  5.17401390972828e-05
4.05000000000000e+00  5.90235053471389e-05
4.10000000000000e+00  6.73440317036080e-05
4.15000000000000e+00  7.68396040865323e-05
4.20000000000000e+00  8.76625110883467e-05
4.25000000000000e+00  9.99840569097718e-05
4.30000000000000e+00  1.13999174295507e-04
4.35000000000000e+00  1.29931037469924e-04
4.40000000000000e+00  1.48035675072759e-04
4.45000000000000e+00  1.68606583094809e-04
4.50000000000000e+00  1.91979337813618e-04
4.55000000000000e+00  2.18536208729179e-04
4.60000000000000e+00  2.48710771499622e-04
4.65000000000000e+00  2.82992520876906e-04
4.70000000000000e+00  3.21931483642515e-04
4.75000000000000e+00  3.66142831543153e-04
4.80000000000000e+00  4.16311494226431e-04
4.85000000000000e+00  4.73196772176563e-04
4.90000000000000e+00  5.37636949650064e-04
4.95000000000000e+00  6.10553907611436e-04
5.00000000000000e+00  6.94633516972369e-04
5.05000000000000e+00  7.86161315203069e-04
5.10000000000000e+00  8.91319453069388e-04
5.15000000000000e+00  1.01103674062016e-03
5.20000000000000e+00  1.14659678731708e-03
5.25000000000000e+00  1.29964151185795e-03
5.30000000000000e+00  1.47217465199987e-03
5.35000000000000e+00  1.66656527438247e-03
5.40000000000000e+00  1.88555128435120e-03
5.45000000000000e+00  2.13224293578043e-03
5.50000000000000e+00  2.41012634089680e-03
5.55000000000000e+00  2.72306698010235e-03
5.60000000000000e+00  3.07531321179783e-03
5.65000000000000e+00  3.47160413025308e-03
5.70000000000000e+00  3.91712340059656e-03
5.75000000000000e+00  4.41747622625419e-03
5.80000000000000e+00  4.97902978164947e-03
5.85000000000000e+00  5.60868675659327e-03
5.90000000000000e+00  6.31401720743682e-03
5.95000000000000e+00  7.10339040822447e-03
6.00000000000000e+00  7.98610670184662e-03
6.05000000000000e+00  8.97252935119260e-03
6.10000000000000e+00  1.00742163903035e-02
6.15000000000000e+00  1.13040524755251e-02
6.20000000000000e+00  1.26763807366607e-02
6.25000000000000e+00  1.42030869523418e-02
6.30000000000000e+00  1.59029920484167e-02
6.35000000000000e+00  1.77922991744005e-02
6.40000000000000e+00  1.98900257982822e-02
6.45000000000000e+00  2.22167897969612e-02
6.50000000000000e+00  2.47948410219797e-02
6.55000000000000e+00  2.76480928652552e-02
6.60000000000000e+00  3.08021538248133e-02
6.65000000000000e+00  3.42843590705199e-02
6.70000000000000e+00  3.81238020098145e-02
6.75000000000000e+00  4.23513658534421e-02
6.80000000000000e+00  4.69997551811862e-02
6.85000000000000e+00  5.21035275076009e-02
6.90000000000000e+00  5.76986338496799e-02
6.95000000000000e+00  6.38226819836395e-02
7.00000000000000e+00  7.05151061843318e-02
7.05000000000000e+00  7.78154689688235e-02
7.10000000000000e+00  8.57646898071942e-02
7.15000000000000e+00  9.44044005283733e-02
7.20000000000000e+00  1.03776300725977e-01
7.25000000000000e+00  1.13921513164143e-01
7.30000000000000e+00  1.24879939183369e-01
7.35000000000000e+00  1.36689614106350e-01
7.40000000000000e+00  1.49386062643810e-01
7.45000000000000e+00  1.63001654300346e-01
7.50000000000000e+00  1.77560165940170e-01
7.55000000000000e+00  1.93088556667365e-01
7.60000000000000e+00  2.09599859561796e-01
7.65000000000000e+00  2.27099586111121e-01
7.70000000000000e+00  2.45583539104217e-01
7.75000000000000e+00  2.65035845914981e-01
7.80000000000000e+00  2.85426991786131e-01
7.85000000000000e+00  3.06711853113006e-01
7.90000000000000e+00  3.28827730727375e-01
7.95000000000000e+00  3.51692383181232e-01
8.00000000000000e+00  3.75202060030602e-01
8.05000000000000e+00  3.99229535119341e-01
8.10000000000000e+00  4.23622139862939e-01
8.15000000000000e+00  4.48200407597785e-01
8.20000000000000e+00  4.72755885962043e-01
8.25000000000000e+00  4.97045202640365e-01
8.30000000000000e+00  5.20805245581877e-01
8.35000000000000e+00  5.43736527129060e-01
8.40000000000000e+00  5.65506632088663e-01
8.45000000000000e+00  5.85753665802613e-01
8.50000000000000e+00  6.04089702218925e-01
8.55000000000000e+00  6.20104231962615e-01
8.60000000000000e+00  6.33367610406607e-01
8.65000000000000e+00  6.43434505742648e-01
8.70000000000000e+00  6.49847347052211e-01
8.75000000000000e+00  6.52153837555550e-01
8.80000000000000e+00  6.49903776886886e-01
8.85000000000000e+00  6.42680117638999e-01
8.90000000000000e+00  6.30091013322537e-01
8.95000000000000e+00  6.11792700002131e-01
9.00000000000000e+00  5.87505472637601e-01
9.05000000000000e+00  5.57029661425180e-01
9.10000000000000e+00  5.20261608138727e-01
9.15000000000000e+00  4.77209642470934e-01
9.20000000000000e+00  4.28010058374549e-01
9.25000000000000e+00  3.72943090403591e-01
9.30000000000000e+00  3.12448890054551e-01
9.35000000000000e+00  2.47143502107630e-01
9.40000000000000e+00  1.77808135800416e-01
9.45000000000000e+00  1.05414803613034e-01
9.50000000000000e+00  3.11487830293722e-02
9.55000000000000e+00  -4.37172424317530e-02
9.60000000000000e+00  -1.17709643108354e-01
9.65000000000000e+00  -1.89205903031568e-01
9.70000000000000e+00  -2.56486679761969e-01
9.75000000000000e+00  -3.17787864225839e-01
9.80000000000000e+00  -3.71352640551482e-01
9.85000000000000e+00  -4.15483545905507e-01
9.90000000000000e+00  -4.48594530329126e-01
9.95000000000000e+00  -4.69263016574453e-01
1.00000000000000e+01  -4.76281959940790e-01
1.00500000000000e+01  -4.69263016574452e-01
1.01000000000000e+01  -4.48594530329124e-01
1.01500000000000e+01  -4.15483545905504e-01
1.02000000000000e+01  -3.71352640551478e-01
1.02500000000000e+01  -3.17787864225836e-01
1.03000000000000e+01  -2.56486679761966e-01
1.03500000000000e+01  -1.89205903031564e-01
1.04000000000000e+01  -1.17709643108350e-01
1.04500000000000e+01  -4.37172424317492e-02
1.05000000000000e+01  3.11487830293742e-02
1.05500000000000e+01  1.05414803613040e-01
1.06000000000000e+01  1.77808135800421e-01
1.06500000000000e+01  2.47143502107633e-01
1.07000000000000e+01  3.12448890054554e-01
1.07500000000000e+01  3.72943090403591e-01
1.08000000000000e+01  4.28010058374552e-01
1.08500000000000e+01  4.77209642470936e-01
1.09000000000000e+01  5.20261608138728e-01
1.09500000000000e+01  5.57029661425182e-01
1.10000000000000e+01  5.87505472637602e-01
1.10500000000000e+01  6.11792700002132e-01
1.11000000000000e+01  6.30091013322538e-01
1.11500000000000e+01  6.42680117638998e-01
1.12000000000000e+01  6.49903776886885e-01
1.12500000000000e+01  6.52139772377414e-01
1.13000000000000e+01  6.49847347052210e-01
1.13500000000000e+01  6.43434505742647e-01
1.14000000000000e+01  6.33367610406607e-01
1.14500000000000e+01  6.20104231962614e-01
1.15000000000000e+01  6.04089702218924e-01
1.15500000000000e+01  5.85753665802612e-01
1.16000000000000e+01  5.65506632088662e-01
1.16500000000000e+01  5.43736527129060e-01
1.17000000000000e+01  5.20805245581876e-01
1.17500000000000e+01  4.97045202640365e-01
1.18000000000000e+01  4.72755885962042e-01
1.18500000000000e+01  4.48200407597784e-01
1.19000000000000e+01  4.23622139862938e-01
1.19500000000000e+01  3.99229535119340e-01
1.20000000000000e+01  3.75202060030600e-01
1.20500000000000e+01  3.51692383181231e-01
1.21000000000000e+01  3.28827730727374e-01
1.21500000000000e+01  3.06711853113005e-01
1.22000000000000e+01  2.85426991786129e-01
1.22500000000000e+01  2.65035845914980e-01
1.23000000000000e+01  2.45583539104216e-01
1.23500000000000e+01  2.27099586111119e-01
1.24000000000000e+01  2.09599859561794e-01
1.24500000000000e+01  1.93088556667364e-01
1.25000000000000e+01  1.77564958780256e-01
1.25500000000000e+01  1.63001654300345e-01
1.26000000000000e+01  1.49386062643809e-01
1.26500000000000e+01  1.36689614106349e-01
1.27000000000000e+01  1.24879939183368e-01
1.27500000000000e+01  1.13921513164142e-01
1.28000000000000e+01  1.03776300725976e-01
1.28500000000000e+01  9.44044005283727e-02
1.29000000000000e+01  8.57646898071938e-02
1.29500000000000e+01  7.78154689688229e-02
1.30000000000000e+01  7.05151061843314e-02
1.30500000000000e+01  6.38226819836390e-02
1.31000000000000e+01  5.76986338496793e-02
1.31500000000000e+01  5.21035275076004e-02
1.32000000000000e+01  4.69997551811854e-02
1.32500000000000e+01  4.23513658534416e-02
1.33000000000000e+01  3.81238020098141e-02
1.33500000000000e+01  3.42843590705194e-02
1.34000000000000e+01  3.08021538248129e-02
1.34500000000000e+01  2.76480928652548e-02
1.35000000000000e+01  2.47948410219794e-02
1.35500000000000e+01  2.22167897969608e-02
1.36000000000000e+01  1.98900257982818e-02
1.36500000000000e+01  1.77922991744001e-02
1.37000000000000e+01  1.59029920484165e-02
1.37500000000000e+01  1.42071346281238e-02
1.38000000000000e+01  1.26763807366604e-02
1.38500000000000e+01  1.13040524755248e-02
1.39000000000000e+01  1.00742163903033e-02
1.39500000000000e+01  8.97252935119237e-03
1.40000000000000e+01  7.98610670184644e-03
1.40500000000000e+01  7.10339040822429e-03
1.41000000000000e+01  6.31401720743669e-03
1.41500000000000e+01  5.60868675659318e-03
1.42000000000000e+01  4.97902978164938e-03
1.42500000000000e+01  4.41747622625414e-03
1.43000000000000e+01  3.91712340059651e-03
1.43500000000000e+01  3.47160413025304e-03
1.44000000000000e+01  3.07531321179782e-03
1.44500000000000e+01  2.72306698010235e-03
1.45000000000000e+01  2.41012634089681e-03
1.45500000000000e+01  2.13224293578045e-03
1.46000000000000e+01  1.88555128435121e-03
1.46500000000000e+01  1.66656527438248e-03
1.47000000000000e+01  1.47217465199985e-03
1.47500000000000e+01  1.29964151185791e-03
1.48000000000000e+01  1.14659678731701e-03
1.48500000000000e+01  1.01103674062004e-03
1.49000000000000e+01  8.91319453069213e-04
1.49500000000000e+01  7.86161315202828e-04
1.50000000000000e+01  6.92957736668745e-04
1.50500000000000e+01  6.10553907611330e-04
1.51000000000000e+01  5.37636949649972e-04
1.51500000000000e+01  4.73196772176486e-04
1.52000000000000e+01  4.16311494226364e-04
1.52500000000000e+01  3.66142831543100e-04
1.53000000000000e+01  3.21931483642472e-04
1.53500000000000e+01  2.82992520876873e-04
1.54000000000000e+01  2.48710771499598e-04
1.54500000000000e+01  2.18536208729163e-04
1.55000000000000e+01  1.91979337813609e-04
1.55500000000000e+01  1.68606583094805e-04
1.56000000000000e+01  1.48035675072761e-04
1.56500000000000e+01  1.29931037469931e-04
1.57000000000000e+01  1.13999174295518e-04
1.57500000000000e+01  9.99840569097868e-05
1.58000000000000e+01  8.76625110883652e-05
1.58500000000000e+01  7.68396040865532e-05
1.59000000000000e+01  6.73440317036313e-05
1.59500000000000e+01  5.90235053471638e-05
1.60000000000000e+01  5.17401390973093e-05
1.60500000000000e+01  4.53658367711244e-05
1.61000000000000e+01  3.97776789868729e-05
1.61500000000000e+01  3.48533102283317e-05
1.62000000000000e+01  3.04663259090972e-05
1.62500000000000e+01  2.66385570470639e-05
1.63000000000000e+01  2.33200676525309e-05
1.63500000000000e+01  2.04026106703445e-05
1.64000000000000e+01  1.78413535827209e-05
1.64500000000000e+01  1.55956074787700e-05
1.65000000000000e+01  1.36285927646949e-05
1.65500000000000e+01  1.19072048739942e-05
1.66000000000000e+01  1.04017799776623e-05
1.66500000000000e+01  9.08586069438984e-06
1.67000000000000e+01  7.93596180076534e-06
1.67500000000000e+01  6.93133594147521e-06
1.68000000000000e+01  6.05373933950540e-06
1.68500000000000e+01  5.28719750634179e-06
1.69000000000000e+01  4.61777095217116e-06
1.69500000000000e+01  4.03332089608214e-06
1.70000000000000e+01  3.52327497626582e-06
1.70500000000000e+01  3.07839296021694e-06
1.71000000000000e+01  2.69053245493451e-06
1.71500000000000e+01  2.35241461712278e-06
1.72000000000000e+01  2.05738986339209e-06
1.72500000000000e+01  1.79920358045961e-06
1.73000000000000e+01  1.57176183535041e-06
1.73500000000000e+01  1.36889708559815e-06
1.74000000000000e+01  1.18413388944601e-06
1.74500000000000e+01  1.01045461604753e-06
1.75000000000000e+01  8.82792996952680e-07
1.75500000000000e+01  7.74030254695450e-07
1.76000000000000e+01  6.77273346094582e-07
1.76500000000000e+01  5.91446247699993e-07
1.77000000000000e+01  5.15540024151139e-07
1.77500000000000e+01  4.48610700304132e-07
1.78000000000000e+01  3.89777133358923e-07
1.78500000000000e+01  3.38218884986415e-07
1.79000000000000e+01  2.93174093455607e-07
1.79500000000000e+01  2.53937345760750e-07
1.80000000000000e+01  2.19857549748466e-07
1.80500000000000e+01  1.90335806244913e-07
1.81000000000000e+01  1.64823281182913e-07
1.81500000000000e+01  1.42819077729099e-07
1.82000000000000e+01  1.23868108411054e-07
1.82500000000000e+01  1.07558967244451e-07
1.83000000000000e+01  9.35218018602005e-08
1.83500000000000e+01  8.14261856315880e-08
1.84000000000000e+01  7.09789898014175e-08
1.84500000000000e+01  6.19222556091525e-08
1.85000000000000e+01  5.40310664180557e-08
1.85500000000000e+01  4.71114198423352e-08
1.86000000000000e+01  4.09980998742826e-08
1.86500000000000e+01  3.55525490114163e-08
1.87000000000000e+01  3.06607403836224e-08
1.87500000000000e+01  2.62310498802968e-08
1.88000000000000e+01  2.21921282774869e-08
1.88500000000000e+01  1.84907733650335e-08
1.89000000000000e+01  1.50898020737124e-08
1.89500000000000e+01  1.19659226023762e-08
1.90000000000000e+01  9.10760654509488e-09
1.90500000000000e+01  6.51296101829950e-09
1.91000000000000e+01  4.18760078792271e-09
1.91500000000000e+01  2.14252039654031e-09
1.92000000000000e+01  3.91966290513629e-10
1.92500000000000e+01  -1.04869105286915e-09
1.93000000000000e+01  -2.16508499825142e-09
1.93500000000000e+01  -2.94598062506590e-09
1.94000000000000e+01  -3.38540260039342e-09
1.94500000000000e+01  -3.48476305182101e-09
1.95000000000000e+01  -3.25498944030016e-09
1.95500000000000e+01  -2.71865243300530e-09
1.96000000000000e+01  -1.91209377619170e-09
1.96500000000000e+01  -8.87554168054141e-10
1.97000000000000e+01  2.84698868414890e-10
1.97500000000000e+01  1.51424311256695e-09
1.98000000000000e+01  2.68837377323968e-09
1.98500000000000e+01  3.66997561589782e-09
1.99000000000000e+01  4.29539508977554e-09
1.99500000000000e+01  4.37231245501783e-09
2.00000000000000e+01  3.67761390982288e-09
