0.00000000000000e+00  1.58482559303467e-03
5.00000000000000e-02  1.69263803709739e-03
1.00000000000000e-01  1.80341378967035e-03
1.50000000000000e-01  1.91676673463384e-03
2.00000000000000e-01  2.03238787026782e-03
2.50000000000000e-01  2.15004034555754e-03
3.00000000000000e-01  2.26955449649911e-03
3.50000000000000e-01  2.39082288240512e-03
4.00000000000000e-01  2.51379532221026e-03
4.50000000000000e-01  2.63847393077688e-03
5.00000000000000e-01  2.76490815520064e-03
5.50000000000000e-01  2.89318981111608e-03
6.00000000000000e-01  3.02344811900224e-03
6.50000000000000e-01  3.15584474048825e-03
7.00000000000000e-01  3.29056881465897e-03
7.50000000000000e-01  3.42783199436054e-03
8.00000000000000e-01  3.56786348250601e-03
8.50000000000000e-01  3.71090506838097e-03
9.00000000000000e-01  3.85720616394910e-03
9.50000000000000e-01  4.00701884015782e-03
1.00000000000000e+00  4.16059286324387e-03
1.05000000000000e+00  4.31817073103891e-03
1.10000000000000e+00  4.47998270927513e-03
1.15000000000000e+00  4.64624186789089e-03
1.20000000000000e+00  4.81713911733624e-03
1.25000000000000e+00  4.99220169505601e-03
1.30000000000000e+00  5.17377050297913e-03
1.35000000000000e+00  5.35998451478637e-03
1.40000000000000e+00  5.55122426438984e-03
1.45000000000000e+00  5.74777163058108e-03
1.50000000000000e+00  5.94982292370647e-03
1.55000000000000e+00  6.15750197234254e-03
1.60000000000000e+00  6.37087320997138e-03
1.65000000000000e+00  6.58995476165598e-03
1.70000000000000e+00  6.81473153071556e-03
1.75000000000000e+00  7.04516828540101e-03
1.80000000000000e+00  7.28122274557016e-03
1.85000000000000e+00  7.52285866936318e-03
1.90000000000000e+00  7.77005893987800e-03
1.95000000000000e+00  8.02283865184554e-03
2.00000000000000e+00  8.28125819830522e-03
2.05000000000000e+00  8.54543635728019e-03
2.10000000000000e+00  8.81556337845276e-03
2.15000000000000e+00  9.09191406983980e-03
2.20000000000000e+00  9.37486088446799e-03
2.25000000000000e+00  9.66488700704926e-03
2.30000000000000e+00  9.96259944065617e-03
2.35000000000000e+00  1.02687420933972e-02
2.40000000000000e+00  1.05842088650921e-02
2.45000000000000e+00  1.09100567339474e-02
2.50000000000000e+00  1.12211740810985e-02
2.55000000000000e+00  1.15573866454387e-02
2.60000000000000e+00  1.18977971097425e-02
2.65000000000000e+00  1.22428636621223e-02
2.70000000000000e+00  1.25929445349034e-02
2.75000000000000e+00  1.29483037126364e-02
2.80000000000000e+00  1.33091166401088e-02
2.85000000000000e+00  1.36754759303564e-02
2.90000000000000e+00  1.40473970726755e-02
2.95000000000000e+00  1.44248241406346e-02
3.00000000000000e+00  1.48076355000858e-02
3.05000000000000e+00  1.51956495171770e-02
3.10000000000000e+00  1.55886302663637e-02
3.15000000000000e+00  1.59862932384201e-02
3.20000000000000e+00  1.63883110484517e-02
3.25000000000000e+00  1.67943191439067e-02
3.30000000000000e+00  1.72039215125874e-02
3.35000000000000e+00  1.76166963906628e-02
3.40000000000000e+00  1.80322019706796e-02
3.45000000000000e+00  1.84499821095743e-02
3.50000000000000e+00  1.88695720366850e-02
3.55000000000000e+00  1.92905040617631e-02
3.60000000000000e+00  1.97123132829849e-02
3.65000000000000e+00  2.01345432949637e-02
3.70000000000000e+00  2.05567518967614e-02
3.75000000000000e+00  2.09829298923178e-02
3.80000000000000e+00  2.13982836072868e-02
3.85000000000000e+00  2.18155009252940e-02
3.90000000000000e+00  2.22325212458996e-02
3.95000000000000e+00  2.26477399726438e-02
4.00000000000000e+00  2.30599520434852e-02
4.05000000000000e+00  2.34682954612393e-02
4.10000000000000e+00  2.38721948240174e-02
4.15000000000000e+00  2.42713048556647e-02
4.20000000000000e+00  2.46654539361994e-02
4.25000000000000e+00  2.50545876322507e-02
4.30000000000000e+00  2.54387122274979e-02
4.35000000000000e+00  2.58178382531085e-02
4.40000000000000e+00  2.61920755705279e-02
4.45000000000000e+00  2.65615042333273e-02
4.50000000000000e+00  2.69260418949392e-02
4.55000000000000e+00  2.72859870262311e-02
4.60000000000000e+00  2.76415266351223e-02
4.65000000000000e+00  2.79928882539115e-02
4.70000000000000e+00  2.83404919266033e-02
4.75000000000000e+00  2.86851021962348e-02
4.80000000000000e+00  2.90279800922031e-02
4.85000000000000e+00  2.93710351175914e-02
4.90000000000000e+00  2.97169772364963e-02
4.95000000000000e+00  3.00694688613549e-02
5.00000000000000e+00  3.04133660143483e-02
5.05000000000000e+00  3.08058897255022e-02
5.10000000000000e+00  3.11975595496958e-02
5.15000000000000e+00  3.15992348785051e-02
5.20000000000000e+00  3.20202616404903e-02
5.25000000000000e+00  3.24688157139250e-02
5.30000000000000e+00  3.29522463395256e-02
5.35000000000000e+00  3.34774195331805e-02
5.40000000000000e+00  3.40510614986798e-02
5.45000000000000e+00  3.46801020404447e-02
5.50000000000000e+00  3.53720179762564e-02
5.55000000000000e+00  3.61351765499858e-02
5.60000000000000e+00  3.69791788443232e-02
5.65000000000000e+00  3.79143881654255e-02
5.70000000000000e+00  3.89526896803950e-02
5.75000000000000e+00  4.01078205363923e-02
5.80000000000000e+00  4.13938761859844e-02
5.85000000000000e+00  4.28267765038138e-02
5.90000000000000e+00  4.44238340479622e-02
5.95000000000000e+00  4.62033223213155e-02
6.00000000000000e+00  4.81840440329272e-02
6.05000000000000e+00  5.03848993593828e-02
6.10000000000000e+00  5.28244542061644e-02
6.15000000000000e+00  5.55205084690142e-02
6.20000000000000e+00  5.84896642952991e-02
6.25000000000000e+00  6.17771850375969e-02
6.30000000000000e+00  6.53763795041436e-02
6.35000000000000e+00  6.93391416942942e-02
6.40000000000000e+00  7.36869414784731e-02
6.45000000000000e+00  7.84433040039269e-02
6.50000000000000e+00  8.36333294676616e-02
6.55000000000000e+00  8.92832128893793e-02
6.60000000000000e+00  9.54197638844144e-02
6.65000000000000e+00  1.02069926436672e-01
6.70000000000000e+00  1.09260298671563e-01
6.75000000000000e+00  1.17016652628942e-01
6.80000000000000e+00  1.25363454036044e-01
6.85000000000000e+00  1.34323382080422e-01
6.90000000000000e+00  1.43916948788592e-01
6.95000000000000e+00  1.54161904272506e-01
7.00000000000000e+00  1.65072802559813e-01
7.05000000000000e+00  1.76660346855772e-01
7.10000000000000e+00  1.88931013509666e-01
7.15000000000000e+00  2.01886454882189e-01
7.20000000000000e+00  2.15522902212817e-01
7.25000000000000e+00  2.29830568487191e-01
7.30000000000000e+00  2.44793051304497e-01
7.35000000000000e+00  2.60386735744844e-01
7.40000000000000e+00  2.76580197236642e-01
7.45000000000000e+00  2.93333604423984e-01
7.50000000000000e+00  3.10582415383313e-01
7.55000000000000e+00  3.28281552215255e-01
7.60000000000000e+00  3.46343748468959e-01
7.65000000000000e+00  3.64685283684882e-01
7.70000000000000e+00  3.83208238178371e-01
7.75000000000000e+00  4.01800631829926e-01
7.80000000000000e+00  4.20336562875467e-01
7.85000000000000e+00  4.38676346696597e-01
7.90000000000000e+00  4.56666654610874e-01
7.95000000000000e+00  4.74140652662070e-01
8.00000000000000e+00  4.90918140410442e-01
8.05000000000000e+00  5.06805689722995e-01
8.10000000000000e+00  5.21596783563747e-01
8.15000000000000e+00  5.35076249143659e-01
8.20000000000000e+00  5.47018495135939e-01
8.25000000000000e+00  5.57188818253522e-01
8.30000000000000e+00  5.65350841931745e-01
8.35000000000000e+00  5.71263433735976e-01
8.40000000000000e+00  5.74684892833002e-01
8.45000000000000e+00  5.75377137462417e-01
8.50000000000000e+00  5.73109892408017e-01
8.55000000000000e+00  5.67664876469188e-01
8.60000000000000e+00  5.58839989932292e-01
8.65000000000000e+00  5.46453502042063e-01
8.70000000000000e+00  5.30348238472995e-01
8.75000000000000e+00  5.10410833313952e-01
8.80000000000000e+00  4.86528118850725e-01
8.85000000000000e+00  4.58680728152207e-01
8.90000000000000e+00  4.26861382623597e-01
8.95000000000000e+00  3.91122303709816e-01
9.00000000000000e+00  3.51576845243391e-01
9.05000000000000e+00  3.08401125792339e-01
9.10000000000000e+00  2.61835661008065e-01
9.15000000000000e+00  2.12186995973237e-01
9.20000000000000e+00  1.59829337549683e-01
9.25000000000000e+00  1.05206186726280e-01
9.30000000000000e+00  4.88319709668287e-02
9.35000000000000e+00  -8.70632344203797e-03
9.40000000000000e+00  -6.67715862367281e-02
9.45000000000000e+00  -1.24665440240489e-01
9.50000000000000e+00  -1.81638406056110e-01
9.55000000000000e+00  -2.36907771479383e-01
9.60000000000000e+00  -2.89658776848862e-01
9.65000000000000e+00  -3.39059532846699e-01
9.70000000000000e+00  -3.84275938299499e-01
9.75000000000000e+00  -4.24486597979148e-01
9.80000000000000e+00  -4.58897740403668e-01
9.85000000000000e+00  -4.86758135638049e-01
9.90000000000000e+00  -5.07374013095096e-01
9.95000000000000e+00  -5.20123979336270e-01
1.00000000000000e+01  -5.24473935872532e-01
1.00500000000000e+01  -5.20123979336270e-01
1.01000000000000e+01  -5.07374013095094e-01
1.01500000000000e+01  -4.86758135638047e-01
1.02000000000000e+01  -4.58897740403664e-01
1.02500000000000e+01  -4.24486597979145e-01
1.03000000000000e+01  -3.84275938299495e-01
1.03500000000000e+01  -3.39059532846695e-01
1.04000000000000e+01  -2.89658776848858e-01
1.04500000000000e+01  -2.36907771479379e-01
1.05000000000000e+01  -1.81638406056106e-01
1.05500000000000e+01  -1.24665440240483e-01
1.06000000000000e+01  -6.67715862367221e-02
1.06500000000000e+01  -8.70632344203289e-03
1.07000000000000e+01  4.88319709668335e-02
1.07500000000000e+01  1.05206186726282e-01
1.08000000000000e+01  1.59829337549687e-01
1.08500000000000e+01  2.12186995973241e-01
1.09000000000000e+01  2.61835661008067e-01
1.09500000000000e+01  3.08401125792343e-01
1.10000000000000e+01  3.51576845243393e-01
1.10500000000000e+01  3.91122303709819e-01
1.11000000000000e+01  4.26861382623598e-01
1.11500000000000e+01  4.58680728152206e-01
1.12000000000000e+01  4.86528118850725e-01
1.12500000000000e+01  5.10395768800727e-01
1.13000000000000e+01  5.30348238472993e-01
1.13500000000000e+01  5.46453502042062e-01
1.14000000000000e+01  5.58839989932290e-01
1.14500000000000e+01  5.67664876469185e-01
1.15000000000000e+01  5.73109892408014e-01
1.15500000000000e+01  5.75377137462414e-01
1.16000000000000e+01  5.74684892832998e-01
1.16500000000000e+01  5.71263433735973e-01
1.17000000000000e+01  5.65350841931741e-01
1.17500000000000e+01  5.57188818253518e-01
1.18000000000000e+01  5.47018495135935e-01
1.18500000000000e+01  5.35076249143655e-01
1.19000000000000e+01  5.21596783563743e-01
1.19500000000000e+01  5.06805689722991e-01
1.20000000000000e+01  4.90918140410438e-01
1.20500000000000e+01  4.74140652662066e-01
1.21000000000000e+01  4.56666654610869e-01
1.21500000000000e+01  4.38676346696593e-01
1.22000000000000e+01  4.20336562875463e-01
1.22500000000000e+01  4.01800631829923e-01
1.23000000000000e+01  3.83208238178368e-01
1.23500000000000e+01  3.64685283684878e-01
1.24000000000000e+01  3.46343748468955e-01
1.24500000000000e+01  3.28281552215252e-01
1.25000000000000e+01  3.10598122034021e-01
1.25500000000000e+01  2.93333604423982e-01
1.26000000000000e+01  2.76580197236639e-01
1.26500000000000e+01  2.60386735744841e-01
1.27000000000000e+01  2.44793051304494e-01
1.27500000000000e+01  2.29830568487189e-01
1.28000000000000e+01  2.15522902212814e-01
1.28500000000000e+01  2.01886454882187e-01
1.29000000000000e+01  1.88931013509665e-01
1.29500000000000e+01  1.76660346855770e-01
1.30000000000000e+01  1.65072802559812e-01
1.30500000000000e+01  1.54161904272505e-01
1.31000000000000e+01  1.43916948788590e-01
1.31500000000000e+01  1.34323382080421e-01
1.32000000000000e+01  1.25363454036043e-01
1.32500000000000e+01  1.17016652628941e-01
1.33000000000000e+01  1.09260298671562e-01
1.33500000000000e+01  1.02069926436671e-01
1.34000000000000e+01  9.54197638844135e-02
1.34500000000000e+01  8.92832128893782e-02
1.35000000000000e+01  8.36333294676608e-02
1.35500000000000e+01  7.84433040039260e-02
1.36000000000000e+01  7.36869414784720e-02
1.36500000000000e+01  6.93391416942932e-02
1.37000000000000e+01  6.53763795041428e-02
1.37500000000000e+01  6.17468943453743e-02
1.38000000000000e+01  5.84896642952985e-02
1.38500000000000e+01  5.55205084690135e-02
1.39000000000000e+01  5.28244542061638e-02
1.39500000000000e+01  5.03848993593823e-02
1.40000000000000e+01  4.81840440329267e-02
1.40500000000000e+01  4.62033223213150e-02
1.41000000000000e+01  4.44238340479618e-02
1.41500000000000e+01  4.28267765038134e-02
1.42000000000000e+01  4.13938761859840e-02
1.42500000000000e+01  4.01078205363919e-02
1.43000000000000e+01  3.89526896803946e-02
1.43500000000000e+01  3.79143881654251e-02
1.44000000000000e+01  3.69791788443228e-02
1.44500000000000e+01  3.61351765499855e-02
1.45000000000000e+01  3.53720179762560e-02
1.45500000000000e+01  3.46801020404444e-02
1.46000000000000e+01  3.40510614986795e-02
1.46500000000000e+01  3.34774195331801e-02
1.47000000000000e+01  3.29522463395252e-02
1.47500000000000e+01  3.24688157139247e-02
1.48000000000000e+01  3.20202616404900e-02
1.48500000000000e+01  3.15992348785047e-02
1.49000000000000e+01  3.11975595496954e-02
1.49500000000000e+01  3.08058897255018e-02
1.50000000000000e+01  3.04332768402707e-02
1.50500000000000e+01  3.00694688613548e-02
1.51000000000000e+01  2.97169772364963e-02
1.51500000000000e+01  2.93710351175913e-02
1.52000000000000e+01  2.90279800922029e-02
1.52500000000000e+01  2.86851021962347e-02
1.53000000000000e+01  2.83404919266031e-02
1.53500000000000e+01  2.79928882539113e-02
1.54000000000000e+01  2.76415266351221e-02
1.54500000000000e+01  2.72859870262308e-02
1.55000000000000e+01  2.69260418949390e-02
1.55500000000000e+01  2.65615042333270e-02
1.56000000000000e+01  2.61920755705276e-02
1.56500000000000e+01  2.58178382531082e-02
1.57000000000000e+01  2.54387122274976e-02
1.57500000000000e+01  2.50545876322504e-02
1.58000000000000e+01  2.46654539361991e-02
1.58500000000000e+01  2.42713048556644e-02
1.59000000000000e+01  2.38721948240171e-02
1.59500000000000e+01  2.34682954612390e-02
1.60000000000000e+01  2.30599520434849e-02
1.60500000000000e+01  2.26477399726435e-02
1.61000000000000e+01  2.22325212458992e-02
1.61500000000000e+01  2.18155009252936e-02
1.62000000000000e+01  2.13982836072864e-02
1.62500000000000e+01  2.09785167998997e-02
1.63000000000000e+01  2.05567518967611e-02
1.63500000000000e+01  2.01345432949634e-02
1.64000000000000e+01  1.97123132829846e-02
1.64500000000000e+01  1.92905040617628e-02
1.65000000000000e+01  1.88695720366848e-02
1.65500000000000e+01  1.84499821095740e-02
1.66000000000000e+01  1.80322019706793e-02
1.66500000000000e+01  1.76166963906626e-02
1.67000000000000e+01  1.72039215125872e-02
1.67500000000000e+01  1.67943191439064e-02
1.68000000000000e+01  1.63883110484515e-02
1.68500000000000e+01  1.59862932384199e-02
1.69000000000000e+01  1.55886302663635e-02
1.69500000000000e+01  1.51956495171769e-02
1.70000000000000e+01  1.48076355000856e-02
1.70500000000000e+01  1.44248241406344e-02
1.71000000000000e+01  1.40473970726754e-02
1.71500000000000e+01  1.36754759303562e-02
1.72000000000000e+01  1.33091166401087e-02
1.72500000000000e+01  1.29483037126363e-02
1.73000000000000e+01  1.25929445349033e-02
1.73500000000000e+01  1.22428636621222e-02
1.74000000000000e+01  1.18977971097425e-02
1.74500000000000e+01  1.15573866454387e-02
1.75000000000000e+01  1.12475188432315e-02
1.75500000000000e+01  1.09100567339473e-02
1.76000000000000e+01  1.05842088650920e-02
1.76500000000000e+01  1.02687420933971e-02
1.77000000000000e+01  9.96259944065614e-03
1.77500000000000e+01  9.66488700704925e-03
1.78000000000000e+01  9.37486088446797e-03
1.78500000000000e+01  9.09191406983979e-03
1.79000000000000e+01  8.81556337845275e-03
1.79500000000000e+01  8.54543635728018e-03
1.80000000000000e+01  8.28125819830521e-03
1.80500000000000e+01  8.02283865184554e-03
1.81000000000000e+01  7.77005893987798e-03
1.81500000000000e+01  7.52285866936316e-03
1.82000000000000e+01  7.28122274557014e-03
1.82500000000000e+01  7.04516828540099e-03
1.83000000000000e+01  6.81473153071554e-03
1.83500000000000e+01  6.58995476165594e-03
1.84000000000000e+01  6.37087320997133e-03
1.84500000000000e+01  6.15750197234250e-03
1.85000000000000e+01  5.94982292370641e-03
1.85500000000000e+01  5.74777163058101e-03
1.86000000000000e+01  5.55122426438976e-03
1.86500000000000e+01  5.35998451478628e-03
1.87000000000000e+01  5.17377050297903e-03
1.87500000000000e+01  4.99283824487851e-03
1.88000000000000e+01  4.81713911733612e-03
1.88500000000000e+01  4.64624186789075e-03
1.89000000000000e+01  4.47998270927498e-03
1.89500000000000e+01  4.31817073103875e-03
1.90000000000000e+01  4.16059286324370e-03
1.90500000000000e+01  4.00701884015764e-03
1.91000000000000e+01  3.85720616394892e-03
1.91500000000000e+01  3.71090506838078e-03
1.92000000000000e+01  3.56786348250581e-03
1.92500000000000e+01  3.42783199436034e-03
1.93000000000000e+01  3.29056881465877e-03
1.93500000000000e+01  3.15584474048805e-03
1.94000000000000e+01  3.02344811900203e-03
1.94500000000000e+01  2.89318981111588e-03
1.95000000000000e+01  2.76490815520045e-03
1.95500000000000e+01  2.63847393077671e-03
1.96000000000000e+01  2.51379532221010e-03
1.96500000000000e+01  2.39082288240498e-03
1.97000000000000e+01  2.26955449649898e-03
1.97500000000000e+01  2.15004034555745e-03
1.98000000000000e+01  2.03238787026777e-03
1.98500000000000e+01  1.91676673463383e-03
1.99000000000000e+01  1.80341378967039e-03
1.99500000000000e+01  1.69263803709747e-03
2.00000000000000e+01  1.58482559303482e-03
