0.00000000000000e+00  4.12921573090200e-08
5.00000000000000e-02  4.46950728916157e-08
1.00000000000000e-01  4.73319225736775e-08
1.50000000000000e-01  4.94380632560625e-08
2.00000000000000e-01  5.12170906681558e-08
2.50000000000000e-01  5.28430444551241e-08
3.00000000000000e-01  5.44626132651716e-08
3.50000000000000e-01  5.61973398367944e-08
4.00000000000000e-01  5.81458260860367e-08
4.50000000000000e-01  6.03859381937450e-08
5.00000000000000e-01  6.29770116928248e-08
5.50000000000000e-01  6.59620565554942e-08
6.00000000000000e-01  6.93699622805404e-08
6.50000000000000e-01  7.32177029805747e-08
7.00000000000000e-01  7.75125424692872e-08
7.50000000000000e-01  8.22542393487032e-08
8.00000000000000e-01  8.74372520964370e-08
8.50000000000000e-01  9.30529441529484e-08
9.00000000000000e-01  9.90917890087976e-08
9.50000000000000e-01  1.05545575291900e-07
1.00000000000000e+00  1.12409611854783e-07
1.05000000000000e+00  1.19684932861838e-07
1.10000000000000e+00  1.27380502876579e-07
1.15000000000000e+00  1.35515421948898e-07
1.20000000000000e+00  1.44121130702316e-07
1.25000000000000e+00  1.53243615421245e-07
1.30000000000000e+00  1.62945613138236e-07
1.35000000000000e+00  1.73308816721238e-07
1.40000000000000e+00  1.84436079960857e-07
1.45000000000000e+00  1.96453622657602e-07
1.50000000000000e+00  2.09513235709149e-07
1.55000000000000e+00  2.23794486197591e-07
1.60000000000000e+00  2.39506922476697e-07
1.65000000000000e+00  2.56892279259164e-07
1.70000000000000e+00  2.76226682703873e-07
1.75000000000000e+00  2.97822855503147e-07
1.80000000000000e+00  3.22032321970003e-07
1.85000000000000e+00  3.49247613125406e-07
1.90000000000000e+00  3.79904471785533e-07
1.95000000000000e+00  4.14484057649015e-07
2.00000000000000e+00  4.53515152384205e-07
2.05000000000000e+00  4.97576364716423e-07
2.10000000000000e+00  5.47298335515217e-07
2.15000000000000e+00  6.03365942881622e-07
2.20000000000000e+00  6.66520507235401e-07
2.25000000000000e+00  7.37561996402317e-07
2.30000000000000e+00  8.17351230701381e-07
2.35000000000000e+00  9.06812088032100e-07
2.40000000000000e+00  1.00693370896175e-06
2.45000000000000e+00  1.11877270181261e-06
2.50000000000000e+00  1.19621769970204e-06
2.55000000000000e+00  1.38682216989630e-06
2.60000000000000e+00  1.58041155718687e-06
2.65000000000000e+00  1.78518978669258e-06
2.70000000000000e+00  2.00854020142322e-06
2.75000000000000e+00  2.25726440200198e-06
2.80000000000000e+00  2.53782108638760e-06
2.85000000000000e+00  2.85656488959677e-06
2.90000000000000e+00  3.21998522342636e-06
2.95000000000000e+00  3.63494511617572e-06
3.00000000000000e+00  4.10892005236898e-06
3.05000000000000e+00  4.65023681247732e-06
3.10000000000000e+00  5.26831231264126e-06
3.15000000000000e+00  5.97389244439301e-06
3.20000000000000e+00  6.77929091437866e-06
3.25000000000000e+00  7.69862808408051e-06
3.30000000000000e+00  8.74806980953943e-06
3.35000000000000e+00  9.94606628107699e-06
3.40000000000000e+00  1.13135908630180e-05
3.45000000000000e+00  1.28743789334124e-05
3.50000000000000e+00  1.46551667237581e-05
3.55000000000000e+00  1.66859301587227e-05
3.60000000000000e+00  1.90001236958660e-05
3.65000000000000e+00  2.16349191653628e-05
3.70000000000000e+00  2.46314446097242e-05
3.75000000000000e+00  2.78777860858832e-05
3.80000000000000e+00  3.19540350303157e-05
3.85000000000000e+00  3.64393490576858e-05
3.90000000000000e+00  4.14694473610055e-05
3.95000000000000e+00  4.71714077903307e-05
4.00000000000000e+00  5.36682863915100e-05
4.05000000000000e+00  6.10837369449302e-05
4.10000000000000e+00  6.95466305042648e-05
4.15000000000000e+00  7.91956749352200e-05
4.20000000000000e+00  9.01840344542828e-05
4.25000000000000e+00  1.02683949167468e-04
4.30000000000000e+00  1.16891354609063e-04
4.35000000000000e+00  1.33030501280380e-04
4.40000000000000e+00  1.51358574188497e-04
4.45000000000000e+00  1.72170312385011e-04
4.50000000000000e+00  1.95802628504779e-04
4.55000000000000e+00  2.22639228304671e-04
4.60000000000000e+00  2.53115230202312e-04
4.65000000000000e+00  2.87721784814833e-04
4.70000000000000e+00  3.27010694497614e-04
4.75000000000000e+00  3.71599032883039e-04
4.80000000000000e+00  4.22173764419232e-04
4.85000000000000e+00  4.79496363908814e-04
4.90000000000000e+00  5.44407436047642e-04
4.95000000000000e+00  6.17831334963566e-04
5.00000000000000e+00  7.03160914421265e-04
5.05000000000000e+00  7.94540749938587e-04
5.10000000000000e+00  9.00087081728067e-04
5.15000000000000e+00  1.02051914223983e-03
5.20000000000000e+00  1.15696854708030e-03
5.25000000000000e+00  1.31097527952378e-03
5.30000000000000e+00  1.48448367502404e-03
5.35000000000000e+00  1.67983840572589e-03
5.40000000000000e+00  1.89978046497681e-03
5.45000000000000e+00  2.14744315183849e-03
5.50000000000000e+00  2.42634805559845e-03
5.55000000000000e+00  2.74040104028158e-03
5.60000000000000e+00  3.09388822916178e-03
5.65000000000000e+00  3.49157786883722e-03
5.70000000000000e+00  3.93866821352467e-03
5.75000000000000e+00  4.44074757978365e-03
5.80000000000000e+00  5.00418890438107e-03
5.85000000000000e+00  5.63586687978025e-03
5.90000000000000e+00  6.34330829535551e-03
5.95000000000000e+00  7.13484237860697e-03
6.00000000000000e+00  8.01975113637516e-03
6.05000000000000e+00  9.00841969605577e-03
6.10000000000000e+00  1.01124866468143e-02
6.15000000000000e+00  1.13449943808009e-02
6.20000000000000e+00  1.27205394343648e-02
6.25000000000000e+00  1.42504705586258e-02
6.30000000000000e+00  1.59537796543958e-02
6.35000000000000e+00  1.78466495419006e-02
6.40000000000000e+00  1.99481222180492e-02
6.45000000000000e+00  2.22788330019533e-02
6.50000000000000e+00  2.48610428323793e-02
6.55000000000000e+00  2.77186705652016e-02
6.60000000000000e+00  3.08773252708551e-02
6.65000000000000e+00  3.43643385317882e-02
6.70000000000000e+00  3.82087967399160e-02
6.75000000000000e+00  4.24415733940722e-02
6.80000000000000e+00  4.70953613974631e-02
6.85000000000000e+00  5.22047053551189e-02
6.90000000000000e+00  5.78055388485392e-02
6.95000000000000e+00  6.39354503525129e-02
7.00000000000000e+00  7.06338517271602e-02
7.05000000000000e+00  7.79402791814252e-02
7.10000000000000e+00  8.58956212267593e-02
7.15000000000000e+00  9.45414730807942e-02
7.20000000000000e+00  1.03919491071015e-01
7.25000000000000e+00  1.14070747038434e-01
7.30000000000000e+00  1.25035082741262e-01
7.35000000000000e+00  1.36850464258584e-01
7.40000000000000e+00  1.49552336394030e-01
7.45000000000000e+00  1.63172977079450e-01
7.50000000000000e+00  1.77736052942187e-01
7.55000000000000e+00  1.93268477672111e-01
7.60000000000000e+00  2.09783148837466e-01
7.65000000000000e+00  2.27285465705173e-01
7.70000000000000e+00  2.45771108759286e-01
7.75000000000000e+00  2.65224074626012e-01
7.80000000000000e+00  2.85614710998747e-01
7.85000000000000e+00  3.06897751563092e-01
7.90000000000000e+00  3.29010350921885e-01
7.95000000000000e+00  3.51870119520229e-01
8.00000000000000e+00  3.75373158570511e-01
8.05000000000000e+00  3.99392094977437e-01
8.10000000000000e+00  4.23774116263049e-01
8.15000000000000e+00  4.48339622962106e-01
8.20000000000000e+00  4.72880040020109e-01
8.25000000000000e+00  4.97151889791696e-01
8.30000000000000e+00  5.20891970554533e-01
8.35000000000000e+00  5.43800730421835e-01
8.40000000000000e+00  5.65545719203579e-01
8.45000000000000e+00  5.85765040267704e-01
8.50000000000000e+00  6.04070802401314e-01
8.55000000000000e+00  6.20052571671889e-01
8.60000000000000e+00  6.33280823288483e-01
8.65000000000000e+00  6.43310393462932e-01
8.70000000000000e+00  6.49683931271056e-01
8.75000000000000e+00  6.51949427694615e-01
8.80000000000000e+00  6.49656958144004e-01
8.85000000000000e+00  6.42389896028891e-01
8.90000000000000e+00  6.29756793811049e-01
8.95000000000000e+00  6.11414342208858e-01
9.00000000000000e+00  5.87083331769863e-01
9.05000000000000e+00  5.56564614443349e-01
9.10000000000000e+00  5.19755065152909e-01
9.15000000000000e+00  4.76663543369008e-01
9.20000000000000e+00  4.27426854681553e-01
9.25000000000000e+00  3.72325712372467e-01
9.30000000000000e+00  3.11800698988244e-01
9.35000000000000e+00  2.46468227912533e-01
9.40000000000000e+00  1.77109776741648e-01
9.45000000000000e+00  1.04697519344301e-01
9.50000000000000e+00  3.04167175011300e-02
9.55000000000000e+00  -4.44599809423055e-02
9.60000000000000e+00  -1.18459188745898e-01
9.65000000000000e+00  -1.89958807894537e-01
9.70000000000000e+00  -2.57240058217666e-01
9.75000000000000e+00  -3.18539506008803e-01
9.80000000000000e+00  -3.72101092645111e-01
9.85000000000000e+00  -4.16228163206922e-01
9.90000000000000e+00  -4.49335495097285e-01
9.95000000000000e+00  -4.70001326661518e-01
1.00000000000000e+01  -4.77019385806743e-01
1.00500000000000e+01  -4.70001326661517e-01
1.01000000000000e+01  -4.49335495097282e-01
1.01500000000000e+01  -4.16228163206918e-01
1.02000000000000e+01  -3.72101092645107e-01
1.02500000000000e+01  -3.18539506008800e-01
1.03000000000000e+01  -2.57240058217662e-01
1.03500000000000e+01  -1.89958807894534e-01
1.04000000000000e+01  -1.18459188745895e-01
1.04500000000000e+01  -4.44599809423018e-02
1.05000000000000e+01  3.04167175011319e-02
1.05500000000000e+01  1.04697519344306e-01
1.06000000000000e+01  1.77109776741652e-01
1.06500000000000e+01  2.46468227912536e-01
1.07000000000000e+01  3.11800698988246e-01
1.07500000000000e+01  3.72325712372467e-01
1.08000000000000e+01  4.27426854681555e-01
1.08500000000000e+01  4.76663543369009e-01
1.09000000000000e+01  5.19755065152909e-01
1.09500000000000e+01  5.56564614443350e-01
1.10000000000000e+01  5.87083331769863e-01
1.10500000000000e+01  6.11414342208858e-01
1.11000000000000e+01  6.29756793811049e-01
1.11500000000000e+01  6.42389896028890e-01
1.12000000000000e+01  6.49656958144003e-01
1.12500000000000e+01  6.51935350513864e-01
1.13000000000000e+01  6.49683931271054e-01
1.13500000000000e+01  6.43310393462930e-01
1.14000000000000e+01  6.33280823288482e-01
1.14500000000000e+01  6.20052571671887e-01
1.15000000000000e+01  6.04070802401312e-01
1.15500000000000e+01  5.85765040267702e-01
1.16000000000000e+01  5.65545719203577e-01
1.16500000000000e+01  5.43800730421833e-01
1.17000000000000e+01  5.20891970554530e-01
1.17500000000000e+01  4.97151889791694e-01
1.18000000000000e+01  4.72880040020106e-01
1.18500000000000e+01  4.48339622962103e-01
1.19000000000000e+01  4.23774116263047e-01
1.19500000000000e+01  3.99392094977435e-01
1.20000000000000e+01  3.75373158570509e-01
1.20500000000000e+01  3.51870119520227e-01
1.21000000000000e+01  3.29010350921884e-01
1.21500000000000e+01  3.06897751563090e-01
1.22000000000000e+01  2.85614710998745e-01
1.22500000000000e+01  2.65224074626011e-01
1.23000000000000e+01  2.45771108759284e-01
1.23500000000000e+01  2.27285465705171e-01
1.24000000000000e+01  2.09783148837464e-01
1.24500000000000e+01  1.93268477672110e-01
1.25000000000000e+01  1.77740851778585e-01
1.25500000000000e+01  1.63172977079449e-01
1.26000000000000e+01  1.49552336394029e-01
1.26500000000000e+01  1.36850464258583e-01
1.27000000000000e+01  1.25035082741261e-01
1.27500000000000e+01  1.14070747038433e-01
1.28000000000000e+01  1.03919491071014e-01
1.28500000000000e+01  9.45414730807934e-02
1.29000000000000e+01  8.58956212267587e-02
1.29500000000000e+01  7.79402791814245e-02
1.30000000000000e+01  7.06338517271597e-02
1.30500000000000e+01  6.39354503525123e-02
1.31000000000000e+01  5.78055388485384e-02
1.31500000000000e+01  5.22047053551183e-02
1.32000000000000e+01  4.70953613974623e-02
1.32500000000000e+01  4.24415733940717e-02
1.33000000000000e+01  3.82087967399155e-02
1.33500000000000e+01  3.43643385317877e-02
1.34000000000000e+01  3.08773252708546e-02
1.34500000000000e+01  2.77186705652011e-02
1.35000000000000e+01  2.48610428323789e-02
1.35500000000000e+01  2.22788330019529e-02
1.36000000000000e+01  1.99481222180487e-02
1.36500000000000e+01  1.78466495419001e-02
1.37000000000000e+01  1.59537796543955e-02
1.37500000000000e+01  1.42554228292689e-02
1.38000000000000e+01  1.27205394343645e-02
1.38500000000000e+01  1.13449943808006e-02
1.39000000000000e+01  1.01124866468140e-02
1.39500000000000e+01  9.00841969605547e-03
1.40000000000000e+01  8.01975113637490e-03
1.40500000000000e+01  7.13484237860671e-03
1.41000000000000e+01  6.34330829535528e-03
1.41500000000000e+01  5.63586687978004e-03
1.42000000000000e+01  5.00418890438087e-03
1.42500000000000e+01  4.44074757978347e-03
1.43000000000000e+01  3.93866821352450e-03
1.43500000000000e+01  3.49157786883705e-03
1.44000000000000e+01  3.09388822916165e-03
1.44500000000000e+01  2.74040104028145e-03
1.45000000000000e+01  2.42634805559835e-03
1.45500000000000e+01  2.14744315183842e-03
1.46000000000000e+01  1.89978046497675e-03
1.46500000000000e+01  1.67983840572586e-03
1.47000000000000e+01  1.48448367502403e-03
1.47500000000000e+01  1.31097527952381e-03
1.48000000000000e+01  1.15696854708036e-03
1.48500000000000e+01  1.02051914223993e-03
1.49000000000000e+01  9.00087081728208e-04
1.49500000000000e+01  7.94540749938785e-04
1.50000000000000e+01  7.00780783755464e-04
1.50500000000000e+01  6.17831334963836e-04
1.51000000000000e+01  5.44407436047885e-04
1.51500000000000e+01  4.79496363909034e-04
1.52000000000000e+01  4.22173764419429e-04
1.52500000000000e+01  3.71599032883216e-04
1.53000000000000e+01  3.27010694497772e-04
1.53500000000000e+01  2.87721784814974e-04
1.54000000000000e+01  2.53115230202438e-04
1.54500000000000e+01  2.22639228304782e-04
1.55000000000000e+01  1.95802628504878e-04
1.55500000000000e+01  1.72170312385097e-04
1.56000000000000e+01  1.51358574188573e-04
1.56500000000000e+01  1.33030501280446e-04
1.57000000000000e+01  1.16891354609121e-04
1.57500000000000e+01  1.02683949167518e-04
1.58000000000000e+01  9.01840344543272e-05
1.58500000000000e+01  7.91956749352585e-05
1.59000000000000e+01  6.95466305042984e-05
1.59500000000000e+01  6.10837369449594e-05
1.60000000000000e+01  5.36682863915356e-05
1.60500000000000e+01  4.71714077903530e-05
1.61000000000000e+01  4.14694473610248e-05
1.61500000000000e+01  3.64393490577028e-05
1.62000000000000e+01  3.19540350303307e-05
1.62500000000000e+01  2.80350231235341e-05
1.63000000000000e+01  2.46314446097361e-05
1.63500000000000e+01  2.16349191653733e-05
1.64000000000000e+01  1.90001236958753e-05
1.64500000000000e+01  1.66859301587309e-05
1.65000000000000e+01  1.46551667237652e-05
1.65500000000000e+01  1.28743789334185e-05
1.66000000000000e+01  1.13135908630230e-05
1.66500000000000e+01  9.94606628108093e-06
1.67000000000000e+01  8.74806980954225e-06
1.67500000000000e+01  7.69862808408203e-06
1.68000000000000e+01  6.77929091437874e-06
1.68500000000000e+01  5.97389244439154e-06
1.69000000000000e+01  5.26831231263809e-06
1.69500000000000e+01  4.65023681247231e-06
1.70000000000000e+01  4.10892005236191e-06
1.70500000000000e+01  3.63494511616643e-06
1.71000000000000e+01  3.21998522341462e-06
1.71500000000000e+01  2.85656488958239e-06
1.72000000000000e+01  2.53782108637040e-06
1.72500000000000e+01  2.25726440198173e-06
1.73000000000000e+01  2.00854020139974e-06
1.73500000000000e+01  1.78518978666566e-06
1.74000000000000e+01  1.58041155715635e-06
1.74500000000000e+01  1.38682216986199e-06
1.75000000000000e+01  1.24345534770788e-06
1.75500000000000e+01  1.11877270176593e-06
1.76000000000000e+01  1.00693370890942e-06
1.76500000000000e+01  9.06812087973801e-07
1.77000000000000e+01  8.17351230636818e-07
1.77500000000000e+01  7.37561996331201e-07
1.78000000000000e+01  6.66520507157467e-07
1.78500000000000e+01  6.03365942796631e-07
1.79000000000000e+01  5.47298335422952e-07
1.79500000000000e+01  4.97576364616696e-07
1.80000000000000e+01  4.53515152276854e-07
1.80500000000000e+01  4.14484057533914e-07
1.81000000000000e+01  3.79904471662592e-07
1.81500000000000e+01  3.49247612994574e-07
1.82000000000000e+01  3.22032321831273e-07
1.82500000000000e+01  2.97822855356554e-07
1.83000000000000e+01  2.76226682549504e-07
1.83500000000000e+01  2.56892279097155e-07
1.84000000000000e+01  2.39506922307242e-07
1.84500000000000e+01  2.23794486020944e-07
1.85000000000000e+01  2.09513235525624e-07
1.85500000000000e+01  1.96453622467582e-07
1.86000000000000e+01  1.84436079764796e-07
1.86500000000000e+01  1.73308816519666e-07
1.87000000000000e+01  1.62945612931759e-07
1.87500000000000e+01  1.53243615210555e-07
1.88000000000000e+01  1.44121130488190e-07
1.88500000000000e+01  1.35515421732206e-07
1.89000000000000e+01  1.27380502658287e-07
1.89500000000000e+01  1.19684932643014e-07
1.90000000000000e+01  1.12409611636600e-07
1.90500000000000e+01  1.05545575075642e-07
1.91000000000000e+01  9.90917887958619e-08
1.91500000000000e+01  9.30529439448541e-08
1.92000000000000e+01  8.74372518948283e-08
1.92500000000000e+01  8.22542391553553e-08
1.93000000000000e+01  7.75125422861101e-08
1.93500000000000e+01  7.32177028096199e-08
1.94000000000000e+01  6.93699621240060e-08
1.94500000000000e+01  6.59620564157305e-08
1.95000000000000e+01  6.29770115723399e-08
1.95500000000000e+01  6.03859380952104e-08
1.96000000000000e+01  5.81458260122928e-08
1.96500000000000e+01  5.61973397908576e-08
1.97000000000000e+01  5.44626132502391e-08
1.97500000000000e+01  5.28430444745811e-08
1.98000000000000e+01  5.12170907255804e-08
1.98500000000000e+01  4.94380633552334e-08
1.99000000000000e+01  4.73319227185795e-08
1.99500000000000e+01  4.46950730864465e-08
2.00000000000000e+01  4.12921575581971e-08
