0.00000000000000e+00  1.45143886121844e-01
5.00000000000000e-02  1.54580554530062e-01
1.00000000000000e-01  1.63947900542268e-01
1.50000000000000e-01  1.73265673104329e-01
2.00000000000000e-01  1.82534546656575e-01
2.50000000000000e-01  1.91745791681438e-01
3.00000000000000e-01  2.00890945251076e-01
3.50000000000000e-01  2.09962418259800e-01
4.00000000000000e-01  2.18956424606290e-01
4.50000000000000e-01  2.27867215533972e-01
5.00000000000000e-01  2.36697181872063e-01
5.50000000000000e-01  2.45444206699832e-01
6.00000000000000e-01  2.54084630466680e-01
6.50000000000000e-01  2.62628025533380e-01
7.00000000000000e-01  2.71061297553637e-01
7.50000000000000e-01  2.79416945693435e-01
8.00000000000000e-01  2.87650908408190e-01
8.50000000000000e-01  2.95760031872235e-01
9.00000000000000e-01  3.03753063056548e-01
9.50000000000000e-01  3.11628420933131e-01
1.00000000000000e+00  3.19386198518460e-01
1.05000000000000e+00  3.27019200074883e-01
1.10000000000000e+00  3.34515060990321e-01
1.15000000000000e+00  3.41855127503894e-01
1.20000000000000e+00  3.49051822448495e-01
1.25000000000000e+00  3.56057226899506e-01
1.30000000000000e+00  3.63070495931744e-01
1.35000000000000e+00  3.69806958708063e-01
1.40000000000000e+00  3.76383097741979e-01
1.45000000000000e+00  3.82821968223714e-01
1.50000000000000e+00  3.89101584437651e-01
1.55000000000000e+00  3.95203306179772e-01
1.60000000000000e+00  4.01114332481410e-01
1.65000000000000e+00  4.06836946182713e-01
1.70000000000000e+00  4.12371210654376e-01
1.75000000000000e+00  4.17738014041792e-01
1.80000000000000e+00  4.22937194268116e-01
1.85000000000000e+00  4.27893010154350e-01
1.90000000000000e+00  4.32672367366360e-01
1.95000000000000e+00  4.37270968057166e-01
2.00000000000000e+00  4.41584262705865e-01
2.05000000000000e+00  4.45713354578411e-01
2.10000000000000e+00  4.49681262429660e-01
2.15000000000000e+00  4.53457993731408e-01
2.20000000000000e+00  4.56991314882298e-01
2.25000000000000e+00  4.60263025517614e-01
2.30000000000000e+00  4.63287778330518e-01
2.35000000000000e+00  4.66117961156599e-01
2.40000000000000e+00  4.68798526727346e-01
2.45000000000000e+00  4.71261649625555e-01
2.50000000000000e+00  4.73681858767920e-01
2.55000000000000e+00  4.75173743032786e-01
2.60000000000000e+00  4.77000586666959e-01
2.65000000000000e+00  4.78603557016201e-01
2.70000000000000e+00  4.79825068276585e-01
2.75000000000000e+00  4.80732026532238e-01
2.80000000000000e+00  4.81439074793085e-01
2.85000000000000e+00  4.82011524451304e-01
2.90000000000000e+00  4.82424772326616e-01
2.95000000000000e+00  4.82588747735158e-01
3.00000000000000e+00  4.82388086721064e-01
3.05000000000000e+00  4.81844998068933e-01
3.10000000000000e+00  4.81299150616540e-01
3.15000000000000e+00  4.80524438927633e-01
3.20000000000000e+00  4.79488882816841e-01
3.25000000000000e+00  4.78107208728666e-01
3.30000000000000e+00  4.76576681864303e-01
3.35000000000000e+00  4.74898836076054e-01
3.40000000000000e+00  4.73001887895491e-01
3.45000000000000e+00  4.70847896611181e-01
3.50000000000000e+00  4.68432269245593e-01
3.55000000000000e+00  4.65800146929279e-01
3.60000000000000e+00  4.63008888817769e-01
3.65000000000000e+00  4.60076680215695e-01
3.70000000000000e+00  4.56927302207782e-01
3.75000000000000e+00  4.53488916222244e-01
3.80000000000000e+00  4.49877157103393e-01
3.85000000000000e+00  4.46095461311285e-01
3.90000000000000e+00  4.42121878470822e-01
3.95000000000000e+00  4.37953506835319e-01
4.00000000000000e+00  4.33595995911517e-01
4.05000000000000e+00  4.29053049084596e-01
4.10000000000000e+00  4.24328644507140e-01
4.15000000000000e+00  4.19423314332432e-01
4.20000000000000e+00  4.14342689244784e-01
4.25000000000000e+00  4.09081697145000e-01
4.30000000000000e+00  4.03639305746961e-01
4.35000000000000e+00  3.98039468502929e-01
4.40000000000000e+00  3.92269116015080e-01
4.45000000000000e+00  3.86342458661970e-01
4.50000000000000e+00  3.80227730825047e-01
4.55000000000000e+00  3.73969893920117e-01
4.60000000000000e+00  3.67569189296969e-01
4.65000000000000e+00  3.61015874817825e-01
4.70000000000000e+00  3.54315575501362e-01
4.75000000000000e+00  3.47468448637816e-01
4.80000000000000e+00  3.40482072054121e-01
4.85000000000000e+00  3.33366775141421e-01
4.90000000000000e+00  3.26138641848118e-01
4.95000000000000e+00  3.18787532431868e-01
5.00000000000000e+00  3.11318555893858e-01
5.05000000000000e+00  3.03691210583423e-01
5.10000000000000e+00  2.95990670258763e-01
5.15000000000000e+00  2.88182452958925e-01
5.20000000000000e+00  2.80265969231446e-01
5.25000000000000e+00  2.72253528523921e-01
5.30000000000000e+00  2.64149345575564e-01
5.35000000000000e+00  2.55956146645228e-01
5.40000000000000e+00  2.47675402117459e-01
5.45000000000000e+00  2.39313598693295e-01
5.50000000000000e+00  2.30871266716218e-01
5.55000000000000e+00  2.22350781104930e-01
5.60000000000000e+00  2.13768488126809e-01
5.65000000000000e+00  2.05110810365856e-01
5.70000000000000e+00  1.96394009370485e-01
5.75000000000000e+00  1.87624787846052e-01
5.80000000000000e+00  1.78800835167905e-01
5.85000000000000e+00  1.69924696640512e-01
5.90000000000000e+00  1.61004388762959e-01
5.95000000000000e+00  1.52051765293151e-01
6.00000000000000e+00  1.43073031147184e-01
6.05000000000000e+00  1.34072326889385e-01
6.10000000000000e+00  1.25052598976958e-01
6.15000000000000e+00  1.16022604650914e-01
6.20000000000000e+00  1.06996022688489e-01
6.25000000000000e+00  9.80475076588494e-02
6.30000000000000e+00  8.89714267213477e-02
6.35000000000000e+00  8.00301995561681e-02
6.40000000000000e+00  7.11381927562348e-02
6.45000000000000e+00  6.22768894484371e-02
6.50000000000000e+00  5.34678583793411e-02
6.55000000000000e+00  4.47457230009033e-02
6.60000000000000e+00  3.61427167846460e-02
6.65000000000000e+00  2.76724249846936e-02
6.70000000000000e+00  1.93409951060881e-02
6.75000000000000e+00  1.11367541546588e-02
6.80000000000000e+00  3.07797093522113e-03
6.85000000000000e+00  -4.72995591367702e-03
6.90000000000000e+00  -1.23004265063848e-02
6.95000000000000e+00  -1.96056240042792e-02
7.00000000000000e+00  -2.67504665122998e-02
7.05000000000000e+00  -3.35323782998885e-02
7.10000000000000e+00  -3.99037571382916e-02
7.15000000000000e+00  -4.58855110301231e-02
7.20000000000000e+00  -5.14895797616902e-02
7.25000000000000e+00  -5.66970854787090e-02
7.30000000000000e+00  -6.14428140331738e-02
7.35000000000000e+00  -6.56269449262095e-02
7.40000000000000e+00  -6.91616336540515e-02
7.45000000000000e+00  -7.20935096165700e-02
7.50000000000000e+00  -7.43201512060696e-02
7.55000000000000e+00  -7.63167202230998e-02
7.60000000000000e+00  -7.72197120540626e-02
7.65000000000000e+00  -7.73807105170326e-02
7.70000000000000e+00  -7.68705531288000e-02
7.75000000000000e+00  -7.56118077884293e-02
7.80000000000000e+00  -7.35112494608171e-02
7.85000000000000e+00  -7.05156588824292e-02
7.90000000000000e+00  -6.66325004983734e-02
7.95000000000000e+00  -6.19087785520134e-02
8.00000000000000e+00  -5.64162576701128e-02
8.05000000000000e+00  -5.01486888950623e-02
8.10000000000000e+00  -4.29049216769758e-02
8.15000000000000e+00  -3.48590070127247e-02
8.20000000000000e+00  -2.60461044393368e-02
8.25000000000000e+00  -1.65750098651018e-02
8.30000000000000e+00  -6.34437933136810e-03
8.35000000000000e+00  4.59461027372048e-03
8.40000000000000e+00  1.61346954508974e-02
8.45000000000000e+00  2.81939104239489e-02
8.50000000000000e+00  4.07021816942077e-02
8.55000000000000e+00  5.36198985443841e-02
8.60000000000000e+00  6.69121460431804e-02
8.65000000000000e+00  8.05187265630906e-02
8.70000000000000e+00  9.43089927877764e-02
8.75000000000000e+00  1.08144434954757e-01
8.80000000000000e+00  1.22053818190126e-01
8.85000000000000e+00  1.35939831630344e-01
8.90000000000000e+00  1.49719306091684e-01
8.95000000000000e+00  1.63316272699617e-01
9.00000000000000e+00  1.76662648604729e-01
9.05000000000000e+00  1.89698922698639e-01
9.10000000000000e+00  2.02367274378239e-01
9.15000000000000e+00  2.14611237893251e-01
9.20000000000000e+00  2.26374337676588e-01
9.25000000000000e+00  2.37606727205587e-01
9.30000000000000e+00  2.48267993717565e-01
9.35000000000000e+00  2.58328954792609e-01
9.40000000000000e+00  2.67751791123785e-01
9.45000000000000e+00  2.76504531797360e-01
9.50000000000000e+00  2.84561716428981e-01
9.55000000000000e+00  2.91906197883094e-01
9.60000000000000e+00  2.98519848290018e-01
9.65000000000000e+00  3.04385846332545e-01
9.70000000000000e+00  3.09490519409011e-01
9.75000000000000e+00  3.13823364656519e-01
9.80000000000000e+00  3.17377888986680e-01
9.85000000000000e+00  3.20149380924019e-01
9.90000000000000e+00  3.22133756229770e-01
9.95000000000000e+00  3.23326299259428e-01
1.00000000000000e+01  3.23720404320299e-01
1.00500000000000e+01  3.23326299259458e-01
1.01000000000000e+01  3.22133756229834e-01
1.01500000000000e+01  3.20149380924116e-01
1.02000000000000e+01  3.17377888986810e-01
1.02500000000000e+01  3.13823364656681e-01
1.03000000000000e+01  3.09490519409203e-01
1.03500000000000e+01  3.04385846332768e-01
1.04000000000000e+01  2.98519848290271e-01
1.04500000000000e+01  2.91906197883377e-01
1.05000000000000e+01  2.84561716429292e-01
1.05500000000000e+01  2.76504531797699e-01
1.06000000000000e+01  2.67751791124149e-01
1.06500000000000e+01  2.58328954792998e-01
1.07000000000000e+01  2.48267993717977e-01
1.07500000000000e+01  2.37606727206021e-01
1.08000000000000e+01  2.26374337677041e-01
1.08500000000000e+01  2.14611237893722e-01
1.09000000000000e+01  2.02367274378725e-01
1.09500000000000e+01  1.89698922699137e-01
1.10000000000000e+01  1.76662648605237e-01
1.10500000000000e+01  1.63316272700132e-01
1.11000000000000e+01  1.49719306092204e-01
1.11500000000000e+01  1.35939831630867e-01
1.12000000000000e+01  1.22053818190649e-01
1.12500000000000e+01  1.08036680719969e-01
1.13000000000000e+01  9.43089927882901e-02
1.13500000000000e+01  8.05187265635946e-02
1.14000000000000e+01  6.69121460436725e-02
1.14500000000000e+01  5.36198985448604e-02
1.15000000000000e+01  4.07021816946661e-02
1.15500000000000e+01  2.81939104243863e-02
1.16000000000000e+01  1.61346954513112e-02
1.16500000000000e+01  4.59461027410893e-03
1.17000000000000e+01  -6.34437933100844e-03
1.17500000000000e+01  -1.65750098647727e-02
1.18000000000000e+01  -2.60461044390412e-02
1.18500000000000e+01  -3.48590070124636e-02
1.19000000000000e+01  -4.29049216767509e-02
1.19500000000000e+01  -5.01486888948755e-02
1.20000000000000e+01  -5.64162576699657e-02
1.20500000000000e+01  -6.19087785519064e-02
1.21000000000000e+01  -6.66325004983077e-02
1.21500000000000e+01  -7.05156588824055e-02
1.22000000000000e+01  -7.35112494608359e-02
1.22500000000000e+01  -7.56118077884912e-02
1.23000000000000e+01  -7.68705531289048e-02
1.23500000000000e+01  -7.73807105171801e-02
1.24000000000000e+01  -7.72197120542528e-02
1.24500000000000e+01  -7.63167202233326e-02
1.25000000000000e+01  -7.47261740260684e-02
1.25500000000000e+01  -7.20935096168854e-02
1.26000000000000e+01  -6.91616336544067e-02
1.26500000000000e+01  -6.56269449266035e-02
1.27000000000000e+01  -6.14428140336052e-02
1.27500000000000e+01  -5.66970854791767e-02
1.28000000000000e+01  -5.14895797621925e-02
1.28500000000000e+01  -4.58855110306591e-02
1.29000000000000e+01  -3.99037571388598e-02
1.29500000000000e+01  -3.35323783004871e-02
1.30000000000000e+01  -2.67504665129272e-02
1.30500000000000e+01  -1.96056240049335e-02
1.31000000000000e+01  -1.23004265070643e-02
1.31500000000000e+01  -4.72995591438122e-03
1.32000000000000e+01  3.07797093449535e-03
1.32500000000000e+01  1.11367541539125e-02
1.33000000000000e+01  1.93409951053229e-02
1.33500000000000e+01  2.76724249839116e-02
1.34000000000000e+01  3.61427167838486e-02
1.34500000000000e+01  4.47457230000925e-02
1.35000000000000e+01  5.34678583785179e-02
1.35500000000000e+01  6.22768894476038e-02
1.36000000000000e+01  7.11381927553932e-02
1.36500000000000e+01  8.00301995553191e-02
1.37000000000000e+01  8.89714267204931e-02
1.37500000000000e+01  9.79905641547237e-02
1.38000000000000e+01  1.06996022687628e-01
1.38500000000000e+01  1.16022604650051e-01
1.39000000000000e+01  1.25052598976095e-01
1.39500000000000e+01  1.34072326888524e-01
1.40000000000000e+01  1.43073031146329e-01
1.40500000000000e+01  1.52051765292302e-01
1.41000000000000e+01  1.61004388762117e-01
1.41500000000000e+01  1.69924696639675e-01
1.42000000000000e+01  1.78800835167077e-01
1.42500000000000e+01  1.87624787845233e-01
1.43000000000000e+01  1.96394009369678e-01
1.43500000000000e+01  2.05110810365061e-01
1.44000000000000e+01  2.13768488126027e-01
1.44500000000000e+01  2.22350781104162e-01
1.45000000000000e+01  2.30871266715467e-01
1.45500000000000e+01  2.39313598692562e-01
1.46000000000000e+01  2.47675402116744e-01
1.46500000000000e+01  2.55956146644530e-01
1.47000000000000e+01  2.64149345574885e-01
1.47500000000000e+01  2.72253528523263e-01
1.48000000000000e+01  2.80265969230809e-01
1.48500000000000e+01  2.88182452958309e-01
1.49000000000000e+01  2.95990670258167e-01
1.49500000000000e+01  3.03691210582849e-01
1.50000000000000e+01  3.11245105211012e-01
1.50500000000000e+01  3.18787532431349e-01
1.51000000000000e+01  3.26138641847626e-01
1.51500000000000e+01  3.33366775140953e-01
1.52000000000000e+01  3.40482072053678e-01
1.52500000000000e+01  3.47468448637398e-01
1.53000000000000e+01  3.54315575500970e-01
1.53500000000000e+01  3.61015874817461e-01
1.54000000000000e+01  3.67569189296633e-01
1.54500000000000e+01  3.73969893919811e-01
1.55000000000000e+01  3.80227730824771e-01
1.55500000000000e+01  3.86342458661726e-01
1.56000000000000e+01  3.92269116014866e-01
1.56500000000000e+01  3.98039468502745e-01
1.57000000000000e+01  4.03639305746807e-01
1.57500000000000e+01  4.09081697144875e-01
1.58000000000000e+01  4.14342689244687e-01
1.58500000000000e+01  4.19423314332364e-01
1.59000000000000e+01  4.24328644507102e-01
1.59500000000000e+01  4.29053049084588e-01
1.60000000000000e+01  4.33595995911539e-01
1.60500000000000e+01  4.37953506835373e-01
1.61000000000000e+01  4.42121878470909e-01
1.61500000000000e+01  4.46095461311402e-01
1.62000000000000e+01  4.49877157103538e-01
1.62500000000000e+01  4.53334901290014e-01
1.63000000000000e+01  4.56927302207983e-01
1.63500000000000e+01  4.60076680215923e-01
1.64000000000000e+01  4.63008888818026e-01
1.64500000000000e+01  4.65800146929565e-01
1.65000000000000e+01  4.68432269245908e-01
1.65500000000000e+01  4.70847896611526e-01
1.66000000000000e+01  4.73001887895862e-01
1.66500000000000e+01  4.74898836076451e-01
1.67000000000000e+01  4.76576681864725e-01
1.67500000000000e+01  4.78107208729112e-01
1.68000000000000e+01  4.79488882817313e-01
1.68500000000000e+01  4.80524438928128e-01
1.69000000000000e+01  4.81299150617060e-01
1.69500000000000e+01  4.81844998069477e-01
1.70000000000000e+01  4.82388086721632e-01
1.70500000000000e+01  4.82588747735748e-01
1.71000000000000e+01  4.82424772327227e-01
1.71500000000000e+01  4.82011524451936e-01
1.72000000000000e+01  4.81439074793736e-01
1.72500000000000e+01  4.80732026532910e-01
1.73000000000000e+01  4.79825068277275e-01
1.73500000000000e+01  4.78603557016908e-01
1.74000000000000e+01  4.77000586667680e-01
1.74500000000000e+01  4.75173743033522e-01
1.75000000000000e+01  4.73221383241495e-01
1.75500000000000e+01  4.71261649626321e-01
1.76000000000000e+01  4.68798526728124e-01
1.76500000000000e+01  4.66117961157389e-01
1.77000000000000e+01  4.63287778331318e-01
1.77500000000000e+01  4.60263025518423e-01
1.78000000000000e+01  4.56991314883115e-01
1.78500000000000e+01  4.53457993732232e-01
1.79000000000000e+01  4.49681262430490e-01
1.79500000000000e+01  4.45713354579245e-01
1.80000000000000e+01  4.41584262706703e-01
1.80500000000000e+01  4.37270968058007e-01
1.81000000000000e+01  4.32672367367202e-01
1.81500000000000e+01  4.27893010155192e-01
1.82000000000000e+01  4.22937194268957e-01
1.82500000000000e+01  4.17738014042630e-01
1.83000000000000e+01  4.12371210655211e-01
1.83500000000000e+01  4.06836946183542e-01
1.84000000000000e+01  4.01114332482233e-01
1.84500000000000e+01  3.95203306180588e-01
1.85000000000000e+01  3.89101584438458e-01
1.85500000000000e+01  3.82821968224511e-01
1.86000000000000e+01  3.76383097742764e-01
1.86500000000000e+01  3.69806958708837e-01
1.87000000000000e+01  3.63070495932505e-01
1.87500000000000e+01  3.56186010994107e-01
1.88000000000000e+01  3.49051822449226e-01
1.88500000000000e+01  3.41855127504609e-01
1.89000000000000e+01  3.34515060991019e-01
1.89500000000000e+01  3.27019200075563e-01
1.90000000000000e+01  3.19386198519120e-01
1.90500000000000e+01  3.11628420933771e-01
1.91000000000000e+01  3.03753063057166e-01
1.91500000000000e+01  2.95760031872832e-01
1.92000000000000e+01  2.87650908408764e-01
1.92500000000000e+01  2.79416945693985e-01
1.93000000000000e+01  2.71061297554162e-01
1.93500000000000e+01  2.62628025533879e-01
1.94000000000000e+01  2.54084630467153e-01
1.94500000000000e+01  2.45444206700278e-01
1.95000000000000e+01  2.36697181872482e-01
1.95500000000000e+01  2.27867215534362e-01
1.96000000000000e+01  2.18956424606651e-01
1.96500000000000e+01  2.09962418260131e-01
1.97000000000000e+01  2.00890945251376e-01
1.97500000000000e+01  1.91745791681706e-01
1.98000000000000e+01  1.82534546656811e-01
1.98500000000000e+01  1.73265673104532e-01
1.99000000000000e+01  1.63947900542440e-01
1.99500000000000e+01  1.54580554530201e-01
2.00000000000000e+01  1.45143886121949e-01
