0.00000000000000e+00  1.13826134020269e-03
2.50000000000000e-02  1.30291133852151e-03
5.00000000000000e-02  1.47971124550831e-03
7.50000000000000e-02  1.67012609764297e-03
1.00000000000000e-01  1.87568939250266e-03
1.25000000000000e-01  2.09801125371322e-03
1.50000000000000e-01  2.33878659590052e-03
1.75000000000000e-01  2.59980328964186e-03
2.00000000000000e-01  2.88295032641737e-03
2.25000000000000e-01  3.19022598356138e-03
2.50000000000000e-01  3.52374598921385e-03
2.75000000000000e-01  3.88575168727170e-03
3.00000000000000e-01  4.27861820234024e-03
3.25000000000000e-01  4.70486260468461e-03
3.50000000000000e-01  5.16715207518103e-03
3.75000000000000e-01  5.66831207026838e-03
4.00000000000000e-01  6.21133448689941e-03
4.25000000000000e-01  6.79938582749222e-03
4.50000000000000e-01  7.43581536488173e-03
4.75000000000000e-01  8.12416330727086e-03
5.00000000000000e-01  8.86816896318217e-03
5.25000000000000e-01  9.67177890640903e-03
5.50000000000000e-01  1.05391551409671e-02
5.75000000000000e-01  1.14746832660459e-02
6.00000000000000e-01  1.24829806409598e-02
6.25000000000000e-01  1.36308379325735e-02
6.50000000000000e-01  1.47330082138327e-02
6.75000000000000e-01  1.59692747744711e-02
7.00000000000000e-01  1.73240029488363e-02
7.25000000000000e-01  1.87879446536425e-02
7.50000000000000e-01  2.03573338759891e-02
7.75000000000000e-01  2.20329821613790e-02
8.00000000000000e-01  2.38193741017374e-02
8.25000000000000e-01  2.57237628234307e-02
8.50000000000000e-01  2.77552654752844e-02
8.75000000000000e-01  2.99239587166023e-02
9.00000000000000e-01  3.22399742051846e-02
9.25000000000000e-01  3.47125940853469e-02
9.50000000000000e-01  3.73519429304979e-02
9.75000000000000e-01  4.01666001471401e-02
1.00000000000000e+00  4.31616193706089e-02
1.02500000000000e+00  4.63458691941697e-02
1.05000000000000e+00  4.97250744169103e-02
1.07500000000000e+00  5.33034555625337e-02
1.10000000000000e+00  5.70853683981506e-02
1.12500000000000e+00  6.10769434530726e-02
1.15000000000000e+00  6.52877255376048e-02
1.17500000000000e+00  6.97323132618382e-02
1.20000000000000e+00  7.44319985544434e-02
1.22500000000000e+00  7.94164061814623e-02
1.25000000000000e+00  8.45692184523837e-02
1.27500000000000e+00  9.01516737705205e-02
1.30000000000000e+00  9.59428583158860e-02
1.32500000000000e+00  1.01977490844088e-01
1.35000000000000e+00  1.08283460597350e-01
1.37500000000000e+00  1.14882263279133e-01
1.40000000000000e+00  1.21789437028739e-01
1.42500000000000e+00  1.29014998395931e-01
1.45000000000000e+00  1.36563878315543e-01
1.47500000000000e+00  1.44436358082098e-01
1.50000000000000e+00  1.52628505324414e-01
1.52500000000000e+00  1.61132609980225e-01
1.55000000000000e+00  1.69937620270789e-01
1.57500000000000e+00  1.79042135854519e-01
1.60000000000000e+00  1.88444800619437e-01
1.62500000000000e+00  1.98137051400387e-01
1.65000000000000e+00  2.08124846197867e-01
1.67500000000000e+00  2.18411178040685e-01
1.70000000000000e+00  2.28995072126610e-01
1.72500000000000e+00  2.39870582963023e-01
1.75000000000000e+00  2.51025791507573e-01
1.77500000000000e+00  2.62441802308825e-01
1.80000000000000e+00  2.74091740646918e-01
1.82500000000000e+00  2.85939749674213e-01
1.85000000000000e+00  2.97939987555949e-01
1.87500000000000e+00  3.10155818147622e-01
1.90000000000000e+00  3.22467015491491e-01
1.92500000000000e+00  3.34932557096101e-01
1.95000000000000e+00  3.47507733594743e-01
1.97500000000000e+00  3.60151908605469e-01
2.00000000000000e+00  3.72827346064763e-01
2.02500000000000e+00  3.85498037561216e-01
2.05000000000000e+00  3.98128529669197e-01
2.07500000000000e+00  4.10682751282523e-01
2.10000000000000e+00  4.23122840948132e-01
2.12500000000000e+00  4.35407974199758e-01
2.15000000000000e+00  4.47493190891598e-01
2.17500000000000e+00  4.59328222531989e-01
2.20000000000000e+00  4.70865360257664e-01
2.22500000000000e+00  4.82058639448091e-01
2.25000000000000e+00  4.92850886173692e-01
2.27500000000000e+00  5.03196448148168e-01
2.30000000000000e+00  5.13045590321300e-01
2.32500000000000e+00  5.22345661611896e-01
2.35000000000000e+00  5.31042261640734e-01
2.37500000000000e+00  5.39080407463515e-01
2.40000000000000e+00  5.46405700303807e-01
2.42500000000000e+00  5.52965492285995e-01
2.45000000000000e+00  5.58710053168227e-01
2.47500000000000e+00  5.63593737075364e-01
2.50000000000000e+00  5.67521772924526e-01
2.52500000000000e+00  5.70500856313985e-01
2.55000000000000e+00  5.72457225754389e-01
2.57500000000000e+00  5.73348192360334e-01
2.60000000000000e+00  5.73129823576468e-01
2.62500000000000e+00  5.71758342299369e-01
2.65000000000000e+00  5.69191525999430e-01
2.67500000000000e+00  5.65390105842737e-01
2.70000000000000e+00  5.60319165812949e-01
2.72500000000000e+00  5.53949541833182e-01
2.75000000000000e+00  5.46259220887889e-01
2.77500000000000e+00  5.37234740144741e-01
2.80000000000000e+00  5.26872586076505e-01
2.82500000000000e+00  5.15156031569802e-01
2.85000000000000e+00  5.02078405010458e-01
2.87500000000000e+00  4.87648072775596e-01
2.90000000000000e+00  4.71860563958749e-01
2.92500000000000e+00  4.54722724386949e-01
2.95000000000000e+00  4.36251748255818e-01
2.97500000000000e+00  4.16474209764665e-01
3.00000000000000e+00  3.95425094751583e-01
3.02500000000000e+00  3.73146832328546e-01
3.05000000000000e+00  3.49688326516501e-01
3.07500000000000e+00  3.25103987880466e-01
3.10000000000000e+00  2.99452765164627e-01
3.12500000000000e+00  2.72829970181183e-01
3.15000000000000e+00  2.45241870340568e-01
3.17500000000000e+00  2.16802768728405e-01
3.20000000000000e+00  1.87595825298796e-01
3.22500000000000e+00  1.57713148803007e-01
3.25000000000000e+00  1.27254570713459e-01
3.27500000000000e+00  9.63264191477095e-02
3.30000000000000e+00  6.50402927924427e-02
3.32500000000000e+00  3.35118348274504e-02
3.35000000000000e+00  1.85950684961756e-03
3.37500000000000e+00  -2.97966372030880e-02
3.40000000000000e+00  -6.13361771276343e-02
3.42500000000000e+00  -9.26395525319345e-02
3.45000000000000e+00  -1.23573018235930e-01
3.47500000000000e+00  -1.54005320070722e-01
3.50000000000000e+00  -1.83794648416888e-01
3.52500000000000e+00  -2.12813577502261e-01
3.55000000000000e+00  -2.40927321406435e-01
3.57500000000000e+00  -2.67999707502998e-01
3.60000000000000e+00  -2.93898641735878e-01
3.62500000000000e+00  -3.18498813152062e-01
3.65000000000000e+00  -3.41682905331487e-01
3.67500000000000e+00  -3.63341353941718e-01
3.70000000000000e+00  -3.83368491263251e-01
3.72500000000000e+00  -4.01649587236595e-01
3.75000000000000e+00  -4.18080268272644e-01
3.77500000000000e+00  -4.32565702334542e-01
3.80000000000000e+00  -4.45027172158308e-01
3.82500000000000e+00  -4.55388693564791e-01
3.85000000000000e+00  -4.63584042691448e-01
3.87500000000000e+00  -4.69557140626423e-01
3.90000000000000e+00  -4.73262438042616e-01
3.92500000000000e+00  -4.74665299831763e-01
3.95000000000000e+00  -4.73742389738507e-01
3.97500000000000e+00  -4.70482054994474e-01
4.00000000000000e+00  -4.64884710952347e-01
4.02500000000000e+00  -4.56963225719943e-01
4.05000000000000e+00  -4.46743304794284e-01
4.07500000000000e+00  -4.34262937179203e-01
4.10000000000000e+00  -4.19566052026499e-01
4.12500000000000e+00  -4.02719764036020e-01
4.15000000000000e+00  -3.83797055191323e-01
4.17500000000000e+00  -3.62883517685535e-01
4.20000000000000e+00  -3.40076743568586e-01
4.22500000000000e+00  -3.15485714394456e-01
4.25000000000000e+00  -2.89230190868417e-01
4.27500000000000e+00  -2.61440102494261e-01
4.30000000000000e+00  -2.32254937221554e-01
4.32500000000000e+00  -2.01823131092866e-01
4.35000000000000e+00  -1.70301457891019e-01
4.37500000000000e+00  -1.37854170276617e-01
4.40000000000000e+00  -1.04653355887826e-01
4.42500000000000e+00  -7.08733799891258e-02
4.45000000000000e+00  -3.66957333591886e-02
4.47500000000000e+00  -2.30549393639950e-03
4.50000000000000e+00  3.21097715880213e-02
4.52500000000000e+00  6.63611061768871e-02
4.55000000000000e+00  1.00259260853905e-01
4.57500000000000e+00  1.33615793110557e-01
4.60000000000000e+00  1.66244165312960e-01
4.62500000000000e+00  1.97960843108732e-01
4.65000000000000e+00  2.28586393833876e-01
4.67500000000000e+00  2.57946584919628e-01
4.70000000000000e+00  2.85874384208483e-01
4.72500000000000e+00  3.12207871884553e-01
4.75000000000000e+00  3.36797244178089e-01
4.77500000000000e+00  3.59499682293608e-01
4.80000000000000e+00  3.80183371643109e-01
4.82500000000000e+00  3.98728100554608e-01
4.85000000000000e+00  4.15025858980668e-01
4.87500000000000e+00  4.28981437206918e-01
4.90000000000000e+00  4.40513024560592e-01
4.92500000000000e+00  4.49552808119051e-01
4.95000000000000e+00  4.56047571418310e-01
4.97500000000000e+00  4.59959293161570e-01
5.00000000000000e+00  4.61265745927749e-01
5.02500000000000e+00  4.59959293161572e-01
5.05000000000000e+00  4.56047571418310e-01
5.07500000000000e+00  4.49552808119050e-01
5.10000000000000e+00  4.40513024560590e-01
5.12500000000000e+00  4.28981437206915e-01
5.15000000000000e+00  4.15025858980664e-01
5.17500000000000e+00  3.98728100554604e-01
5.20000000000000e+00  3.80183371643105e-01
5.22500000000000e+00  3.59499682293603e-01
5.25000000000000e+00  3.36797244178084e-01
5.27500000000000e+00  3.12207871884546e-01
5.30000000000000e+00  2.85874384208476e-01
5.32500000000000e+00  2.57946584919621e-01
5.35000000000000e+00  2.28586393833868e-01
5.37500000000000e+00  1.97960843108726e-01
5.40000000000000e+00  1.66244165312951e-01
5.42500000000000e+00  1.33615793110549e-01
5.45000000000000e+00  1.00259260853897e-01
5.47500000000000e+00  6.63611061768775e-02
5.50000000000000e+00  3.21097715880132e-02
5.52500000000000e+00  -2.30549393640934e-03
5.55000000000000e+00  -3.66957333591978e-02
5.57500000000000e+00  -7.08733799891337e-02
5.60000000000000e+00  -1.04653355887836e-01
5.62500000000000e+00  -1.37854418786332e-01
5.65000000000000e+00  -1.70301457891029e-01
5.67500000000000e+00  -2.01823131092876e-01
5.70000000000000e+00  -2.32254937221562e-01
5.72500000000000e+00  -2.61440102494270e-01
5.75000000000000e+00  -2.89230190868425e-01
5.77500000000000e+00  -3.15485714394465e-01
5.80000000000000e+00  -3.40076743568593e-01
5.82500000000000e+00  -3.62883517685541e-01
5.85000000000000e+00  -3.83797055191331e-01
5.87500000000000e+00  -4.02719764036026e-01
5.90000000000000e+00  -4.19566052026505e-01
5.92500000000000e+00  -4.34262937179208e-01
5.95000000000000e+00  -4.46743304794289e-01
5.97500000000000e+00  -4.56963225719948e-01
6.00000000000000e+00  -4.64884710952351e-01
6.02500000000000e+00  -4.70482054994478e-01
6.05000000000000e+00  -4.73742389738510e-01
6.07500000000000e+00  -4.74665299831766e-01
6.10000000000000e+00  -4.73262438042618e-01
6.12500000000000e+00  -4.69557140626424e-01
6.15000000000000e+00  -4.63584042691449e-01
6.17500000000000e+00  -4.55388693564791e-01
6.20000000000000e+00  -4.45027172158308e-01
6.22500000000000e+00  -4.32565702334542e-01
6.25000000000000e+00  -4.18047890509344e-01
6.27500000000000e+00  -4.01649587236593e-01
6.30000000000000e+00  -3.83368491263248e-01
6.32500000000000e+00  -3.63341353941715e-01
6.35000000000000e+00  -3.41682905331483e-01
6.37500000000000e+00  -3.18498813152058e-01
6.40000000000000e+00  -2.93898641735873e-01
6.42500000000000e+00  -2.67999707502994e-01
6.45000000000000e+00  -2.40927321406430e-01
6.47500000000000e+00  -2.12813577502256e-01
6.50000000000000e+00  -1.83794648416883e-01
6.52500000000000e+00  -1.54005320070716e-01
6.55000000000000e+00  -1.23573018235924e-01
6.57500000000000e+00  -9.26395525319283e-02
6.60000000000000e+00  -6.13361771276266e-02
6.62500000000000e+00  -2.97966372030818e-02
6.65000000000000e+00  1.85950684962296e-03
6.67500000000000e+00  3.35118348274564e-02
6.70000000000000e+00  6.50402927924487e-02
6.72500000000000e+00  9.63264191477161e-02
6.75000000000000e+00  1.27254570713464e-01
6.77500000000000e+00  1.57713148803013e-01
6.80000000000000e+00  1.87595825298803e-01
6.82500000000000e+00  2.16802768728412e-01
6.85000000000000e+00  2.45241870340573e-01
6.87500000000000e+00  2.72797176927438e-01
6.90000000000000e+00  2.99452765164632e-01
6.92500000000000e+00  3.25103987880471e-01
6.95000000000000e+00  3.49688326516505e-01
6.97500000000000e+00  3.73146832328551e-01
7.00000000000000e+00  3.95425094751587e-01
7.02500000000000e+00  4.16474209764669e-01
7.05000000000000e+00  4.36251748255822e-01
7.07500000000000e+00  4.54722724386953e-01
7.10000000000000e+00  4.71860563958753e-01
7.12500000000000e+00  4.87648072775599e-01
7.15000000000000e+00  5.02078405010461e-01
7.17500000000000e+00  5.15156031569804e-01
7.20000000000000e+00  5.26872586076506e-01
7.22500000000000e+00  5.37234740144742e-01
7.25000000000000e+00  5.46259220887890e-01
7.27500000000000e+00  5.53949541833183e-01
7.30000000000000e+00  5.60319165812949e-01
7.32500000000000e+00  5.65390105842737e-01
7.35000000000000e+00  5.69191525999431e-01
7.37500000000000e+00  5.71758342299370e-01
7.40000000000000e+00  5.73129823576469e-01
7.42500000000000e+00  5.73348192360335e-01
7.45000000000000e+00  5.72457225754390e-01
7.47500000000000e+00  5.70500856313986e-01
7.50000000000000e+00  5.67576149231925e-01
7.52500000000000e+00  5.63593737075363e-01
7.55000000000000e+00  5.58710053168226e-01
7.57500000000000e+00  5.52965492285993e-01
7.60000000000000e+00  5.46405700303805e-01
7.62500000000000e+00  5.39080407463513e-01
7.65000000000000e+00  5.31042261640732e-01
7.67500000000000e+00  5.22345661611894e-01
7.70000000000000e+00  5.13045590321298e-01
7.72500000000000e+00  5.03196448148165e-01
7.75000000000000e+00  4.92850886173690e-01
7.77500000000000e+00  4.82058639448089e-01
7.80000000000000e+00  4.70865360257661e-01
7.82500000000000e+00  4.59328222531987e-01
7.85000000000000e+00  4.47493190891596e-01
7.87500000000000e+00  4.35407974199756e-01
7.90000000000000e+00  4.23122840948130e-01
7.92500000000000e+00  4.10682751282521e-01
7.95000000000000e+00  3.98128529669195e-01
7.97500000000000e+00  3.85498037561214e-01
8.00000000000000e+00  3.72827346064761e-01
8.02500000000000e+00  3.60151908605466e-01
8.05000000000000e+00  3.47507733594741e-01
8.07500000000000e+00  3.34932557096099e-01
8.10000000000000e+00  3.22467015491489e-01
8.12500000000000e+00  3.10035624610889e-01
8.15000000000000e+00  2.97939987555946e-01
8.17500000000000e+00  2.85939749674211e-01
8.20000000000000e+00  2.74091740646915e-01
8.22500000000000e+00  2.62441802308823e-01
8.25000000000000e+00  2.51025791507571e-01
8.27500000000000e+00  2.39870582963021e-01
8.30000000000000e+00  2.28995072126608e-01
8.32500000000000e+00  2.18411178040684e-01
8.35000000000000e+00  2.08124846197866e-01
8.37500000000000e+00  1.98137051400385e-01
8.40000000000000e+00  1.88444800619435e-01
8.42500000000000e+00  1.79042135854517e-01
8.45000000000000e+00  1.69937620270788e-01
8.47500000000000e+00  1.61132609980224e-01
8.50000000000000e+00  1.52628505324413e-01
8.52500000000000e+00  1.44436358082097e-01
8.55000000000000e+00  1.36563878315542e-01
8.57500000000000e+00  1.29014998395929e-01
8.60000000000000e+00  1.21789437028738e-01
8.62500000000000e+00  1.14882263279132e-01
8.65000000000000e+00  1.08283460597350e-01
8.67500000000000e+00  1.01977490844086e-01
8.70000000000000e+00  9.59428583158852e-02
8.72500000000000e+00  9.01516737705196e-02
8.75000000000000e+00  8.47251332651009e-02
8.77500000000000e+00  7.94164061814613e-02
8.80000000000000e+00  7.44319985544423e-02
8.82500000000000e+00  6.97323132618372e-02
8.85000000000000e+00  6.52877255376041e-02
8.87500000000000e+00  6.10769434530719e-02
8.90000000000000e+00  5.70853683981499e-02
8.92500000000000e+00  5.33034555625331e-02
8.95000000000000e+00  4.97250744169097e-02
8.97500000000000e+00  4.63458691941693e-02
9.00000000000000e+00  4.31616193706084e-02
9.02500000000000e+00  4.01666001471396e-02
9.05000000000000e+00  3.73519429304974e-02
9.07500000000000e+00  3.47125940853463e-02
9.10000000000000e+00  3.22399742051841e-02
9.12500000000000e+00  2.99239587166018e-02
9.15000000000000e+00  2.77552654752840e-02
9.17500000000000e+00  2.57237628234303e-02
9.20000000000000e+00  2.38193741017369e-02
9.22500000000000e+00  2.20329821613786e-02
9.25000000000000e+00  2.03573338759886e-02
9.27500000000000e+00  1.87879446536421e-02
9.30000000000000e+00  1.73240029488358e-02
9.32500000000000e+00  1.59692747744706e-02
9.35000000000000e+00  1.47330082138323e-02
9.37500000000000e+00  1.35689045500995e-02
9.40000000000000e+00  1.24829806409595e-02
9.42500000000000e+00  1.14746832660456e-02
9.45000000000000e+00  1.05391551409669e-02
9.47500000000000e+00  9.67177890640886e-03
9.50000000000000e+00  8.86816896318203e-03
9.52500000000000e+00  8.12416330727076e-03
9.55000000000000e+00  7.43581536488166e-03
9.57500000000000e+00  6.79938582749219e-03
9.60000000000000e+00  6.21133448689938e-03
9.62500000000000e+00  5.66831207026843e-03
9.65000000000000e+00  5.16715207518111e-03
9.67500000000000e+00  4.70486260468469e-03
9.70000000000000e+00  4.27861820234034e-03
9.72500000000000e+00  3.88575168727181e-03
9.75000000000000e+00  3.52374598921397e-03
9.77500000000000e+00  3.19022598356151e-03
9.80000000000000e+00  2.88295032641746e-03
9.82500000000000e+00  2.59980328964191e-03
9.85000000000000e+00  2.33878659590052e-03
9.87500000000000e+00  2.09801125371317e-03
9.90000000000000e+00  1.87568939250253e-03
9.92500000000000e+00  1.67012609764274e-03
9.95000000000000e+00  1.47971124550798e-03
9.97500000000000e+00  1.30291133852103e-03
1.00000000000000e+01  1.13826134020207e-03
