0.00000000000000e+00  -2.17769998988041e-03
5.00000000000000e-02  -1.53593415119903e-03
1.00000000000000e-01  -1.17332904006985e-03
1.50000000000000e-01  -9.95294906765881e-04
2.00000000000000e-01  -9.30098447739161e-04
2.50000000000000e-01  -9.25776306876809e-04
3.00000000000000e-01  -9.47048576756858e-04
3.50000000000000e-01  -9.72232299904046e-04
4.00000000000000e-01  -9.90154970045624e-04
4.50000000000000e-01  -9.97068033367149e-04
5.00000000000000e-01  -9.93560389768287e-04
5.50000000000000e-01  -9.81471894118619e-04
6.00000000000000e-01  -9.60806857513435e-04
6.50000000000000e-01  -9.41645487858754e-04
7.00000000000000e-01  -9.41306461046277e-04
7.50000000000000e-01  -9.52913729737778e-04
8.00000000000000e-01  -1.00487018288178e-03
8.50000000000000e-01  -1.11743456255518e-03
9.00000000000000e-01  -1.30196249223437e-03
9.50000000000000e-01  -1.56014750506622e-03
1.00000000000000e+00  -1.88326207213928e-03
1.05000000000000e+00  -2.25139863075471e-03
1.10000000000000e+00  -2.63271061269746e-03
1.15000000000000e+00  -2.98265347250730e-03
1.20000000000000e+00  -3.24322571574990e-03
1.25000000000000e+00  -6.00010787080784e-03
1.30000000000000e+00  -3.46634198503094e-03
1.35000000000000e+00  -2.72335171849142e-03
1.40000000000000e+00  -2.95850755641505e-03
1.45000000000000e+00  -3.59631557639199e-03
1.50000000000000e+00  -4.26360326265708e-03
1.55000000000000e+00  -4.75470532037002e-03
1.60000000000000e+00  -4.99664948989583e-03
1.65000000000000e+00  -5.01434236108507e-03
1.70000000000000e+00  -4.89575518755422e-03
1.75000000000000e+00  -4.75710970096591e-03
1.80000000000000e+00  -4.70806392530932e-03
1.85000000000000e+00  -4.81689799118042e-03
1.90000000000000e+00  -5.13911739687548e-03
1.95000000000000e+00  -5.57190720493597e-03
2.00000000000000e+00  -6.58986059790085e-03
2.05000000000000e+00  -7.69459016179818e-03
2.10000000000000e+00  -8.60603317136462e-03
2.15000000000000e+00  -9.22127107805993e-03
2.20000000000000e+00  -9.55732309862287e-03
2.25000000000000e+00  -9.57852424606505e-03
2.30000000000000e+00  -9.29263477995464e-03
2.35000000000000e+00  -8.81941668445749e-03
2.40000000000000e+00  -8.75879927415246e-03
2.45000000000000e+00  -1.11845291597735e-02
2.50000000000000e+00  2.75876089769466e-03
2.55000000000000e+00  -1.31521581362664e-02
2.60000000000000e+00  -1.69899350837840e-02
2.65000000000000e+00  -1.66201764684164e-02
2.70000000000000e+00  -1.55532134905975e-02
2.75000000000000e+00  -1.47520122677221e-02
2.80000000000000e+00  -1.44400840742305e-02
2.85000000000000e+00  -1.46901081403217e-02
2.90000000000000e+00  -1.55787139966114e-02
2.95000000000000e+00  -1.72423470682539e-02
3.00000000000000e+00  -1.96880850539248e-02
3.05000000000000e+00  -2.23910892364389e-02
3.10000000000000e+00  -2.38494500390385e-02
3.15000000000000e+00  -2.52249853715414e-02
3.20000000000000e+00  -2.63026420084939e-02
3.25000000000000e+00  -2.63917118733619e-02
3.30000000000000e+00  -2.61756623103852e-02
3.35000000000000e+00  -2.62628994631349e-02
3.40000000000000e+00  -2.69926960474864e-02
3.45000000000000e+00  -2.83528537516448e-02
3.50000000000000e+00  -3.05582651727532e-02
3.55000000000000e+00  -3.37785524898324e-02
3.60000000000000e+00  -3.79551475310201e-02
3.65000000000000e+00  -4.17037323365610e-02
3.70000000000000e+00  -4.05870026041852e-02
3.75000000000000e+00  -4.57544491459092e-02
3.80000000000000e+00  -4.09319274658311e-02
3.85000000000000e+00  -4.17486895652676e-02
3.90000000000000e+00  -4.49164152913716e-02
3.95000000000000e+00  -4.85132012984596e-02
4.00000000000000e+00  -5.16438777038996e-02
4.05000000000000e+00  -5.41003247439982e-02
4.10000000000000e+00  -5.60394892301204e-02
4.15000000000000e+00  -5.78012217635707e-02
4.20000000000000e+00  -5.97190154187318e-02
4.25000000000000e+00  -6.20629619513826e-02
4.30000000000000e+00  -6.48559509361926e-02
4.35000000000000e+00  -6.76680901425603e-02
4.40000000000000e+00  -7.07009661772244e-02
4.45000000000000e+00  -7.38450487049392e-02
4.50000000000000e+00  -7.71218209146617e-02
4.55000000000000e+00  -8.02400794139259e-02
4.60000000000000e+00  -8.31401359064586e-02
4.65000000000000e+00  -8.59383973539629e-02
4.70000000000000e+00  -8.88522662722074e-02
4.75000000000000e+00  -9.20455639563394e-02
4.80000000000000e+00  -9.55911235508811e-02
4.85000000000000e+00  -9.94520170252517e-02
4.90000000000000e+00  -1.03534485602586e-01
4.95000000000000e+00  -1.07602807717472e-01
5.00000000000000e+00  -1.14478274084533e-01
5.05000000000000e+00  -1.15303680594740e-01
5.10000000000000e+00  -1.18398166885364e-01
5.15000000000000e+00  -1.22947084519966e-01
5.20000000000000e+00  -1.28229958993433e-01
5.25000000000000e+00  -1.33645710356059e-01
5.30000000000000e+00  -1.38737873837616e-01
5.35000000000000e+00  -1.43325864538043e-01
5.40000000000000e+00  -1.47563475621842e-01
5.45000000000000e+00  -1.51846683683591e-01
5.50000000000000e+00  -1.56629406119164e-01
5.55000000000000e+00  -1.61991201589406e-01
5.60000000000000e+00  -1.67183182868251e-01
5.65000000000000e+00  -1.72694816847818e-01
5.70000000000000e+00  -1.78619031364103e-01
5.75000000000000e+00  -1.84949964144812e-01
5.80000000000000e+00  -1.91315080696261e-01
5.85000000000000e+00  -1.97692822485735e-01
5.90000000000000e+00  -2.04130518145850e-01
5.95000000000000e+00  -2.10533701929834e-01
6.00000000000000e+00  -2.16895732406142e-01
6.05000000000000e+00  -2.23281310086175e-01
6.10000000000000e+00  -2.29919125696462e-01
6.15000000000000e+00  -2.37136223888367e-01
6.20000000000000e+00  -2.45420060557151e-01
6.25000000000000e+00  -2.53623386355586e-01
6.30000000000000e+00  -2.61227732167825e-01
6.35000000000000e+00  -2.69543679281115e-01
6.40000000000000e+00  -2.78063481149467e-01
6.45000000000000e+00  -2.86614367626580e-01
6.50000000000000e+00  -2.95253691672739e-01
6.55000000000000e+00  -3.04164076061705e-01
6.60000000000000e+00  -3.13419230196732e-01
6.65000000000000e+00  -3.22958682888462e-01
6.70000000000000e+00  -3.32571087606674e-01
6.75000000000000e+00  -3.42158495006781e-01
6.80000000000000e+00  -3.51779836779495e-01
6.85000000000000e+00  -3.61647902638372e-01
6.90000000000000e+00  -3.71597591177777e-01
6.95000000000000e+00  -3.81574437297804e-01
7.00000000000000e+00  -3.91045794799778e-01
7.05000000000000e+00  -4.00523566314807e-01
7.10000000000000e+00  -4.10021455357879e-01
7.15000000000000e+00  -4.19290141163568e-01
7.20000000000000e+00  -4.28040572910957e-01
7.25000000000000e+00  -4.36093721523213e-01
7.30000000000000e+00  -4.43424725123591e-01
7.35000000000000e+00  -4.50156626645693e-01
7.40000000000000e+00  -4.56377398102549e-01
7.45000000000000e+00  -4.61636978252696e-01
7.50000000000000e+00  -4.65730416534393e-01
7.55000000000000e+00  -4.67468289683394e-01
7.60000000000000e+00  -4.68753730240842e-01
7.65000000000000e+00  -4.68527276194607e-01
7.70000000000000e+00  -4.66305026218221e-01
7.75000000000000e+00  -4.61986251069105e-01
7.80000000000000e+00  -4.55661004986806e-01
7.85000000000000e+00  -4.47401215214954e-01
7.90000000000000e+00  -4.37066900528211e-01
7.95000000000000e+00  -4.24400762537690e-01
8.00000000000000e+00  -4.08983080749722e-01
8.05000000000000e+00  -3.90739077728214e-01
8.10000000000000e+00  -3.70528587454903e-01
8.15000000000000e+00  -3.47912059858777e-01
8.20000000000000e+00  -3.22745175931415e-01
8.25000000000000e+00  -2.94681821580098e-01
8.30000000000000e+00  -2.64639090126461e-01
8.35000000000000e+00  -2.32743851703802e-01
8.40000000000000e+00  -1.98853176052204e-01
8.45000000000000e+00  -1.63002769086868e-01
8.50000000000000e+00  -1.25378103962299e-01
8.55000000000000e+00  -8.63967271532162e-02
8.60000000000000e+00  -4.65428315365533e-02
8.65000000000000e+00  -6.16235923158085e-03
8.70000000000000e+00  3.47812983056623e-02
8.75000000000000e+00  7.63822417867296e-02
8.80000000000000e+00  1.17589832455602e-01
8.85000000000000e+00  1.58387185867831e-01
8.90000000000000e+00  1.98389906911938e-01
8.95000000000000e+00  2.37212190904108e-01
9.00000000000000e+00  2.74446697687519e-01
9.05000000000000e+00  3.09644425731669e-01
9.10000000000000e+00  3.42305293583898e-01
9.15000000000000e+00  3.71873402259099e-01
9.20000000000000e+00  3.97744846296356e-01
9.25000000000000e+00  4.19268762543069e-01
9.30000000000000e+00  4.35776060857469e-01
9.35000000000000e+00  4.46612493283341e-01
9.40000000000000e+00  4.51119580045807e-01
9.45000000000000e+00  4.48741238352270e-01
9.50000000000000e+00  4.39030769504895e-01
9.55000000000000e+00  4.21717410733335e-01
9.60000000000000e+00  3.96756340296725e-01
9.65000000000000e+00  3.64359139093447e-01
9.70000000000000e+00  3.25020589959398e-01
9.75000000000000e+00  2.79520554958686e-01
9.80000000000000e+00  2.28892068338649e-01
9.85000000000000e+00  1.74367884171697e-01
9.90000000000000e+00  1.17273040933755e-01
9.95000000000000e+00  5.88361005937905e-02
1.00000000000000e+01  -3.87724918473076e-07
1.00500000000000e+01  -5.88361006146760e-02
1.01000000000000e+01  -1.17273040952813e-01
1.01500000000000e+01  -1.74367884188275e-01
1.02000000000000e+01  -2.28892068352675e-01
1.02500000000000e+01  -2.79520554970667e-01
1.03000000000000e+01  -3.25020589970356e-01
1.03500000000000e+01  -3.64359139104761e-01
1.04000000000000e+01  -3.96756340310067e-01
1.04500000000000e+01  -4.21717410750470e-01
1.05000000000000e+01  -4.39030769527568e-01
1.05500000000000e+01  -4.48741238382082e-01
1.06000000000000e+01  -4.51119580084106e-01
1.06500000000000e+01  -4.46612493331157e-01
1.07000000000000e+01  -4.35776060915449e-01
1.07500000000000e+01  -4.19268762611453e-01
1.08000000000000e+01  -3.97744846374972e-01
1.08500000000000e+01  -3.71873402347377e-01
1.09000000000000e+01  -3.42305293680905e-01
1.09500000000000e+01  -3.09644425836155e-01
1.10000000000000e+01  -2.74446697797999e-01
1.10500000000000e+01  -2.37212191018905e-01
1.11000000000000e+01  -1.98389907029267e-01
1.11500000000000e+01  -1.58387185985859e-01
1.12000000000000e+01  -1.17589832572512e-01
1.12500000000000e+01  -7.69516003022224e-02
1.13000000000000e+01  -3.47812984151496e-02
1.13500000000000e+01  6.16235912791710e-03
1.14000000000000e+01  4.65428314399281e-02
1.14500000000000e+01  8.63967270647616e-02
1.15000000000000e+01  1.25378103882889e-01
1.15500000000000e+01  1.63002769017067e-01
1.16000000000000e+01  1.98853175992285e-01
1.16500000000000e+01  2.32743851653844e-01
1.17000000000000e+01  2.64639090086417e-01
1.17500000000000e+01  2.94681821549861e-01
1.18000000000000e+01  3.22745175910739e-01
1.18500000000000e+01  3.47912059846973e-01
1.19000000000000e+01  3.70528587451332e-01
1.19500000000000e+01  3.90739077732168e-01
1.20000000000000e+01  4.08983080760891e-01
1.20500000000000e+01  4.24400762555147e-01
1.21000000000000e+01  4.37066900550942e-01
1.21500000000000e+01  4.47401215242123e-01
1.22000000000000e+01  4.55661005017778e-01
1.22500000000000e+01  4.61986251103336e-01
1.23000000000000e+01  4.66305026255105e-01
1.23500000000000e+01  4.68527276233353e-01
1.24000000000000e+01  4.68753730280529e-01
1.24500000000000e+01  4.67468289723456e-01
1.25000000000000e+01  4.64444310306100e-01
1.25500000000000e+01  4.61636978293143e-01
1.26000000000000e+01  4.56377398142038e-01
1.26500000000000e+01  4.50156626683910e-01
1.27000000000000e+01  4.43424725160554e-01
1.27500000000000e+01  4.36093721558801e-01
1.28000000000000e+01  4.28040572944880e-01
1.28500000000000e+01  4.19290141195507e-01
1.29000000000000e+01  4.10021455387613e-01
1.29500000000000e+01  4.00523566342327e-01
1.30000000000000e+01  3.91045794825252e-01
1.30500000000000e+01  3.81574437321350e-01
1.31000000000000e+01  3.71597591199028e-01
1.31500000000000e+01  3.61647902657447e-01
1.32000000000000e+01  3.51779836796479e-01
1.32500000000000e+01  3.42158495021705e-01
1.33000000000000e+01  3.32571087619623e-01
1.33500000000000e+01  3.22958682899537e-01
1.34000000000000e+01  3.13419230206032e-01
1.34500000000000e+01  3.04164076069310e-01
1.35000000000000e+01  2.95253691678726e-01
1.35500000000000e+01  2.86614367631042e-01
1.36000000000000e+01  2.78063481152520e-01
1.36500000000000e+01  2.69543679282886e-01
1.37000000000000e+01  2.61227732168416e-01
1.37500000000000e+01  2.55480560160451e-01
1.38000000000000e+01  2.45420060555604e-01
1.38500000000000e+01  2.37136223885947e-01
1.39000000000000e+01  2.29919125693226e-01
1.39500000000000e+01  2.23281310082175e-01
1.40000000000000e+01  2.16895732401443e-01
1.40500000000000e+01  2.10533701924527e-01
1.41000000000000e+01  2.04130518140030e-01
1.41500000000000e+01  1.97692822479488e-01
1.42000000000000e+01  1.91315080689641e-01
1.42500000000000e+01  1.84949964137867e-01
1.43000000000000e+01  1.78619031356886e-01
1.43500000000000e+01  1.72694816840391e-01
1.44000000000000e+01  1.67183182860647e-01
1.44500000000000e+01  1.61991201581658e-01
1.45000000000000e+01  1.56629406111344e-01
1.45500000000000e+01  1.51846683675706e-01
1.46000000000000e+01  1.47563475613899e-01
1.46500000000000e+01  1.43325864530072e-01
1.47000000000000e+01  1.38737873829667e-01
1.47500000000000e+01  1.33645710348184e-01
1.48000000000000e+01  1.28229958985666e-01
1.48500000000000e+01  1.22947084512314e-01
1.49000000000000e+01  1.18398166877812e-01
1.49500000000000e+01  1.15303680587259e-01
1.50000000000000e+01  1.11194166966488e-01
1.50500000000000e+01  1.07602807710235e-01
1.51000000000000e+01  1.03534485595460e-01
1.51500000000000e+01  9.94520170183056e-02
1.52000000000000e+01  9.55911235441358e-02
1.52500000000000e+01  9.20455639497912e-02
1.53000000000000e+01  8.88522662658400e-02
1.53500000000000e+01  8.59383973477594e-02
1.54000000000000e+01  8.31401359004086e-02
1.54500000000000e+01  8.02400794080296e-02
1.55000000000000e+01  7.71218209089274e-02
1.55500000000000e+01  7.38450486993774e-02
1.56000000000000e+01  7.07009661718391e-02
1.56500000000000e+01  6.76680901373563e-02
1.57000000000000e+01  6.48559509311747e-02
1.57500000000000e+01  6.20629619465543e-02
1.58000000000000e+01  5.97190154140860e-02
1.58500000000000e+01  5.78012217590953e-02
1.59000000000000e+01  5.60394892258033e-02
1.59500000000000e+01  5.41003247398298e-02
1.60000000000000e+01  5.16438776998747e-02
1.60500000000000e+01  4.85132012945771e-02
1.61000000000000e+01  4.49164152876346e-02
1.61500000000000e+01  4.17486895616832e-02
1.62000000000000e+01  4.09319274624082e-02
1.62500000000000e+01  2.53874311313688e-02
1.63000000000000e+01  4.05870026010039e-02
1.63500000000000e+01  4.17037323334796e-02
1.64000000000000e+01  3.79551475280905e-02
1.64500000000000e+01  3.37785524870548e-02
1.65000000000000e+01  3.05582651701119e-02
1.65500000000000e+01  2.83528537491246e-02
1.66000000000000e+01  2.69926960450747e-02
1.66500000000000e+01  2.62628994608222e-02
1.67000000000000e+01  2.61756623081622e-02
1.67500000000000e+01  2.63917118712237e-02
1.68000000000000e+01  2.63026420064423e-02
1.68500000000000e+01  2.52249853695840e-02
1.69000000000000e+01  2.38494500371753e-02
1.69500000000000e+01  2.23910892346680e-02
1.70000000000000e+01  1.96880850522540e-02
1.70500000000000e+01  1.72423470666766e-02
1.71000000000000e+01  1.55787139951163e-02
1.71500000000000e+01  1.46901081388989e-02
1.72000000000000e+01  1.44400840728717e-02
1.72500000000000e+01  1.47520122664204e-02
1.73000000000000e+01  1.55532134893474e-02
1.73500000000000e+01  1.66201764672145e-02
1.74000000000000e+01  1.69899350826344e-02
1.74500000000000e+01  1.31521581351981e-02
1.75000000000000e+01  2.06378202129124e-02
1.75500000000000e+01  1.11845291588200e-02
1.76000000000000e+01  8.75879927325626e-03
1.76500000000000e+01  8.81941668360689e-03
1.77000000000000e+01  9.29263477914573e-03
1.77500000000000e+01  9.57852424529645e-03
1.78000000000000e+01  9.55732309789377e-03
1.78500000000000e+01  9.22127107736968e-03
1.79000000000000e+01  8.60603317071243e-03
1.79500000000000e+01  7.69459016118340e-03
1.80000000000000e+01  6.58986059732226e-03
1.80500000000000e+01  5.57190720439144e-03
1.81000000000000e+01  5.13911739636162e-03
1.81500000000000e+01  4.81689799069533e-03
1.82000000000000e+01  4.70806392485077e-03
1.82500000000000e+01  4.75710970053203e-03
1.83000000000000e+01  4.89575518714336e-03
1.83500000000000e+01  5.01434236069599e-03
1.84000000000000e+01  4.99664948952769e-03
1.84500000000000e+01  4.75470532002235e-03
1.85000000000000e+01  4.26360326232951e-03
1.85500000000000e+01  3.59631557608399e-03
1.86000000000000e+01  2.95850755612538e-03
1.86500000000000e+01  2.72335171821769e-03
1.87000000000000e+01  3.46634198476874e-03
1.87500000000000e+01  3.34220992703872e-03
1.88000000000000e+01  3.24322571551465e-03
1.88500000000000e+01  2.98265347228483e-03
1.89000000000000e+01  2.63271061248682e-03
1.89500000000000e+01  2.25139863055512e-03
1.90000000000000e+01  1.88326207195001e-03
1.90500000000000e+01  1.56014750488665e-03
1.91000000000000e+01  1.30196249206393e-03
1.91500000000000e+01  1.11743456239335e-03
1.92000000000000e+01  1.00487018272805e-03
1.92500000000000e+01  9.52913729591660e-04
1.93000000000000e+01  9.41306460907258e-04
1.93500000000000e+01  9.41645487726320e-04
1.94000000000000e+01  9.60806857387233e-04
1.94500000000000e+01  9.81471893998389e-04
1.95000000000000e+01  9.93560389654001e-04
1.95500000000000e+01  9.97068033258950e-04
1.96000000000000e+01  9.90154969943918e-04
1.96500000000000e+01  9.72232299809531e-04
1.97000000000000e+01  9.47048576670510e-04
1.97500000000000e+01  9.25776306799821e-04
1.98000000000000e+01  9.30098447672815e-04
1.98500000000000e+01  9.95294906711390e-04
1.99000000000000e+01  1.17332904002812e-03
1.99500000000000e+01  1.53593415117044e-03
2.00000000000000e+01  2.17769998986435e-03
