0.00000000000000e+00  1.04379739779503e-03
5.00000000000000e-02  1.06313966410890e-03
1.00000000000000e-01  1.05657117213864e-03
1.50000000000000e-01  1.05043480243722e-03
2.00000000000000e-01  1.06148260945180e-03
2.50000000000000e-01  1.09846164535101e-03
3.00000000000000e-01  1.16369978385212e-03
3.50000000000000e-01  1.25469154404834e-03
4.00000000000000e-01  1.36568391423602e-03
4.50000000000000e-01  1.48926217574191e-03
5.00000000000000e-01  1.61793572675041e-03
5.50000000000000e-01  1.74572390613075e-03
6.00000000000000e-01  1.86974181726432e-03
6.50000000000000e-01  1.98448298088745e-03
7.00000000000000e-01  2.08748083376868e-03
7.50000000000000e-01  2.17769490184039e-03
8.00000000000000e-01  2.25568383066039e-03
8.50000000000000e-01  2.32268054219812e-03
9.00000000000000e-01  2.38057734676483e-03
9.50000000000000e-01  2.43191105494371e-03
1.00000000000000e+00  2.47984808952010e-03
1.05000000000000e+00  2.52816959741161e-03
1.10000000000000e+00  2.58125656159833e-03
1.15000000000000e+00  2.64407491305300e-03
1.20000000000000e+00  2.72216064267113e-03
1.25000000000000e+00  2.80523194573995e-03
1.30000000000000e+00  2.88644454553346e-03
1.35000000000000e+00  3.00907262315265e-03
1.40000000000000e+00  3.18057612032950e-03
1.45000000000000e+00  3.39613824284020e-03
1.50000000000000e+00  3.64250375984720e-03
1.55000000000000e+00  3.90181730324125e-03
1.60000000000000e+00  4.15542489173823e-03
1.65000000000000e+00  4.38766108581647e-03
1.70000000000000e+00  4.58951185339599e-03
1.75000000000000e+00  4.76235555221077e-03
1.80000000000000e+00  4.92144943400968e-03
1.85000000000000e+00  5.09937615036716e-03
1.90000000000000e+00  5.28964319727217e-03
1.95000000000000e+00  5.49905065896427e-03
2.00000000000000e+00  5.70713071498739e-03
2.05000000000000e+00  5.92128361721110e-03
2.10000000000000e+00  6.13388407848850e-03
2.15000000000000e+00  6.33075597807457e-03
2.20000000000000e+00  6.50105669141005e-03
2.25000000000000e+00  6.65732565952377e-03
2.30000000000000e+00  6.83167573986661e-03
2.35000000000000e+00  7.07438551135226e-03
2.40000000000000e+00  7.42585723494309e-03
2.45000000000000e+00  7.83296678844873e-03
2.50000000000000e+00  8.52044864635170e-03
2.55000000000000e+00  8.81023094770464e-03
2.60000000000000e+00  9.26350598923163e-03
2.65000000000000e+00  9.61123809916281e-03
2.70000000000000e+00  9.81294391006190e-03
2.75000000000000e+00  9.94815977194711e-03
2.80000000000000e+00  1.01079091654120e-02
2.85000000000000e+00  1.03607714300879e-02
2.90000000000000e+00  1.07412414390287e-02
2.95000000000000e+00  1.12429621161052e-02
3.00000000000000e+00  1.18228298677145e-02
3.05000000000000e+00  1.24193284352366e-02
3.10000000000000e+00  1.29738174521826e-02
3.15000000000000e+00  1.34388312842139e-02
3.20000000000000e+00  1.38137017366704e-02
3.25000000000000e+00  1.41094094421044e-02
3.30000000000000e+00  1.43743069998596e-02
3.35000000000000e+00  1.46676633847629e-02
3.40000000000000e+00  1.50537791881179e-02
3.45000000000000e+00  1.55896847926891e-02
3.50000000000000e+00  1.62731492997789e-02
3.55000000000000e+00  1.70464920622664e-02
3.60000000000000e+00  1.77914195706052e-02
3.65000000000000e+00  1.83840272280792e-02
3.70000000000000e+00  1.88193761532092e-02
3.75000000000000e+00  1.90951224883443e-02
3.80000000000000e+00  1.96152881308239e-02
3.85000000000000e+00  2.00721378518700e-02
3.90000000000000e+00  2.05912690266142e-02
3.95000000000000e+00  2.11665592398040e-02
4.00000000000000e+00  2.17331824326827e-02
4.05000000000000e+00  2.22406250498693e-02
4.10000000000000e+00  2.26748243890728e-02
4.15000000000000e+00  2.30485262522467e-02
4.20000000000000e+00  2.34008930784570e-02
4.25000000000000e+00  2.37634779077956e-02
4.30000000000000e+00  2.41555900376840e-02
4.35000000000000e+00  2.45842293987107e-02
4.40000000000000e+00  2.50394758766210e-02
4.45000000000000e+00  2.55038956059897e-02
4.50000000000000e+00  2.59323207306830e-02
4.55000000000000e+00  2.63029374153003e-02
4.60000000000000e+00  2.65877665735021e-02
4.65000000000000e+00  2.67656347860401e-02
4.70000000000000e+00  2.68326915547217e-02
4.75000000000000e+00  2.67969079483375e-02
4.80000000000000e+00  2.66764455436249e-02
4.85000000000000e+00  2.64893463961813e-02
4.90000000000000e+00  2.62411666577309e-02
4.95000000000000e+00  2.59120681808331e-02
5.00000000000000e+00  2.54625802331504e-02
5.05000000000000e+00  2.48713017429610e-02
5.10000000000000e+00  2.41664708731766e-02
5.15000000000000e+00  2.33526588347535e-02
5.20000000000000e+00  2.24029832975230e-02
5.25000000000000e+00  2.12778259476339e-02
5.30000000000000e+00  1.99435500449954e-02
5.35000000000000e+00  1.83784918880506e-02
5.40000000000000e+00  1.65687754661857e-02
5.45000000000000e+00  1.45112703705836e-02
5.50000000000000e+00  1.21970151512468e-02
5.55000000000000e+00  9.61784284820494e-03
5.60000000000000e+00  6.77695411114628e-03
5.65000000000000e+00  3.64346035922816e-03
5.70000000000000e+00  1.93781954675451e-04
5.75000000000000e+00  -3.59499186928442e-03
5.80000000000000e+00  -7.76513613392912e-03
5.85000000000000e+00  -1.23548882657184e-02
5.90000000000000e+00  -1.73934024095718e-02
5.95000000000000e+00  -2.28983178958042e-02
6.00000000000000e+00  -2.88872621531671e-02
6.05000000000000e+00  -3.53772776064200e-02
6.10000000000000e+00  -4.23868614635956e-02
6.15000000000000e+00  -4.99332332009664e-02
6.20000000000000e+00  -5.80325014511742e-02
6.25000000000000e+00  -6.67326794946796e-02
6.30000000000000e+00  -7.60222746347266e-02
6.35000000000000e+00  -8.59905333700303e-02
6.40000000000000e+00  -9.66177953447446e-02
6.45000000000000e+00  -1.07912116207287e-01
6.50000000000000e+00  -1.19894684523502e-01
6.55000000000000e+00  -1.32585238689831e-01
6.60000000000000e+00  -1.45995248500526e-01
6.65000000000000e+00  -1.60126745349095e-01
6.70000000000000e+00  -1.74972676073626e-01
6.75000000000000e+00  -1.90522026008312e-01
6.80000000000000e+00  -2.06765278866059e-01
6.85000000000000e+00  -2.23699848539717e-01
6.90000000000000e+00  -2.41282735975519e-01
6.95000000000000e+00  -2.59485233655568e-01
7.00000000000000e+00  -2.78253367015687e-01
7.05000000000000e+00  -2.97538080932109e-01
7.10000000000000e+00  -3.17269767661232e-01
7.15000000000000e+00  -3.37367614734874e-01
7.20000000000000e+00  -3.57745014003019e-01
7.25000000000000e+00  -3.78295554219246e-01
7.30000000000000e+00  -3.98895285523155e-01
7.35000000000000e+00  -4.19403902496907e-01
7.40000000000000e+00  -4.39674165291736e-01
7.45000000000000e+00  -4.59537006502532e-01
7.50000000000000e+00  -4.78801380018726e-01
7.55000000000000e+00  -4.97280300721787e-01
7.60000000000000e+00  -5.14746571462065e-01
7.65000000000000e+00  -5.30974009393759e-01
7.70000000000000e+00  -5.45723109950911e-01
7.75000000000000e+00  -5.58739762657507e-01
7.80000000000000e+00  -5.69753966937578e-01
7.85000000000000e+00  -5.78489292066279e-01
7.90000000000000e+00  -5.84669172813558e-01
7.95000000000000e+00  -5.88026233527055e-01
8.00000000000000e+00  -5.88292779650514e-01
8.05000000000000e+00  -5.85205730447525e-01
8.10000000000000e+00  -5.78515135803075e-01
8.15000000000000e+00  -5.67995250184139e-01
8.20000000000000e+00  -5.53462869132750e-01
8.25000000000000e+00  -5.34755592322571e-01
8.30000000000000e+00  -5.11756359364124e-01
8.35000000000000e+00  -4.84400106431577e-01
8.40000000000000e+00  -4.52686552074799e-01
8.45000000000000e+00  -4.16689065339445e-01
8.50000000000000e+00  -3.76547113152670e-01
8.55000000000000e+00  -3.32477815832981e-01
8.60000000000000e+00  -2.84784770146427e-01
8.65000000000000e+00  -2.33870193922550e-01
8.70000000000000e+00  -1.80230971690814e-01
8.75000000000000e+00  -1.24457916475231e-01
8.80000000000000e+00  -6.72228810090849e-02
8.85000000000000e+00  -9.29193308076436e-03
8.90000000000000e+00  4.84939652676589e-02
8.95000000000000e+00  1.05229593937100e-01
9.00000000000000e+00  1.59963855449504e-01
9.05000000000000e+00  2.11718155625875e-01
9.10000000000000e+00  2.59511166287163e-01
9.15000000000000e+00  3.02387595938200e-01
9.20000000000000e+00  3.39447624653525e-01
9.25000000000000e+00  3.69879304236158e-01
9.30000000000000e+00  3.92990849219371e-01
9.35000000000000e+00  4.08242904638445e-01
9.40000000000000e+00  4.15275265474762e-01
9.45000000000000e+00  4.13933956897421e-01
9.50000000000000e+00  4.04280733276871e-01
9.55000000000000e+00  3.86607847208174e-01
9.60000000000000e+00  3.61430155084611e-01
9.65000000000000e+00  3.29466806295203e-01
9.70000000000000e+00  2.91618898258251e-01
9.75000000000000e+00  2.48920027184359e-01
9.80000000000000e+00  2.02482032666604e-01
9.85000000000000e+00  1.53426372607340e-01
9.90000000000000e+00  1.02802060438320e-01
9.95000000000000e+00  5.14727167512533e-02
1.00000000000000e+01  -3.61407502852810e-06
1.00500000000000e+01  -5.14727098888533e-02
1.01000000000000e+01  -1.02802053555334e-01
1.01500000000000e+01  -1.53426365701205e-01
1.02000000000000e+01  -2.02482025742131e-01
1.02500000000000e+01  -2.48920020252057e-01
1.03000000000000e+01  -2.91618891332594e-01
1.03500000000000e+01  -3.29466799393024e-01
1.04000000000000e+01  -3.61430148223729e-01
1.04500000000000e+01  -3.86607840406224e-01
1.05000000000000e+01  -4.04280726550406e-01
1.05500000000000e+01  -4.13933950261254e-01
1.06000000000000e+01  -4.15275258941538e-01
1.06500000000000e+01  -4.08242898218418e-01
1.07000000000000e+01  -3.92990842920367e-01
1.07500000000000e+01  -3.69879298063661e-01
1.08000000000000e+01  -3.39447618610842e-01
1.08500000000000e+01  -3.02387590026767e-01
1.09000000000000e+01  -2.59511160506854e-01
1.09500000000000e+01  -2.11718149975321e-01
1.10000000000000e+01  -1.59963849926421e-01
1.10500000000000e+01  -1.05229588538579e-01
1.11000000000000e+01  -4.84939599904642e-02
1.11500000000000e+01  9.29193823996310e-03
1.12000000000000e+01  6.72228860535232e-02
1.12500000000000e+01  1.24454705249687e-01
1.13000000000000e+01  1.80230976514328e-01
1.13500000000000e+01  2.33870198639151e-01
1.14000000000000e+01  2.84784774757861e-01
1.14500000000000e+01  3.32477820340527e-01
1.15000000000000e+01  3.76547117557161e-01
1.15500000000000e+01  4.16689069641321e-01
1.16000000000000e+01  4.52686556274152e-01
1.16500000000000e+01  4.84400110528200e-01
1.17000000000000e+01  5.11756363357572e-01
1.17500000000000e+01  5.34755596212226e-01
1.18000000000000e+01  5.53462872917906e-01
1.18500000000000e+01  5.67995253864080e-01
1.19000000000000e+01  5.78515139377091e-01
1.19500000000000e+01  5.85205733914978e-01
1.20000000000000e+01  5.88292783010887e-01
1.20500000000000e+01  5.88026236779989e-01
1.21000000000000e+01  5.84669175958884e-01
1.21500000000000e+01  5.78489295104031e-01
1.22000000000000e+01  5.69753969868004e-01
1.22500000000000e+01  5.58739765481087e-01
1.23000000000000e+01  5.45723112668359e-01
1.23500000000000e+01  5.30974012006031e-01
1.24000000000000e+01  5.14746573970342e-01
1.24500000000000e+01  4.97280303127462e-01
1.25000000000000e+01  4.78786640347048e-01
1.25500000000000e+01  4.59537008708004e-01
1.26000000000000e+01  4.39674167399974e-01
1.26500000000000e+01  4.19403904510027e-01
1.27000000000000e+01  3.98895287443423e-01
1.27500000000000e+01  3.78295556049055e-01
1.28000000000000e+01  3.57745015744870e-01
1.28500000000000e+01  3.37367616391360e-01
1.29000000000000e+01  3.17269769235012e-01
1.29500000000000e+01  2.97538082425889e-01
1.30000000000000e+01  2.78253368432212e-01
1.30500000000000e+01  2.59485234997604e-01
1.31000000000000e+01  2.41282737245840e-01
1.31500000000000e+01  2.23699849741102e-01
1.32000000000000e+01  2.06765280001267e-01
1.32500000000000e+01  1.90522027080075e-01
1.33000000000000e+01  1.74972677084650e-01
1.33500000000000e+01  1.60126746302041e-01
1.34000000000000e+01  1.45995249398007e-01
1.34500000000000e+01  1.32585239534402e-01
1.35000000000000e+01  1.19894685317658e-01
1.35500000000000e+01  1.07912116953455e-01
1.36000000000000e+01  9.66177960452829e-02
1.36500000000000e+01  8.59905340272247e-02
1.37000000000000e+01  7.60222752507830e-02
1.37500000000000e+01  6.66998314684112e-02
1.38000000000000e+01  5.80325019912925e-02
1.38500000000000e+01  4.99332337061296e-02
1.39000000000000e+01  4.23868619357037e-02
1.39500000000000e+01  3.53772780472962e-02
1.40000000000000e+01  2.88872625645605e-02
1.40500000000000e+01  2.28983182793893e-02
1.41000000000000e+01  1.73934027669491e-02
1.41500000000000e+01  1.23548885984143e-02
1.42000000000000e+01  7.76513644339655e-03
1.42500000000000e+01  3.59499215690606e-03
1.43000000000000e+01  -1.93781687584577e-04
1.43500000000000e+01  -3.64346011141560e-03
1.44000000000000e+01  -6.77695388142545e-03
1.44500000000000e+01  -9.61784263545086e-03
1.45000000000000e+01  -1.21970149543921e-02
1.45500000000000e+01  -1.45112701886193e-02
1.46000000000000e+01  -1.65687752981574e-02
1.46500000000000e+01  -1.83784917330562e-02
1.47000000000000e+01  -1.99435499021834e-02
1.47500000000000e+01  -2.12778258162007e-02
1.48000000000000e+01  -2.24029831767113e-02
1.48500000000000e+01  -2.33526587238500e-02
1.49000000000000e+01  -2.41664707715105e-02
1.49500000000000e+01  -2.48713016499032e-02
1.50000000000000e+01  -2.54439100385274e-02
1.50500000000000e+01  -2.59120681032222e-02
1.51000000000000e+01  -2.62411665870506e-02
1.51500000000000e+01  -2.64893463319411e-02
1.52000000000000e+01  -2.66764454853634e-02
1.52500000000000e+01  -2.67969078956208e-02
1.53000000000000e+01  -2.68326915071426e-02
1.53500000000000e+01  -2.67656347432172e-02
1.54000000000000e+01  -2.65877665350791e-02
1.54500000000000e+01  -2.63029373809446e-02
1.55000000000000e+01  -2.59323207000848e-02
1.55500000000000e+01  -2.55038955788602e-02
1.56000000000000e+01  -2.50394758526913e-02
1.56500000000000e+01  -2.45842293777299e-02
1.57000000000000e+01  -2.41555900194177e-02
1.57500000000000e+01  -2.37634778920249e-02
1.58000000000000e+01  -2.34008930649775e-02
1.58500000000000e+01  -2.30485262408673e-02
1.59000000000000e+01  -2.26748243796157e-02
1.59500000000000e+01  -2.22406250421690e-02
1.60000000000000e+01  -2.17331824265857e-02
1.60500000000000e+01  -2.11665592351681e-02
1.61000000000000e+01  -2.05912690233084e-02
1.61500000000000e+01  -2.00721378497732e-02
1.62000000000000e+01  -1.96152881298248e-02
1.62500000000000e+01  -1.93360699821505e-02
1.63000000000000e+01  -1.88193761540946e-02
1.63500000000000e+01  -1.83840272297682e-02
1.64000000000000e+01  -1.77914195730167e-02
1.64500000000000e+01  -1.70464920653256e-02
1.65000000000000e+01  -1.62731493034154e-02
1.65500000000000e+01  -1.55896847968365e-02
1.66000000000000e+01  -1.50537791927147e-02
1.66500000000000e+01  -1.46676633897526e-02
1.67000000000000e+01  -1.43743070051908e-02
1.67500000000000e+01  -1.41094094477306e-02
1.68000000000000e+01  -1.38137017425498e-02
1.68500000000000e+01  -1.34388312903087e-02
1.69000000000000e+01  -1.29738174584585e-02
1.69500000000000e+01  -1.24193284416621e-02
1.70000000000000e+01  -1.18228298742605e-02
1.70500000000000e+01  -1.12429621227447e-02
1.71000000000000e+01  -1.07412414457362e-02
1.71500000000000e+01  -1.03607714368399e-02
1.72000000000000e+01  -1.01079091721870e-02
1.72500000000000e+01  -9.94815977872570e-03
1.73000000000000e+01  -9.81294391682708e-03
1.73500000000000e+01  -9.61123810589996e-03
1.74000000000000e+01  -9.26350599592827e-03
1.74500000000000e+01  -8.81023095434942e-03
1.75000000000000e+01  -8.06541360791314e-03
1.75500000000000e+01  -7.83296679496363e-03
1.76000000000000e+01  -7.42585724137757e-03
1.76500000000000e+01  -7.07438551769946e-03
1.77000000000000e+01  -6.83167574612023e-03
1.77500000000000e+01  -6.65732566567834e-03
1.78000000000000e+01  -6.50105669746101e-03
1.78500000000000e+01  -6.33075598401810e-03
1.79000000000000e+01  -6.13388408432141e-03
1.79500000000000e+01  -5.92128362293073e-03
1.80000000000000e+01  -5.70713072059153e-03
1.80500000000000e+01  -5.49905066445116e-03
1.81000000000000e+01  -5.28964320264051e-03
1.81500000000000e+01  -5.09937615561600e-03
1.82000000000000e+01  -4.92144943913848e-03
1.82500000000000e+01  -4.76235555721929e-03
1.83000000000000e+01  -4.58951185828444e-03
1.83500000000000e+01  -4.38766109058538e-03
1.84000000000000e+01  -4.15542489638842e-03
1.84500000000000e+01  -3.90181730777375e-03
1.85000000000000e+01  -3.64250376426319e-03
1.85500000000000e+01  -3.39613824714094e-03
1.86000000000000e+01  -3.18057612451636e-03
1.86500000000000e+01  -3.00907262722707e-03
1.87000000000000e+01  -2.88644454949698e-03
1.87500000000000e+01  -2.82160491705553e-03
1.88000000000000e+01  -2.72216064641816e-03
1.88500000000000e+01  -2.64407491669470e-03
1.89000000000000e+01  -2.58125656513671e-03
1.89500000000000e+01  -2.52816960084871e-03
1.90000000000000e+01  -2.47984809285801e-03
1.90500000000000e+01  -2.43191105818454e-03
1.91000000000000e+01  -2.38057734991070e-03
1.91500000000000e+01  -2.32268054525116e-03
1.92000000000000e+01  -2.25568383362275e-03
1.92500000000000e+01  -2.17769490471420e-03
1.93000000000000e+01  -2.08748083655607e-03
1.93500000000000e+01  -1.98448298359050e-03
1.94000000000000e+01  -1.86974181988511e-03
1.94500000000000e+01  -1.74572390867132e-03
1.95000000000000e+01  -1.61793572921275e-03
1.95500000000000e+01  -1.48926217812800e-03
1.96000000000000e+01  -1.36568391654778e-03
1.96500000000000e+01  -1.25469154628765e-03
1.97000000000000e+01  -1.16369978602084e-03
1.97500000000000e+01  -1.09846164745097e-03
1.98000000000000e+01  -1.06148261148483e-03
1.98500000000000e+01  -1.05043480440517e-03
1.99000000000000e+01  -1.05657117404343e-03
1.99500000000000e+01  -1.06313966595253e-03
2.00000000000000e+01  -1.04379739957968e-03
