0.00000000000000e+00  -2.21776376563087e-03
5.00000000000000e-02  -2.11208924691247e-03
1.00000000000000e-01  -2.11486586396660e-03
1.50000000000000e-01  -2.17858432233071e-03
2.00000000000000e-01  -2.26941760820134e-03
2.50000000000000e-01  -2.36511172418132e-03
3.00000000000000e-01  -2.45287642502683e-03
3.50000000000000e-01  -2.52727595339454e-03
4.00000000000000e-01  -2.58811977558866e-03
4.50000000000000e-01  -2.63835331730807e-03
5.00000000000000e-01  -2.68194869939342e-03
5.50000000000000e-01  -2.72179547357419e-03
6.00000000000000e-01  -2.75759135821584e-03
6.50000000000000e-01  -2.79291621495001e-03
7.00000000000000e-01  -2.82859880430916e-03
7.50000000000000e-01  -2.86836349772286e-03
8.00000000000000e-01  -2.90873221926619e-03
8.50000000000000e-01  -2.94945922937733e-03
9.00000000000000e-01  -2.99233832240030e-03
9.50000000000000e-01  -3.04001002412770e-03
1.00000000000000e+00  -3.09476878934343e-03
1.05000000000000e+00  -3.15737019936542e-03
1.10000000000000e+00  -3.22583815958840e-03
1.15000000000000e+00  -3.29427209702660e-03
1.20000000000000e+00  -3.35165415785648e-03
1.25000000000000e+00  -3.74040346098476e-03
1.30000000000000e+00  -3.52472759262723e-03
1.35000000000000e+00  -3.50848809375762e-03
1.40000000000000e+00  -3.58453317544831e-03
1.45000000000000e+00  -3.68552007990155e-03
1.50000000000000e+00  -3.77614920136125e-03
1.55000000000000e+00  -3.84539820702482e-03
1.60000000000000e+00  -3.89875615795495e-03
1.65000000000000e+00  -3.95045762999145e-03
1.70000000000000e+00  -4.01571683466304e-03
1.75000000000000e+00  -4.10296174009917e-03
1.80000000000000e+00  -4.20606819194184e-03
1.85000000000000e+00  -4.29659403425740e-03
1.90000000000000e+00  -4.39112895630718e-03
1.95000000000000e+00  -4.47015086945586e-03
2.00000000000000e+00  -4.61258447351418e-03
2.05000000000000e+00  -4.75019392733586e-03
2.10000000000000e+00  -4.85884476080755e-03
2.15000000000000e+00  -4.94470542080976e-03
2.20000000000000e+00  -5.02685480510659e-03
2.25000000000000e+00  -5.09395962022475e-03
2.30000000000000e+00  -5.12204821915965e-03
2.35000000000000e+00  -5.08618843957422e-03
2.40000000000000e+00  -5.04041968206607e-03
2.45000000000000e+00  -5.34018913289671e-03
2.50000000000000e+00  -3.06576964893150e-03
2.55000000000000e+00  -4.93812961400677e-03
2.60000000000000e+00  -5.38310681675881e-03
2.65000000000000e+00  -5.36587194833888e-03
2.70000000000000e+00  -5.31274986220447e-03
2.75000000000000e+00  -5.32889835820007e-03
2.80000000000000e+00  -5.41598696663785e-03
2.85000000000000e+00  -5.53995265564137e-03
2.90000000000000e+00  -5.66137683277458e-03
2.95000000000000e+00  -5.75894515723578e-03
3.00000000000000e+00  -5.83765280539989e-03
3.05000000000000e+00  -5.90804779317146e-03
3.10000000000000e+00  -5.95919260323572e-03
3.15000000000000e+00  -6.04216625389848e-03
3.20000000000000e+00  -6.12042625310313e-03
3.25000000000000e+00  -6.28415494266672e-03
3.30000000000000e+00  -6.41057664893626e-03
3.35000000000000e+00  -6.46663607925876e-03
3.40000000000000e+00  -6.46952803711883e-03
3.45000000000000e+00  -6.45414195924548e-03
3.50000000000000e+00  -6.48225299909019e-03
3.55000000000000e+00  -6.59995393266874e-03
3.60000000000000e+00  -6.80797169902718e-03
3.65000000000000e+00  -6.97463296051592e-03
3.70000000000000e+00  -6.70369724543379e-03
3.75000000000000e+00  -7.52726098991750e-03
3.80000000000000e+00  -6.77698614813845e-03
3.85000000000000e+00  -6.72917518158365e-03
3.90000000000000e+00  -6.86186064189944e-03
3.95000000000000e+00  -6.96190138881166e-03
4.00000000000000e+00  -6.99763100028449e-03
4.05000000000000e+00  -6.99150618267934e-03
4.10000000000000e+00  -6.97067828499748e-03
4.15000000000000e+00  -6.96173574960529e-03
4.20000000000000e+00  -6.96790395463921e-03
4.25000000000000e+00  -6.99671499648900e-03
4.30000000000000e+00  -7.04062614200178e-03
4.35000000000000e+00  -7.05026878206781e-03
4.40000000000000e+00  -7.04742340267357e-03
4.45000000000000e+00  -7.02646552936230e-03
4.50000000000000e+00  -7.08747419762152e-03
4.55000000000000e+00  -7.13199612124981e-03
4.60000000000000e+00  -7.16039444470955e-03
4.65000000000000e+00  -7.21306439713613e-03
4.70000000000000e+00  -7.31936196038296e-03
4.75000000000000e+00  -7.49225820852324e-03
4.80000000000000e+00  -7.71438244998132e-03
4.85000000000000e+00  -7.94676162091473e-03
4.90000000000000e+00  -8.15175438971521e-03
4.95000000000000e+00  -8.35225170363126e-03
5.00000000000000e+00  -8.95309791943789e-03
5.05000000000000e+00  -9.08421353111417e-03
5.10000000000000e+00  -9.37564624699441e-03
5.15000000000000e+00  -9.81453763564713e-03
5.20000000000000e+00  -1.03781834310478e-02
5.25000000000000e+00  -1.10396687774702e-02
5.30000000000000e+00  -1.17735034743772e-02
5.35000000000000e+00  -1.25723723504553e-02
5.40000000000000e+00  -1.34677338877004e-02
5.45000000000000e+00  -1.45045475574209e-02
5.50000000000000e+00  -1.57561849281915e-02
5.55000000000000e+00  -1.72383483199836e-02
5.60000000000000e+00  -1.88073030739887e-02
5.65000000000000e+00  -2.05850063170250e-02
5.70000000000000e+00  -2.26227238964736e-02
5.75000000000000e+00  -2.48934742007229e-02
5.80000000000000e+00  -2.74355240223827e-02
5.85000000000000e+00  -3.02883497726294e-02
5.90000000000000e+00  -3.34817589721357e-02
5.95000000000000e+00  -3.70284498551665e-02
6.00000000000000e+00  -4.09453910254227e-02
6.05000000000000e+00  -4.52565756306128e-02
6.10000000000000e+00  -5.00104582872458e-02
6.15000000000000e+00  -5.52843377832876e-02
6.20000000000000e+00  -6.11233220481379e-02
6.25000000000000e+00  -6.75538338479121e-02
6.30000000000000e+00  -7.42442352054325e-02
6.35000000000000e+00  -8.18061770390762e-02
6.40000000000000e+00  -9.00185585111608e-02
6.45000000000000e+00  -9.88577101495922e-02
6.50000000000000e+00  -1.08396568788427e-01
6.55000000000000e+00  -1.18703852508434e-01
6.60000000000000e+00  -1.29821066614700e-01
6.65000000000000e+00  -1.41760405430309e-01
6.70000000000000e+00  -1.54514610147814e-01
6.75000000000000e+00  -1.68070410173535e-01
6.80000000000000e+00  -1.82451701158154e-01
6.85000000000000e+00  -1.97768291708400e-01
6.90000000000000e+00  -2.13926184566288e-01
6.95000000000000e+00  -2.30946064779121e-01
7.00000000000000e+00  -2.48707947286351e-01
7.05000000000000e+00  -2.67290069223542e-01
7.10000000000000e+00  -2.86659347266615e-01
7.15000000000000e+00  -3.06726454737219e-01
7.20000000000000e+00  -3.27392938845688e-01
7.25000000000000e+00  -3.48556527544852e-01
7.30000000000000e+00  -3.70122172423320e-01
7.35000000000000e+00  -3.92002518967372e-01
7.40000000000000e+00  -4.14100888900817e-01
7.45000000000000e+00  -4.36200065106232e-01
7.50000000000000e+00  -4.58013977149201e-01
7.55000000000000e+00  -4.79458087443832e-01
7.60000000000000e+00  -5.00313000790565e-01
7.65000000000000e+00  -5.20317564770499e-01
7.70000000000000e+00  -5.39201854526617e-01
7.75000000000000e+00  -5.56687740256208e-01
7.80000000000000e+00  -5.72489454703287e-01
7.85000000000000e+00  -5.86312659078556e-01
7.90000000000000e+00  -5.97846750077025e-01
7.95000000000000e+00  -6.06778606339686e-01
8.00000000000000e+00  -6.12775987940216e-01
8.05000000000000e+00  -6.15524744716747e-01
8.10000000000000e+00  -6.14775095199630e-01
8.15000000000000e+00  -6.10237051579724e-01
8.20000000000000e+00  -6.01655522588752e-01
8.25000000000000e+00  -5.88762978545261e-01
8.30000000000000e+00  -5.71478672866705e-01
8.35000000000000e+00  -5.49684149458883e-01
8.40000000000000e+00  -5.23293973034431e-01
8.45000000000000e+00  -4.92314418256009e-01
8.50000000000000e+00  -4.56832218153178e-01
8.55000000000000e+00  -4.17035641007540e-01
8.60000000000000e+00  -3.73207225457271e-01
8.65000000000000e+00  -3.25713398593972e-01
8.70000000000000e+00  -2.74970802283874e-01
8.75000000000000e+00  -2.21500158490771e-01
8.80000000000000e+00  -1.65961388782983e-01
8.85000000000000e+00  -1.09105570084332e-01
8.90000000000000e+00  -5.17097194677827e-02
8.95000000000000e+00  5.36673035162004e-03
9.00000000000000e+00  6.12062459350014e-02
9.05000000000000e+00  1.14857508037899e-01
9.10000000000000e+00  1.65359726528492e-01
9.15000000000000e+00  2.11766955305856e-01
9.20000000000000e+00  2.53172407218195e-01
9.25000000000000e+00  2.88732768981081e-01
9.30000000000000e+00  3.17692516095705e-01
9.35000000000000e+00  3.39408227767102e-01
9.40000000000000e+00  3.53397635823295e-01
9.45000000000000e+00  3.59345075994754e-01
9.50000000000000e+00  3.57120712763197e-01
9.55000000000000e+00  3.46803974972573e-01
9.60000000000000e+00  3.28695257322474e-01
9.65000000000000e+00  3.03311182758408e-01
9.70000000000000e+00  2.71377676582631e-01
9.75000000000000e+00  2.33808592697260e-01
9.80000000000000e+00  1.91665356555595e-01
9.85000000000000e+00  1.46106785205503e-01
9.90000000000000e+00  9.83105245954555e-02
9.95000000000000e+00  4.93380580544319e-02
1.00000000000000e+01  2.45217022952512e-07
1.00500000000000e+01  -4.93380981099860e-02
1.01000000000000e+01  -9.83105647522275e-02
1.01500000000000e+01  -1.46106825476816e-01
1.02000000000000e+01  -1.91665396919230e-01
1.02500000000000e+01  -2.33808633103557e-01
1.03000000000000e+01  -2.71377716962771e-01
1.03500000000000e+01  -3.03311223031904e-01
1.04000000000000e+01  -3.28695297403818e-01
1.04500000000000e+01  -3.46804014776593e-01
1.05000000000000e+01  -3.57120752209312e-01
1.05500000000000e+01  -3.59345115010061e-01
1.06000000000000e+01  -3.53397674344563e-01
1.06500000000000e+01  -3.39408265741944e-01
1.07000000000000e+01  -3.17692553482527e-01
1.07500000000000e+01  -2.88732805748713e-01
1.08000000000000e+01  -2.53172443345543e-01
1.08500000000000e+01  -2.11766990780317e-01
1.09000000000000e+01  -1.65359761344432e-01
1.09500000000000e+01  -1.14857542195217e-01
1.10000000000000e+01  -6.12062794377877e-02
1.10500000000000e+01  -5.36676320687059e-03
1.11000000000000e+01  5.17096872513357e-02
1.11500000000000e+01  1.09105538497337e-01
1.12000000000000e+01  1.65961357816496e-01
1.12500000000000e+01  2.21412589135115e-01
1.13000000000000e+01  2.74970772535916e-01
1.13500000000000e+01  3.25713369446589e-01
1.14000000000000e+01  3.73207196907075e-01
1.14500000000000e+01  4.17035613052940e-01
1.15000000000000e+01  4.56832190794165e-01
1.15500000000000e+01  4.92314391493960e-01
1.16000000000000e+01  5.23293946871877e-01
1.16500000000000e+01  5.49684123899296e-01
1.17000000000000e+01  5.71478647914203e-01
1.17500000000000e+01  5.88762954204316e-01
1.18000000000000e+01  6.01655498863854e-01
1.18500000000000e+01  6.10237028474975e-01
1.19000000000000e+01  6.14775072718788e-01
1.19500000000000e+01  6.15524722862794e-01
1.20000000000000e+01  6.12775966715428e-01
1.20500000000000e+01  6.06778585745184e-01
1.21000000000000e+01  5.97846730112804e-01
1.21500000000000e+01  5.86312639743468e-01
1.22000000000000e+01  5.72489435994989e-01
1.22500000000000e+01  5.56687722171129e-01
1.23000000000000e+01  5.39201837059925e-01
1.23500000000000e+01  5.20317547916111e-01
1.24000000000000e+01  5.00312984541189e-01
1.24500000000000e+01  4.79458071791137e-01
1.25000000000000e+01  4.57851061480879e-01
1.25500000000000e+01  4.36200050617990e-01
1.26000000000000e+01  4.14100874978397e-01
1.26500000000000e+01  3.92002505598890e-01
1.27000000000000e+01  3.70122159596205e-01
1.27500000000000e+01  3.48556515245879e-01
1.28000000000000e+01  3.27392927061090e-01
1.28500000000000e+01  3.06726443452812e-01
1.29000000000000e+01  2.86659336467903e-01
1.29500000000000e+01  2.67290058895813e-01
1.30000000000000e+01  2.48707937414755e-01
1.30500000000000e+01  2.30946055348702e-01
1.31000000000000e+01  2.13926175561957e-01
1.31500000000000e+01  1.97768283115188e-01
1.32000000000000e+01  1.82451692961163e-01
1.32500000000000e+01  1.68070402357982e-01
1.33000000000000e+01  1.54514602699094e-01
1.33500000000000e+01  1.41760398334024e-01
1.34000000000000e+01  1.29821059856702e-01
1.34500000000000e+01  1.18703846074851e-01
1.35000000000000e+01  1.08396562665697e-01
1.35500000000000e+01  9.88577043244845e-02
1.36000000000000e+01  9.00185529708028e-02
1.36500000000000e+01  8.18061717709698e-02
1.37000000000000e+01  7.42442301974581e-02
1.37500000000000e+01  6.74792883629973e-02
1.38000000000000e+01  6.11233175254272e-02
1.38500000000000e+01  5.52843334865437e-02
1.39000000000000e+01  5.00104542058815e-02
1.39500000000000e+01  4.52565717544152e-02
1.40000000000000e+01  4.09453873445682e-02
1.40500000000000e+01  3.70284463602170e-02
1.41000000000000e+01  3.34817556540330e-02
1.41500000000000e+01  3.02883466226862e-02
1.42000000000000e+01  2.74355210322751e-02
1.42500000000000e+01  2.48934713624834e-02
1.43000000000000e+01  2.26227212024863e-02
1.43500000000000e+01  2.05850037600249e-02
1.44000000000000e+01  1.88073006470298e-02
1.44500000000000e+01  1.72383460164390e-02
1.45000000000000e+01  1.57561827417521e-02
1.45500000000000e+01  1.45045454820637e-02
1.46000000000000e+01  1.34677319176890e-02
1.46500000000000e+01  1.25723704803335e-02
1.47000000000000e+01  1.17735016989563e-02
1.47500000000000e+01  1.10396670918195e-02
1.48000000000000e+01  1.03781818304826e-02
1.48500000000000e+01  9.81453611571933e-03
1.49000000000000e+01  9.37564480348583e-03
1.49500000000000e+01  9.08421216003182e-03
1.50000000000000e+01  8.69087603285652e-03
1.50500000000000e+01  8.35225046608159e-03
1.51000000000000e+01  8.15175321375267e-03
1.51500000000000e+01  7.94676050331008e-03
1.52000000000000e+01  7.71438138766788e-03
1.52500000000000e+01  7.49225719859154e-03
1.53000000000000e+01  7.31936100007557e-03
1.53500000000000e+01  7.21306348384218e-03
1.54000000000000e+01  7.16039357595955e-03
1.54500000000000e+01  7.13199529470894e-03
1.55000000000000e+01  7.08747341108304e-03
1.55500000000000e+01  7.02646478073893e-03
1.56000000000000e+01  7.04742268998705e-03
1.56500000000000e+01  7.05026810344932e-03
1.57000000000000e+01  7.04062549568562e-03
1.57500000000000e+01  6.99671438080340e-03
1.58000000000000e+01  6.96790336800220e-03
1.58500000000000e+01  6.96173519051986e-03
1.59000000000000e+01  6.97067775204691e-03
1.59500000000000e+01  6.99150567452301e-03
1.60000000000000e+01  6.99763051565393e-03
1.60500000000000e+01  6.96190092650783e-03
1.61000000000000e+01  6.86186020079016e-03
1.61500000000000e+01  6.72917476060174e-03
1.62000000000000e+01  6.77698574627993e-03
1.62500000000000e+01  5.20218970699062e-03
1.63000000000000e+01  6.70369687898282e-03
1.63500000000000e+01  6.97463261045362e-03
1.64000000000000e+01  6.80797136454787e-03
1.64500000000000e+01  6.59995361300527e-03
1.65000000000000e+01  6.48225269351478e-03
1.65500000000000e+01  6.45414166706917e-03
1.66000000000000e+01  6.46952775768990e-03
1.66500000000000e+01  6.46663581196081e-03
1.67000000000000e+01  6.41057639318614e-03
1.67500000000000e+01  6.28415469791247e-03
1.68000000000000e+01  6.12042601882159e-03
1.68500000000000e+01  6.04216602959257e-03
1.69000000000000e+01  5.95919238843540e-03
1.69500000000000e+01  5.90804758743084e-03
1.70000000000000e+01  5.83765260829684e-03
1.70500000000000e+01  5.75894496836948e-03
1.71000000000000e+01  5.66137665176478e-03
1.71500000000000e+01  5.53995248212727e-03
1.72000000000000e+01  5.41598680027673e-03
1.72500000000000e+01  5.32889819866603e-03
1.73000000000000e+01  5.31274970918744e-03
1.73500000000000e+01  5.36587180154393e-03
1.74000000000000e+01  5.38310667590602e-03
1.74500000000000e+01  4.93812947883274e-03
1.75000000000000e+01  6.86478785698890e-03
1.75500000000000e+01  5.34018900835049e-03
1.76000000000000e+01  5.04041956247789e-03
1.76500000000000e+01  5.08618832472967e-03
1.77000000000000e+01  5.12204810885523e-03
1.77500000000000e+01  5.09395951426637e-03
1.78000000000000e+01  5.02685470330884e-03
1.78500000000000e+01  4.94470532299562e-03
1.79000000000000e+01  4.85884466680803e-03
1.79500000000000e+01  4.75019383698983e-03
1.80000000000000e+01  4.61258438666794e-03
1.80500000000000e+01  4.47015078596265e-03
1.81000000000000e+01  4.39112887602674e-03
1.81500000000000e+01  4.29659395705624e-03
1.82000000000000e+01  4.20606811769254e-03
1.82500000000000e+01  4.10296166868020e-03
1.83000000000000e+01  4.01571676595834e-03
1.83500000000000e+01  3.95045756389026e-03
1.84000000000000e+01  3.89875609435156e-03
1.84500000000000e+01  3.84539814581835e-03
1.85000000000000e+01  3.77614914245541e-03
1.85500000000000e+01  3.68552002320438e-03
1.86000000000000e+01  3.58453312087192e-03
1.86500000000000e+01  3.50848804121788e-03
1.87000000000000e+01  3.52472754204348e-03
1.87500000000000e+01  3.38065635625502e-03
1.88000000000000e+01  3.35165411095794e-03
1.88500000000000e+01  3.29427205186339e-03
1.89000000000000e+01  3.22583811609295e-03
1.89500000000000e+01  3.15737015747300e-03
1.90000000000000e+01  3.09476874899198e-03
1.90500000000000e+01  3.04000998525773e-03
1.91000000000000e+01  2.99233828495471e-03
1.91500000000000e+01  2.94945919330132e-03
1.92000000000000e+01  2.90873218450713e-03
1.92500000000000e+01  2.86836346423021e-03
1.93000000000000e+01  2.82859877203438e-03
1.93500000000000e+01  2.79291618384650e-03
1.94000000000000e+01  2.75759132823884e-03
1.94500000000000e+01  2.72179544468075e-03
1.95000000000000e+01  2.68194867154233e-03
1.95500000000000e+01  2.63835329045983e-03
1.96000000000000e+01  2.58811974970544e-03
1.96500000000000e+01  2.52727592844018e-03
1.97000000000000e+01  2.45287640096682e-03
1.97500000000000e+01  2.36511170098281e-03
1.98000000000000e+01  2.26941758583310e-03
1.98500000000000e+01  2.17858430076314e-03
1.99000000000000e+01  2.11486584317173e-03
1.99500000000000e+01  2.11208922686393e-03
2.00000000000000e+01  2.21776374630387e-03
