0.00000000000000e+00  -7.12116869280602e-04
5.00000000000000e-02  -2.24252786571169e-04
1.00000000000000e-01  9.62485800215076e-05
1.50000000000000e-01  2.62443420893525e-04
2.00000000000000e-01  2.92031151841770e-04
2.50000000000000e-01  2.06234096981925e-04
3.00000000000000e-01  2.86771716666243e-05
3.50000000000000e-01  -2.15732434596339e-04
4.00000000000000e-01  -5.01925575225877e-04
4.50000000000000e-01  -8.05791463649358e-04
5.00000000000000e-01  -1.10529799038450e-03
5.50000000000000e-01  -1.38161204012113e-03
6.00000000000000e-01  -1.62021980880301e-03
6.50000000000000e-01  -1.80835865564040e-03
7.00000000000000e-01  -1.94348469455224e-03
7.50000000000000e-01  -2.01898491493736e-03
8.00000000000000e-01  -2.04349341945972e-03
8.50000000000000e-01  -2.02914552120869e-03
9.00000000000000e-01  -1.99021922818774e-03
9.50000000000000e-01  -1.94177672780321e-03
1.00000000000000e+00  -1.89830587135299e-03
1.05000000000000e+00  -1.87236165851524e-03
1.10000000000000e+00  -1.87320772183717e-03
1.15000000000000e+00  -1.90545781122368e-03
1.20000000000000e+00  -1.96771727842614e-03
1.25000000000000e+00  -3.32977369359538e-03
1.30000000000000e+00  -2.17394101147071e-03
1.35000000000000e+00  -2.01505989347794e-03
1.40000000000000e+00  -2.46010785770434e-03
1.45000000000000e+00  -3.21301335845391e-03
1.50000000000000e+00  -4.06327538757555e-03
1.55000000000000e+00  -4.87458307579096e-03
1.60000000000000e+00  -5.57343529402286e-03
1.65000000000000e+00  -6.13776025472315e-03
1.70000000000000e+00  -6.58553511320081e-03
1.75000000000000e+00  -6.96340556895020e-03
1.80000000000000e+00  -7.33530546697899e-03
1.85000000000000e+00  -7.77107639913635e-03
1.90000000000000e+00  -8.28320683006464e-03
1.95000000000000e+00  -8.79454801362222e-03
2.00000000000000e+00  -9.71100492317960e-03
2.05000000000000e+00  -1.06115970628581e-02
2.10000000000000e+00  -1.13106666633015e-02
2.15000000000000e+00  -1.17974053316629e-02
2.20000000000000e+00  -1.21648160554435e-02
2.25000000000000e+00  -1.24624951955830e-02
2.30000000000000e+00  -1.27282614474627e-02
2.35000000000000e+00  -1.30017947806458e-02
2.40000000000000e+00  -1.35379489293408e-02
2.45000000000000e+00  -1.54369487624620e-02
2.50000000000000e+00  -9.48510424260458e-03
2.55000000000000e+00  -1.81196735266737e-02
2.60000000000000e+00  -2.09371186887275e-02
2.65000000000000e+00  -2.15115550500154e-02
2.70000000000000e+00  -2.15485316394707e-02
2.75000000000000e+00  -2.16525747074570e-02
2.80000000000000e+00  -2.20947312395130e-02
2.85000000000000e+00  -2.30281703705422e-02
2.90000000000000e+00  -2.45401587199929e-02
2.95000000000000e+00  -2.66697879134814e-02
3.00000000000000e+00  -2.93454711628934e-02
3.05000000000000e+00  -3.22197778486870e-02
3.10000000000000e+00  -3.44827659639274e-02
3.15000000000000e+00  -3.66020319544476e-02
3.20000000000000e+00  -3.84612178921075e-02
3.25000000000000e+00  -3.98111296301791e-02
3.30000000000000e+00  -4.10102166112573e-02
3.35000000000000e+00  -4.24354609001710e-02
3.40000000000000e+00  -4.43720890780773e-02
3.45000000000000e+00  -4.69421755563933e-02
3.50000000000000e+00  -5.02671477235983e-02
3.55000000000000e+00  -5.43306828366290e-02
3.60000000000000e+00  -5.88914613545979e-02
3.65000000000000e+00  -6.30720100215004e-02
3.70000000000000e+00  -6.46812398233087e-02
3.75000000000000e+00  -6.95284170935627e-02
3.80000000000000e+00  -6.92696532106206e-02
3.85000000000000e+00  -7.19115897946017e-02
3.90000000000000e+00  -7.59302841759777e-02
3.95000000000000e+00  -8.03426159533721e-02
4.00000000000000e+00  -8.46084337012013e-02
4.05000000000000e+00  -8.85327016773146e-02
4.10000000000000e+00  -9.21676465306342e-02
4.15000000000000e+00  -9.57149040087964e-02
4.20000000000000e+00  -9.94276656657914e-02
4.25000000000000e+00  -1.03512825569604e-01
4.30000000000000e+00  -1.08033127009853e-01
4.35000000000000e+00  -1.12809309205434e-01
4.40000000000000e+00  -1.17959400433435e-01
4.45000000000000e+00  -1.23390848050739e-01
4.50000000000000e+00  -1.29045778783633e-01
4.55000000000000e+00  -1.34718746666536e-01
4.60000000000000e+00  -1.40307285595031e-01
4.65000000000000e+00  -1.45801460850863e-01
4.70000000000000e+00  -1.51264482034194e-01
4.75000000000000e+00  -1.56772972321665e-01
4.80000000000000e+00  -1.62399188107663e-01
4.85000000000000e+00  -1.68194443757675e-01
4.90000000000000e+00  -1.74196712485971e-01
4.95000000000000e+00  -1.80370937703590e-01
5.00000000000000e+00  -1.87735241724215e-01
5.05000000000000e+00  -1.92530410712819e-01
5.10000000000000e+00  -1.98228619545960e-01
5.15000000000000e+00  -2.04530331759346e-01
5.20000000000000e+00  -2.11128559824785e-01
5.25000000000000e+00  -2.17736955453822e-01
5.30000000000000e+00  -2.24117899901364e-01
5.35000000000000e+00  -2.30163169058695e-01
5.40000000000000e+00  -2.35929206556349e-01
5.45000000000000e+00  -2.41596210265236e-01
5.50000000000000e+00  -2.47373338098788e-01
5.55000000000000e+00  -2.53286954718274e-01
5.60000000000000e+00  -2.58959201781425e-01
5.65000000000000e+00  -2.64608034941915e-01
5.70000000000000e+00  -2.70269729596852e-01
5.75000000000000e+00  -2.75955614494064e-01
5.80000000000000e+00  -2.81411820116915e-01
5.85000000000000e+00  -2.86595552596122e-01
5.90000000000000e+00  -2.91532017965513e-01
5.95000000000000e+00  -2.96199454239698e-01
6.00000000000000e+00  -3.00596558644782e-01
6.05000000000000e+00  -3.04733266368626e-01
6.10000000000000e+00  -3.08678297746330e-01
6.15000000000000e+00  -3.12561241981176e-01
6.20000000000000e+00  -3.16627148177136e-01
6.25000000000000e+00  -3.20431906308465e-01
6.30000000000000e+00  -3.23761520876993e-01
6.35000000000000e+00  -3.27113380063410e-01
6.40000000000000e+00  -3.30336031773293e-01
6.45000000000000e+00  -3.33391786626386e-01
6.50000000000000e+00  -3.36325198686108e-01
6.55000000000000e+00  -3.39231546189067e-01
6.60000000000000e+00  -3.42171879934880e-01
6.65000000000000e+00  -3.45165467006269e-01
6.70000000000000e+00  -3.48181394027276e-01
6.75000000000000e+00  -3.51234708236923e-01
6.80000000000000e+00  -3.54397862545926e-01
6.85000000000000e+00  -3.57794312772872e-01
6.90000000000000e+00  -3.61431595287608e-01
6.95000000000000e+00  -3.65344326031576e-01
7.00000000000000e+00  -3.69330771110900e-01
7.05000000000000e+00  -3.73700450815886e-01
7.10000000000000e+00  -3.78518125472754e-01
7.15000000000000e+00  -3.83711184067576e-01
7.20000000000000e+00  -3.89174225114347e-01
7.25000000000000e+00  -3.94852047576554e-01
7.30000000000000e+00  -4.00756895524940e-01
7.35000000000000e+00  -4.06960800996201e-01
7.40000000000000e+00  -4.13493748493619e-01
7.45000000000000e+00  -4.20102512342230e-01
7.50000000000000e+00  -4.26587771003477e-01
7.55000000000000e+00  -4.32438856598567e-01
7.60000000000000e+00  -4.38297159681328e-01
7.65000000000000e+00  -4.43582335570083e-01
7.70000000000000e+00  -4.47920156425785e-01
7.75000000000000e+00  -4.51065128615921e-01
7.80000000000000e+00  -4.52823110078427e-01
7.85000000000000e+00  -4.52970019319693e-01
7.90000000000000e+00  -4.51173615417723e-01
7.95000000000000e+00  -4.47041415970149e-01
8.00000000000000e+00  -4.40101060893629e-01
8.05000000000000e+00  -4.30024246981447e-01
8.10000000000000e+00  -4.16887501268639e-01
8.15000000000000e+00  -4.00250975358772e-01
8.20000000000000e+00  -3.79833759607257e-01
8.25000000000000e+00  -3.55311421171594e-01
8.30000000000000e+00  -3.26976809509889e-01
8.35000000000000e+00  -2.94858562509533e-01
8.40000000000000e+00  -2.58959544158825e-01
8.45000000000000e+00  -2.19463370706199e-01
8.50000000000000e+00  -1.76729849038542e-01
8.55000000000000e+00  -1.31334831232007e-01
8.60000000000000e+00  -8.39981911904969e-02
8.65000000000000e+00  -3.54885552438296e-02
8.70000000000000e+00  1.34996883066416e-02
8.75000000000000e+00  6.22224106662409e-02
8.80000000000000e+00  1.09384641772099e-01
8.85000000000000e+00  1.54136731067816e-01
8.90000000000000e+00  1.95484198223419e-01
8.95000000000000e+00  2.32499927750838e-01
9.00000000000000e+00  2.64358007901311e-01
9.05000000000000e+00  2.90367569562782e-01
9.10000000000000e+00  3.10005885852887e-01
9.15000000000000e+00  3.22948172351002e-01
9.20000000000000e+00  3.29083891165745e-01
9.25000000000000e+00  3.28535076020847e-01
9.30000000000000e+00  3.21651227145669e-01
9.35000000000000e+00  3.09000914487177e-01
9.40000000000000e+00  2.91320911629328e-01
9.45000000000000e+00  2.69498384300127e-01
9.50000000000000e+00  2.44515835952289e-01
9.55000000000000e+00  2.17393977207238e-01
9.60000000000000e+00  1.89142542052912e-01
9.65000000000000e+00  1.60701672314599e-01
9.70000000000000e+00  1.32885637792157e-01
9.75000000000000e+00  1.06345541800678e-01
9.80000000000000e+00  8.15314543639134e-02
9.85000000000000e+00  5.86661369322930e-02
9.90000000000000e+00  3.77188983717878e-02
9.95000000000000e+00  1.83738326047056e-02
1.00000000000000e+01  1.94397348451952e-06
1.00500000000000e+01  -1.83738323814697e-02
1.01000000000000e+01  -3.77188981515766e-02
1.01500000000000e+01  -5.86661367184632e-02
1.02000000000000e+01  -8.15314541606118e-02
1.02500000000000e+01  -1.06345541612538e-01
1.03000000000000e+01  -1.32885637623980e-01
1.03500000000000e+01  -1.60701672171010e-01
1.04000000000000e+01  -1.89142541938117e-01
1.04500000000000e+01  -2.17393977124727e-01
1.05000000000000e+01  -2.44515835904655e-01
1.05500000000000e+01  -2.69498384288921e-01
1.06000000000000e+01  -2.91320911654975e-01
1.06500000000000e+01  -3.09000914548973e-01
1.07000000000000e+01  -3.21651227241828e-01
1.07500000000000e+01  -3.28535076148594e-01
1.08000000000000e+01  -3.29083891321450e-01
1.08500000000000e+01  -3.22948172530349e-01
1.09000000000000e+01  -3.10005886051058e-01
1.09500000000000e+01  -2.90367569774649e-01
1.10000000000000e+01  -2.64358008121628e-01
1.10500000000000e+01  -2.32499927974408e-01
1.11000000000000e+01  -1.95484198445257e-01
1.11500000000000e+01  -1.54136731283280e-01
1.12000000000000e+01  -1.09384641976997e-01
1.12500000000000e+01  -6.24693798331956e-02
1.13000000000000e+01  -1.34996884799748e-02
1.13500000000000e+01  3.54885550902072e-02
1.14000000000000e+01  8.39981910584038e-02
1.14500000000000e+01  1.31334831122721e-01
1.15000000000000e+01  1.76729848952748e-01
1.15500000000000e+01  2.19463370644020e-01
1.16000000000000e+01  2.58959544119880e-01
1.16500000000000e+01  2.94858562493035e-01
1.17000000000000e+01  3.26976809514732e-01
1.17500000000000e+01  3.55311421196437e-01
1.18000000000000e+01  3.79833759650540e-01
1.18500000000000e+01  4.00250975418640e-01
1.19000000000000e+01  4.16887501343191e-01
1.19500000000000e+01  4.30024247068736e-01
1.20000000000000e+01  4.40101060991910e-01
1.20500000000000e+01  4.47041416077433e-01
1.21000000000000e+01  4.51173615532044e-01
1.21500000000000e+01  4.52970019439257e-01
1.22000000000000e+01  4.52823110201637e-01
1.22500000000000e+01  4.51065128741339e-01
1.23000000000000e+01  4.47920156552054e-01
1.23500000000000e+01  4.43582335695876e-01
1.24000000000000e+01  4.38297159805372e-01
1.24500000000000e+01  4.32438856719876e-01
1.25000000000000e+01  4.26009494161671e-01
1.25500000000000e+01  4.20102512456190e-01
1.26000000000000e+01  4.13493748602705e-01
1.26500000000000e+01  4.06960801099956e-01
1.27000000000000e+01  4.00756895623155e-01
1.27500000000000e+01  3.94852047669028e-01
1.28000000000000e+01  3.89174225200863e-01
1.28500000000000e+01  3.83711184147955e-01
1.29000000000000e+01  3.78518125546920e-01
1.29500000000000e+01  3.73700450883916e-01
1.30000000000000e+01  3.69330771172996e-01
1.30500000000000e+01  3.65344326087943e-01
1.31000000000000e+01  3.61431595338241e-01
1.31500000000000e+01  3.57794312818020e-01
1.32000000000000e+01  3.54397862585841e-01
1.32500000000000e+01  3.51234708271842e-01
1.33000000000000e+01  3.48181394057465e-01
1.33500000000000e+01  3.45165467032009e-01
1.34000000000000e+01  3.42171879956449e-01
1.34500000000000e+01  3.39231546206736e-01
1.35000000000000e+01  3.36325198700143e-01
1.35500000000000e+01  3.33391786637056e-01
1.36000000000000e+01  3.30336031780869e-01
1.36500000000000e+01  3.27113380068157e-01
1.37000000000000e+01  3.23761520879160e-01
1.37500000000000e+01  3.21291116371166e-01
1.38000000000000e+01  3.16627148174819e-01
1.38500000000000e+01  3.12561241976965e-01
1.39000000000000e+01  3.08678297740416e-01
1.39500000000000e+01  3.04733266361188e-01
1.40000000000000e+01  3.00596558635996e-01
1.40500000000000e+01  2.96199454229736e-01
1.41000000000000e+01  2.91532017954539e-01
1.41500000000000e+01  2.86595552584287e-01
1.42000000000000e+01  2.81411820104349e-01
1.42500000000000e+01  2.75955614480889e-01
1.43000000000000e+01  2.70269729583180e-01
1.43500000000000e+01  2.64608034927849e-01
1.44000000000000e+01  2.58959201767050e-01
1.44500000000000e+01  2.53286954703670e-01
1.45000000000000e+01  2.47373338084045e-01
1.45500000000000e+01  2.41596210250409e-01
1.46000000000000e+01  2.35929206541488e-01
1.46500000000000e+01  2.30163169043854e-01
1.47000000000000e+01  2.24117899886604e-01
1.47500000000000e+01  2.17736955439202e-01
1.48000000000000e+01  2.11128559810349e-01
1.48500000000000e+01  2.04530331745121e-01
1.49000000000000e+01  1.98228619531961e-01
1.49500000000000e+01  1.92530410699052e-01
1.50000000000000e+01  1.86549344352900e-01
1.50500000000000e+01  1.80370937690384e-01
1.51000000000000e+01  1.74196712473057e-01
1.51500000000000e+01  1.68194443745090e-01
1.52000000000000e+01  1.62399188095422e-01
1.52500000000000e+01  1.56772972309771e-01
1.53000000000000e+01  1.51264482022642e-01
1.53500000000000e+01  1.45801460839647e-01
1.54000000000000e+01  1.40307285584147e-01
1.54500000000000e+01  1.34718746655985e-01
1.55000000000000e+01  1.29045778773418e-01
1.55500000000000e+01  1.23390848040863e-01
1.56000000000000e+01  1.17959400423897e-01
1.56500000000000e+01  1.12809309196234e-01
1.57000000000000e+01  1.08033127000989e-01
1.57500000000000e+01  1.03512825561072e-01
1.58000000000000e+01  9.94276656575836e-02
1.58500000000000e+01  9.57149040009015e-02
1.59000000000000e+01  9.21676465230414e-02
1.59500000000000e+01  8.85327016700139e-02
1.60000000000000e+01  8.46084336941852e-02
1.60500000000000e+01  8.03426159466347e-02
1.61000000000000e+01  7.59302841695149e-02
1.61500000000000e+01  7.19115897884107e-02
1.62000000000000e+01  6.92696532046969e-02
1.62500000000000e+01  5.95369839394750e-02
1.63000000000000e+01  6.46812398178645e-02
1.63500000000000e+01  6.30720100162774e-02
1.64000000000000e+01  5.88914613496186e-02
1.64500000000000e+01  5.43306828318899e-02
1.65000000000000e+01  5.02671477190858e-02
1.65500000000000e+01  4.69421755520919e-02
1.66000000000000e+01  4.43720890739719e-02
1.66500000000000e+01  4.24354608962487e-02
1.67000000000000e+01  4.10102166075069e-02
1.67500000000000e+01  3.98111296265933e-02
1.68000000000000e+01  3.84612178886828e-02
1.68500000000000e+01  3.66020319511843e-02
1.69000000000000e+01  3.44827659608228e-02
1.69500000000000e+01  3.22197778457374e-02
1.70000000000000e+01  2.93454711600991e-02
1.70500000000000e+01  2.66697879108346e-02
1.71000000000000e+01  2.45401587174825e-02
1.71500000000000e+01  2.30281703681573e-02
1.72000000000000e+01  2.20947312372434e-02
1.72500000000000e+01  2.16525747052937e-02
1.73000000000000e+01  2.15485316374066e-02
1.73500000000000e+01  2.15115550480458e-02
1.74000000000000e+01  2.09371186868527e-02
1.74500000000000e+01  1.81196735249063e-02
1.75000000000000e+01  2.12745876519992e-02
1.75500000000000e+01  1.54369487608750e-02
1.76000000000000e+01  1.35379489278392e-02
1.76500000000000e+01  1.30017947792208e-02
1.77000000000000e+01  1.27282614461098e-02
1.77500000000000e+01  1.24624951942989e-02
1.78000000000000e+01  1.21648160542250e-02
1.78500000000000e+01  1.17974053305074e-02
1.79000000000000e+01  1.13106666622063e-02
1.79500000000000e+01  1.06115970618214e-02
1.80000000000000e+01  9.71100492219931e-03
1.80500000000000e+01  8.79454801269573e-03
1.81000000000000e+01  8.28320682918799e-03
1.81500000000000e+01  7.77107639830715e-03
1.82000000000000e+01  7.33530546619468e-03
1.82500000000000e+01  6.96340556820832e-03
1.83000000000000e+01  6.58553511249929e-03
1.83500000000000e+01  6.13776025406017e-03
1.84000000000000e+01  5.57343529339690e-03
1.84500000000000e+01  4.87458307520066e-03
1.85000000000000e+01  4.06327538701948e-03
1.85500000000000e+01  3.21301335793048e-03
1.86000000000000e+01  2.46010785721151e-03
1.86500000000000e+01  2.01505989301309e-03
1.87000000000000e+01  2.17394101103015e-03
1.87500000000000e+01  2.05122456111414e-03
1.88000000000000e+01  1.96771727803195e-03
1.88500000000000e+01  1.90545781085060e-03
1.89000000000000e+01  1.87320772148370e-03
1.89500000000000e+01  1.87236165818006e-03
1.90000000000000e+01  1.89830587103490e-03
1.90500000000000e+01  1.94177672750121e-03
1.91000000000000e+01  1.99021922790093e-03
1.91500000000000e+01  2.02914552093631e-03
1.92000000000000e+01  2.04349341920114e-03
1.92500000000000e+01  2.01898491469203e-03
1.93000000000000e+01  1.94348469431969e-03
1.93500000000000e+01  1.80835865542022e-03
1.94000000000000e+01  1.62021980859490e-03
1.94500000000000e+01  1.38161203992484e-03
1.95000000000000e+01  1.10529799019990e-03
1.95500000000000e+01  8.05791463476362e-04
1.96000000000000e+01  5.01925575064465e-04
1.96500000000000e+01  2.15732434446639e-04
1.97000000000000e+01  -2.86771718043804e-05
1.97500000000000e+01  -2.06234097107353e-04
1.98000000000000e+01  -2.92031151954419e-04
1.98500000000000e+01  -2.62443420992833e-04
1.99000000000000e+01  -9.62485801068708e-05
1.99500000000000e+01  2.24252786500391e-04
2.00000000000000e+01  7.12116869224926e-04
