0.00000000000000e+00  7.72717805174598e-04
5.00000000000000e-02  8.09182731315298e-04
1.00000000000000e-01  8.47239492890198e-04
1.50000000000000e-01  8.86972648606926e-04
2.00000000000000e-01  9.28468142113460e-04
2.50000000000000e-01  9.71813554217299e-04
3.00000000000000e-01  1.01709835510463e-03
3.50000000000000e-01  1.06441415655949e-03
4.00000000000000e-01  1.11385496418299e-03
4.50000000000000e-01  1.16551742961242e-03
5.00000000000000e-01  1.21950110274049e-03
5.50000000000000e-01  1.27590868393446e-03
6.00000000000000e-01  1.33484627625532e-03
6.50000000000000e-01  1.39642363767702e-03
7.00000000000000e-01  1.46075443330555e-03
7.50000000000000e-01  1.52795648759820e-03
8.00000000000000e-01  1.59815203658269e-03
8.50000000000000e-01  1.67146798007637e-03
9.00000000000000e-01  1.74803613390536e-03
9.50000000000000e-01  1.82799348212377e-03
1.00000000000000e+00  1.91148242923284e-03
1.05000000000000e+00  1.99865105240014e-03
1.10000000000000e+00  2.08965335367872e-03
1.15000000000000e+00  2.18464951222631e-03
1.20000000000000e+00  2.28380613652449e-03
1.25000000000000e+00  2.38729651659783e-03
1.30000000000000e+00  2.49530087623314e-03
1.35000000000000e+00  2.60800662519855e-03
1.40000000000000e+00  2.72560861146278e-03
1.45000000000000e+00  2.84830937341424e-03
1.50000000000000e+00  2.97631939208025e-03
1.55000000000000e+00  3.10985734334621e-03
1.60000000000000e+00  3.24915035017473e-03
1.65000000000000e+00  3.39443423482489e-03
1.70000000000000e+00  3.54595377107132e-03
1.75000000000000e+00  3.70396293642347e-03
1.80000000000000e+00  3.86872516434469e-03
1.85000000000000e+00  4.04051359647148e-03
1.90000000000000e+00  4.21961133483265e-03
1.95000000000000e+00  4.40631169406844e-03
2.00000000000000e+00  4.60091845364978e-03
2.05000000000000e+00  4.80374611009739e-03
2.10000000000000e+00  5.01512012920102e-03
2.15000000000000e+00  5.23537719823859e-03
2.20000000000000e+00  5.46486547819533e-03
2.25000000000000e+00  5.70394485598304e-03
2.30000000000000e+00  5.95298719665921e-03
2.35000000000000e+00  6.21237659564618e-03
2.40000000000000e+00  6.48250963095038e-03
2.45000000000000e+00  6.76379561538143e-03
2.50000000000000e+00  7.05645714353882e-03
2.55000000000000e+00  7.36185225409391e-03
2.60000000000000e+00  7.67969088473633e-03
2.65000000000000e+00  8.01050568306172e-03
2.70000000000000e+00  8.35483936418572e-03
2.75000000000000e+00  8.71324712752363e-03
2.80000000000000e+00  9.08629907356989e-03
2.85000000000000e+00  9.47458262067757e-03
2.90000000000000e+00  9.87870492183805e-03
2.95000000000000e+00  1.02992952814604e-02
3.00000000000000e+00  1.07370075721510e-02
3.05000000000000e+00  1.11925226514931e-02
3.10000000000000e+00  1.16665507788264e-02
3.15000000000000e+00  1.21598340320262e-02
3.20000000000000e+00  1.26731487242837e-02
3.25000000000000e+00  1.32073078208846e-02
3.30000000000000e+00  1.37631633559897e-02
3.35000000000000e+00  1.43416088494134e-02
3.40000000000000e+00  1.49435817234038e-02
3.45000000000000e+00  1.55700657194223e-02
3.50000000000000e+00  1.62220933149229e-02
3.55000000000000e+00  1.69007481401319e-02
3.60000000000000e+00  1.76071673948270e-02
3.65000000000000e+00  1.83425442651178e-02
3.70000000000000e+00  1.91081303402242e-02
3.75000000000000e+00  1.99050512350104e-02
3.80000000000000e+00  2.07355463681367e-02
3.85000000000000e+00  2.16003429270227e-02
3.90000000000000e+00  2.25011449419107e-02
3.95000000000000e+00  2.34397194814465e-02
4.00000000000000e+00  2.44179113270841e-02
4.05000000000000e+00  2.54376576474902e-02
4.10000000000000e+00  2.65010026729485e-02
4.15000000000000e+00  2.76101123697644e-02
4.20000000000000e+00  2.87672891146695e-02
4.25000000000000e+00  2.99749863692258e-02
4.30000000000000e+00  3.12358233542303e-02
4.35000000000000e+00  3.25525997241198e-02
4.40000000000000e+00  3.39283102413746e-02
4.45000000000000e+00  3.53661594509241e-02
4.50000000000000e+00  3.68695763545502e-02
4.55000000000000e+00  3.84422290852924e-02
4.60000000000000e+00  4.00880395818521e-02
4.65000000000000e+00  4.18111982629971e-02
4.70000000000000e+00  4.36161787019661e-02
4.75000000000000e+00  4.55077523008731e-02
4.80000000000000e+00  4.74910029651120e-02
4.85000000000000e+00  4.95713417777610e-02
4.90000000000000e+00  5.17545216739869e-02
4.95000000000000e+00  5.40466521154500e-02
5.00000000000000e+00  5.64576283896107e-02
5.05000000000000e+00  5.89835892364719e-02
5.10000000000000e+00  6.16429365860145e-02
5.15000000000000e+00  6.44421421313776e-02
5.20000000000000e+00  6.73885971492858e-02
5.25000000000000e+00  7.04905560576304e-02
5.30000000000000e+00  7.37570799730524e-02
5.35000000000000e+00  7.71979802685241e-02
5.40000000000000e+00  8.08237621309320e-02
5.45000000000000e+00  8.46455681186583e-02
5.50000000000000e+00  8.86751217191634e-02
5.55000000000000e+00  9.29246709065681e-02
5.60000000000000e+00  9.74069316992356e-02
5.65000000000000e+00  1.02135031717354e-01
5.70000000000000e+00  1.07122453740518e-01
5.75000000000000e+00  1.12382979265312e-01
5.80000000000000e+00  1.17930632062890e-01
5.85000000000000e+00  1.23779621736562e-01
5.90000000000000e+00  1.29944287279372e-01
5.95000000000000e+00  1.36439040631682e-01
6.00000000000000e+00  1.43278310238755e-01
6.05000000000000e+00  1.50476484608333e-01
6.10000000000000e+00  1.58047855868227e-01
6.15000000000000e+00  1.66006563323892e-01
6.20000000000000e+00  1.74366537016011e-01
6.25000000000000e+00  1.83134376458001e-01
6.30000000000000e+00  1.92322291420113e-01
6.35000000000000e+00  2.01938419793213e-01
6.40000000000000e+00  2.11988273218298e-01
6.45000000000000e+00  2.22475043998134e-01
6.50000000000000e+00  2.33398999694715e-01
6.55000000000000e+00  2.44756877726700e-01
6.60000000000000e+00  2.56541279966870e-01
6.65000000000000e+00  2.68740067339573e-01
6.70000000000000e+00  2.81335754418173e-01
6.75000000000000e+00  2.94304904022498e-01
6.80000000000000e+00  3.07617521816287e-01
6.85000000000000e+00  3.21236450904643e-01
6.90000000000000e+00  3.35116175036983e-01
6.95000000000000e+00  3.49202513654164e-01
7.00000000000000e+00  3.63430970286276e-01
7.05000000000000e+00  3.77728425325223e-01
7.10000000000000e+00  3.92010087990238e-01
7.15000000000000e+00  4.06179298852624e-01
7.20000000000000e+00  4.20127332360503e-01
7.25000000000000e+00  4.33733199363561e-01
7.30000000000000e+00  4.46863449637792e-01
7.35000000000000e+00  4.59371974410243e-01
7.40000000000000e+00  4.71099808883761e-01
7.45000000000000e+00  4.81874934761737e-01
7.50000000000000e+00  4.91510951770591e-01
7.55000000000000e+00  4.99823872134283e-01
7.60000000000000e+00  5.06598218655294e-01
7.65000000000000e+00  5.11627647600307e-01
7.70000000000000e+00  5.14696464472408e-01
7.75000000000000e+00  5.15584139406965e-01
7.80000000000000e+00  5.14069822567513e-01
7.85000000000000e+00  5.09936859541640e-01
7.90000000000000e+00  5.02977306736869e-01
7.95000000000000e+00  4.92996446776539e-01
8.00000000000000e+00  4.79817303895691e-01
8.05000000000000e+00  4.63285159336951e-01
8.10000000000000e+00  4.43272066746415e-01
8.15000000000000e+00  4.19690487629068e-01
8.20000000000000e+00  3.92492941452683e-01
8.25000000000000e+00  3.61679674861283e-01
8.30000000000000e+00  3.27306376813979e-01
8.35000000000000e+00  2.89489104327009e-01
8.40000000000000e+00  2.48409488945908e-01
8.45000000000000e+00  2.04319637834577e-01
8.50000000000000e+00  1.57544955527788e-01
8.55000000000000e+00  1.08485841732345e-01
8.60000000000000e+00  5.76179131066439e-02
8.65000000000000e+00  5.48999306892526e-03
8.70000000000000e+00  -4.72812880599213e-02
8.75000000000000e+00  -1.00015652084173e-01
8.80000000000000e+00  -1.51986187489367e-01
8.85000000000000e+00  -2.02420375338996e-01
8.90000000000000e+00  -2.50524187723939e-01
8.95000000000000e+00  -2.95496547461274e-01
9.00000000000000e+00  -3.36550487153765e-01
9.05000000000000e+00  -3.72934308249319e-01
9.10000000000000e+00  -4.03954793846296e-01
9.15000000000000e+00  -4.29001844472649e-01
9.20000000000000e+00  -4.47569454468570e-01
9.25000000000000e+00  -4.59280253477190e-01
9.30000000000000e+00  -4.63901907033626e-01
9.35000000000000e+00  -4.61362268797953e-01
9.40000000000000e+00  -4.51760607918497e-01
9.45000000000000e+00  -4.35369386793686e-01
9.50000000000000e+00  -4.12627167128904e-01
9.55000000000000e+00  -3.84130459241876e-01
9.60000000000000e+00  -3.50607676482667e-01
9.65000000000000e+00  -3.12886131333111e-01
9.70000000000000e+00  -2.71856256013927e-01
9.75000000000000e+00  -2.28415940588437e-01
9.80000000000000e+00  -1.83419479832984e-01
9.85000000000000e+00  -1.37615305292891e-01
9.90000000000000e+00  -9.15845118102056e-02
9.95000000000000e+00  -4.56857161185867e-02
1.00000000000000e+01  -8.45602403323175e-08
1.00500000000000e+01  4.56857161201412e-02
1.01000000000000e+01  9.15845118117660e-02
1.01500000000000e+01  1.37615305294457e-01
1.02000000000000e+01  1.83419479834555e-01
1.02500000000000e+01  2.28415940590010e-01
1.03000000000000e+01  2.71856256015499e-01
1.03500000000000e+01  3.12886131334680e-01
1.04000000000000e+01  3.50607676484229e-01
1.04500000000000e+01  3.84130459243427e-01
1.05000000000000e+01  4.12627167130439e-01
1.05500000000000e+01  4.35369386795204e-01
1.06000000000000e+01  4.51760607919994e-01
1.06500000000000e+01  4.61362268799426e-01
1.07000000000000e+01  4.63901907035075e-01
1.07500000000000e+01  4.59280253478614e-01
1.08000000000000e+01  4.47569454469967e-01
1.08500000000000e+01  4.29001844474019e-01
1.09000000000000e+01  4.03954793847640e-01
1.09500000000000e+01  3.72934308250635e-01
1.10000000000000e+01  3.36550487155057e-01
1.10500000000000e+01  2.95496547462540e-01
1.11000000000000e+01  2.50524187725180e-01
1.11500000000000e+01  2.02420375340215e-01
1.12000000000000e+01  1.51986187490560e-01
1.12500000000000e+01  1.00016892914750e-01
1.13000000000000e+01  4.72812880610669e-02
1.13500000000000e+01  -5.48999306780428e-03
1.14000000000000e+01  -5.76179131055440e-02
1.14500000000000e+01  -1.08485841731271e-01
1.15000000000000e+01  -1.57544955526737e-01
1.15500000000000e+01  -2.04319637833551e-01
1.16000000000000e+01  -2.48409488944906e-01
1.16500000000000e+01  -2.89489104326031e-01
1.17000000000000e+01  -3.27306376813028e-01
1.17500000000000e+01  -3.61679674860357e-01
1.18000000000000e+01  -3.92492941451786e-01
1.18500000000000e+01  -4.19690487628199e-01
1.19000000000000e+01  -4.43272066745572e-01
1.19500000000000e+01  -4.63285159336136e-01
1.20000000000000e+01  -4.79817303894904e-01
1.20500000000000e+01  -4.92996446775780e-01
1.21000000000000e+01  -5.02977306736138e-01
1.21500000000000e+01  -5.09936859540938e-01
1.22000000000000e+01  -5.14069822566838e-01
1.22500000000000e+01  -5.15584139406318e-01
1.23000000000000e+01  -5.14696464471789e-01
1.23500000000000e+01  -5.11627647599715e-01
1.24000000000000e+01  -5.06598218654728e-01
1.24500000000000e+01  -4.99823872133744e-01
1.25000000000000e+01  -4.91512082772339e-01
1.25500000000000e+01  -4.81874934761249e-01
1.26000000000000e+01  -4.71099808883297e-01
1.26500000000000e+01  -4.59371974409803e-01
1.27000000000000e+01  -4.46863449637375e-01
1.27500000000000e+01  -4.33733199363166e-01
1.28000000000000e+01  -4.20127332360129e-01
1.28500000000000e+01  -4.06179298852271e-01
1.29000000000000e+01  -3.92010087989905e-01
1.29500000000000e+01  -3.77728425324909e-01
1.30000000000000e+01  -3.63430970285980e-01
1.30500000000000e+01  -3.49202513653885e-01
1.31000000000000e+01  -3.35116175036721e-01
1.31500000000000e+01  -3.21236450904396e-01
1.32000000000000e+01  -3.07617521816055e-01
1.32500000000000e+01  -2.94304904022280e-01
1.33000000000000e+01  -2.81335754417969e-01
1.33500000000000e+01  -2.68740067339382e-01
1.34000000000000e+01  -2.56541279966691e-01
1.34500000000000e+01  -2.44756877726532e-01
1.35000000000000e+01  -2.33398999694558e-01
1.35500000000000e+01  -2.22475043997987e-01
1.36000000000000e+01  -2.11988273218160e-01
1.36500000000000e+01  -2.01938419793085e-01
1.37000000000000e+01  -1.92322291419993e-01
1.37500000000000e+01  -1.83141441277968e-01
1.38000000000000e+01  -1.74366537015907e-01
1.38500000000000e+01  -1.66006563323795e-01
1.39000000000000e+01  -1.58047855868137e-01
1.39500000000000e+01  -1.50476484608249e-01
1.40000000000000e+01  -1.43278310238676e-01
1.40500000000000e+01  -1.36439040631609e-01
1.41000000000000e+01  -1.29944287279305e-01
1.41500000000000e+01  -1.23779621736500e-01
1.42000000000000e+01  -1.17930632062832e-01
1.42500000000000e+01  -1.12382979265257e-01
1.43000000000000e+01  -1.07122453740468e-01
1.43500000000000e+01  -1.02135031717307e-01
1.44000000000000e+01  -9.74069316991923e-02
1.44500000000000e+01  -9.29246709065279e-02
1.45000000000000e+01  -8.86751217191262e-02
1.45500000000000e+01  -8.46455681186240e-02
1.46000000000000e+01  -8.08237621309002e-02
1.46500000000000e+01  -7.71979802684947e-02
1.47000000000000e+01  -7.37570799730251e-02
1.47500000000000e+01  -7.04905560576053e-02
1.48000000000000e+01  -6.73885971492625e-02
1.48500000000000e+01  -6.44421421313562e-02
1.49000000000000e+01  -6.16429365859947e-02
1.49500000000000e+01  -5.89835892364537e-02
1.50000000000000e+01  -5.64542137646917e-02
1.50500000000000e+01  -5.40466521154346e-02
1.51000000000000e+01  -5.17545216739726e-02
1.51500000000000e+01  -4.95713417777479e-02
1.52000000000000e+01  -4.74910029650999e-02
1.52500000000000e+01  -4.55077523008621e-02
1.53000000000000e+01  -4.36161787019559e-02
1.53500000000000e+01  -4.18111982629878e-02
1.54000000000000e+01  -4.00880395818436e-02
1.54500000000000e+01  -3.84422290852845e-02
1.55000000000000e+01  -3.68695763545430e-02
1.55500000000000e+01  -3.53661594509175e-02
1.56000000000000e+01  -3.39283102413686e-02
1.56500000000000e+01  -3.25525997241143e-02
1.57000000000000e+01  -3.12358233542254e-02
1.57500000000000e+01  -2.99749863692213e-02
1.58000000000000e+01  -2.87672891146655e-02
1.58500000000000e+01  -2.76101123697607e-02
1.59000000000000e+01  -2.65010026729452e-02
1.59500000000000e+01  -2.54376576474871e-02
1.60000000000000e+01  -2.44179113270814e-02
1.60500000000000e+01  -2.34397194814441e-02
1.61000000000000e+01  -2.25011449419085e-02
1.61500000000000e+01  -2.16003429270208e-02
1.62000000000000e+01  -2.07355463681350e-02
1.62500000000000e+01  -1.99052380292553e-02
1.63000000000000e+01  -1.91081303402229e-02
1.63500000000000e+01  -1.83425442651166e-02
1.64000000000000e+01  -1.76071673948260e-02
1.64500000000000e+01  -1.69007481401310e-02
1.65000000000000e+01  -1.62220933149222e-02
1.65500000000000e+01  -1.55700657194217e-02
1.66000000000000e+01  -1.49435817234033e-02
1.66500000000000e+01  -1.43416088494129e-02
1.67000000000000e+01  -1.37631633559894e-02
1.67500000000000e+01  -1.32073078208844e-02
1.68000000000000e+01  -1.26731487242835e-02
1.68500000000000e+01  -1.21598340320261e-02
1.69000000000000e+01  -1.16665507788263e-02
1.69500000000000e+01  -1.11925226514931e-02
1.70000000000000e+01  -1.07370075721511e-02
1.70500000000000e+01  -1.02992952814605e-02
1.71000000000000e+01  -9.87870492183815e-03
1.71500000000000e+01  -9.47458262067769e-03
1.72000000000000e+01  -9.08629907357004e-03
1.72500000000000e+01  -8.71324712752380e-03
1.73000000000000e+01  -8.35483936418590e-03
1.73500000000000e+01  -8.01050568306190e-03
1.74000000000000e+01  -7.67969088473654e-03
1.74500000000000e+01  -7.36185225409413e-03
1.75000000000000e+01  -7.05665684877157e-03
1.75500000000000e+01  -6.76379561538163e-03
1.76000000000000e+01  -6.48250963095058e-03
1.76500000000000e+01  -6.21237659564637e-03
1.77000000000000e+01  -5.95298719665941e-03
1.77500000000000e+01  -5.70394485598323e-03
1.78000000000000e+01  -5.46486547819550e-03
1.78500000000000e+01  -5.23537719823876e-03
1.79000000000000e+01  -5.01512012920118e-03
1.79500000000000e+01  -4.80374611009755e-03
1.80000000000000e+01  -4.60091845364992e-03
1.80500000000000e+01  -4.40631169406857e-03
1.81000000000000e+01  -4.21961133483277e-03
1.81500000000000e+01  -4.04051359647159e-03
1.82000000000000e+01  -3.86872516434480e-03
1.82500000000000e+01  -3.70396293642356e-03
1.83000000000000e+01  -3.54595377107141e-03
1.83500000000000e+01  -3.39443423482496e-03
1.84000000000000e+01  -3.24915035017479e-03
1.84500000000000e+01  -3.10985734334627e-03
1.85000000000000e+01  -2.97631939208030e-03
1.85500000000000e+01  -2.84830937341428e-03
1.86000000000000e+01  -2.72560861146280e-03
1.86500000000000e+01  -2.60800662519857e-03
1.87000000000000e+01  -2.49530087623315e-03
1.87500000000000e+01  -2.38729651659784e-03
1.88000000000000e+01  -2.28380613652449e-03
1.88500000000000e+01  -2.18464951222631e-03
1.89000000000000e+01  -2.08965335367871e-03
1.89500000000000e+01  -1.99865105240013e-03
1.90000000000000e+01  -1.91148242923283e-03
1.90500000000000e+01  -1.82799348212375e-03
1.91000000000000e+01  -1.74803613390534e-03
1.91500000000000e+01  -1.67146798007635e-03
1.92000000000000e+01  -1.59815203658267e-03
1.92500000000000e+01  -1.52795648759818e-03
1.93000000000000e+01  -1.46075443330552e-03
1.93500000000000e+01  -1.39642363767699e-03
1.94000000000000e+01  -1.33484627625529e-03
1.94500000000000e+01  -1.27590868393442e-03
1.95000000000000e+01  -1.21950110274046e-03
1.95500000000000e+01  -1.16551742961238e-03
1.96000000000000e+01  -1.11385496418294e-03
1.96500000000000e+01  -1.06441415655944e-03
1.97000000000000e+01  -1.01709835510456e-03
1.97500000000000e+01  -9.71813554217230e-04
1.98000000000000e+01  -9.28468142113378e-04
1.98500000000000e+01  -8.86972648606827e-04
1.99000000000000e+01  -8.47239492890083e-04
1.99500000000000e+01  -8.09182731315160e-04
2.00000000000000e+01  -7.72717805174437e-04
