0.00000000000000e+00  -6.32247414575380e-02
2.50000000000000e-02  -7.05849498181801e-02
5.00000000000000e-02  -7.81982317863502e-02
7.50000000000000e-02  -8.60794190163482e-02
1.00000000000000e-01  -9.42420799307607e-02
1.25000000000000e-01  -1.02698402576041e-01
1.50000000000000e-01  -1.11459077478091e-01
1.75000000000000e-01  -1.20533180497839e-01
2.00000000000000e-01  -1.29928055686829e-01
2.25000000000000e-01  -1.39649198142795e-01
2.50000000000000e-01  -1.49700136865247e-01
2.75000000000000e-01  -1.60082317611049e-01
3.00000000000000e-01  -1.70794985750005e-01
3.25000000000000e-01  -1.81835069120439e-01
3.50000000000000e-01  -1.93197060884775e-01
3.75000000000000e-01  -2.04872902385119e-01
4.00000000000000e-01  -2.16851865998844e-01
4.25000000000000e-01  -2.29120437994168e-01
4.50000000000000e-01  -2.41662201385737e-01
4.75000000000000e-01  -2.54457718790207e-01
5.00000000000000e-01  -2.67484415281824e-01
5.25000000000000e-01  -2.80716461248010e-01
5.50000000000000e-01  -2.94124655244937e-01
5.75000000000000e-01  -3.07676306853118e-01
6.00000000000000e-01  -3.21335119532980e-01
6.25000000000000e-01  -3.35063356877372e-01
6.50000000000000e-01  -3.48811991441492e-01
6.75000000000000e-01  -3.62540496315842e-01
7.00000000000000e-01  -3.76198235387908e-01
7.25000000000000e-01  -3.89731228184508e-01
7.50000000000000e-01  -4.03082309057228e-01
7.75000000000000e-01  -4.16191286367868e-01
8.00000000000000e-01  -4.28995101673882e-01
8.25000000000000e-01  -4.41427988913825e-01
8.50000000000000e-01  -4.53421633592791e-01
8.75000000000000e-01  -4.64905331967858e-01
9.00000000000000e-01  -4.75806150233531e-01
9.25000000000000e-01  -4.86049083707182e-01
9.50000000000000e-01  -4.95558147511958e-01
9.75000000000000e-01  -5.04256064345921e-01
1.00000000000000e+00  -5.12064798414602e-01
1.02500000000000e+00  -5.18906473010053e-01
1.05000000000000e+00  -5.24703436203505e-01
1.07500000000000e+00  -5.29378920705846e-01
1.10000000000000e+00  -5.32857703728083e-01
1.12500000000000e+00  -5.35066766841812e-01
1.15000000000000e+00  -5.35935955839689e-01
1.17500000000000e+00  -5.35398640595902e-01
1.20000000000000e+00  -5.33392374926632e-01
1.22500000000000e+00  -5.29859556450531e-01
1.25000000000000e+00  -5.24750516693185e-01
1.27500000000000e+00  -5.18010496565866e-01
1.30000000000000e+00  -5.09605576224394e-01
1.32500000000000e+00  -4.99503059172680e-01
1.35000000000000e+00  -4.87678825606920e-01
1.37500000000000e+00  -4.74117817254998e-01
1.40000000000000e+00  -4.58814522215899e-01
1.42500000000000e+00  -4.41773459799123e-01
1.45000000000000e+00  -4.23009665364088e-01
1.47500000000000e+00  -4.02549175159548e-01
1.50000000000000e+00  -3.80429511163002e-01
1.52500000000000e+00  -3.56700165920099e-01
1.55000000000000e+00  -3.31423087384060e-01
1.57500000000000e+00  -3.04671859639691e-01
1.60000000000000e+00  -2.76532787971854e-01
1.62500000000000e+00  -2.47105179249091e-01
1.65000000000000e+00  -2.16499379482904e-01
1.67500000000000e+00  -1.84838529782135e-01
1.70000000000000e+00  -1.52257866057706e-01
1.72500000000000e+00  -1.18904018727366e-01
1.75000000000000e+00  -8.49343124204273e-02
1.77500000000000e+00  -5.05160656825115e-02
1.80000000000000e+00  -1.58258906802916e-02
1.82500000000000e+00  1.89510070937703e-02
1.85000000000000e+00  5.36215291166738e-02
1.87500000000000e+00  8.79851560020818e-02
1.90000000000000e+00  1.21841166314070e-01
1.92500000000000e+00  1.54979750990980e-01
1.95000000000000e+00  1.87191367175956e-01
1.97500000000000e+00  2.18265595932720e-01
2.00000000000000e+00  2.47992944316892e-01
2.02500000000000e+00  2.76166647447305e-01
2.05000000000000e+00  3.02584470577325e-01
2.07500000000000e+00  3.27050511166163e-01
2.10000000000000e+00  3.49377000950198e-01
2.12500000000000e+00  3.69386108014291e-01
2.15000000000000e+00  3.86911738863101e-01
2.17500000000000e+00  4.01801340492407e-01
2.20000000000000e+00  4.13917767249468e-01
2.22500000000000e+00  4.23140943804645e-01
2.25000000000000e+00  4.29370378053875e-01
2.27500000000000e+00  4.32523657665704e-01
2.30000000000000e+00  4.32540977824470e-01
2.32500000000000e+00  4.29385760320663e-01
2.35000000000000e+00  4.23045272641280e-01
2.37500000000000e+00  4.13531247060182e-01
2.40000000000000e+00  4.00880499728452e-01
2.42500000000000e+00  3.85155549764748e-01
2.45000000000000e+00  3.66445238345668e-01
2.47500000000000e+00  3.44865347796096e-01
2.50000000000000e+00  3.20550420037356e-01
2.52500000000000e+00  2.93679368041399e-01
2.55000000000000e+00  2.64440239226147e-01
2.57500000000000e+00  2.33045694142301e-01
2.60000000000000e+00  1.99732477712558e-01
2.62500000000000e+00  1.64758989936277e-01
2.65000000000000e+00  1.28402856594137e-01
2.67500000000000e+00  9.09584999528015e-02
2.70000000000000e+00  5.27347094695754e-02
2.72500000000000e+00  1.40522124970722e-02
2.75000000000000e+00  -2.47587550121270e-02
2.77500000000000e+00  -6.33608778008116e-02
2.80000000000000e+00  -1.01412190602479e-01
2.82500000000000e+00  -1.38572262170842e-01
2.85000000000000e+00  -1.74502558893191e-01
2.87500000000000e+00  -2.08871447593400e-01
2.90000000000000e+00  -2.41355046407517e-01
2.92500000000000e+00  -2.71643111831941e-01
2.95000000000000e+00  -2.99441891280954e-01
2.97500000000000e+00  -3.24476975644256e-01
3.00000000000000e+00  -3.46496151844502e-01
3.02500000000000e+00  -3.65272255394838e-01
3.05000000000000e+00  -3.80606022956434e-01
3.07500000000000e+00  -3.92328944896019e-01
3.10000000000000e+00  -4.00306117843421e-01
3.12500000000000e+00  -4.04440683352121e-01
3.15000000000000e+00  -4.04660685127844e-01
3.17500000000000e+00  -4.00949333812445e-01
3.20000000000000e+00  -3.93315456948420e-01
3.22500000000000e+00  -3.81810387696226e-01
3.25000000000000e+00  -3.66526494307589e-01
3.27500000000000e+00  -3.47595709598804e-01
3.30000000000000e+00  -3.25188060424046e-01
3.32500000000000e+00  -2.99510197148673e-01
3.35000000000000e+00  -2.70803923122527e-01
3.37500000000000e+00  -2.39344724153248e-01
3.40000000000000e+00  -2.05440297979571e-01
3.42500000000000e+00  -1.69429083744640e-01
3.45000000000000e+00  -1.31670511318162e-01
3.47500000000000e+00  -9.25477787835805e-02
3.50000000000000e+00  -5.24620689600879e-02
3.52500000000000e+00  -1.18282898654478e-02
3.55000000000000e+00  2.89290021738970e-02
3.57500000000000e+00  6.93802648216283e-02
3.60000000000000e+00  1.09095632030355e-01
3.62500000000000e+00  1.47649576340418e-01
3.65000000000000e+00  1.84625571178690e-01
3.67500000000000e+00  2.19620753157381e-01
3.70000000000000e+00  2.52250584372843e-01
3.72500000000000e+00  2.82153514704368e-01
3.75000000000000e+00  3.09000202133700e-01
3.77500000000000e+00  3.32473909259679e-01
3.80000000000000e+00  3.52319844321803e-01
3.82500000000000e+00  3.68303188044178e-01
3.85000000000000e+00  3.80234306308110e-01
3.87500000000000e+00  3.87969356530266e-01
3.90000000000000e+00  3.91410894040843e-01
3.92500000000000e+00  3.90508478461735e-01
3.95000000000000e+00  3.85259280084697e-01
3.97500000000000e+00  3.75708686249510e-01
4.00000000000000e+00  3.61950907722154e-01
4.02500000000000e+00  3.44129585072963e-01
4.05000000000000e+00  3.22438395054804e-01
4.07500000000000e+00  2.97110340174871e-01
4.10000000000000e+00  2.68423916182451e-01
4.12500000000000e+00  2.36698702035893e-01
4.15000000000000e+00  2.02288106126323e-01
4.17500000000000e+00  1.65579560330733e-01
4.20000000000000e+00  1.26989260381068e-01
4.22500000000000e+00  8.69569062333331e-02
4.25000000000000e+00  4.59404424366796e-02
4.27500000000000e+00  4.41079850249880e-03
4.30000000000000e+00  -3.71533707264748e-02
4.32500000000000e+00  -7.82709447070774e-02
4.35000000000000e+00  -1.18463596826611e-01
4.37500000000000e+00  -1.57261755877347e-01
4.40000000000000e+00  -1.94209332161055e-01
4.42500000000000e+00  -2.28878012570166e-01
4.45000000000000e+00  -2.60854658254334e-01
4.47500000000000e+00  -2.89760025240102e-01
4.50000000000000e+00  -3.15251643241563e-01
4.52500000000000e+00  -3.37026694471006e-01
4.55000000000000e+00  -3.54824892449564e-01
4.57500000000000e+00  -3.68431360817873e-01
4.60000000000000e+00  -3.77679512146715e-01
4.62500000000000e+00  -3.82453926747674e-01
4.65000000000000e+00  -3.82693231483787e-01
4.67500000000000e+00  -3.78392978580193e-01
4.70000000000000e+00  -3.69596471542109e-01
4.72500000000000e+00  -3.56403405013420e-01
4.75000000000000e+00  -3.38968137777918e-01
4.77500000000000e+00  -3.17490900429307e-01
4.80000000000000e+00  -2.92222892368429e-01
4.82500000000000e+00  -2.63461725468510e-01
4.85000000000000e+00  -2.31546867740395e-01
4.87500000000000e+00  -1.96855086997793e-01
4.90000000000000e+00  -1.59795894522516e-01
4.92500000000000e+00  -1.20806988729721e-01
4.95000000000000e+00  -8.03496988331534e-02
4.97500000000000e+00  -3.89044285103801e-02
5.00000000000000e+00  3.04202616406859e-03
5.02500000000000e+00  4.49786534618116e-02
5.05000000000000e+00  8.64196614599258e-02
5.07500000000000e+00  1.26870014190570e-01
5.10000000000000e+00  1.65849252151993e-01
5.12500000000000e+00  2.02896035996954e-01
5.15000000000000e+00  2.37572690221159e-01
5.17500000000000e+00  2.69469746851681e-01
5.20000000000000e+00  2.98210489135388e-01
5.22500000000000e+00  3.23455495227378e-01
5.25000000000000e+00  3.44907181879397e-01
5.27500000000000e+00  3.62314348128275e-01
5.30000000000000e+00  3.75476718984348e-01
5.32500000000000e+00  3.84240019134119e-01
5.35000000000000e+00  3.88504601902776e-01
5.37500000000000e+00  3.88227132088475e-01
5.40000000000000e+00  3.83412214667427e-01
5.42500000000000e+00  3.74121312270420e-01
5.45000000000000e+00  3.60469887329208e-01
5.47500000000000e+00  3.42624544222909e-01
5.50000000000000e+00  3.20800171424396e-01
5.52500000000000e+00  2.95257083646688e-01
5.55000000000000e+00  2.66298163989348e-01
5.57500000000000e+00  2.34266006084872e-01
5.60000000000000e+00  1.99540056245081e-01
5.62500000000000e+00  1.62532199598672e-01
5.65000000000000e+00  1.23673669316479e-01
5.67500000000000e+00  8.34181795198594e-02
5.70000000000000e+00  4.22360693822741e-02
5.72500000000000e+00  6.05735734143886e-04
5.75000000000000e+00  -4.09916267863477e-02
5.77500000000000e+00  -8.20772855824761e-02
5.80000000000000e+00  -1.22180229948179e-01
5.82500000000000e+00  -1.60842430917260e-01
5.85000000000000e+00  -1.97624101112612e-01
5.87500000000000e+00  -2.32108954595407e-01
5.90000000000000e+00  -2.63909466714326e-01
5.92500000000000e+00  -2.92672133954750e-01
5.95000000000000e+00  -3.18077279471498e-01
5.97500000000000e+00  -3.39846309678488e-01
6.00000000000000e+00  -3.57746120761562e-01
6.02500000000000e+00  -3.71582935374925e-01
6.05000000000000e+00  -3.81213011205553e-01
6.07500000000000e+00  -3.86542035416570e-01
6.10000000000000e+00  -3.87524519090630e-01
6.12500000000000e+00  -3.84163191673298e-01
6.15000000000000e+00  -3.76508395416432e-01
6.17500000000000e+00  -3.64657479821563e-01
6.20000000000000e+00  -3.48754196083281e-01
6.22500000000000e+00  -3.28988091532610e-01
6.25000000000000e+00  -3.05589563310170e-01
6.27500000000000e+00  -2.78826270880160e-01
6.30000000000000e+00  -2.49001910564503e-01
6.32500000000000e+00  -2.16450215145320e-01
6.35000000000000e+00  -1.81532601754536e-01
6.37500000000000e+00  -1.44633505145077e-01
6.40000000000000e+00  -1.06155710962050e-01
6.42500000000000e+00  -6.65156890139436e-02
6.45000000000000e+00  -2.61389265438076e-02
6.47500000000000e+00  1.45447384995535e-02
6.50000000000000e+00  5.51057841903849e-02
6.52500000000000e+00  9.51196713548041e-02
6.55000000000000e+00  1.34171510299599e-01
6.57500000000000e+00  1.71860126962086e-01
6.60000000000000e+00  2.07802336772482e-01
6.62500000000000e+00  2.41638737752470e-01
6.65000000000000e+00  2.73030895967636e-01
6.67500000000000e+00  3.01671132325591e-01
6.70000000000000e+00  3.27283985872495e-01
6.72500000000000e+00  3.49627677089596e-01
6.75000000000000e+00  3.68495571189745e-01
6.77500000000000e+00  3.83717641413940e-01
6.80000000000000e+00  3.95161932327844e-01
6.82500000000000e+00  4.02736023118318e-01
6.85000000000000e+00  4.06388490889950e-01
6.87500000000000e+00  4.06109562773003e-01
6.90000000000000e+00  4.01919439993213e-01
6.92500000000000e+00  3.93886535917024e-01
6.95000000000000e+00  3.82109131412668e-01
6.97500000000000e+00  3.66722023399673e-01
7.00000000000000e+00  3.47893662665884e-01
7.02500000000000e+00  3.25823291684469e-01
7.05000000000000e+00  3.00738082430942e-01
7.07500000000000e+00  2.72890274200170e-01
7.10000000000000e+00  2.42554311423394e-01
7.12500000000000e+00  2.10023981485243e-01
7.15000000000000e+00  1.75609552540745e-01
7.17500000000000e+00  1.39634911332345e-01
7.20000000000000e+00  1.02431719489028e-01
7.22500000000000e+00  6.43385162224382e-02
7.25000000000000e+00  2.56957272285382e-02
7.27500000000000e+00  -1.31546833670057e-02
7.30000000000000e+00  -5.18754098243595e-02
7.32500000000000e+00  -9.01362293922301e-02
7.35000000000000e+00  -1.27616426910591e-01
7.37500000000000e+00  -1.64007219413383e-01
7.40000000000000e+00  -1.99014180731241e-01
7.42500000000000e+00  -2.32359666094197e-01
7.45000000000000e+00  -2.63785236734398e-01
7.47500000000000e+00  -2.93054084488824e-01
7.50000000000000e+00  -3.19962507029073e-01
7.52500000000000e+00  -3.44296205712901e-01
7.55000000000000e+00  -3.65902524451702e-01
7.57500000000000e+00  -3.84638156451549e-01
7.60000000000000e+00  -4.00387354256251e-01
7.62500000000000e+00  -4.13061310854861e-01
7.65000000000000e+00  -4.22597540789193e-01
7.67500000000000e+00  -4.28959261261336e-01
7.70000000000000e+00  -4.32134773241171e-01
7.72500000000000e+00  -4.32136842573886e-01
7.75000000000000e+00  -4.29002081087486e-01
7.77500000000000e+00  -4.22790327700313e-01
7.80000000000000e+00  -4.13584029528557e-01
7.82500000000000e+00  -4.01483713229322e-01
7.85000000000000e+00  -3.86609489204395e-01
7.87500000000000e+00  -3.69098538887369e-01
7.90000000000000e+00  -3.49103449642944e-01
7.92500000000000e+00  -3.26790349588905e-01
7.95000000000000e+00  -3.02337104731055e-01
7.97500000000000e+00  -2.75931516098142e-01
8.00000000000000e+00  -2.47769516876804e-01
8.02500000000000e+00  -2.18053369546493e-01
8.05000000000000e+00  -1.86989863014415e-01
8.07500000000000e+00  -1.54788509750467e-01
8.10000000000000e+00  -1.21659742922159e-01
8.12500000000000e+00  -8.78134503410092e-02
8.15000000000000e+00  -5.34585433047471e-02
8.17500000000000e+00  -1.87966639943517e-02
8.20000000000000e+00  1.59719095494143e-02
8.22500000000000e+00  5.06540837207701e-02
8.25000000000000e+00  8.50646511234586e-02
8.27500000000000e+00  1.19026992345256e-01
8.30000000000000e+00  1.52373777732510e-01
8.32500000000000e+00  1.84947669164676e-01
8.35000000000000e+00  2.16602021828828e-01
8.37500000000000e+00  2.47201585994207e-01
8.40000000000000e+00  2.76623208786733e-01
8.42500000000000e+00  3.04756535963542e-01
8.45000000000000e+00  3.31502251206494e-01
8.47500000000000e+00  3.56774043373845e-01
8.50000000000000e+00  3.80498324466757e-01
8.52500000000000e+00  4.02613143724524e-01
8.55000000000000e+00  4.23069006665489e-01
8.57500000000000e+00  4.41828389401493e-01
8.60000000000000e+00  4.58865252952331e-01
8.62500000000000e+00  4.74164557560215e-01
8.65000000000000e+00  4.87721777004215e-01
8.67500000000000e+00  4.99542412914726e-01
8.70000000000000e+00  5.09641509087916e-01
8.72500000000000e+00  5.18043165800187e-01
8.75000000000000e+00  5.24777707186839e-01
8.77500000000000e+00  5.29886271615231e-01
8.80000000000000e+00  5.33416359396968e-01
8.82500000000000e+00  5.35420062428539e-01
8.85000000000000e+00  5.35954976657208e-01
8.87500000000000e+00  5.35083542166612e-01
8.90000000000000e+00  5.32872383262372e-01
8.92500000000000e+00  5.29391648557698e-01
8.95000000000000e+00  5.24714351058993e-01
8.97500000000000e+00  5.18915708251464e-01
9.00000000000000e+00  5.12072482184720e-01
9.02500000000000e+00  5.04262319558388e-01
9.05000000000000e+00  4.95563091807712e-01
9.07500000000000e+00  4.86052829396303e-01
9.10000000000000e+00  4.75808804308538e-01
9.12500000000000e+00  4.64906996135660e-01
9.15000000000000e+00  4.53422404173621e-01
9.17500000000000e+00  4.41427956948580e-01
9.20000000000000e+00  4.28994353056147e-01
9.22500000000000e+00  4.16189902000628e-01
9.25000000000000e+00  4.03080365034266e-01
9.27500000000000e+00  3.89728795996488e-01
9.30000000000000e+00  3.76195382153152e-01
9.32500000000000e+00  3.62537285035783e-01
9.35000000000000e+00  3.48808481280824e-01
9.37500000000000e+00  3.35057318130713e-01
9.40000000000000e+00  3.21331168171387e-01
9.42500000000000e+00  3.07672205435457e-01
9.45000000000000e+00  2.94120445848095e-01
9.47500000000000e+00  2.80712182237506e-01
9.50000000000000e+00  2.67480101481222e-01
9.52500000000000e+00  2.54453401652409e-01
9.55000000000000e+00  2.41657909166163e-01
9.57500000000000e+00  2.29116195925814e-01
9.60000000000000e+00  2.16847696469225e-01
9.62500000000000e+00  2.04868825115094e-01
9.65000000000000e+00  1.93193093109252e-01
9.67500000000000e+00  1.81831225770969e-01
9.70000000000000e+00  1.70791279639249e-01
9.72500000000000e+00  1.60078759619137e-01
9.75000000000000e+00  1.49696736128013e-01
9.77500000000000e+00  1.39645962241897e-01
9.80000000000000e+00  1.29924990841750e-01
9.82500000000000e+00  1.20530291759773e-01
9.85000000000000e+00  1.11456368925708e-01
9.87500000000000e+00  1.02695877513143e-01
9.90000000000000e+00  9.42397410858035e-02
9.92500000000000e+00  8.60772687438628e-02
9.95000000000000e+00  7.81962722702385e-02
9.97500000000000e+00  7.05831832768927e-02
1.00000000000000e+01  6.32231703511384e-02
