0.00000000000000e+00  -6.32022694336398e-02
2.50000000000000e-02  -7.05604029355467e-02
5.00000000000000e-02  -7.81716310036756e-02
7.50000000000000e-02  -8.60507824285790e-02
1.00000000000000e-01  -9.42114239023774e-02
1.25000000000000e-01  -1.02665742791475e-01
1.50000000000000e-01  -1.11424429909272e-01
1.75000000000000e-01  -1.20496562288885e-01
2.00000000000000e-01  -1.29889485955859e-01
2.25000000000000e-01  -1.39608698700885e-01
2.50000000000000e-01  -1.49657732852516e-01
2.75000000000000e-01  -1.60038038049883e-01
3.00000000000000e-01  -1.70748864015409e-01
3.25000000000000e-01  -1.81787143327529e-01
3.50000000000000e-01  -1.93147374193400e-01
3.75000000000000e-01  -2.04821503221624e-01
4.00000000000000e-01  -2.16798808194957e-01
4.25000000000000e-01  -2.29065780843029e-01
4.50000000000000e-01  -2.41606009615061e-01
4.75000000000000e-01  -2.54400062452574e-01
5.00000000000000e-01  -2.67425369562117e-01
5.25000000000000e-01  -2.80656106187968e-01
5.50000000000000e-01  -2.94063075384862e-01
5.75000000000000e-01  -3.07613590790702e-01
6.00000000000000e-01  -3.21271359399275e-01
6.25000000000000e-01  -3.34996913147054e-01
6.50000000000000e-01  -3.48746795897919e-01
6.75000000000000e-01  -3.62475197206709e-01
7.00000000000000e-01  -3.76132216376318e-01
7.25000000000000e-01  -3.89664378228764e-01
7.50000000000000e-01  -4.03014829563882e-01
7.75000000000000e-01  -4.16123535618003e-01
8.00000000000000e-01  -4.28927476522641e-01
8.25000000000000e-01  -4.41360843763185e-01
8.50000000000000e-01  -4.53355236637578e-01
8.75000000000000e-01  -4.64839858715008e-01
9.00000000000000e-01  -4.75741714294591e-01
9.25000000000000e-01  -4.85985804864056e-01
9.50000000000000e-01  -4.95496090121343e-01
9.75000000000000e-01  -5.04195307523785e-01
1.00000000000000e+00  -5.12005473568064e-01
1.02500000000000e+00  -5.18848752463136e-01
1.05000000000000e+00  -5.24647554238198e-01
1.07500000000000e+00  -5.29325173920383e-01
1.10000000000000e+00  -5.32806430712444e-01
1.12500000000000e+00  -5.35018307170448e-01
1.15000000000000e+00  -5.35890588381462e-01
1.17500000000000e+00  -5.35356501141245e-01
1.20000000000000e+00  -5.33353353131937e-01
1.22500000000000e+00  -5.29823172099749e-01
1.25000000000000e+00  -5.24716853669299e-01
1.27500000000000e+00  -5.17980546279147e-01
1.30000000000000e+00  -5.09579086493021e-01
1.32500000000000e+00  -4.99479897978645e-01
1.35000000000000e+00  -4.87658942289495e-01
1.37500000000000e+00  -4.74101208291777e-01
1.40000000000000e+00  -4.58801201591407e-01
1.42500000000000e+00  -4.41763433960989e-01
1.45000000000000e+00  -4.23002912766795e-01
1.47500000000000e+00  -4.02545630395749e-01
1.50000000000000e+00  -3.80429053682400e-01
1.52500000000000e+00  -3.56702613335903e-01
1.55000000000000e+00  -3.31428193367004e-01
1.57500000000000e+00  -3.04679349067055e-01
1.60000000000000e+00  -2.76542368761220e-01
1.62500000000000e+00  -2.47116556599910e-01
1.65000000000000e+00  -2.16512289160310e-01
1.67500000000000e+00  -1.84852738352455e-01
1.70000000000000e+00  -1.52273166975289e-01
1.72500000000000e+00  -1.18920224272743e-01
1.75000000000000e+00  -8.49512414897945e-02
1.77500000000000e+00  -5.05335274285360e-02
1.80000000000000e+00  -1.58436640042449e-02
1.82500000000000e+00  1.89331981985561e-02
1.85000000000000e+00  5.36040443700240e-02
1.87500000000000e+00  8.79680097584992e-02
1.90000000000000e+00  1.21824634711907e-01
1.92500000000000e+00  1.54963844480154e-01
1.95000000000000e+00  1.87176089909800e-01
1.97500000000000e+00  2.18250928906108e-01
2.00000000000000e+00  2.47978831047608e-01
2.02500000000000e+00  2.76152982200657e-01
2.05000000000000e+00  3.02571089134005e-01
2.07500000000000e+00  3.27037184133349e-01
2.10000000000000e+00  3.49363429615904e-01
2.12500000000000e+00  3.69371922744955e-01
2.15000000000000e+00  3.86896500044425e-01
2.17500000000000e+00  4.01784542013436e-01
2.20000000000000e+00  4.13898839512193e-01
2.22500000000000e+00  4.23119237873922e-01
2.25000000000000e+00  4.29345183720490e-01
2.27500000000000e+00  4.32494194772347e-01
2.30000000000000e+00  4.32506401495973e-01
2.32500000000000e+00  4.29345165161982e-01
2.35000000000000e+00  4.22997695903236e-01
2.37500000000000e+00  4.13475670772951e-01
2.40000000000000e+00  4.00815851802805e-01
2.42500000000000e+00  3.85080704061048e-01
2.45000000000000e+00  3.66359013710613e-01
2.47500000000000e+00  3.44766506067218e-01
2.50000000000000e+00  3.20437571290385e-01
2.52500000000000e+00  2.93551609790412e-01
2.55000000000000e+00  2.64296132951579e-01
2.57500000000000e+00  2.32883848357221e-01
2.60000000000000e+00  1.99551529585289e-01
2.62500000000000e+00  1.64557591077323e-01
2.65000000000000e+00  1.28179663007437e-01
2.67500000000000e+00  9.07121661512905e-02
2.70000000000000e+00  5.24638867550643e-02
2.72500000000000e+00  1.37555514044442e-02
2.75000000000000e+00  -2.50825981064060e-02
2.77500000000000e+00  -6.37132299058656e-02
2.80000000000000e+00  -1.01794347175880e-01
2.82500000000000e+00  -1.38985507511753e-01
2.85000000000000e+00  -1.74948153965596e-01
2.87500000000000e+00  -2.09350600339044e-01
2.90000000000000e+00  -2.41868953737810e-01
2.92500000000000e+00  -2.72192940536953e-01
2.95000000000000e+00  -3.00028765810375e-01
2.97500000000000e+00  -3.25101972760324e-01
3.00000000000000e+00  -3.47160302146890e-01
3.02500000000000e+00  -3.65976551717501e-01
3.05000000000000e+00  -3.81351435636428e-01
3.07500000000000e+00  -3.93116443914279e-01
3.10000000000000e+00  -4.01136701837499e-01
3.12500000000000e+00  -4.05315021172304e-01
3.15000000000000e+00  -4.05579900718705e-01
3.17500000000000e+00  -4.01914171584554e-01
3.20000000000000e+00  -3.94326688383977e-01
3.22500000000000e+00  -3.82868799228820e-01
3.25000000000000e+00  -3.67632878683644e-01
3.27500000000000e+00  -3.48750860720717e-01
3.30000000000000e+00  -3.26392771675007e-01
3.32500000000000e+00  -3.00765263199175e-01
3.35000000000000e+00  -2.72110145218567e-01
3.37500000000000e+00  -2.40702918886206e-01
3.40000000000000e+00  -2.06851309537789e-01
3.42500000000000e+00  -1.70893799646677e-01
3.45000000000000e+00  -1.33189836522259e-01
3.47500000000000e+00  -9.41226436167625e-02
3.50000000000000e+00  -5.40934595860632e-02
3.52500000000000e+00  -1.35172165548877e-02
3.55000000000000e+00  2.71814912419040e-02
3.57500000000000e+00  6.75730749744636e-02
3.60000000000000e+00  1.07227618733100e-01
3.62500000000000e+00  1.45719547043424e-01
3.65000000000000e+00  1.82632292381494e-01
3.67500000000000e+00  2.17562962688963e-01
3.70000000000000e+00  2.50127008888220e-01
3.72500000000000e+00  2.79962892397540e-01
3.75000000000000e+00  3.06741763246925e-01
3.77500000000000e+00  3.30145122723502e-01
3.80000000000000e+00  3.49919801601789e-01
3.82500000000000e+00  3.65830792159663e-01
3.85000000000000e+00  3.77688336717905e-01
3.87500000000000e+00  3.85348526595863e-01
3.90000000000000e+00  3.88713901067104e-01
3.92500000000000e+00  3.87734046315081e-01
3.95000000000000e+00  3.82406194388791e-01
3.97500000000000e+00  3.72775822158432e-01
4.00000000000000e+00  3.58937250271066e-01
4.02500000000000e+00  3.41034242106276e-01
4.05000000000000e+00  3.19260602731830e-01
4.07500000000000e+00  2.93849464057186e-01
4.10000000000000e+00  2.65079431584251e-01
4.12500000000000e+00  2.33270195518992e-01
4.15000000000000e+00  1.98775277230586e-01
4.17500000000000e+00  1.61982208541954e-01
4.20000000000000e+00  1.23307283139353e-01
4.22500000000000e+00  8.31903079819737e-02
4.25000000000000e+00  4.20893547115331e-02
4.27500000000000e+00  4.75511061860217e-04
4.30000000000000e+00  -4.11723677314991e-02
4.32500000000000e+00  -8.23729075216987e-02
4.35000000000000e+00  -1.22647463840988e-01
4.37500000000000e+00  -1.61528284093886e-01
4.40000000000000e+00  -1.98554491557913e-01
4.42500000000000e+00  -2.33301747822049e-01
4.45000000000000e+00  -2.65356238606128e-01
4.47500000000000e+00  -2.94338234230029e-01
4.50000000000000e+00  -3.19904936632886e-01
4.52500000000000e+00  -3.41753326392302e-01
4.55000000000000e+00  -3.59623009743551e-01
4.57500000000000e+00  -3.73299065598800e-01
4.60000000000000e+00  -3.82614892566311e-01
4.62500000000000e+00  -3.87455055969655e-01
4.65000000000000e+00  -3.87758134866923e-01
4.67500000000000e+00  -3.83519569069935e-01
4.70000000000000e+00  -3.74782653427368e-01
4.72500000000000e+00  -3.61647006402190e-01
4.75000000000000e+00  -3.44266896616894e-01
4.77500000000000e+00  -3.22842499298783e-01
4.80000000000000e+00  -2.97624936334325e-01
4.82500000000000e+00  -2.68911735880254e-01
4.85000000000000e+00  -2.37042291974663e-01
4.87500000000000e+00  -2.02393324148114e-01
4.90000000000000e+00  -1.65374337034729e-01
4.92500000000000e+00  -1.26423079983292e-01
4.95000000000000e+00  -8.60010066683590e-02
4.97500000000000e+00  -4.45887347013398e-02
5.00000000000000e+00  -2.67182098956392e-03
5.02500000000000e+00  3.92367204360206e-02
5.05000000000000e+00  8.06526914998775e-02
5.07500000000000e+00  1.21080855558650e-01
5.10000000000000e+00  1.60040602143519e-01
5.12500000000000e+00  1.97070484049394e-01
5.15000000000000e+00  2.31732754424128e-01
5.17500000000000e+00  2.63617903857721e-01
5.20000000000000e+00  2.92349197471517e-01
5.22500000000000e+00  3.17587212007420e-01
5.25000000000000e+00  3.39034372917086e-01
5.27500000000000e+00  3.56439491451138e-01
5.30000000000000e+00  3.69602301748366e-01
5.32500000000000e+00  3.78368518033602e-01
5.35000000000000e+00  3.82638483570305e-01
5.37500000000000e+00  3.82368815553912e-01
5.40000000000000e+00  3.77564090107306e-01
5.42500000000000e+00  3.68285715023486e-01
5.45000000000000e+00  3.54649088546301e-01
5.47500000000000e+00  3.36820758151193e-01
5.50000000000000e+00  3.15015579325941e-01
5.52500000000000e+00  2.89493874351393e-01
5.55000000000000e+00  2.60558591082216e-01
5.57500000000000e+00  2.28552461727628e-01
5.60000000000000e+00  1.93855161632139e-01
5.62500000000000e+00  1.56877484400798e-01
5.65000000000000e+00  1.18052715366597e-01
5.67500000000000e+00  7.78327417675114e-02
5.70000000000000e+00  3.66881772615437e-02
5.72500000000000e+00  -4.90238908470834e-03
5.75000000000000e+00  -4.64576411692982e-02
5.77500000000000e+00  -8.74987842282040e-02
5.80000000000000e+00  -1.27554793208583e-01
5.82500000000000e+00  -1.66167661142028e-01
5.85000000000000e+00  -2.02897647517838e-01
5.87500000000000e+00  -2.37328526656266e-01
5.90000000000000e+00  -2.69072836081793e-01
5.92500000000000e+00  -2.97777124896377e-01
5.95000000000000e+00  -3.23121776520103e-01
5.97500000000000e+00  -3.44828258481115e-01
6.00000000000000e+00  -3.62663515176824e-01
6.02500000000000e+00  -3.76433817378309e-01
6.05000000000000e+00  -3.85995479143519e-01
6.07500000000000e+00  -3.91254258411841e-01
6.10000000000000e+00  -3.92164757598694e-01
6.12500000000000e+00  -3.88729824190107e-01
6.15000000000000e+00  -3.80999951337302e-01
6.17500000000000e+00  -3.69072678451276e-01
6.20000000000000e+00  -3.53091991797387e-01
6.22500000000000e+00  -3.33247725089932e-01
6.25000000000000e+00  -3.09769856514227e-01
6.27500000000000e+00  -2.82926978382095e-01
6.30000000000000e+00  -2.53022304190238e-01
6.32500000000000e+00  -2.20389811023704e-01
6.35000000000000e+00  -1.85391135175884e-01
6.37500000000000e+00  -1.48410907034644e-01
6.40000000000000e+00  -1.09852085968418e-01
6.42500000000000e+00  -7.01312952123365e-02
6.45000000000000e+00  -2.96741567543226e-02
6.47500000000000e+00  1.10893737787888e-02
6.50000000000000e+00  5.17296722351345e-02
6.52500000000000e+00  9.18221110517246e-02
6.55000000000000e+00  1.30951724368318e-01
6.57500000000000e+00  1.68717253802451e-01
6.60000000000000e+00  2.04735454158353e-01
6.62500000000000e+00  2.38646847506301e-01
6.65000000000000e+00  2.70112943195253e-01
6.67500000000000e+00  2.98826001735993e-01
6.70000000000000e+00  3.24510505634329e-01
6.72500000000000e+00  3.46924630224293e-01
6.75000000000000e+00  3.65861714501336e-01
6.77500000000000e+00  3.81151731955528e-01
6.80000000000000e+00  3.92662761404749e-01
6.82500000000000e+00  4.00302457827895e-01
6.85000000000000e+00  4.04019523198070e-01
6.87500000000000e+00  4.03803590453586e-01
6.90000000000000e+00  3.99676101690183e-01
6.92500000000000e+00  3.91704384341621e-01
6.95000000000000e+00  3.79986908563645e-01
6.97500000000000e+00  3.64658609769592e-01
7.00000000000000e+00  3.45888034194497e-01
7.02500000000000e+00  3.23874484459190e-01
7.05000000000000e+00  2.98845165134404e-01
7.07500000000000e+00  2.71052328304866e-01
7.10000000000000e+00  2.40770419133406e-01
7.12500000000000e+00  2.08293221425057e-01
7.15000000000000e+00  1.73931003191150e-01
7.17500000000000e+00  1.38007662213424e-01
7.20000000000000e+00  1.00854865680327e-01
7.22500000000000e+00  6.28111668899714e-02
7.25000000000000e+00  2.42170104497064e-02
7.27500000000000e+00  -1.45856158182361e-02
7.30000000000000e+00  -5.32593838361929e-02
7.32500000000000e+00  -9.14740530085639e-02
7.35000000000000e+00  -1.28908897959324e-01
7.37500000000000e+00  -1.65255136269507e-01
7.40000000000000e+00  -2.00218356214724e-01
7.42500000000000e+00  -2.33520944502646e-01
7.45000000000000e+00  -2.64904514010510e-01
7.47500000000000e+00  -2.94132331522625e-01
7.50000000000000e+00  -3.21000517717911e-01
7.52500000000000e+00  -3.45294818206969e-01
7.55000000000000e+00  -3.66862584798149e-01
7.57500000000000e+00  -3.85560524289326e-01
7.60000000000000e+00  -4.01272899627503e-01
7.62500000000000e+00  -4.13910911659561e-01
7.65000000000000e+00  -4.23412080883010e-01
7.67500000000000e+00  -4.29739629196734e-01
7.70000000000000e+00  -4.32881861651744e-01
7.72500000000000e+00  -4.32851548201928e-01
7.75000000000000e+00  -4.29685305454795e-01
7.77500000000000e+00  -4.23442978422230e-01
7.80000000000000e+00  -4.14207022271239e-01
7.82500000000000e+00  -4.02077962697246e-01
7.85000000000000e+00  -3.87175924322227e-01
7.87500000000000e+00  -3.69638084002489e-01
7.90000000000000e+00  -3.49617029037488e-01
7.92500000000000e+00  -3.27278889085700e-01
7.95000000000000e+00  -3.02801532141054e-01
7.97500000000000e+00  -2.76372760509355e-01
8.00000000000000e+00  -2.48188506784723e-01
8.02500000000000e+00  -2.18451029826010e-01
8.05000000000000e+00  -1.87367110733242e-01
8.07500000000000e+00  -1.55146248824041e-01
8.10000000000000e+00  -1.21998857610055e-01
8.12500000000000e+00  -8.81350781812453e-02
8.15000000000000e+00  -5.37630647789621e-02
8.17500000000000e+00  -1.90851560438385e-02
8.20000000000000e+00  1.56984806215589e-02
8.22500000000000e+00  5.03948419809316e-02
8.25000000000000e+00  8.48187924439304e-02
8.27500000000000e+00  1.18793767545805e-01
8.30000000000000e+00  1.52152477427082e-01
8.32500000000000e+00  1.84737610313239e-01
8.35000000000000e+00  2.16402535994359e-01
8.37500000000000e+00  2.47012009304816e-01
8.40000000000000e+00  2.76442873602925e-01
8.42500000000000e+00  3.04584764250624e-01
8.45000000000000e+00  3.31338387696983e-01
8.47500000000000e+00  3.56617463213654e-01
8.50000000000000e+00  3.80348440674877e-01
8.52500000000000e+00  4.02469438991361e-01
8.55000000000000e+00  4.22931028769166e-01
8.57500000000000e+00  4.41695743537033e-01
8.60000000000000e+00  4.58737590973714e-01
8.62500000000000e+00  4.74041564135311e-01
8.65000000000000e+00  4.87603152682600e-01
8.67500000000000e+00  4.99427854108370e-01
8.70000000000000e+00  5.09530684964751e-01
8.72500000000000e+00  5.17935692090551e-01
8.75000000000000e+00  5.24671901525363e-01
8.77500000000000e+00  5.29785038134859e-01
8.80000000000000e+00  5.33318407245696e-01
8.82500000000000e+00  5.35324620729449e-01
8.85000000000000e+00  5.35861649612921e-01
8.87500000000000e+00  5.34992184978065e-01
8.90000000000000e+00  5.32782998861905e-01
8.92500000000000e+00  5.29304305156460e-01
8.95000000000000e+00  5.24629120508664e-01
8.97500000000000e+00  5.18832625220291e-01
9.00000000000000e+00  5.11991524147875e-01
9.02500000000000e+00  5.04183407602631e-01
9.05000000000000e+00  4.95486112250383e-01
9.07500000000000e+00  4.85977622765908e-01
9.10000000000000e+00  4.75735203392093e-01
9.12500000000000e+00  4.64834896555878e-01
9.15000000000000e+00  4.53351703338026e-01
9.17500000000000e+00  4.41358622378644e-01
9.20000000000000e+00  4.28926453378103e-01
9.22500000000000e+00  4.16123600597954e-01
9.25000000000000e+00  4.03015876361842e-01
9.27500000000000e+00  3.89666304556426e-01
9.30000000000000e+00  3.76134924132295e-01
9.32500000000000e+00  3.62478592604887e-01
9.35000000000000e+00  3.48750789555397e-01
9.37500000000000e+00  3.35000871402702e-01
9.40000000000000e+00  3.21276301874018e-01
9.42500000000000e+00  3.07618893456435e-01
9.45000000000000e+00  2.94068668092489e-01
9.47500000000000e+00  2.80661923736805e-01
9.50000000000000e+00  2.67431351574876e-01
9.52500000000000e+00  2.54406153241873e-01
9.55000000000000e+00  2.41612158041425e-01
9.57500000000000e+00  2.29071940164413e-01
9.60000000000000e+00  2.16804935907769e-01
9.62500000000000e+00  2.04827560893260e-01
9.65000000000000e+00  1.93153327286281e-01
9.67500000000000e+00  1.81792961014655e-01
9.70000000000000e+00  1.70754518987418e-01
9.72500000000000e+00  1.60043506313613e-01
9.75000000000000e+00  1.49662993521083e-01
9.77500000000000e+00  1.39613733775262e-01
9.80000000000000e+00  1.29894280097969e-01
9.82500000000000e+00  1.20501102586199e-01
9.85000000000000e+00  1.11428705630916e-01
9.87500000000000e+00  1.02669745135845e-01
9.90000000000000e+00  9.42151457362640e-02
9.92500000000000e+00  8.60542180177960e-02
9.95000000000000e+00  7.81747757352026e-02
9.97500000000000e+00  7.05632530311741e-02
1.00000000000000e+01  6.32048216551276e-02
