0.00000000000000e+00  -6.31894103562288e-02
2.50000000000000e-02  -7.05920032017797e-02
5.00000000000000e-02  -7.82181655764350e-02
7.50000000000000e-02  -8.60963293328555e-02
1.00000000000000e-01  -9.42497150967365e-02
1.25000000000000e-01  -1.02696789605381e-01
1.50000000000000e-01  -1.11451723046271e-01
1.75000000000000e-01  -1.20524846395641e-01
2.00000000000000e-01  -1.29923108757055e-01
2.25000000000000e-01  -1.39650534699976e-01
2.50000000000000e-01  -1.49708681598340e-01
2.75000000000000e-01  -1.60097096969132e-01
3.00000000000000e-01  -1.70813775810959e-01
3.25000000000000e-01  -1.81854316032703e-01
3.50000000000000e-01  -1.93212961936797e-01
3.75000000000000e-01  -2.04883100030729e-01
4.00000000000000e-01  -2.16854343551704e-01
4.25000000000000e-01  -2.29115039091632e-01
4.50000000000000e-01  -2.41651262716034e-01
4.75000000000000e-01  -2.54445816082944e-01
5.00000000000000e-01  -2.67477222561818e-01
5.25000000000000e-01  -2.80718723352439e-01
5.50000000000000e-01  -2.94137273603818e-01
5.75000000000000e-01  -3.07692538533105e-01
6.00000000000000e-01  -3.21335889544489e-01
6.25000000000000e-01  -3.35076184118374e-01
6.50000000000000e-01  -3.48800501352339e-01
6.75000000000000e-01  -3.62520536120453e-01
7.00000000000000e-01  -3.76177748592526e-01
7.25000000000000e-01  -3.89712727811619e-01
7.50000000000000e-01  -4.03064955233656e-01
7.75000000000000e-01  -4.16172568267032e-01
8.00000000000000e-01  -4.28972123812229e-01
8.25000000000000e-01  -4.41398361801426e-01
8.50000000000000e-01  -4.53383968738107e-01
8.75000000000000e-01  -4.64859341236676e-01
9.00000000000000e-01  -4.75752349562066e-01
9.25000000000000e-01  -4.85988101169350e-01
9.50000000000000e-01  -4.95491238218206e-01
9.75000000000000e-01  -5.04184344400934e-01
1.00000000000000e+00  -5.11988836796188e-01
1.02500000000000e+00  -5.18826215620523e-01
1.05000000000000e+00  -5.24617991713831e-01
1.07500000000000e+00  -5.29286572748966e-01
1.10000000000000e+00  -5.32756149441378e-01
1.12500000000000e+00  -5.34953581758733e-01
1.15000000000000e+00  -5.35809285130545e-01
1.17500000000000e+00  -5.35258116657805e-01
1.20000000000000e+00  -5.33240261322604e-01
1.22500000000000e+00  -5.29702118197765e-01
1.25000000000000e+00  -5.24584735997084e-01
1.27500000000000e+00  -5.17832140995617e-01
1.30000000000000e+00  -5.09415031655913e-01
1.32500000000000e+00  -4.99300344447111e-01
1.35000000000000e+00  -4.87463714782298e-01
1.37500000000000e+00  -4.73889940514437e-01
1.40000000000000e+00  -4.58573445432298e-01
1.42500000000000e+00  -4.41518742756387e-01
1.45000000000000e+00  -4.22740898634869e-01
1.47500000000000e+00  -4.02265995639501e-01
1.50000000000000e+00  -3.80131596261560e-01
1.52500000000000e+00  -3.56387206407767e-01
1.55000000000000e+00  -3.31094738896222e-01
1.57500000000000e+00  -3.04327819116646e-01
1.60000000000000e+00  -2.76172756269316e-01
1.62500000000000e+00  -2.46728847959792e-01
1.65000000000000e+00  -2.16106464665752e-01
1.67500000000000e+00  -1.84428752630102e-01
1.70000000000000e+00  -1.51830942048178e-01
1.72500000000000e+00  -1.18459655254953e-01
1.75000000000000e+00  -8.44722149122334e-02
1.77500000000000e+00  -5.00359521958667e-02
1.80000000000000e+00  -1.53275149829439e-02
1.82500000000000e+00  1.94678239610024e-02
1.85000000000000e+00  5.41568587947881e-02
1.87500000000000e+00  8.85393779688792e-02
1.90000000000000e+00  1.22414837138116e-01
1.92500000000000e+00  1.55573135769264e-01
1.95000000000000e+00  1.87804798851566e-01
1.97500000000000e+00  2.18899468997100e-01
2.00000000000000e+00  2.48647710312587e-01
2.02500000000000e+00  2.76842812271170e-01
2.05000000000000e+00  3.03282593584217e-01
2.07500000000000e+00  3.27771206073109e-01
2.10000000000000e+00  3.50120938541037e-01
2.12500000000000e+00  3.70154020644790e-01
2.15000000000000e+00  3.87704426766555e-01
2.17500000000000e+00  4.02619679885703e-01
2.20000000000000e+00  4.14762729537589e-01
2.22500000000000e+00  4.24013549376465e-01
2.25000000000000e+00  4.30271734336528e-01
2.27500000000000e+00  4.33454945200018e-01
2.30000000000000e+00  4.33503448730610e-01
2.32500000000000e+00  4.30380734791376e-01
2.35000000000000e+00  4.24074133462735e-01
2.37500000000000e+00  4.14595432160418e-01
2.40000000000000e+00  4.01981492753422e-01
2.42500000000000e+00  3.86294868681969e-01
2.45000000000000e+00  3.67624422075463e-01
2.47500000000000e+00  3.46085940870449e-01
2.50000000000000e+00  3.21814561022007e-01
2.52500000000000e+00  2.94987427185767e-01
2.55000000000000e+00  2.65794203902591e-01
2.57500000000000e+00  2.34447327892585e-01
2.60000000000000e+00  2.01183359287878e-01
2.62500000000000e+00  1.66260546836261e-01
2.65000000000000e+00  1.29956393104817e-01
2.67500000000000e+00  9.25652196835631e-02
2.70000000000000e+00  5.43957323890729e-02
2.72500000000000e+00  1.57685864681227e-02
2.75000000000000e+00  -2.29860481986797e-02
2.77500000000000e+00  -6.15309218932593e-02
2.80000000000000e+00  -9.95241398564392e-02
2.82500000000000e+00  -1.36625359697902e-01
2.85000000000000e+00  -1.72496149372423e-01
2.87500000000000e+00  -2.06804995157579e-01
2.90000000000000e+00  -2.39228129321095e-01
2.92500000000000e+00  -2.69455444935291e-01
2.95000000000000e+00  -2.97193331642786e-01
2.97500000000000e+00  -3.22167511422210e-01
3.00000000000000e+00  -3.44125874353912e-01
3.02500000000000e+00  -3.62841314385668e-01
3.05000000000000e+00  -3.78114565098391e-01
3.07500000000000e+00  -3.89777035471840e-01
3.10000000000000e+00  -3.97693645650328e-01
3.12500000000000e+00  -4.01768786339003e-01
3.15000000000000e+00  -4.01928124635101e-01
3.17500000000000e+00  -3.98157083834588e-01
3.20000000000000e+00  -3.90464178142936e-01
3.22500000000000e+00  -3.78900522483438e-01
3.25000000000000e+00  -3.63558346017570e-01
3.27500000000000e+00  -3.44569505665371e-01
3.30000000000000e+00  -3.22103999625801e-01
3.32500000000000e+00  -2.96368480897117e-01
3.35000000000000e+00  -2.67604770797235e-01
3.37500000000000e+00  -2.36088372484104e-01
3.40000000000000e+00  -2.02126984476072e-01
3.42500000000000e+00  -1.66059014172256e-01
3.45000000000000e+00  -1.28243874967139e-01
3.47500000000000e+00  -8.90646886373723e-02
3.50000000000000e+00  -4.89225932322957e-02
3.52500000000000e+00  -8.23240915930015e-03
3.55000000000000e+00  3.25813934368626e-02
3.57500000000000e+00  7.30893516122906e-02
3.60000000000000e+00  1.12861666562141e-01
3.62500000000000e+00  1.51472860558841e-01
3.65000000000000e+00  1.88506433890297e-01
3.67500000000000e+00  2.23559521798103e-01
3.70000000000000e+00  2.56247551415754e-01
3.72500000000000e+00  2.86208898706853e-01
3.75000000000000e+00  3.13115057112381e-01
3.77500000000000e+00  3.36647837719335e-01
3.80000000000000e+00  3.56553815889969e-01
3.82500000000000e+00  3.72598032175340e-01
3.85000000000000e+00  3.84590757386750e-01
3.87500000000000e+00  3.92388090970096e-01
3.90000000000000e+00  3.95892559380215e-01
3.92500000000000e+00  3.95053714455230e-01
3.95000000000000e+00  3.89868731790896e-01
3.97500000000000e+00  3.80383009114948e-01
4.00000000000000e+00  3.66690764661449e-01
4.02500000000000e+00  3.48935635545131e-01
4.05000000000000e+00  3.27311276135748e-01
4.07500000000000e+00  3.02050658368875e-01
4.10000000000000e+00  2.73432187497507e-01
4.12500000000000e+00  2.41775353292026e-01
4.15000000000000e+00  2.07433446733539e-01
4.17500000000000e+00  1.70793759548809e-01
4.20000000000000e+00  1.32272333930361e-01
4.22500000000000e+00  9.23087122566058e-02
4.25000000000000e+00  5.13606868119454e-02
4.27500000000000e+00  9.89904950688198e-03
4.30000000000000e+00  -3.15976584018607e-02
4.32500000000000e+00  -7.26483965912340e-02
4.35000000000000e+00  -1.12774875951742e-01
4.37500000000000e+00  -1.51509127118526e-01
4.40000000000000e+00  -1.88392187054634e-01
4.42500000000000e+00  -2.22998481707820e-01
4.45000000000000e+00  -2.54914672297593e-01
4.47500000000000e+00  -2.83761457524282e-01
4.50000000000000e+00  -3.09196421583184e-01
4.52500000000000e+00  -3.30916882178718e-01
4.55000000000000e+00  -3.48662738538564e-01
4.57500000000000e+00  -3.62219319427818e-01
4.60000000000000e+00  -3.71420231163133e-01
4.62500000000000e+00  -3.76150205626872e-01
4.65000000000000e+00  -3.76347948281253e-01
4.67500000000000e+00  -3.72008986182494e-01
4.70000000000000e+00  -3.63176807326066e-01
4.72500000000000e+00  -3.49951147514893e-01
4.75000000000000e+00  -3.32486379939787e-01
4.77500000000000e+00  -3.10982853514699e-01
4.80000000000000e+00  -2.85691820694274e-01
4.82500000000000e+00  -2.56910897558533e-01
4.85000000000000e+00  -2.24979523897542e-01
4.87500000000000e+00  -1.90274423296102e-01
4.90000000000000e+00  -1.53205063218412e-01
4.92500000000000e+00  -1.14209115092760e-01
4.95000000000000e+00  -7.37479143961988e-02
4.97500000000000e+00  -3.23019207392140e-02
5.00000000000000e+00  9.64383968737933e-03
5.02500000000000e+00  5.15739194871168e-02
5.05000000000000e+00  9.30066484895264e-02
5.07500000000000e+00  1.33446559620244e-01
5.10000000000000e+00  1.72412915076827e-01
5.12500000000000e+00  2.09444225749578e-01
5.15000000000000e+00  2.44102770642382e-01
5.17500000000000e+00  2.75979116293536e-01
5.20000000000000e+00  3.04696636196577e-01
5.22500000000000e+00  3.29916030221120e-01
5.25000000000000e+00  3.51339844033683e-01
5.27500000000000e+00  3.68716988518522e-01
5.30000000000000e+00  3.81847259198462e-01
5.32500000000000e+00  3.90576443438346e-01
5.35000000000000e+00  3.94804933730611e-01
5.37500000000000e+00  3.94489326313287e-01
5.40000000000000e+00  3.89634216125595e-01
5.42500000000000e+00  3.80300981057393e-01
5.45000000000000e+00  3.66604961359217e-01
5.47500000000000e+00  3.48712639052312e-01
5.50000000000000e+00  3.26838817338675e-01
5.52500000000000e+00  3.01243800011089e-01
5.55000000000000e+00  2.72230570863162e-01
5.57500000000000e+00  2.40141973099359e-01
5.60000000000000e+00  2.05357888745045e-01
5.62500000000000e+00  1.68287907307250e-01
5.65000000000000e+00  1.29366026123557e-01
5.67500000000000e+00  8.90439788904634e-02
5.70000000000000e+00  4.77922927073439e-02
5.72500000000000e+00  6.08949339773802e-03
5.75000000000000e+00  -3.55831428344294e-02
5.77500000000000e+00  -7.67468377486556e-02
5.80000000000000e+00  -1.16930559411648e-01
5.82500000000000e+00  -1.55676270541113e-01
5.85000000000000e+00  -1.92544176849561e-01
5.87500000000000e+00  -2.27117975388092e-01
5.90000000000000e+00  -2.59010102890193e-01
5.92500000000000e+00  -2.87866984115532e-01
5.95000000000000e+00  -3.13368838151738e-01
5.97500000000000e+00  -3.35236961330880e-01
6.00000000000000e+00  -3.53238065672605e-01
6.02500000000000e+00  -3.67178184785776e-01
6.05000000000000e+00  -3.76913359740446e-01
6.07500000000000e+00  -3.82349045962188e-01
6.10000000000000e+00  -3.83439520126424e-01
6.12500000000000e+00  -3.80187287052757e-01
6.15000000000000e+00  -3.72642486599305e-01
6.17500000000000e+00  -3.60902300557027e-01
6.20000000000000e+00  -3.45110359544061e-01
6.22500000000000e+00  -3.25456149900050e-01
6.25000000000000e+00  -3.02169370856154e-01
6.27500000000000e+00  -2.75517715672861e-01
6.30000000000000e+00  -2.45804588721650e-01
6.32500000000000e+00  -2.13363502960891e-01
6.35000000000000e+00  -1.78555674989728e-01
6.37500000000000e+00  -1.41765355761394e-01
6.40000000000000e+00  -1.03395161296491e-01
6.42500000000000e+00  -6.38614033963156e-02
6.45000000000000e+00  -2.35894203561377e-02
6.47500000000000e+00  1.69910923214881e-02
6.50000000000000e+00  5.74507512134176e-02
6.52500000000000e+00  9.73651542626289e-02
6.55000000000000e+00  1.36319550064909e-01
6.57500000000000e+00  1.73912840485792e-01
6.60000000000000e+00  2.09761954505138e-01
6.62500000000000e+00  2.43507566994634e-01
6.65000000000000e+00  2.74811293163937e-01
6.67500000000000e+00  3.03365492468535e-01
6.70000000000000e+00  3.28894734856569e-01
6.72500000000000e+00  3.51157267015670e-01
6.75000000000000e+00  3.69946478619771e-01
6.77500000000000e+00  3.85092368575943e-01
6.80000000000000e+00  3.96463011271210e-01
6.82500000000000e+00  4.03966022819380e-01
6.85000000000000e+00  4.07550027307872e-01
6.87500000000000e+00  4.07205185395215e-01
6.90000000000000e+00  4.02951638120598e-01
6.92500000000000e+00  3.94857768442980e-01
6.95000000000000e+00  3.83021837851544e-01
6.97500000000000e+00  3.67578616478856e-01
7.00000000000000e+00  3.48696520396962e-01
7.02500000000000e+00  3.26574748913465e-01
7.05000000000000e+00  3.01440421867634e-01
7.07500000000000e+00  2.73545716926477e-01
7.10000000000000e+00  2.43165006880839e-01
7.12500000000000e+00  2.10591996941496e-01
7.15000000000000e+00  1.76136862035238e-01
7.17500000000000e+00  1.40123384100964e-01
7.20000000000000e+00  1.02883158170799e-01
7.22500000000000e+00  6.47546357020377e-02
7.25000000000000e+00  2.60781491036042e-02
7.27500000000000e+00  -1.28044034863617e-02
7.30000000000000e+00  -5.15557908083639e-02
7.32500000000000e+00  -8.98458702646510e-02
7.35000000000000e+00  -1.27354009702335e-01
7.37500000000000e+00  -1.63771509196485e-01
7.40000000000000e+00  -1.98804022833245e-01
7.42500000000000e+00  -2.32173980492933e-01
7.45000000000000e+00  -2.63623009633146e-01
7.47500000000000e+00  -2.92914357071878e-01
7.50000000000000e+00  -3.19844206122637e-01
7.52500000000000e+00  -3.44198727270722e-01
7.55000000000000e+00  -3.65824934894591e-01
7.57500000000000e+00  -3.84579585448314e-01
7.60000000000000e+00  -4.00346976992735e-01
7.62500000000000e+00  -4.13038332745824e-01
7.65000000000000e+00  -4.22591184633053e-01
7.67500000000000e+00  -4.28968756837751e-01
7.70000000000000e+00  -4.32159349351473e-01
7.72500000000000e+00  -4.32175721524362e-01
7.75000000000000e+00  -4.29054475615511e-01
7.77500000000000e+00  -4.22855440343330e-01
7.80000000000000e+00  -4.13661054435906e-01
7.82500000000000e+00  -4.01571823501835e-01
7.85000000000000e+00  -3.86707877908282e-01
7.87500000000000e+00  -3.69206375983079e-01
7.90000000000000e+00  -3.49219900347384e-01
7.92500000000000e+00  -3.26914584649526e-01
7.95000000000000e+00  -3.02468307310656e-01
7.97500000000000e+00  -2.76068885270405e-01
8.00000000000000e+00  -2.47912267732546e-01
8.02500000000000e+00  -2.18200729910647e-01
8.05000000000000e+00  -1.87141066773732e-01
8.07500000000000e+00  -1.54942786791940e-01
8.10000000000000e+00  -1.21816305682177e-01
8.12500000000000e+00  -8.79714021227104e-02
8.15000000000000e+00  -5.36177404856902e-02
8.17500000000000e+00  -1.89563274529667e-02
8.20000000000000e+00  1.58124624546851e-02
8.22500000000000e+00  5.04954564162875e-02
8.25000000000000e+00  8.49073820420846e-02
8.27500000000000e+00  1.18871566104935e-01
8.30000000000000e+00  1.52220633271734e-01
8.32500000000000e+00  1.84797204834829e-01
8.35000000000000e+00  2.16454597443420e-01
8.37500000000000e+00  2.47057521834984e-01
8.40000000000000e+00  2.76482781566674e-01
8.42500000000000e+00  3.04619971746739e-01
8.45000000000000e+00  3.31369752521119e-01
8.47500000000000e+00  3.56645788930578e-01
8.50000000000000e+00  3.80374439106559e-01
8.52500000000000e+00  4.02493776853622e-01
8.55000000000000e+00  4.22954288201361e-01
8.57500000000000e+00  4.41718404001954e-01
8.60000000000000e+00  4.58760032527724e-01
8.62500000000000e+00  4.74064092068708e-01
8.65000000000000e+00  4.87626043530206e-01
8.67500000000000e+00  4.99451423030344e-01
8.70000000000000e+00  5.09555374497635e-01
8.72500000000000e+00  5.17962182268540e-01
8.75000000000000e+00  5.24717582309825e-01
8.77500000000000e+00  5.29813310099534e-01
8.80000000000000e+00  5.33342767400238e-01
8.82500000000000e+00  5.35352435484174e-01
8.85000000000000e+00  5.35895896995917e-01
8.87500000000000e+00  5.35032949576692e-01
8.90000000000000e+00  5.32828719488711e-01
8.92500000000000e+00  5.29352775239488e-01
8.95000000000000e+00  5.24678241206173e-01
8.97500000000000e+00  5.18880911259871e-01
9.00000000000000e+00  5.12038362389968e-01
9.02500000000000e+00  5.04229068328459e-01
9.05000000000000e+00  4.95531513174270e-01
9.07500000000000e+00  4.86024263879214e-01
9.10000000000000e+00  4.75784720697362e-01
9.12500000000000e+00  4.64888225433796e-01
9.15000000000000e+00  4.53409654140045e-01
9.17500000000000e+00  4.41421120337689e-01
9.20000000000000e+00  4.28992211551868e-01
9.22500000000000e+00  4.16190225844793e-01
9.25000000000000e+00  4.03080408349251e-01
9.27500000000000e+00  3.89726187802118e-01
9.30000000000000e+00  3.76189413077866e-01
9.32500000000000e+00  3.62530589722074e-01
9.35000000000000e+00  3.48809116484932e-01
9.37500000000000e+00  3.35016740579325e-01
9.40000000000000e+00  3.21342082832520e-01
9.42500000000000e+00  3.07697723603927e-01
9.45000000000000e+00  2.94141574747809e-01
9.47500000000000e+00  2.80722251982333e-01
9.50000000000000e+00  2.67480078614491e-01
9.52500000000000e+00  2.54448089265030e-01
9.55000000000000e+00  2.41653033593375e-01
9.57500000000000e+00  2.29116380022545e-01
9.60000000000000e+00  2.16855319464086e-01
9.62500000000000e+00  2.04883769042991e-01
9.65000000000000e+00  1.93213375822617e-01
9.67500000000000e+00  1.81854520529623e-01
9.70000000000000e+00  1.70813811433652e-01
9.72500000000000e+00  1.60096999248070e-01
9.75000000000000e+00  1.49708481458766e-01
9.77500000000000e+00  1.39650258997299e-01
9.80000000000000e+00  1.29922780691872e-01
9.82500000000000e+00  1.20524485993451e-01
9.85000000000000e+00  1.11451347701891e-01
9.87500000000000e+00  1.02696414692058e-01
9.90000000000000e+00  9.42493546399509e-02
9.92500000000000e+00  8.60959967488270e-02
9.95000000000000e+00  7.82178744753234e-02
9.97500000000000e+00  7.05917682555797e-02
1.00000000000000e+01  6.31892482313661e-02
