0.00000000000000e+00  -6.32857405862127e-02
2.50000000000000e-02  -7.05925474761057e-02
5.00000000000000e-02  -7.81904807219630e-02
7.50000000000000e-02  -8.60770439015190e-02
1.00000000000000e-01  -9.42534205641429e-02
1.25000000000000e-01  -1.02723653783352e-01
1.50000000000000e-01  -1.11493825709323e-01
1.75000000000000e-01  -1.20571237121409e-01
2.00000000000000e-01  -1.29963586980653e-01
2.25000000000000e-01  -1.39678151982299e-01
2.50000000000000e-01  -1.49720966108312e-01
2.75000000000000e-01  -1.60096000179886e-01
3.00000000000000e-01  -1.70804341409962e-01
3.25000000000000e-01  -1.81844660087824e-01
3.50000000000000e-01  -1.93211869022564e-01
3.75000000000000e-01  -2.04895908073208e-01
4.00000000000000e-01  -2.16885789931948e-01
4.25000000000000e-01  -2.29165491851885e-01
4.50000000000000e-01  -2.41715102105847e-01
4.75000000000000e-01  -2.54511966445219e-01
5.00000000000000e-01  -2.67531834558768e-01
5.25000000000000e-01  -2.80750006531465e-01
5.50000000000000e-01  -2.94142479303313e-01
5.75000000000000e-01  -3.07687093128171e-01
6.00000000000000e-01  -3.21364678032578e-01
6.25000000000000e-01  -3.35040703889106e-01
6.50000000000000e-01  -3.48855920252209e-01
6.75000000000000e-01  -3.62603493167881e-01
7.00000000000000e-01  -3.76255117501821e-01
7.25000000000000e-01  -3.89772463740572e-01
7.50000000000000e-01  -4.03108348991034e-01
7.75000000000000e-01  -4.16207907979971e-01
8.00000000000000e-01  -4.29009764053522e-01
8.25000000000000e-01  -4.41447200176708e-01
8.50000000000000e-01  -4.53449329932944e-01
8.75000000000000e-01  -4.64942268523552e-01
9.00000000000000e-01  -4.75850303767260e-01
9.25000000000000e-01  -4.86097067099722e-01
9.50000000000000e-01  -4.95604537809351e-01
9.75000000000000e-01  -5.04295335342080e-01
1.00000000000000e+00  -5.12093510950948e-01
1.02500000000000e+00  -5.18922156392155e-01
1.05000000000000e+00  -5.24706400367506e-01
1.07500000000000e+00  -5.29372913162561e-01
1.10000000000000e+00  -5.32849411284774e-01
1.12500000000000e+00  -5.35064162101642e-01
1.15000000000000e+00  -5.35945488478847e-01
1.17500000000000e+00  -5.35421273418405e-01
1.20000000000000e+00  -5.33418464696808e-01
1.22500000000000e+00  -5.29862579503167e-01
1.25000000000000e+00  -5.24797334618759e-01
1.27500000000000e+00  -5.17992255603497e-01
1.30000000000000e+00  -5.09567270972940e-01
1.32500000000000e+00  -4.99467612028252e-01
1.35000000000000e+00  -4.87654016204317e-01
1.37500000000000e+00  -4.74102101583331e-01
1.40000000000000e+00  -4.58801741408398e-01
1.42500000000000e+00  -4.41756438597130e-01
1.45000000000000e+00  -4.22982700255241e-01
1.47500000000000e+00  -4.02509412190141e-01
1.50000000000000e+00  -3.80377213424538e-01
1.52500000000000e+00  -3.56637870710029e-01
1.55000000000000e+00  -3.31353653040698e-01
1.57500000000000e+00  -3.04599921505556e-01
1.60000000000000e+00  -2.76462627266850e-01
1.62500000000000e+00  -2.47039583128147e-01
1.65000000000000e+00  -2.16439464132028e-01
1.67500000000000e+00  -1.84783137639320e-01
1.70000000000000e+00  -1.52203593805814e-01
1.72500000000000e+00  -1.18845876058992e-01
1.75000000000000e+00  -8.48670115747446e-02
1.77500000000000e+00  -5.04359417540963e-02
1.80000000000000e+00  -1.57334526999301e-02
1.82500000000000e+00  1.90478943062963e-02
1.85000000000000e+00  5.37038323278202e-02
1.87500000000000e+00  8.80591785284063e-02
1.90000000000000e+00  1.21918622653217e-01
1.92500000000000e+00  1.55057279589691e-01
1.95000000000000e+00  1.87266947203112e-01
1.97500000000000e+00  2.18338125800571e-01
2.00000000000000e+00  2.48061887344394e-01
2.02500000000000e+00  2.76231744665567e-01
2.05000000000000e+00  3.02645520677155e-01
2.07500000000000e+00  3.27107217587726e-01
2.10000000000000e+00  3.49428886114775e-01
2.12500000000000e+00  3.69432494698149e-01
2.15000000000000e+00  3.86951798713467e-01
2.17500000000000e+00  4.01834209685542e-01
2.20000000000000e+00  4.13942475407973e-01
2.22500000000000e+00  4.23156513330797e-01
2.25000000000000e+00  4.29375915640362e-01
2.27500000000000e+00  4.32518358359281e-01
2.30000000000000e+00  4.32524165238307e-01
2.32500000000000e+00  4.29356888799077e-01
2.35000000000000e+00  4.23003891376868e-01
2.37500000000000e+00  4.13476926163338e-01
2.40000000000000e+00  4.00812718249284e-01
2.42500000000000e+00  3.85073545667383e-01
2.45000000000000e+00  3.66347820434947e-01
2.47500000000000e+00  3.44750669596671e-01
2.50000000000000e+00  3.20418113568327e-01
2.52500000000000e+00  2.93529434200110e-01
2.55000000000000e+00  2.64271732428461e-01
2.57500000000000e+00  2.32857755603701e-01
2.60000000000000e+00  1.99524302205970e-01
2.62500000000000e+00  1.64529797721562e-01
2.65000000000000e+00  1.28151870519241e-01
2.67500000000000e+00  9.06849277265739e-02
2.70000000000000e+00  5.24377311062511e-02
2.72500000000000e+00  1.37309729324161e-02
2.75000000000000e+00  -2.51051481330102e-02
2.77500000000000e+00  -6.37333511640039e-02
2.80000000000000e+00  -1.01811697094112e-01
2.82500000000000e+00  -1.38999809834339e-01
2.85000000000000e+00  -1.74959204255321e-01
2.87500000000000e+00  -2.09358267500894e-01
2.90000000000000e+00  -2.41873192362049e-01
2.92500000000000e+00  -2.72193791505247e-01
2.95000000000000e+00  -3.00026357979749e-01
2.97500000000000e+00  -3.25096525724936e-01
3.00000000000000e+00  -3.47152130077632e-01
3.02500000000000e+00  -3.65966068279426e-01
3.05000000000000e+00  -3.81339159983994e-01
3.07500000000000e+00  -3.93103007764424e-01
3.10000000000000e+00  -4.01122857620538e-01
3.12500000000000e+00  -4.05301496390360e-01
3.15000000000000e+00  -4.05567710410357e-01
3.17500000000000e+00  -4.01904244171936e-01
3.20000000000000e+00  -3.94320052228484e-01
3.22500000000000e+00  -3.82866566535949e-01
3.25000000000000e+00  -3.67636230098568e-01
3.27500000000000e+00  -3.48761030614602e-01
3.30000000000000e+00  -3.26411034122065e-01
3.32500000000000e+00  -3.00792918644457e-01
3.35000000000000e+00  -2.72148507836492e-01
3.37500000000000e+00  -2.40753304629833e-01
3.40000000000000e+00  -2.06915024878821e-01
3.42500000000000e+00  -1.70972131006210e-01
3.45000000000000e+00  -1.33284036367286e-01
3.47500000000000e+00  -9.42339160487857e-02
3.50000000000000e+00  -5.42229561153003e-02
3.52500000000000e+00  -1.36660200928182e-02
3.55000000000000e+00  2.70123752253554e-02
3.57500000000000e+00  6.73827273088057e-02
3.60000000000000e+00  1.07015215420215e-01
3.62500000000000e+00  1.45484368145568e-01
3.65000000000000e+00  1.82373730924361e-01
3.67500000000000e+00  2.17280533579809e-01
3.70000000000000e+00  2.49820357849048e-01
3.72500000000000e+00  2.79631804913346e-01
3.75000000000000e+00  3.06386269503050e-01
3.77500000000000e+00  3.29764909915750e-01
3.80000000000000e+00  3.49515113416414e-01
3.82500000000000e+00  3.65401938005252e-01
3.85000000000000e+00  3.77235700327241e-01
3.87500000000000e+00  3.84872571472447e-01
3.90000000000000e+00  3.88215172776348e-01
3.92500000000000e+00  3.87213171620159e-01
3.95000000000000e+00  3.81863877231150e-01
3.97500000000000e+00  3.72212836482976e-01
4.00000000000000e+00  3.58354429695995e-01
4.02500000000000e+00  3.40432466437593e-01
4.05000000000000e+00  3.18640781322508e-01
4.07500000000000e+00  2.93212524387518e-01
4.10000000000000e+00  2.64426295291780e-01
4.12500000000000e+00  2.32601760971274e-01
4.15000000000000e+00  1.98092410803720e-01
4.17500000000000e+00  1.61285724534214e-01
4.20000000000000e+00  1.22597928820502e-01
4.22500000000000e+00  8.24687537782715e-02
4.25000000000000e+00  4.13561895264260e-02
4.27500000000000e+00  -2.68757267636859e-04
4.30000000000000e+00  -4.19273068427358e-02
4.32500000000000e+00  -8.31381497986336e-02
4.35000000000000e+00  -1.23422690550746e-01
4.37500000000000e+00  -1.62314737409082e-01
4.40000000000000e+00  -1.99349687945195e-01
4.42500000000000e+00  -2.34106580707751e-01
4.45000000000000e+00  -2.66171288601360e-01
4.47500000000000e+00  -2.95163902728572e-01
4.50000000000000e+00  -3.20741553001623e-01
4.52500000000000e+00  -3.42601228754170e-01
4.55000000000000e+00  -3.60482599353021e-01
4.57500000000000e+00  -3.74170834809883e-01
4.60000000000000e+00  -3.83499426393090e-01
4.62500000000000e+00  -3.88353007239343e-01
4.65000000000000e+00  -3.88670172965449e-01
4.67500000000000e+00  -3.84446302280055e-01
4.70000000000000e+00  -3.75724760280988e-01
4.72500000000000e+00  -3.62605128373601e-01
4.75000000000000e+00  -3.45241589317879e-01
4.77500000000000e+00  -3.23834298142091e-01
4.80000000000000e+00  -2.98634309318656e-01
4.82500000000000e+00  -2.69939052058193e-01
4.85000000000000e+00  -2.38087805603570e-01
4.87500000000000e+00  -2.03457174523966e-01
4.90000000000000e+00  -1.66456564008912e-01
4.92500000000000e+00  -1.27523655162351e-01
4.95000000000000e+00  -8.71198802966954e-02
4.97500000000000e+00  -4.57258982268666e-02
5.00000000000000e+00  -3.82652105456951e-03
5.02500000000000e+00  3.80646763819547e-02
5.05000000000000e+00  7.94640468089332e-02
5.07500000000000e+00  1.19876424147005e-01
5.10000000000000e+00  1.58821276169336e-01
5.12500000000000e+00  1.95837239039193e-01
5.15000000000000e+00  2.30486651847547e-01
5.17500000000000e+00  2.62360091150653e-01
5.20000000000000e+00  2.91080905507636e-01
5.22500000000000e+00  3.16309750018089e-01
5.25000000000000e+00  3.37749120859648e-01
5.27500000000000e+00  3.55147889825592e-01
5.30000000000000e+00  3.68305838862426e-01
5.32500000000000e+00  3.77068707684431e-01
5.35000000000000e+00  3.81336854657458e-01
5.37500000000000e+00  3.81066890948881e-01
5.40000000000000e+00  3.76263372028299e-01
5.42500000000000e+00  3.66987666372527e-01
5.45000000000000e+00  3.53355118701950e-01
5.47500000000000e+00  3.35532213216886e-01
5.50000000000000e+00  3.13733736833940e-01
5.52500000000000e+00  2.88219942422362e-01
5.55000000000000e+00  2.59293712040410e-01
5.57500000000000e+00  2.27297720171700e-01
5.60000000000000e+00  1.92611596961568e-01
5.62500000000000e+00  1.55645766695240e-01
5.65000000000000e+00  1.16833905999887e-01
5.67500000000000e+00  7.66273339716482e-02
5.70000000000000e+00  3.54966175623226e-02
5.72500000000000e+00  -6.07972204389644e-03
5.75000000000000e+00  -4.76204533064585e-02
5.77500000000000e+00  -8.86468782045171e-02
5.80000000000000e+00  -1.28688076112973e-01
5.82500000000000e+00  -1.67286147678518e-01
5.85000000000000e+00  -2.04001458695695e-01
5.87500000000000e+00  -2.38417883982934e-01
5.90000000000000e+00  -2.70148051258613e-01
5.92500000000000e+00  -2.98838585017097e-01
5.95000000000000e+00  -3.24169936286133e-01
5.97500000000000e+00  -3.45863627384953e-01
6.00000000000000e+00  -3.63686637002943e-01
6.02500000000000e+00  -3.77445261026990e-01
6.05000000000000e+00  -3.86995824386643e-01
6.07500000000000e+00  -3.92244084026872e-01
6.10000000000000e+00  -3.93144631880839e-01
6.12500000000000e+00  -3.89700297842659e-01
6.15000000000000e+00  -3.81961552740167e-01
6.17500000000000e+00  -3.70025911307682e-01
6.20000000000000e+00  -3.54037335158775e-01
6.22500000000000e+00  -3.34185635759032e-01
6.25000000000000e+00  -3.10700534826361e-01
6.27500000000000e+00  -2.83850879961863e-01
6.30000000000000e+00  -2.53939524600831e-01
6.32500000000000e+00  -2.21300396482741e-01
6.35000000000000e+00  -1.86295070153159e-01
6.37500000000000e+00  -1.49308104193468e-01
6.40000000000000e+00  -1.10742378450576e-01
6.42500000000000e+00  -7.10144312666427e-02
6.45000000000000e+00  -3.05497967087907e-02
6.47500000000000e+00  1.02216582011747e-02
6.50000000000000e+00  5.08703962570406e-02
6.52500000000000e+00  9.09718728384821e-02
6.55000000000000e+00  1.30111198681331e-01
6.57500000000000e+00  1.67887175533857e-01
6.60000000000000e+00  2.03916613909069e-01
6.62500000000000e+00  2.37840073152989e-01
6.65000000000000e+00  2.69319091310059e-01
6.67500000000000e+00  2.98045940783822e-01
6.70000000000000e+00  3.23745102426033e-01
6.72500000000000e+00  3.46174739625791e-01
6.75000000000000e+00  3.65128172398643e-01
6.77500000000000e+00  3.80435351475714e-01
6.80000000000000e+00  3.91964332392820e-01
6.82500000000000e+00  3.99622749579589e-01
6.85000000000000e+00  4.03359290448578e-01
6.87500000000000e+00  4.03163270089073e-01
6.90000000000000e+00  3.99056571663829e-01
6.92500000000000e+00  3.91105963930764e-01
6.95000000000000e+00  3.79409897040836e-01
6.97500000000000e+00  3.64103260014539e-01
7.00000000000000e+00  3.45354530807004e-01
7.02500000000000e+00  3.23362926373090e-01
7.05000000000000e+00  2.98355552732495e-01
7.07500000000000e+00  2.70584555034846e-01
7.10000000000000e+00  2.40324267624803e-01
7.12500000000000e+00  2.07868364107160e-01
7.15000000000000e+00  1.73527007411938e-01
7.17500000000000e+00  1.37623999859492e-01
7.20000000000000e+00  1.00490921498940e-01
7.22500000000000e+00  6.24662477332290e-02
7.25000000000000e+00  2.38903551882838e-02
7.27500000000000e+00  -1.48948231400502e-02
7.30000000000000e+00  -5.35520049933246e-02
7.32500000000000e+00  -9.17509879652544e-02
7.35000000000000e+00  -1.29171078616502e-01
7.37500000000000e+00  -1.65503521589434e-01
7.40000000000000e+00  -2.00453928722909e-01
7.42500000000000e+00  -2.33744708167037e-01
7.45000000000000e+00  -2.65117493497955e-01
7.47500000000000e+00  -2.94335572832604e-01
7.50000000000000e+00  -3.21192446153254e-01
7.52500000000000e+00  -3.45481646374028e-01
7.55000000000000e+00  -3.67043280488007e-01
7.57500000000000e+00  -3.85734901006467e-01
7.60000000000000e+00  -4.01441356676631e-01
7.62500000000000e+00  -4.14074211106071e-01
7.65000000000000e+00  -4.23571161387117e-01
7.67500000000000e+00  -4.29895456721262e-01
7.70000000000000e+00  -4.33035317043561e-01
7.72500000000000e+00  -4.33003351647046e-01
7.75000000000000e+00  -4.29835977807123e-01
7.77500000000000e+00  -4.23592839405980e-01
7.80000000000000e+00  -4.14356225556993e-01
7.82500000000000e+00  -4.02226508072038e-01
7.85000000000000e+00  -3.87323731179031e-01
7.87500000000000e+00  -3.69785106321605e-01
7.90000000000000e+00  -3.49763181348771e-01
7.92500000000000e+00  -3.27424158425604e-01
7.95000000000000e+00  -3.02946025823181e-01
7.97500000000000e+00  -2.76516689708518e-01
8.00000000000000e+00  -2.48332105934517e-01
8.02500000000000e+00  -2.18594411829898e-01
8.05000000000000e+00  -1.87510057989145e-01
8.07500000000000e+00  -1.55287940062446e-01
8.10000000000000e+00  -1.22137530545627e-01
8.12500000000000e+00  -8.82261651733729e-02
8.15000000000000e+00  -5.39011243613716e-02
8.17500000000000e+00  -1.92352739542829e-02
8.20000000000000e+00  1.55554807407472e-02
8.22500000000000e+00  5.02668801734895e-02
8.25000000000000e+00  8.47063782855919e-02
8.27500000000000e+00  1.18693210245509e-01
8.30000000000000e+00  1.52058460183460e-01
8.32500000000000e+00  1.84645128926382e-01
8.35000000000000e+00  2.16308201732863e-01
8.37500000000000e+00  2.46914716028110e-01
8.40000000000000e+00  2.76343829138878e-01
8.42500000000000e+00  3.04486886028427e-01
8.45000000000000e+00  3.31246095086169e-01
8.47500000000000e+00  3.56535521542668e-01
8.50000000000000e+00  3.80279817962067e-01
8.52500000000000e+00  4.02416727081365e-01
8.55000000000000e+00  4.22894492305538e-01
8.57500000000000e+00  4.41672484102932e-01
8.60000000000000e+00  4.58721826400658e-01
8.62500000000000e+00  4.74026022980002e-01
8.65000000000000e+00  4.87581583871809e-01
8.67500000000000e+00  4.99398651751889e-01
8.70000000000000e+00  5.09501628336413e-01
8.72500000000000e+00  5.17929800777312e-01
8.75000000000000e+00  5.24617776397879e-01
8.77500000000000e+00  5.29806006112743e-01
8.80000000000000e+00  5.33364629590279e-01
8.82500000000000e+00  5.35370053850114e-01
8.85000000000000e+00  5.35896762363064e-01
8.87500000000000e+00  5.35017809978126e-01
8.90000000000000e+00  5.32805317849466e-01
8.92500000000000e+00  5.29330968363413e-01
8.95000000000000e+00  5.24666500065446e-01
8.97500000000000e+00  5.18884202587187e-01
9.00000000000000e+00  5.12057411573386e-01
9.02500000000000e+00  5.04261003608918e-01
9.05000000000000e+00  4.95571891145769e-01
9.07500000000000e+00  4.86066027782900e-01
9.10000000000000e+00  4.75820797756600e-01
9.12500000000000e+00  4.64914224730542e-01
9.15000000000000e+00  4.53422680259194e-01
9.17500000000000e+00  4.41421878997319e-01
9.20000000000000e+00  4.28985707999387e-01
9.22500000000000e+00  4.16185056018980e-01
9.25000000000000e+00  4.03086642808199e-01
9.27500000000000e+00  3.89751848417075e-01
9.30000000000000e+00  3.76235542492976e-01
9.32500000000000e+00  3.62584913580013e-01
9.35000000000000e+00  3.48838298418449e-01
9.37500000000000e+00  3.35143483688349e-01
9.40000000000000e+00  3.21348834376131e-01
9.42500000000000e+00  3.07672079893651e-01
9.45000000000000e+00  2.94128257985179e-01
9.47500000000000e+00  2.80736541921948e-01
9.50000000000000e+00  2.67519094142841e-01
9.52500000000000e+00  2.54499919895100e-01
9.55000000000000e+00  2.41703720875017e-01
9.57500000000000e+00  2.29154748868632e-01
9.60000000000000e+00  2.16875659392434e-01
9.62500000000000e+00  2.04886365334053e-01
9.65000000000000e+00  1.93202890592963e-01
9.67500000000000e+00  1.81836223721178e-01
9.70000000000000e+00  1.70796425825901e-01
9.72500000000000e+00  1.60088585182631e-01
9.75000000000000e+00  1.49714032600228e-01
9.77500000000000e+00  1.39671681857097e-01
9.80000000000000e+00  1.29957563098331e-01
9.82500000000000e+00  1.20565643231429e-01
9.85000000000000e+00  1.11488646322020e-01
9.87500000000000e+00  1.02718873989585e-01
9.90000000000000e+00  9.42490258031778e-02
9.92500000000000e+00  8.60730196771513e-02
9.95000000000000e+00  7.81868122668771e-02
9.97500000000000e+00  7.05892193644674e-02
1.00000000000000e+01  6.32827362945028e-02
