0.00000000000000e+00  -6.32515483611922e-02
2.50000000000000e-02  -7.05609719588352e-02
5.00000000000000e-02  -7.81578644602329e-02
7.50000000000000e-02  -8.60413116164275e-02
1.00000000000000e-01  -9.42136500545186e-02
1.25000000000000e-01  -1.02679703889090e-01
1.50000000000000e-01  -1.11446021333634e-01
1.75000000000000e-01  -1.20520111311979e-01
2.00000000000000e-01  -1.29909680069720e-01
2.25000000000000e-01  -1.39621867785641e-01
2.50000000000000e-01  -1.49662485183145e-01
2.75000000000000e-01  -1.60035250141679e-01
3.00000000000000e-01  -1.70741024308163e-01
3.25000000000000e-01  -1.81778323661869e-01
3.50000000000000e-01  -1.93142015543993e-01
3.75000000000000e-01  -2.04822256951808e-01
4.00000000000000e-01  -2.16808081892221e-01
4.25000000000000e-01  -2.29083752637613e-01
4.50000000000000e-01  -2.41629763444770e-01
4.75000000000000e-01  -2.54423844273824e-01
5.00000000000000e-01  -2.67441964507188e-01
5.25000000000000e-01  -2.80659336668491e-01
5.50000000000000e-01  -2.94051420141512e-01
5.75000000000000e-01  -3.07594924889125e-01
6.00000000000000e-01  -3.21268815172222e-01
6.25000000000000e-01  -3.34974160907215e-01
6.50000000000000e-01  -3.48753534732715e-01
6.75000000000000e-01  -3.62489493681027e-01
7.00000000000000e-01  -3.76142858410942e-01
7.25000000000000e-01  -3.89667508146840e-01
7.50000000000000e-01  -4.03011116495127e-01
7.75000000000000e-01  -4.16115887260660e-01
8.00000000000000e-01  -4.28919290263186e-01
8.25000000000000e-01  -4.41354797153765e-01
8.50000000000000e-01  -4.53352617231206e-01
8.75000000000000e-01  -4.64840433258496e-01
9.00000000000000e-01  -4.75744137279230e-01
9.25000000000000e-01  -4.85988566434044e-01
9.50000000000000e-01  -4.95496797775278e-01
9.75000000000000e-01  -5.04191731237373e-01
1.00000000000000e+00  -5.11996105589972e-01
1.02500000000000e+00  -5.18832883771272e-01
1.05000000000000e+00  -5.24625577383930e-01
1.07500000000000e+00  -5.29298576423905e-01
1.10000000000000e+00  -5.32777479009295e-01
1.12500000000000e+00  -5.34989421109187e-01
1.15000000000000e+00  -5.35863406272492e-01
1.17500000000000e+00  -5.35330635356789e-01
1.20000000000000e+00  -5.33324836257164e-01
1.22500000000000e+00  -5.29782593635059e-01
1.25000000000000e+00  -5.24667206338959e-01
1.27500000000000e+00  -5.17927322160589e-01
1.30000000000000e+00  -5.09520624809131e-01
1.32500000000000e+00  -4.99415165633684e-01
1.35000000000000e+00  -4.87587341513527e-01
1.37500000000000e+00  -4.74022414594169e-01
1.40000000000000e+00  -4.58715032023405e-01
1.42500000000000e+00  -4.41669745687369e-01
1.45000000000000e+00  -4.22901531946580e-01
1.47500000000000e+00  -4.02436311372003e-01
1.50000000000000e+00  -3.80311468481096e-01
1.52500000000000e+00  -3.56576371473866e-01
1.55000000000000e+00  -3.31292891968922e-01
1.57500000000000e+00  -3.04534522777059e-01
1.60000000000000e+00  -2.76387548857481e-01
1.62500000000000e+00  -2.46951303307225e-01
1.65000000000000e+00  -2.16336184767261e-01
1.67500000000000e+00  -1.84665406439635e-01
1.70000000000000e+00  -1.52074273419410e-01
1.72500000000000e+00  -1.18709460026624e-01
1.75000000000000e+00  -8.47282871382349e-02
1.77500000000000e+00  -5.02979995200680e-02
1.80000000000000e+00  -1.55950431587711e-02
1.82500000000000e+00  1.91956574062435e-02
1.85000000000000e+00  5.38814217508420e-02
1.87500000000000e+00  8.82605973059964e-02
1.90000000000000e+00  1.22133092896198e-01
1.92500000000000e+00  1.55288826904036e-01
1.95000000000000e+00  1.87518308167925e-01
1.97500000000000e+00  2.18611147818773e-01
2.00000000000000e+00  2.48357864562409e-01
2.02500000000000e+00  2.76551689962003e-01
2.05000000000000e+00  3.02990373720492e-01
2.07500000000000e+00  3.27477988962999e-01
2.10000000000000e+00  3.49826737519262e-01
2.12500000000000e+00  3.69858755206052e-01
2.15000000000000e+00  3.87407917109600e-01
2.17500000000000e+00  4.02321642868018e-01
2.20000000000000e+00  4.14462773869593e-01
2.22500000000000e+00  4.23711184201701e-01
2.25000000000000e+00  4.29966368842513e-01
2.27500000000000e+00  4.33145887866528e-01
2.30000000000000e+00  4.33189914704522e-01
2.32500000000000e+00  4.30061853074379e-01
2.35000000000000e+00  4.23748953911918e-01
2.37500000000000e+00  4.14262932301723e-01
2.40000000000000e+00  4.01640584407972e-01
2.42500000000000e+00  3.85944404405269e-01
2.45000000000000e+00  3.67263201409468e-01
2.47500000000000e+00  3.45712716408507e-01
2.50000000000000e+00  3.21427772727711e-01
2.52500000000000e+00  2.94586559186303e-01
2.55000000000000e+00  2.65377773069002e-01
2.57500000000000e+00  2.34013987767288e-01
2.60000000000000e+00  2.00731879724913e-01
2.62500000000000e+00  1.65789797072279e-01
2.65000000000000e+00  1.29465328260808e-01
2.67500000000000e+00  9.20528706973242e-02
2.70000000000000e+00  5.38611993784174e-02
2.72500000000000e+00  1.52110355248287e-02
2.75000000000000e+00  -2.35673847841799e-02
2.77500000000000e+00  -6.21367419764497e-02
2.80000000000000e+00  -1.00155064352550e-01
2.82500000000000e+00  -1.37281938920210e-01
2.85000000000000e+00  -1.73178854502553e-01
2.87500000000000e+00  -2.07514197803006e-01
2.90000000000000e+00  -2.39964134036096e-01
2.92500000000000e+00  -2.70218471372543e-01
2.95000000000000e+00  -2.97983508285974e-01
2.97500000000000e+00  -3.22984880899636e-01
3.00000000000000e+00  -3.44970410333113e-01
3.02500000000000e+00  -3.63712950049035e-01
3.05000000000000e+00  -3.79013233199794e-01
3.07500000000000e+00  -3.90702719974257e-01
3.10000000000000e+00  -3.98646444944477e-01
3.12500000000000e+00  -4.02748043427197e-01
3.15000000000000e+00  -4.02934625438671e-01
3.17500000000000e+00  -3.99190333477695e-01
3.20000000000000e+00  -3.91523876671016e-01
3.22500000000000e+00  -3.79986511872714e-01
3.25000000000000e+00  -3.64670567331928e-01
3.27500000000000e+00  -3.45707966360593e-01
3.30000000000000e+00  -3.23268751001173e-01
3.32500000000000e+00  -2.97559605694388e-01
3.35000000000000e+00  -2.68822380946945e-01
3.37500000000000e+00  -2.37332616999277e-01
3.40000000000000e+00  -2.03398067493270e-01
3.42500000000000e+00  -1.67357223139997e-01
3.45000000000000e+00  -1.29569565256213e-01
3.47500000000000e+00  -9.04183208492465e-02
3.50000000000000e+00  -5.03047422175788e-02
3.52500000000000e+00  -9.64377126043230e-03
3.55000000000000e+00  3.11399858076229e-02
3.57500000000000e+00  7.16169216010569e-02
3.60000000000000e+00  1.11357090707768e-01
3.62500000000000e+00  1.49934872833471e-01
3.65000000000000e+00  1.86933635946085e-01
3.67500000000000e+00  2.21950399420121e-01
3.70000000000000e+00  2.54600497181074e-01
3.72500000000000e+00  2.84522240849803e-01
3.75000000000000e+00  3.11387211431273e-01
3.77500000000000e+00  3.34875789231060e-01
3.80000000000000e+00  3.54735654413560e-01
3.82500000000000e+00  3.70731589111477e-01
3.85000000000000e+00  3.82673658488765e-01
3.87500000000000e+00  3.90417805508951e-01
3.90000000000000e+00  3.93866445703453e-01
3.92500000000000e+00  3.92969061939901e-01
3.95000000000000e+00  3.87722799190460e-01
3.97500000000000e+00  3.78173059300150e-01
4.00000000000000e+00  3.64414095755164e-01
4.02500000000000e+00  3.46589608451192e-01
4.05000000000000e+00  3.24893338461743e-01
4.07500000000000e+00  2.99558359348653e-01
4.10000000000000e+00  2.70863201025844e-01
4.12500000000000e+00  2.39127474531203e-01
4.15000000000000e+00  2.04704633036128e-01
4.17500000000000e+00  1.67982128445497e-01
4.20000000000000e+00  1.29376170641359e-01
4.22500000000000e+00  8.93264867266418e-02
4.25000000000000e+00  4.82910802688479e-02
4.27500000000000e+00  6.74099054374853e-03
4.30000000000000e+00  -3.48449482209078e-02
4.32500000000000e+00  -7.59853476017052e-02
4.35000000000000e+00  -1.16201505735851e-01
4.37500000000000e+00  -1.55026580600170e-01
4.40000000000000e+00  -1.91998026504370e-01
4.42500000000000e+00  -2.26693081841488e-01
4.45000000000000e+00  -2.58697763054934e-01
4.47500000000000e+00  -2.87632261081547e-01
4.50000000000000e+00  -3.13153771142433e-01
4.52500000000000e+00  -3.34959322533785e-01
4.55000000000000e+00  -3.52788608417708e-01
4.57500000000000e+00  -3.66426815613051e-01
4.60000000000000e+00  -3.75707454386227e-01
4.62500000000000e+00  -3.80515188242042e-01
4.65000000000000e+00  -3.80788663714521e-01
4.67500000000000e+00  -3.76523340157734e-01
4.70000000000000e+00  -3.67762643793500e-01
4.72500000000000e+00  -3.54606241799958e-01
4.75000000000000e+00  -3.37208434985666e-01
4.77500000000000e+00  -3.15769485713242e-01
4.80000000000000e+00  -2.90540570758829e-01
4.82500000000000e+00  -2.61819250238718e-01
4.85000000000000e+00  -2.29944936535951e-01
4.87500000000000e+00  -1.95294363226947e-01
4.90000000000000e+00  -1.58277054008107e-01
4.92500000000000e+00  -1.19330791622437e-01
4.95000000000000e+00  -7.89170867861626e-02
4.97500000000000e+00  -3.75166471153352e-02
5.00000000000000e+00  4.38608187416131e-03
5.02500000000000e+00  4.62753531557667e-02
5.05000000000000e+00  8.76694038193880e-02
5.07500000000000e+00  1.28072738393720e-01
5.10000000000000e+00  1.67004571838681e-01
5.12500000000000e+00  2.04003354959787e-01
5.15000000000000e+00  2.38631299822543e-01
5.17500000000000e+00  2.70478905166827e-01
5.20000000000000e+00  2.99169481821269e-01
5.22500000000000e+00  3.24363678117642e-01
5.25000000000000e+00  3.45764005305240e-01
5.27500000000000e+00  3.63119362965267e-01
5.30000000000000e+00  3.76229564425219e-01
5.32500000000000e+00  3.84940389344945e-01
5.35000000000000e+00  3.89152245261244e-01
5.37500000000000e+00  3.88821762606749e-01
5.40000000000000e+00  3.83953563644590e-01
5.42500000000000e+00  3.74609066878577e-01
5.45000000000000e+00  3.60903668657948e-01
5.47500000000000e+00  3.43003924782103e-01
5.50000000000000e+00  3.21124732105350e-01
5.52500000000000e+00  2.95526510141648e-01
5.55000000000000e+00  2.66512382669347e-01
5.57500000000000e+00  2.34425359335928e-01
5.60000000000000e+00  1.99645517262747e-01
5.62500000000000e+00  1.62582368199659e-01
5.65000000000000e+00  1.23671038799362e-01
5.67500000000000e+00  8.33623031052005e-02
5.70000000000000e+00  4.21270485195656e-02
5.72500000000000e+00  4.44092924314598e-04
5.75000000000000e+00  -4.12050563163430e-02
5.77500000000000e+00  -8.23414433529882e-02
5.80000000000000e+00  -1.22493904848116e-01
5.82500000000000e+00  -1.61204310973262e-01
5.85000000000000e+00  -1.98032806406138e-01
5.87500000000000e+00  -2.32563051327756e-01
5.90000000000000e+00  -2.64407462419564e-01
5.92500000000000e+00  -2.93212453860569e-01
5.95000000000000e+00  -3.18658280055839e-01
5.97500000000000e+00  -3.40466279948458e-01
6.00000000000000e+00  -3.58403245370501e-01
6.02500000000000e+00  -3.72275303383238e-01
6.05000000000000e+00  -3.81938622955648e-01
6.07500000000000e+00  -3.87298820931642e-01
6.10000000000000e+00  -3.88310367997302e-01
6.12500000000000e+00  -3.84975994648106e-01
6.15000000000000e+00  -3.77346097156156e-01
6.17500000000000e+00  -3.65518143537415e-01
6.20000000000000e+00  -3.49636079518932e-01
6.22500000000000e+00  -3.29889734506072e-01
6.25000000000000e+00  -3.06508921947153e-01
6.27500000000000e+00  -2.79761700073182e-01
6.30000000000000e+00  -2.49951734757223e-01
6.32500000000000e+00  -2.17412849962002e-01
6.35000000000000e+00  -1.82506558347672e-01
6.37500000000000e+00  -1.45617391464683e-01
6.40000000000000e+00  -1.07148229946628e-01
6.42500000000000e+00  -6.75156337031191e-02
6.45000000000000e+00  -2.71451721126363e-02
6.47500000000000e+00  1.35332457846087e-02
6.50000000000000e+00  5.40900410938053e-02
6.52500000000000e+00  9.41006348726963e-02
6.55000000000000e+00  1.33150117938705e-01
6.57500000000000e+00  1.70837256051704e-01
6.60000000000000e+00  2.06778850055327e-01
6.62500000000000e+00  2.40615470337909e-01
6.65000000000000e+00  2.72008643497609e-01
6.67500000000000e+00  3.00650655151322e-01
6.70000000000000e+00  3.26266015366678e-01
6.72500000000000e+00  3.48612924094040e-01
6.75000000000000e+00  3.67484736598490e-01
6.77500000000000e+00  3.82711428891833e-01
6.80000000000000e+00  3.94161063164581e-01
6.82500000000000e+00  4.01741253217955e-01
6.85000000000000e+00  4.05400629895874e-01
6.87500000000000e+00  4.05129251183227e-01
6.90000000000000e+00  4.00947568410487e-01
6.92500000000000e+00  3.92923711579845e-01
6.95000000000000e+00  3.81156000188503e-01
6.97500000000000e+00  3.65779256915367e-01
7.00000000000000e+00  3.46961946128245e-01
7.02500000000000e+00  3.24903312391034e-01
7.05000000000000e+00  2.99830518970929e-01
7.07500000000000e+00  2.71995786345607e-01
7.10000000000000e+00  2.41673530710422e-01
7.12500000000000e+00  2.09157502485613e-01
7.15000000000000e+00  1.74757924823484e-01
7.17500000000000e+00  1.38798632115611e-01
7.20000000000000e+00  1.01611273574480e-01
7.22500000000000e+00  6.35343600406201e-02
7.25000000000000e+00  2.49082857416924e-02
7.27500000000000e+00  -1.39249885745802e-02
7.30000000000000e+00  -5.26281689403306e-02
7.32500000000000e+00  -9.08710522708915e-02
7.35000000000000e+00  -1.28332950468157e-01
7.37500000000000e+00  -1.64705114523917e-01
7.40000000000000e+00  -1.99693158623223e-01
7.42500000000000e+00  -2.33019484247722e-01
7.45000000000000e+00  -2.64425704279013e-01
7.47500000000000e+00  -2.93675067102001e-01
7.50000000000000e+00  -3.20563719052806e-01
7.52500000000000e+00  -3.44877776844598e-01
7.55000000000000e+00  -3.66464273139367e-01
7.57500000000000e+00  -3.85179983405944e-01
7.60000000000000e+00  -4.00909229925049e-01
7.62500000000000e+00  -4.13563265028117e-01
7.65000000000000e+00  -4.23079654336139e-01
7.67500000000000e+00  -4.29421659998484e-01
7.70000000000000e+00  -4.32577623931736e-01
7.72500000000000e+00  -4.32560351058520e-01
7.75000000000000e+00  -4.29406492546336e-01
7.77500000000000e+00  -4.23175929046392e-01
7.80000000000000e+00  -4.13951153932430e-01
7.82500000000000e+00  -4.01832723711124e-01
7.85000000000000e+00  -3.86940814816835e-01
7.87500000000000e+00  -3.69412635733801e-01
7.90000000000000e+00  -3.49400813185877e-01
7.92500000000000e+00  -3.27071517351853e-01
7.95000000000000e+00  -3.02602655649977e-01
7.97500000000000e+00  -2.76182066522474e-01
8.00000000000000e+00  -2.48005713220077e-01
8.02500000000000e+00  -2.18275877586543e-01
8.05000000000000e+00  -1.87199353843186e-01
8.07500000000000e+00  -1.54985642373395e-01
8.10000000000000e+00  -1.21845143507157e-01
8.12500000000000e+00  -8.79894161396979e-02
8.15000000000000e+00  -5.36224808828819e-02
8.17500000000000e+00  -1.89505099979081e-02
8.20000000000000e+00  1.58268059127867e-02
8.22500000000000e+00  5.05167997826221e-02
8.25000000000000e+00  8.49345524278480e-02
8.27500000000000e+00  1.18903616894488e-01
8.30000000000000e+00  1.52256742805314e-01
8.32500000000000e+00  1.84836600706807e-01
8.35000000000000e+00  2.16496506416113e-01
8.37500000000000e+00  2.47101145368017e-01
8.40000000000000e+00  2.76527296961888e-01
8.42500000000000e+00  3.04664558908657e-01
8.45000000000000e+00  3.31413592641986e-01
8.47500000000000e+00  3.56688111513581e-01
8.50000000000000e+00  3.80414622669381e-01
8.52500000000000e+00  4.02531255384479e-01
8.55000000000000e+00  4.22988642598459e-01
8.57500000000000e+00  4.41749400185467e-01
8.60000000000000e+00  4.58787606224292e-01
8.62500000000000e+00  4.74088280268452e-01
8.65000000000000e+00  4.87646862616261e-01
8.67500000000000e+00  4.99468693580918e-01
8.70000000000000e+00  5.09568492760581e-01
8.72500000000000e+00  5.17969838308449e-01
8.75000000000000e+00  5.24681226749673e-01
8.77500000000000e+00  5.29815448313993e-01
8.80000000000000e+00  5.33353322331272e-01
8.82500000000000e+00  5.35355065086582e-01
8.85000000000000e+00  5.35884079576446e-01
8.87500000000000e+00  5.35006625751382e-01
8.90000000000000e+00  5.32791490758438e-01
8.92500000000000e+00  5.29309659183737e-01
8.95000000000000e+00  5.24633983295016e-01
8.97500000000000e+00  5.18838853284167e-01
9.00000000000000e+00  5.11999867509776e-01
9.02500000000000e+00  5.04193502739662e-01
9.05000000000000e+00  4.95496784393425e-01
9.07500000000000e+00  4.85986961766518e-01
9.10000000000000e+00  4.75741123134777e-01
9.12500000000000e+00  4.64836179723509e-01
9.15000000000000e+00  4.53347282626652e-01
9.17500000000000e+00  4.41348528301739e-01
9.20000000000000e+00  4.28912222856224e-01
9.22500000000000e+00  4.16108146333798e-01
9.25000000000000e+00  4.03002817000708e-01
9.27500000000000e+00  3.89658755632082e-01
9.30000000000000e+00  3.76133749798248e-01
9.32500000000000e+00  3.62480118151052e-01
9.35000000000000e+00  3.48743974710179e-01
9.37500000000000e+00  3.35045649062281e-01
9.40000000000000e+00  3.21259092339004e-01
9.42500000000000e+00  3.07585208885933e-01
9.45000000000000e+00  2.94041766562660e-01
9.47500000000000e+00  2.80649792866449e-01
9.50000000000000e+00  2.67432571004425e-01
9.52500000000000e+00  2.54414635965771e-01
9.55000000000000e+00  2.41620770593921e-01
9.57500000000000e+00  2.29075001658752e-01
9.60000000000000e+00  2.16799595928776e-01
9.62500000000000e+00  2.04814056243336e-01
9.65000000000000e+00  1.93134117584796e-01
9.67500000000000e+00  1.81770743150739e-01
9.70000000000000e+00  1.70733773838190e-01
9.72500000000000e+00  1.60028340066456e-01
9.75000000000000e+00  1.49655923678347e-01
9.77500000000000e+00  1.39615661170747e-01
9.80000000000000e+00  1.29903832916978e-01
9.82500000000000e+00  1.20514626651961e-01
9.85000000000000e+00  1.11440900957366e-01
9.87500000000000e+00  1.02674948746776e-01
9.90000000000000e+00  9.42092607508379e-02
9.92500000000000e+00  8.60372890024212e-02
9.95000000000000e+00  7.81542103217753e-02
9.97500000000000e+00  7.05576898016840e-02
1.00000000000000e+01  6.32486442926274e-02
