0.00000000000000e+00  -4.88988503091678e-02
2.50000000000000e-02  -5.37543458636543e-02
5.00000000000000e-02  -5.85928507299085e-02
7.50000000000000e-02  -6.34028682275450e-02
1.00000000000000e-01  -6.81702474356925e-02
1.25000000000000e-01  -7.28783055693802e-02
1.50000000000000e-01  -7.75079503559256e-02
1.75000000000000e-01  -8.20378024113226e-02
2.00000000000000e-01  -8.64443176166299e-02
2.25000000000000e-01  -9.07019094943585e-02
2.50000000000000e-01  -9.47830715848604e-02
2.75000000000000e-01  -9.86584998227159e-02
3.00000000000000e-01  -1.02297214913122e-01
3.25000000000000e-01  -1.05666684708282e-01
3.50000000000000e-01  -1.08732946583789e-01
3.75000000000000e-01  -1.11460729815020e-01
4.00000000000000e-01  -1.13813577953520e-01
4.25000000000000e-01  -1.15753971203391e-01
4.50000000000000e-01  -1.17243448797680e-01
4.75000000000000e-01  -1.18242731374767e-01
5.00000000000000e-01  -1.18711843354753e-01
5.25000000000000e-01  -1.18610235315850e-01
5.50000000000000e-01  -1.17896906370766e-01
5.75000000000000e-01  -1.16530526543094e-01
6.00000000000000e-01  -1.14469559143701e-01
6.25000000000000e-01  -1.11694935950009e-01
6.50000000000000e-01  -1.08127856749678e-01
6.75000000000000e-01  -1.03771691869600e-01
7.00000000000000e-01  -9.85901081066173e-02
7.25000000000000e-01  -9.25510542370513e-02
7.50000000000000e-01  -8.56271103270353e-02
7.75000000000000e-01  -7.77958370428429e-02
8.00000000000000e-01  -6.90401249612161e-02
8.25000000000000e-01  -5.93485438796945e-02
8.50000000000000e-01  -4.87156921269455e-02
8.75000000000000e-01  -3.71425458730912e-02
9.00000000000000e-01  -2.46368084400397e-02
9.25000000000000e-01  -1.12132596118131e-02
9.50000000000000e-01  3.10589505512484e-03
9.75000000000000e-01  1.82906749215363e-02
1.00000000000000e+00  3.43029749550845e-02
1.02500000000000e+00  5.10962164200013e-02
1.05000000000000e+00  6.86149975667591e-02
1.07500000000000e+00  8.67947443217442e-02
1.10000000000000e+00  1.05561360976923e-01
1.12500000000000e+00  1.24830880879519e-01
1.15000000000000e+00  1.44509117121677e-01
1.17500000000000e+00  1.64491313230140e-01
1.20000000000000e+00  1.84661793855918e-01
1.22500000000000e+00  2.04893615463957e-01
1.25000000000000e+00  2.25083345066692e-01
1.27500000000000e+00  2.45049109795127e-01
1.30000000000000e+00  2.64679395379064e-01
1.32500000000000e+00  2.83819617939808e-01
1.35000000000000e+00  3.02309942181790e-01
1.37500000000000e+00  3.19986643387985e-01
1.40000000000000e+00  3.36683469415331e-01
1.42500000000000e+00  3.52233002690143e-01
1.45000000000000e+00  3.66468022203535e-01
1.47500000000000e+00  3.79222865506834e-01
1.50000000000000e+00  3.90334790707000e-01
1.52500000000000e+00  3.99645338462042e-01
1.55000000000000e+00  4.07001693976437e-01
1.57500000000000e+00  4.12252244156961e-01
1.60000000000000e+00  4.15269270945143e-01
1.62500000000000e+00  4.15926535593552e-01
1.65000000000000e+00  4.14111524047741e-01
1.67500000000000e+00  4.09728140124231e-01
1.70000000000000e+00  4.02698235343809e-01
1.72500000000000e+00  3.92963138764829e-01
1.75000000000000e+00  3.80485186816509e-01
1.77500000000000e+00  3.65249253132230e-01
1.80000000000000e+00  3.47264278382839e-01
1.82500000000000e+00  3.26564800109942e-01
1.85000000000000e+00  3.03212482559209e-01
1.87500000000000e+00  2.77265010370749e-01
1.90000000000000e+00  2.48937922186019e-01
1.92500000000000e+00  2.18246347409239e-01
1.95000000000000e+00  1.85406094457050e-01
1.97500000000000e+00  1.50628424125477e-01
2.00000000000000e+00  1.14133709335256e-01
2.02500000000000e+00  7.61650948771781e-02
2.05000000000000e+00  3.69932010246313e-02
2.07500000000000e+00  -3.08365537157376e-03
2.10000000000000e+00  -4.37436251238704e-02
2.12500000000000e+00  -8.46460359457782e-02
2.15000000000000e+00  -1.25444076613321e-01
2.17500000000000e+00  -1.65798754350907e-01
2.20000000000000e+00  -2.05307931850726e-01
2.22500000000000e+00  -2.43612398357792e-01
2.25000000000000e+00  -2.80330342458497e-01
2.27500000000000e+00  -3.15085802307398e-01
2.30000000000000e+00  -3.47510275209129e-01
2.32500000000000e+00  -3.77247062961897e-01
2.35000000000000e+00  -4.03955617200980e-01
2.37500000000000e+00  -4.27315884742220e-01
2.40000000000000e+00  -4.47032652925520e-01
2.42500000000000e+00  -4.62839894958337e-01
2.45000000000000e+00  -4.74505115259182e-01
2.47500000000000e+00  -4.81833694801113e-01
2.50000000000000e+00  -4.84669423898025e-01
2.52500000000000e+00  -4.82875600543286e-01
2.55000000000000e+00  -4.76410227768837e-01
2.57500000000000e+00  -4.65245713938899e-01
2.60000000000000e+00  -4.49409405116981e-01
2.62500000000000e+00  -4.28982265440005e-01
2.65000000000000e+00  -4.04097557492420e-01
2.67500000000000e+00  -3.74939522680323e-01
2.70000000000000e+00  -3.41742061605570e-01
2.72500000000000e+00  -3.04787414439906e-01
2.75000000000000e+00  -2.64404841299072e-01
2.77500000000000e+00  -2.20969302616931e-01
2.80000000000000e+00  -1.74900139519582e-01
2.82500000000000e+00  -1.26657169540734e-01
2.85000000000000e+00  -7.66936556477879e-02
2.87500000000000e+00  -2.55696019109544e-02
2.90000000000000e+00  2.62055705700444e-02
2.92500000000000e+00  7.80833325894871e-02
2.95000000000000e+00  1.29494296710367e-01
2.97500000000000e+00  1.79865389531225e-01
3.00000000000000e+00  2.28630236405340e-01
3.02500000000000e+00  2.75238138958638e-01
3.05000000000000e+00  3.19159372440331e-01
3.07500000000000e+00  3.59885607441997e-01
3.10000000000000e+00  3.96920196678559e-01
3.12500000000000e+00  4.29783394780402e-01
3.15000000000000e+00  4.58119982644638e-01
3.17500000000000e+00  4.81544292302216e-01
3.20000000000000e+00  4.99741794032737e-01
3.22500000000000e+00  5.12459087366207e-01
3.25000000000000e+00  5.19505045782588e-01
3.27500000000000e+00  5.20751961411356e-01
3.30000000000000e+00  5.16136689731052e-01
3.32500000000000e+00  5.05661794268838e-01
3.35000000000000e+00  4.89396691300051e-01
3.37500000000000e+00  4.67478794547755e-01
3.40000000000000e+00  4.40114659882298e-01
3.42500000000000e+00  4.07581130020866e-01
3.45000000000000e+00  3.70230359969000e-01
3.47500000000000e+00  3.28424713759229e-01
3.50000000000000e+00  2.82642769528544e-01
3.52500000000000e+00  2.33386804280580e-01
3.55000000000000e+00  1.81208920200845e-01
3.57500000000000e+00  1.26703468899640e-01
3.60000000000000e+00  7.04994756549914e-02
3.62500000000000e+00  1.32530636555674e-02
3.65000000000000e+00  -4.43601217563905e-02
3.67500000000000e+00  -1.01652488842145e-01
3.70000000000000e+00  -1.57932075223539e-01
3.72500000000000e+00  -2.12510123640066e-01
3.75000000000000e+00  -2.64724965058647e-01
3.77500000000000e+00  -3.13867816917777e-01
3.80000000000000e+00  -3.59375758466299e-01
3.82500000000000e+00  -4.00632260549800e-01
3.85000000000000e+00  -4.37085550760180e-01
3.87500000000000e+00  -4.68246915298850e-01
3.90000000000000e+00  -4.93689000839918e-01
3.92500000000000e+00  -5.13047384377148e-01
3.95000000000000e+00  -5.26024440486944e-01
3.97500000000000e+00  -5.32395383144093e-01
4.00000000000000e+00  -5.32015290012860e-01
4.02500000000000e+00  -5.24829466978352e-01
4.05000000000000e+00  -5.10884288455552e-01
4.07500000000000e+00  -4.90282269183675e-01
4.10000000000000e+00  -4.63232581533460e-01
4.12500000000000e+00  -4.30029046677232e-01
4.15000000000000e+00  -3.91041376705724e-01
4.17500000000000e+00  -3.46725512202598e-01
4.20000000000000e+00  -2.97615581862491e-01
4.22500000000000e+00  -2.44315862109081e-01
4.25000000000000e+00  -1.87492736713142e-01
4.27500000000000e+00  -1.27866656410587e-01
4.30000000000000e+00  -6.62040985205440e-02
4.32500000000000e+00  -3.30952656339162e-03
4.35000000000000e+00  5.99826501211648e-02
4.37500000000000e+00  1.22810968859521e-01
4.40000000000000e+00  1.84346127899557e-01
4.42500000000000e+00  2.43736389221605e-01
4.45000000000000e+00  3.00151336759899e-01
4.47500000000000e+00  3.52797829058646e-01
4.50000000000000e+00  4.00929251822681e-01
4.52500000000000e+00  4.43854770468109e-01
4.55000000000000e+00  4.80948582672941e-01
4.57500000000000e+00  5.11659170927744e-01
4.60000000000000e+00  5.35518555086277e-01
4.62500000000000e+00  5.52151544916137e-01
4.65000000000000e+00  5.61284992649402e-01
4.67500000000000e+00  5.62757045533273e-01
4.70000000000000e+00  5.56501644237256e-01
4.72500000000000e+00  5.42569351094015e-01
4.75000000000000e+00  5.21127281528276e-01
4.77500000000000e+00  4.92437888922726e-01
4.80000000000000e+00  4.56877193500383e-01
4.82500000000000e+00  4.14925167171461e-01
4.85000000000000e+00  3.67156118380230e-01
4.87500000000000e+00  3.14229076951895e-01
4.90000000000000e+00  2.56878178939447e-01
4.92500000000000e+00  1.95903051470544e-01
4.95000000000000e+00  1.32159197594374e-01
4.97500000000000e+00  6.65483811285119e-02
5.00000000000000e+00  -8.03222627392665e-06
5.02500000000000e+00  -6.65474075396769e-02
5.05000000000000e+00  -1.32158240053660e-01
5.07500000000000e+00  -1.95902120298551e-01
5.10000000000000e+00  -2.56877284262890e-01
5.12500000000000e+00  -3.14228228559846e-01
5.15000000000000e+00  -3.67155325593678e-01
5.17500000000000e+00  -4.14924438726166e-01
5.20000000000000e+00  -4.56876537443046e-01
5.22500000000000e+00  -4.92437312520460e-01
5.25000000000000e+00  -5.21126791191386e-01
5.27500000000000e+00  -5.42568952312085e-01
5.30000000000000e+00  -5.56501341528537e-01
5.32500000000000e+00  -5.62756842398075e-01
5.35000000000000e+00  -5.61284891543185e-01
5.37500000000000e+00  -5.52151547234654e-01
5.40000000000000e+00  -5.35518661147344e-01
5.42500000000000e+00  -5.11659379977632e-01
5.45000000000000e+00  -4.80948892899145e-01
5.47500000000000e+00  -4.43855179018496e-01
5.50000000000000e+00  -4.00929754831024e-01
5.52500000000000e+00  -3.52798421676527e-01
5.55000000000000e+00  -3.00152013195005e-01
5.57500000000000e+00  -2.43737142782391e-01
5.60000000000000e+00  -1.84346951046286e-01
5.62500000000000e+00  -1.22817001389140e-01
5.65000000000000e+00  -5.99835875541785e-02
5.67500000000000e+00  3.30854561134291e-03
5.70000000000000e+00  6.62030837590369e-02
5.72500000000000e+00  1.27865617870356e-01
5.75000000000000e+00  1.87491684639618e-01
5.77500000000000e+00  2.44314806857062e-01
5.80000000000000e+00  2.97614533791885e-01
5.82500000000000e+00  3.46724481575278e-01
5.85000000000000e+00  3.91040373583480e-01
5.87500000000000e+00  4.30028080820805e-01
5.90000000000000e+00  4.63231662302699e-01
5.92500000000000e+00  4.90281405438769e-01
5.95000000000000e+00  5.10883488489226e-01
5.97500000000000e+00  5.24828738421154e-01
6.00000000000000e+00  5.32014639766347e-01
6.02500000000000e+00  5.32394817308634e-01
6.05000000000000e+00  5.26023964317693e-01
6.07500000000000e+00  5.13047002238727e-01
6.10000000000000e+00  4.93688716162332e-01
6.12500000000000e+00  4.68246730551793e-01
6.15000000000000e+00  4.37085467435854e-01
6.17500000000000e+00  4.00632279161852e-01
6.20000000000000e+00  3.59375878557997e-01
6.22500000000000e+00  3.13868037066058e-01
6.25000000000000e+00  2.64708975617191e-01
6.27500000000000e+00  2.12510535915762e-01
6.30000000000000e+00  1.57932577710683e-01
6.32500000000000e+00  1.01653076556241e-01
6.35000000000000e+00  4.43607889408437e-02
6.37500000000000e+00  -1.32523234659343e-02
6.40000000000000e+00  -7.04986695663537e-02
6.42500000000000e+00  -1.26702604587466e-01
6.45000000000000e+00  -1.81208005834110e-01
6.47500000000000e+00  -2.33385848441880e-01
6.50000000000000e+00  -2.82641781130097e-01
6.52500000000000e+00  -3.28423701954803e-01
6.55000000000000e+00  -3.70229334061723e-01
6.57500000000000e+00  -4.07580099399779e-01
6.60000000000000e+00  -4.40113633921176e-01
6.62500000000000e+00  -4.67477782506423e-01
6.65000000000000e+00  -4.89395702261994e-01
6.67500000000000e+00  -5.05660837058836e-01
6.70000000000000e+00  -5.16135772838667e-01
6.72500000000000e+00  -5.20751092920278e-01
6.75000000000000e+00  -5.19504233305826e-01
6.77500000000000e+00  -5.12458337987139e-01
6.80000000000000e+00  -4.99741114252011e-01
6.82500000000000e+00  -4.81543687990499e-01
6.85000000000000e+00  -4.58119459001225e-01
6.87500000000000e+00  -4.29768023264523e-01
6.90000000000000e+00  -3.96919847095341e-01
6.92500000000000e+00  -3.59885349756952e-01
6.95000000000000e+00  -3.19159208865144e-01
6.97500000000000e+00  -2.75238070934907e-01
7.00000000000000e+00  -2.28630264602494e-01
7.02500000000000e+00  -1.79865513847455e-01
7.05000000000000e+00  -1.29494516282079e-01
7.07500000000000e+00  -7.80836458116968e-02
7.10000000000000e+00  -2.62059751220694e-02
7.12500000000000e+00  2.55691090290604e-02
7.15000000000000e+00  7.66930780800203e-02
7.17500000000000e+00  1.26656511542900e-01
7.20000000000000e+00  1.74899406003684e-01
7.22500000000000e+00  2.20968498907641e-01
7.25000000000000e+00  2.64403973230705e-01
7.27500000000000e+00  3.04786488271958e-01
7.30000000000000e+00  3.41741083964970e-01
7.32500000000000e+00  3.74938500504656e-01
7.35000000000000e+00  4.04096497974150e-01
7.37500000000000e+00  4.28981175971651e-01
7.40000000000000e+00  4.49408293237295e-01
7.42500000000000e+00  4.65244587280014e-01
7.45000000000000e+00  4.76409094004390e-01
7.47500000000000e+00  4.82874467337529e-01
7.50000000000000e+00  4.84672111283543e-01
7.52500000000000e+00  4.81832585196230e-01
7.55000000000000e+00  4.74504028492030e-01
7.57500000000000e+00  4.62838838093825e-01
7.60000000000000e+00  4.47031632779033e-01
7.62500000000000e+00  4.27314907840017e-01
7.65000000000000e+00  4.03954689744491e-01
7.67500000000000e+00  3.77246190795937e-01
7.70000000000000e+00  3.47509463794006e-01
7.72500000000000e+00  3.15085056694933e-01
7.75000000000000e+00  2.80329667271949e-01
7.77500000000000e+00  2.43611797775681e-01
7.80000000000000e+00  2.05307409594572e-01
7.82500000000000e+00  1.65798313648455e-01
7.85000000000000e+00  1.25443720305541e-01
7.87500000000000e+00  8.46457662695973e-02
7.90000000000000e+00  4.37434439258899e-02
7.92500000000000e+00  3.08356403894001e-03
7.95000000000000e+00  -3.69932015910347e-02
7.97500000000000e+00  -7.61650042510638e-02
8.00000000000000e+00  -1.14133527539846e-01
8.02500000000000e+00  -1.50628151598406e-01
8.05000000000000e+00  -1.85405732019580e-01
8.07500000000000e+00  -2.18245896254586e-01
8.10000000000000e+00  -2.48937383912732e-01
8.12500000000000e+00  -2.77297023184857e-01
8.15000000000000e+00  -3.03211776360272e-01
8.17500000000000e+00  -3.26564013638288e-01
8.20000000000000e+00  -3.47263414510064e-01
8.22500000000000e+00  -3.65248314980013e-01
8.25000000000000e+00  -3.80484177732269e-01
8.27500000000000e+00  -3.92962062297152e-01
8.30000000000000e+00  -4.02697095217640e-01
8.32500000000000e+00  -4.09726940215833e-01
8.35000000000000e+00  -4.14110268359423e-01
8.37500000000000e+00  -4.15925228228160e-01
8.40000000000000e+00  -4.15267916080323e-01
8.42500000000000e+00  -4.12250846019183e-01
8.45000000000000e+00  -4.07000256825421e-01
8.47500000000000e+00  -3.99643866563579e-01
8.50000000000000e+00  -3.90333288314687e-01
8.52500000000000e+00  -3.79221336842599e-01
8.55000000000000e+00  -3.66466471438822e-01
8.57500000000000e+00  -3.52231433928423e-01
8.60000000000000e+00  -3.36681886675927e-01
8.62500000000000e+00  -3.19985050591211e-01
8.65000000000000e+00  -3.02308343135420e-01
8.67500000000000e+00  -2.83818016326854e-01
8.70000000000000e+00  -2.64677794746879e-01
8.72500000000000e+00  -2.45047513545818e-01
8.75000000000000e+00  -2.25046628463779e-01
8.77500000000000e+00  -2.04892037585437e-01
8.80000000000000e+00  -1.84660229603709e-01
8.82500000000000e+00  -1.64489765370812e-01
8.85000000000000e+00  -1.44507588241862e-01
8.87500000000000e+00  -1.24829373385749e-01
8.90000000000000e+00  -1.05559877096015e-01
8.92500000000000e+00  -8.67932861017359e-02
8.95000000000000e+00  -6.86135668783860e-02
8.97500000000000e+00  -5.10948149587285e-02
9.00000000000000e+00  -3.43016042436790e-02
9.02500000000000e+00  -1.82893363131938e-02
9.05000000000000e+00  -3.10458973713976e-03
9.07500000000000e+00  1.12145306138274e-02
9.10000000000000e+00  2.46380442573851e-02
9.12500000000000e+00  3.71437457886724e-02
9.15000000000000e+00  4.87168555694049e-02
9.17500000000000e+00  5.93496704170057e-02
9.20000000000000e+00  6.90412142937241e-02
9.22500000000000e+00  7.77968889957603e-02
9.25000000000000e+00  8.56281248423911e-02
9.27500000000000e+00  9.25520313650890e-02
9.30000000000000e+00  9.85910479966483e-02
9.32500000000000e+00  1.03772594760308e-01
9.35000000000000e+00  1.08128722958874e-01
9.37500000000000e+00  1.11673213137959e-01
9.40000000000000e+00  1.14470353348831e-01
9.42500000000000e+00  1.16531285520210e-01
9.45000000000000e+00  1.17897630729297e-01
9.47500000000000e+00  1.18610925710372e-01
9.50000000000000e+00  1.18712500478701e-01
9.52500000000000e+00  1.18243355954440e-01
9.55000000000000e+00  1.17244041586544e-01
9.57500000000000e+00  1.15754532976668e-01
9.60000000000000e+00  1.13814109503076e-01
9.62500000000000e+00  1.11461231944546e-01
9.65000000000000e+00  1.08733420104274e-01
9.67500000000000e+00  1.05667130433782e-01
9.70000000000000e+00  1.02297633656820e-01
9.72500000000000e+00  9.86588923932779e-02
9.75000000000000e+00  9.47834387830825e-02
9.77500000000000e+00  9.07022521101103e-02
9.80000000000000e+00  8.64446364260894e-02
9.82500000000000e+00  8.20380981745066e-02
9.85000000000000e+00  7.75082238145122e-02
9.87500000000000e+00  7.28785574448264e-02
9.90000000000000e+00  6.81704784276429e-02
9.92500000000000e+00  6.34030790125374e-02
9.95000000000000e+00  5.85930419603711e-02
9.97500000000000e+00  5.37545181671966e-02
1.00000000000000e+01  4.88990042881666e-02
