0.00000000000000e+00  -6.32039861515983e-02
2.50000000000000e-02  -7.05941177054339e-02
5.00000000000000e-02  -7.82148631287869e-02
7.50000000000000e-02  -8.60912888201188e-02
1.00000000000000e-01  -9.42442049210139e-02
1.25000000000000e-01  -1.02690486832256e-01
1.50000000000000e-01  -1.11443396729907e-01
1.75000000000000e-01  -1.20512905081383e-01
2.00000000000000e-01  -1.29906012161533e-01
2.25000000000000e-01  -1.39627069568720e-01
2.50000000000000e-01  -1.49678101740896e-01
2.75000000000000e-01  -1.60059127471681e-01
3.00000000000000e-01  -1.70768481426441e-01
3.25000000000000e-01  -1.81802065724401e-01
3.50000000000000e-01  -1.93154177039540e-01
3.75000000000000e-01  -2.04817845475948e-01
4.00000000000000e-01  -2.16782568530334e-01
4.25000000000000e-01  -2.29036196892303e-01
4.50000000000000e-01  -2.41564156967766e-01
4.75000000000000e-01  -2.54348673402333e-01
5.00000000000000e-01  -2.67367991604725e-01
5.25000000000000e-01  -2.80595600270171e-01
5.50000000000000e-01  -2.93999453903812e-01
5.75000000000000e-01  -3.07541195344105e-01
6.00000000000000e-01  -3.21175378286224e-01
6.25000000000000e-01  -3.34898665989451e-01
6.50000000000000e-01  -3.48615758657711e-01
6.75000000000000e-01  -3.62323740378626e-01
7.00000000000000e-01  -3.75966337615476e-01
7.25000000000000e-01  -3.89485727149778e-01
7.50000000000000e-01  -4.02822408615906e-01
7.75000000000000e-01  -4.15915077035688e-01
8.00000000000000e-01  -4.28700495353025e-01
8.25000000000000e-01  -4.41113366968498e-01
8.50000000000000e-01  -4.53086208273973e-01
8.75000000000000e-01  -4.64549221187213e-01
9.00000000000000e-01  -4.75430165686490e-01
9.25000000000000e-01  -4.85654232345189e-01
9.50000000000000e-01  -4.95146048686615e-01
9.75000000000000e-01  -5.03828394049605e-01
1.00000000000000e+00  -5.11622994462191e-01
1.02500000000000e+00  -5.18451721308355e-01
1.05000000000000e+00  -5.24236512828760e-01
1.07500000000000e+00  -5.28900198071302e-01
1.10000000000000e+00  -5.32367320841666e-01
1.12500000000000e+00  -5.34564963653882e-01
1.15000000000000e+00  -5.35423571680881e-01
1.17500000000000e+00  -5.34877776705050e-01
1.20000000000000e+00  -5.32867221068790e-01
1.22500000000000e+00  -5.29337381625067e-01
1.25000000000000e+00  -5.24231446588734e-01
1.27500000000000e+00  -5.17495706123249e-01
1.30000000000000e+00  -5.09098287595901e-01
1.32500000000000e+00  -4.99006565889091e-01
1.35000000000000e+00  -4.87196533778828e-01
1.37500000000000e+00  -4.73653275931590e-01
1.40000000000000e+00  -4.58371442901193e-01
1.42500000000000e+00  -4.41355725125663e-01
1.45000000000000e+00  -4.22621326924101e-01
1.47500000000000e+00  -4.02194440493552e-01
1.50000000000000e+00  -3.80112719905874e-01
1.52500000000000e+00  -3.56425755104604e-01
1.55000000000000e+00  -3.31195545901830e-01
1.57500000000000e+00  -3.04495775725571e-01
1.60000000000000e+00  -2.76412815745921e-01
1.62500000000000e+00  -2.47046034355703e-01
1.65000000000000e+00  -2.16505833964811e-01
1.67500000000000e+00  -1.84915402473833e-01
1.70000000000000e+00  -1.52410007418784e-01
1.72500000000000e+00  -1.19136290115856e-01
1.75000000000000e+00  -8.52515598061435e-02
1.77500000000000e+00  -5.09230878003891e-02
1.80000000000000e+00  -1.63274016237242e-02
1.82500000000000e+00  1.83504208396000e-02
1.85000000000000e+00  5.29174572014646e-02
1.87500000000000e+00  8.71729603751905e-02
1.90000000000000e+00  1.20917139512309e-01
1.92500000000000e+00  1.53939542732490e-01
1.95000000000000e+00  1.86030915838213e-01
1.97500000000000e+00  2.16981108724727e-01
2.00000000000000e+00  2.46580880544617e-01
2.02500000000000e+00  2.74623704872363e-01
2.05000000000000e+00  3.00907574868903e-01
2.07500000000000e+00  3.25236808446196e-01
2.10000000000000e+00  3.47423853431784e-01
2.12500000000000e+00  3.67291092733352e-01
2.15000000000000e+00  3.84672649503293e-01
2.17500000000000e+00  3.99416192303268e-01
2.20000000000000e+00  4.11384798888077e-01
2.22500000000000e+00  4.20458563994012e-01
2.25000000000000e+00  4.26537183712157e-01
2.27500000000000e+00  4.29538405452333e-01
2.30000000000000e+00  4.29402555864236e-01
2.32500000000000e+00  4.26093153742754e-01
2.35000000000000e+00  4.19597522933290e-01
2.37500000000000e+00  4.09927405237082e-01
2.40000000000000e+00  3.97119573316524e-01
2.42500000000000e+00  3.81236443600488e-01
2.45000000000000e+00  3.62366689189642e-01
2.47500000000000e+00  3.40625852761775e-01
2.50000000000000e+00  3.16147038458310e-01
2.52500000000000e+00  2.89113381614286e-01
2.55000000000000e+00  2.59708149219905e-01
2.57500000000000e+00  2.28144175592459e-01
2.60000000000000e+00  1.94658153373628e-01
2.62500000000000e+00  1.59508234751012e-01
2.65000000000000e+00  1.22971632679648e-01
2.67500000000000e+00  8.53422221035541e-02
2.70000000000000e+00  4.69281411772396e-02
2.72500000000000e+00  8.04939248724716e-03
2.75000000000000e+00  -3.09645557263248e-02
2.77500000000000e+00  -6.97771683482931e-02
2.80000000000000e+00  -1.08047242166861e-01
2.82500000000000e+00  -1.45435159952575e-01
2.85000000000000e+00  -1.81603154943107e-01
2.87500000000000e+00  -2.16220230884813e-01
2.90000000000000e+00  -2.48963284152648e-01
2.92500000000000e+00  -2.79522727014306e-01
2.95000000000000e+00  -3.07605381652208e-01
2.97500000000000e+00  -3.32937374185483e-01
3.00000000000000e+00  -3.55267028691942e-01
3.02500000000000e+00  -3.74367761230069e-01
3.05000000000000e+00  -3.90040973860992e-01
3.07500000000000e+00  -4.02118948670472e-01
3.10000000000000e+00  -4.10467741790881e-01
3.12500000000000e+00  -4.14987839721529e-01
3.15000000000000e+00  -4.15612853877618e-01
3.17500000000000e+00  -4.12321571977899e-01
3.20000000000000e+00  -4.05123544502040e-01
3.22500000000000e+00  -3.94070522723879e-01
3.25000000000000e+00  -3.79255024036191e-01
3.27500000000000e+00  -3.60808897275450e-01
3.30000000000000e+00  -3.38901888046598e-01
3.32500000000000e+00  -3.13740204047806e-01
3.35000000000000e+00  -2.85565080395239e-01
3.37500000000000e+00  -2.54651344947825e-01
3.40000000000000e+00  -2.21305983632016e-01
3.42500000000000e+00  -1.85866705766556e-01
3.45000000000000e+00  -1.48692023978067e-01
3.47500000000000e+00  -1.10164193337552e-01
3.50000000000000e+00  -7.06834613982840e-02
3.52500000000000e+00  -3.06636595928884e-02
3.55000000000000e+00  9.47176398603959e-03
3.57500000000000e+00  4.92944220347255e-02
3.60000000000000e+00  8.83756654870043e-02
3.62500000000000e+00  1.26291260963109e-01
3.65000000000000e+00  1.62626068218460e-01
3.67500000000000e+00  1.96978717592455e-01
3.70000000000000e+00  2.28966287457255e-01
3.72500000000000e+00  2.58228981666577e-01
3.75000000000000e+00  2.84438322116564e-01
3.77500000000000e+00  3.07278658601396e-01
3.80000000000000e+00  3.26496885376250e-01
3.82500000000000e+00  3.41859496867982e-01
3.85000000000000e+00  3.53178125812991e-01
3.87500000000000e+00  3.60310138855013e-01
3.90000000000000e+00  3.63159232142921e-01
3.92500000000000e+00  3.61676026928530e-01
3.95000000000000e+00  3.55858665164395e-01
3.97500000000000e+00  3.45753405101611e-01
4.00000000000000e+00  3.31455216887614e-01
4.02500000000000e+00  3.13108378163980e-01
4.05000000000000e+00  2.90907069664229e-01
4.07500000000000e+00  2.65084708690007e-01
4.10000000000000e+00  2.35920029060470e-01
4.12500000000000e+00  2.03732767534750e-01
4.15000000000000e+00  1.68876350700830e-01
4.17500000000000e+00  1.31738116764127e-01
4.20000000000000e+00  9.27340619163411e-02
4.22500000000000e+00  5.23035867043106e-02
4.25000000000000e+00  1.09042423988658e-02
4.27500000000000e+00  -3.09935226363261e-02
4.30000000000000e+00  -7.29116165758984e-02
4.32500000000000e+00  -1.14369557763942e-01
4.35000000000000e+00  -1.54889728345142e-01
4.37500000000000e+00  -1.94001656752956e-01
4.40000000000000e+00  -2.31254290516550e-01
4.42500000000000e+00  -2.66216187504095e-01
4.45000000000000e+00  -2.98475371318795e-01
4.47500000000000e+00  -3.27653546986244e-01
4.50000000000000e+00  -3.53408999050575e-01
4.52500000000000e+00  -3.75439489670599e-01
4.55000000000000e+00  -3.93485156715940e-01
4.57500000000000e+00  -4.07331411863184e-01
4.60000000000000e+00  -4.16811838692015e-01
4.62500000000000e+00  -4.21811090781355e-01
4.65000000000000e+00  -4.22267789805509e-01
4.67500000000000e+00  -4.18177423630302e-01
4.70000000000000e+00  -4.09582984314551e-01
4.72500000000000e+00  -3.96583801938862e-01
4.75000000000000e+00  -3.79333822991723e-01
4.77500000000000e+00  -3.58032668142775e-01
4.80000000000000e+00  -3.32930847011794e-01
4.82500000000000e+00  -3.04325199354024e-01
4.85000000000000e+00  -2.72554336245501e-01
4.87500000000000e+00  -2.37994081268397e-01
4.90000000000000e+00  -2.01052911696337e-01
4.92500000000000e+00  -1.62167399679745e-01
4.95000000000000e+00  -1.21797653431168e-01
4.97500000000000e+00  -8.04227584106069e-02
5.00000000000000e+00  -3.85293136768703e-02
5.02500000000000e+00  3.37444241405717e-03
5.05000000000000e+00  4.48025069861314e-02
5.07500000000000e+00  8.52610036680169e-02
5.10000000000000e+00  1.24270528172498e-01
5.12500000000000e+00  1.61370686812625e-01
5.15000000000000e+00  1.96124635017890e-01
5.17500000000000e+00  2.28123615850376e-01
5.20000000000000e+00  2.56991498520916e-01
5.22500000000000e+00  2.82389316905262e-01
5.25000000000000e+00  3.04019808060235e-01
5.27500000000000e+00  3.21631950739891e-01
5.30000000000000e+00  3.35025503911677e-01
5.32500000000000e+00  3.44046081976003e-01
5.35000000000000e+00  3.48593815728055e-01
5.37500000000000e+00  3.48624992504168e-01
5.40000000000000e+00  3.44143698619747e-01
5.42500000000000e+00  3.35210750065596e-01
5.45000000000000e+00  3.21940834945978e-01
5.47500000000000e+00  3.04499655916655e-01
5.50000000000000e+00  2.83101072622948e-01
5.52500000000000e+00  2.58004244137783e-01
5.55000000000000e+00  2.29510771399750e-01
5.57500000000000e+00  1.97961839651142e-01
5.60000000000000e+00  1.63735360876018e-01
5.62500000000000e+00  1.27242222570558e-01
5.65000000000000e+00  8.89114272915506e-02
5.67500000000000e+00  4.91956895142418e-02
5.70000000000000e+00  8.56364742827412e-03
5.72500000000000e+00  -3.25079788242756e-02
5.75000000000000e+00  -7.35396419256551e-02
5.77500000000000e+00  -1.14054222159220e-01
5.80000000000000e+00  -1.53582282186200e-01
5.82500000000000e+00  -1.91667321822465e-01
5.85000000000000e+00  -2.27871032815307e-01
5.87500000000000e+00  -2.61778553620199e-01
5.90000000000000e+00  -2.93003724177579e-01
5.92500000000000e+00  -3.21194340689610e-01
5.95000000000000e+00  -3.46031915106882e-01
5.97500000000000e+00  -3.67238977785956e-01
6.00000000000000e+00  -3.84583421867118e-01
6.02500000000000e+00  -3.97872374582541e-01
6.05000000000000e+00  -4.06962882502947e-01
6.07500000000000e+00  -4.11761305072161e-01
6.10000000000000e+00  -4.12222708141670e-01
6.12500000000000e+00  -4.08350257505178e-01
6.15000000000000e+00  -4.00194612433166e-01
6.17500000000000e+00  -3.87853319207449e-01
6.20000000000000e+00  -3.71470204655734e-01
6.22500000000000e+00  -3.51234769686174e-01
6.25000000000000e+00  -3.27375626767738e-01
6.27500000000000e+00  -3.00165685109113e-01
6.30000000000000e+00  -2.69902945514795e-01
6.32500000000000e+00  -2.36921426808796e-01
6.35000000000000e+00  -2.01582545412983e-01
6.37500000000000e+00  -1.64270488892363e-01
6.40000000000000e+00  -1.25387589500357e-01
6.42500000000000e+00  -8.53496977240903e-02
6.45000000000000e+00  -4.45815558296580e-02
6.47500000000000e+00  -3.51217140741395e-03
6.50000000000000e+00  3.74298090827453e-02
6.52500000000000e+00  7.78207267661130e-02
6.55000000000000e+00  1.17246536807879e-01
6.57500000000000e+00  1.55306889283581e-01
6.60000000000000e+00  1.91619379635474e-01
6.62500000000000e+00  2.25825186480358e-01
6.65000000000000e+00  2.57586552084247e-01
6.67500000000000e+00  2.86596292407807e-01
6.70000000000000e+00  3.12579313984912e-01
6.72500000000000e+00  3.35294130801218e-01
6.75000000000000e+00  3.54534381172714e-01
6.77500000000000e+00  3.70130344624292e-01
6.80000000000000e+00  3.81950458768306e-01
6.82500000000000e+00  3.89902836183134e-01
6.85000000000000e+00  3.93936781291743e-01
6.87500000000000e+00  3.94037642828702e-01
6.90000000000000e+00  3.90235393996507e-01
6.92500000000000e+00  3.82589184403763e-01
6.95000000000000e+00  3.71198182784850e-01
6.97500000000000e+00  3.56197565711060e-01
7.00000000000000e+00  3.37755734096423e-01
7.02500000000000e+00  3.16071529703507e-01
7.05000000000000e+00  2.91371451649246e-01
7.07500000000000e+00  2.63906872910744e-01
7.10000000000000e+00  2.33951256831092e-01
7.12500000000000e+00  2.01797373625189e-01
7.15000000000000e+00  1.67754516885544e-01
7.17500000000000e+00  1.32145720088103e-01
7.20000000000000e+00  9.53016451245207e-02
7.22500000000000e+00  5.75599851606146e-02
7.25000000000000e+00  1.92604115774600e-02
7.27500000000000e+00  -1.92558637599173e-02
7.30000000000000e+00  -5.76522020910924e-02
7.32500000000000e+00  -9.55989898317009e-02
7.35000000000000e+00  -1.32776090644914e-01
7.37500000000000e+00  -1.68875297512890e-01
7.40000000000000e+00  -2.03602784808249e-01
7.42500000000000e+00  -2.36681560365530e-01
7.45000000000000e+00  -2.67853917552655e-01
7.47500000000000e+00  -2.96883887342398e-01
7.50000000000000e+00  -3.23566773274402e-01
7.52500000000000e+00  -3.47687745592255e-01
7.55000000000000e+00  -3.69095118998032e-01
7.57500000000000e+00  -3.87645447275674e-01
7.60000000000000e+00  -4.03222774933004e-01
7.62500000000000e+00  -4.15738022101182e-01
7.65000000000000e+00  -4.25128369434167e-01
7.67500000000000e+00  -4.31356643008174e-01
7.70000000000000e+00  -4.34410699221130e-01
7.72500000000000e+00  -4.34302809692135e-01
7.75000000000000e+00  -4.31069046160917e-01
7.77500000000000e+00  -4.24768665387295e-01
7.80000000000000e+00  -4.15483494050630e-01
7.82500000000000e+00  -4.03313410976317e-01
7.85000000000000e+00  -3.88377888816745e-01
7.87500000000000e+00  -3.70813407717411e-01
7.90000000000000e+00  -3.50771871585124e-01
7.92500000000000e+00  -3.28418725573151e-01
7.95000000000000e+00  -3.03931160120599e-01
7.97500000000000e+00  -2.77496314991772e-01
8.00000000000000e+00  -2.49309483315560e-01
8.02500000000000e+00  -2.19572315624794e-01
8.05000000000000e+00  -1.88491023895627e-01
8.07500000000000e+00  -1.56274585586907e-01
8.10000000000000e+00  -1.23132947679540e-01
8.12500000000000e+00  -8.92746620019847e-02
8.15000000000000e+00  -5.49105472186586e-02
8.17500000000000e+00  -2.02396809938894e-02
8.20000000000000e+00  1.45377626991853e-02
8.22500000000000e+00  4.92288443843898e-02
8.25000000000000e+00  8.36485477173574e-02
8.27500000000000e+00  1.17620468120346e-01
8.30000000000000e+00  1.50977501417083e-01
8.32500000000000e+00  1.83562532467603e-01
8.35000000000000e+00  2.15229123803071e-01
8.37500000000000e+00  2.45842204260629e-01
8.40000000000000e+00  2.75278757618221e-01
8.42500000000000e+00  3.03428511229429e-01
8.45000000000000e+00  3.30192238234532e-01
8.47500000000000e+00  3.55483666008088e-01
8.50000000000000e+00  3.79229185446193e-01
8.52500000000000e+00  4.01366856048481e-01
8.55000000000000e+00  4.21847135422049e-01
8.57500000000000e+00  4.40632415018063e-01
8.60000000000000e+00  4.57696555868376e-01
8.62500000000000e+00  4.73024424322146e-01
8.65000000000000e+00  4.86611427782444e-01
8.67500000000000e+00  4.98463050442872e-01
8.70000000000000e+00  5.08594389024175e-01
8.72500000000000e+00  5.17029688510863e-01
8.75000000000000e+00  5.23809851860530e-01
8.77500000000000e+00  5.28940774570387e-01
8.80000000000000e+00  5.32502632462923e-01
8.82500000000000e+00  5.34543373090678e-01
8.85000000000000e+00  5.35117596669491e-01
8.87500000000000e+00  5.34285732809995e-01
8.90000000000000e+00  5.32113217249114e-01
8.92500000000000e+00  5.28669668581566e-01
8.95000000000000e+00  5.24028064991354e-01
8.97500000000000e+00  5.18263920983269e-01
9.00000000000000e+00  5.11454464114387e-01
9.02500000000000e+00  5.03677811725563e-01
9.05000000000000e+00  4.95012147672937e-01
9.07500000000000e+00  4.85535801460422e-01
9.10000000000000e+00  4.75326048601443e-01
9.12500000000000e+00  4.64458315557607e-01
9.15000000000000e+00  4.53007466881285e-01
9.17500000000000e+00  4.41045796136874e-01
9.20000000000000e+00  4.28643153213493e-01
9.22500000000000e+00  4.15867071637658e-01
9.25000000000000e+00  4.02782895885963e-01
9.27500000000000e+00  3.89453908697767e-01
9.30000000000000e+00  3.75941458387871e-01
9.32500000000000e+00  3.62305086159201e-01
9.35000000000000e+00  3.48602653415493e-01
9.37500000000000e+00  3.34840497769489e-01
9.40000000000000e+00  3.21171555769310e-01
9.42500000000000e+00  3.07541186655032e-01
9.45000000000000e+00  2.94002748857083e-01
9.47500000000000e+00  2.80601730710840e-01
9.50000000000000e+00  2.67376528233011e-01
9.52500000000000e+00  2.54359222898020e-01
9.55000000000000e+00  2.41576359414389e-01
9.57500000000000e+00  2.29049723501117e-01
9.60000000000000e+00  2.16797119664069e-01
9.62500000000000e+00  2.04833148972354e-01
9.65000000000000e+00  1.93169986834706e-01
9.67500000000000e+00  1.81818160775874e-01
9.70000000000000e+00  1.70784663507791e-01
9.72500000000000e+00  1.60075220143258e-01
9.75000000000000e+00  1.49693948902510e-01
9.77500000000000e+00  1.39642533769939e-01
9.80000000000000e+00  1.29920972906173e-01
9.82500000000000e+00  1.20527256963499e-01
9.85000000000000e+00  1.11457047401283e-01
9.87500000000000e+00  1.02703354801396e-01
9.90000000000000e+00  9.42562171836332e-02
9.92500000000000e+00  8.61023783211404e-02
9.95000000000000e+00  7.82249660558340e-02
9.97500000000000e+00  7.06031706138235e-02
1.00000000000000e+01  6.32119229208396e-02
