0.00000000000000e+00  -6.35257595340873e-02
2.50000000000000e-02  -7.03628090721649e-02
5.00000000000000e-02  -7.78084178750349e-02
7.50000000000000e-02  -8.57140357181674e-02
1.00000000000000e-01  -9.39771218361205e-02
1.25000000000000e-01  -1.02534165915667e-01
1.50000000000000e-01  -1.11353709088919e-01
1.75000000000000e-01  -1.20429364926456e-01
2.00000000000000e-01  -1.29772840430450e-01
2.25000000000000e-01  -1.39406957027795e-01
2.50000000000000e-01  -1.49358671563232e-01
2.75000000000000e-01  -1.59652097292474e-01
3.00000000000000e-01  -1.70301524875336e-01
3.25000000000000e-01  -1.81320346792986e-01
3.50000000000000e-01  -1.92706585810772e-01
3.75000000000000e-01  -2.04433505853736e-01
4.00000000000000e-01  -2.16488327539452e-01
4.25000000000000e-01  -2.28835436168702e-01
4.50000000000000e-01  -2.41427551936516e-01
4.75000000000000e-01  -2.54216900143208e-01
5.00000000000000e-01  -2.67166381405426e-01
5.25000000000000e-01  -2.80260741867185e-01
5.50000000000000e-01  -2.93517743410914e-01
5.75000000000000e-01  -3.06999333868496e-01
6.00000000000000e-01  -3.20822817232306e-01
6.25000000000000e-01  -3.34346039474717e-01
6.50000000000000e-01  -3.48398447099829e-01
6.75000000000000e-01  -3.62209629830231e-01
7.00000000000000e-01  -3.75837832740306e-01
7.25000000000000e-01  -3.89303948061755e-01
7.50000000000000e-01  -4.02597096650029e-01
7.75000000000000e-01  -4.15680209450769e-01
8.00000000000000e-01  -4.28495608966236e-01
8.25000000000000e-01  -4.40970590721752e-01
8.50000000000000e-01  -4.53023004732130e-01
8.75000000000000e-01  -4.64566836968114e-01
9.00000000000000e-01  -4.75517790822811e-01
9.25000000000000e-01  -4.85798868578128e-01
9.50000000000000e-01  -4.95325210152967e-01
9.75000000000000e-01  -5.04021382148916e-01
1.00000000000000e+00  -5.11816309647141e-01
1.02500000000000e+00  -5.18640997324052e-01
1.05000000000000e+00  -5.24429545325928e-01
1.07500000000000e+00  -5.29116676222002e-01
1.10000000000000e+00  -5.32635261957543e-01
1.12500000000000e+00  -5.34913850806948e-01
1.15000000000000e+00  -5.35874194326823e-01
1.17500000000000e+00  -5.35428774309069e-01
1.20000000000000e+00  -5.33478329733970e-01
1.22500000000000e+00  -5.29909383723279e-01
1.25000000000000e+00  -5.24799748081561e-01
1.27500000000000e+00  -5.18112959430132e-01
1.30000000000000e+00  -5.09752609141601e-01
1.32500000000000e+00  -4.99690632290022e-01
1.35000000000000e+00  -4.87905628509566e-01
1.37500000000000e+00  -4.74383759723035e-01
1.40000000000000e+00  -4.59119647870379e-01
1.42500000000000e+00  -4.42117272637218e-01
1.45000000000000e+00  -4.23390869183353e-01
1.47500000000000e+00  -4.02965825871289e-01
1.50000000000000e+00  -3.80879581994748e-01
1.52500000000000e+00  -3.57182525507188e-01
1.55000000000000e+00  -3.31938890750323e-01
1.57500000000000e+00  -3.05220564191508e-01
1.60000000000000e+00  -2.77113757799384e-01
1.62500000000000e+00  -2.47718699256141e-01
1.65000000000000e+00  -2.17143446805252e-01
1.67500000000000e+00  -1.85510065704691e-01
1.70000000000000e+00  -1.52953606168179e-01
1.72500000000000e+00  -1.19621081306469e-01
1.75000000000000e+00  -8.56704450685934e-02
1.77500000000000e+00  -5.12695701831373e-02
1.80000000000000e+00  -1.65952260995039e-02
1.82500000000000e+00  1.81679430708272e-02
1.85000000000000e+00  5.28284406130272e-02
1.87500000000000e+00  8.71788157491778e-02
1.90000000000000e+00  1.21024681818748e-01
1.92500000000000e+00  1.54153882028660e-01
1.95000000000000e+00  1.86356688572797e-01
1.97500000000000e+00  2.17422483722830e-01
2.00000000000000e+00  2.47141556106345e-01
2.02500000000000e+00  2.75306896984967e-01
2.05000000000000e+00  3.01715996532488e-01
2.07500000000000e+00  3.26172640112988e-01
2.10000000000000e+00  3.48488704558966e-01
2.12500000000000e+00  3.68485954449461e-01
2.15000000000000e+00  3.85997838388178e-01
2.17500000000000e+00  4.00871285281617e-01
2.20000000000000e+00  4.12968854844410e-01
2.22500000000000e+00  4.22170161870250e-01
2.25000000000000e+00  4.28374343060465e-01
2.27500000000000e+00  4.31498844272376e-01
2.30000000000000e+00  4.31483679372939e-01
2.32500000000000e+00  4.28292061157995e-01
2.35000000000000e+00  4.21911032271530e-01
2.37500000000000e+00  4.12352096124930e-01
2.40000000000000e+00  3.99651847816240e-01
2.42500000000000e+00  3.83872605049419e-01
2.45000000000000e+00  3.65103039053597e-01
2.47500000000000e+00  3.43458805502331e-01
2.50000000000000e+00  3.19073864027853e-01
2.52500000000000e+00  2.92129162507518e-01
2.55000000000000e+00  2.62810916426875e-01
2.57500000000000e+00  2.31332038231824e-01
2.60000000000000e+00  1.97929492803676e-01
2.62500000000000e+00  1.62861875520853e-01
2.65000000000000e+00  1.26406990320597e-01
2.67500000000000e+00  8.88594277606771e-02
2.70000000000000e+00  5.05281430810854e-02
2.72500000000000e+00  1.17340342657526e-02
2.75000000000000e+00  -2.71924798957513e-02
2.77500000000000e+00  -6.59138817465115e-02
2.80000000000000e+00  -1.04087976700563e-01
2.82500000000000e+00  -1.41374063445796e-01
2.85000000000000e+00  -1.77433300042058e-01
2.87500000000000e+00  -2.11933693736083e-01
2.90000000000000e+00  -2.44550991871250e-01
2.92500000000000e+00  -2.74974524271129e-01
2.95000000000000e+00  -3.02910074858859e-01
2.97500000000000e+00  -3.28082753276535e-01
3.00000000000000e+00  -3.50239866504581e-01
3.02500000000000e+00  -3.69153790481138e-01
3.05000000000000e+00  -3.84624841721437e-01
3.07500000000000e+00  -3.96484148937188e-01
3.10000000000000e+00  -4.04596524655952e-01
3.12500000000000e+00  -4.08863435347967e-01
3.15000000000000e+00  -4.09214702171657e-01
3.17500000000000e+00  -4.05631025972547e-01
3.20000000000000e+00  -3.98121085277199e-01
3.22500000000000e+00  -3.86736007695762e-01
3.25000000000000e+00  -3.71567922041009e-01
3.27500000000000e+00  -3.52748510447386e-01
3.30000000000000e+00  -3.30447560490051e-01
3.32500000000000e+00  -3.04871517303920e-01
3.35000000000000e+00  -2.76262035702705e-01
3.37500000000000e+00  -2.44894532297965e-01
3.40000000000000e+00  -2.11076737618141e-01
3.42500000000000e+00  -1.75147248227608e-01
3.45000000000000e+00  -1.37465706191858e-01
3.47500000000000e+00  -9.84156707301013e-02
3.50000000000000e+00  -5.83987505111390e-02
3.52500000000000e+00  -1.78303788867437e-02
3.55000000000000e+00  2.28642831491923e-02
3.57500000000000e+00  6.32550291575635e-02
3.60000000000000e+00  1.02911289450960e-01
3.62500000000000e+00  1.41406813290574e-01
3.65000000000000e+00  1.78324351083108e-01
3.67500000000000e+00  2.13260336577683e-01
3.70000000000000e+00  2.45829569062746e-01
3.72500000000000e+00  2.75669895562976e-01
3.75000000000000e+00  3.02450080506234e-01
3.77500000000000e+00  3.25855656251859e-01
3.80000000000000e+00  3.45628703591257e-01
3.82500000000000e+00  3.61534258927898e-01
3.85000000000000e+00  3.73382569646938e-01
3.87500000000000e+00  3.81029714556660e-01
3.90000000000000e+00  3.84378224329895e-01
3.92500000000000e+00  3.83377701945462e-01
3.95000000000000e+00  3.78025443129597e-01
3.97500000000000e+00  3.68367056797383e-01
4.00000000000000e+00  3.54497085494187e-01
4.02500000000000e+00  3.36559625837086e-01
4.05000000000000e+00  3.14748948956304e-01
4.07500000000000e+00  2.89298711021659e-01
4.10000000000000e+00  2.60488215495612e-01
4.12500000000000e+00  2.28637939832083e-01
4.15000000000000e+00  1.94102228803584e-01
4.17500000000000e+00  1.57269524214002e-01
4.20000000000000e+00  1.18557065866807e-01
4.22500000000000e+00  7.84055925332804e-02
4.25000000000000e+00  3.72740429207278e-02
4.27500000000000e+00  -4.36574335930528e-03
4.30000000000000e+00  -4.60343248228071e-02
4.32500000000000e+00  -8.72499571450898e-02
4.35000000000000e+00  -1.27533892192561e-01
4.37500000000000e+00  -1.66407479422709e-01
4.40000000000000e+00  -2.03437135121622e-01
4.42500000000000e+00  -2.38173976950934e-01
4.45000000000000e+00  -2.70206792638754e-01
4.47500000000000e+00  -2.99157690559666e-01
4.50000000000000e+00  -3.24685077209791e-01
4.52500000000000e+00  -3.46486634681843e-01
4.55000000000000e+00  -3.64302298140174e-01
4.57500000000000e+00  -3.77917233295834e-01
4.60000000000000e+00  -3.87164813881625e-01
4.62500000000000e+00  -3.91929599127153e-01
4.65000000000000e+00  -3.92150311233884e-01
4.67500000000000e+00  -3.87822812850194e-01
4.70000000000000e+00  -3.78990679884585e-01
4.72500000000000e+00  -3.65754120323986e-01
4.75000000000000e+00  -3.48268083961007e-01
4.77500000000000e+00  -3.26733523215617e-01
4.80000000000000e+00  -3.01402390747295e-01
4.82500000000000e+00  -2.72573025306311e-01
4.85000000000000e+00  -2.40585537585010e-01
4.87500000000000e+00  -2.05817196069092e-01
4.90000000000000e+00  -1.68677812888894e-01
4.92500000000000e+00  -1.29605129670670e-01
4.95000000000000e+00  -8.90602033878803e-02
4.97500000000000e+00  -4.75227922124617e-02
5.00000000000000e+00  -5.48379049729571e-03
5.02500000000000e+00  3.65492018048768e-02
5.05000000000000e+00  7.80874693515035e-02
5.07500000000000e+00  1.18636010873691e-01
5.10000000000000e+00  1.57714316912120e-01
5.12500000000000e+00  1.94860926767873e-01
5.15000000000000e+00  2.29637985453286e-01
5.17500000000000e+00  2.61635800642782e-01
5.20000000000000e+00  2.90477399623709e-01
5.22500000000000e+00  3.15823086247187e-01
5.25000000000000e+00  3.37374997878937e-01
5.27500000000000e+00  3.54881662350132e-01
5.30000000000000e+00  3.68142554908229e-01
5.32500000000000e+00  3.77003205263759e-01
5.35000000000000e+00  3.81363785594346e-01
5.37500000000000e+00  3.81180895817215e-01
5.40000000000000e+00  3.76459051179757e-01
5.42500000000000e+00  3.67259721082344e-01
5.45000000000000e+00  3.53698444756660e-01
5.47500000000000e+00  3.35941946944023e-01
5.50000000000000e+00  3.14205253573715e-01
5.52500000000000e+00  2.88748807441307e-01
5.55000000000000e+00  2.59875583886991e-01
5.57500000000000e+00  2.27928206473898e-01
5.60000000000000e+00  1.93286062666431e-01
5.62500000000000e+00  1.56363376476868e-01
5.65000000000000e+00  1.17588114791478e-01
5.67500000000000e+00  7.74177218856250e-02
5.70000000000000e+00  3.63225693372577e-02
5.72500000000000e+00  -5.21873532066725e-03
5.75000000000000e+00  -4.67246451048305e-02
5.77500000000000e+00  -8.77159700862213e-02
5.80000000000000e+00  -1.27721173894791e-01
5.82500000000000e+00  -1.66281670224106e-01
5.85000000000000e+00  -2.02957119336020e-01
5.87500000000000e+00  -2.37330724565316e-01
5.90000000000000e+00  -2.69014528824381e-01
5.92500000000000e+00  -2.97654711107853e-01
5.95000000000000e+00  -3.22931341668581e-01
5.97500000000000e+00  -3.44565689665471e-01
6.00000000000000e+00  -3.62324692514996e-01
6.02500000000000e+00  -3.76014684630309e-01
6.05000000000000e+00  -3.85492180792152e-01
6.07500000000000e+00  -3.90663249300692e-01
6.10000000000000e+00  -3.91482885127368e-01
6.12500000000000e+00  -3.87954383066732e-01
6.15000000000000e+00  -3.80128710888287e-01
6.17500000000000e+00  -3.68103882488336e-01
6.20000000000000e+00  -3.52024331041818e-01
6.22500000000000e+00  -3.32080282154153e-01
6.25000000000000e+00  -3.08503570063534e-01
6.27500000000000e+00  -2.81563311387615e-01
6.30000000000000e+00  -2.51563533182807e-01
6.32500000000000e+00  -2.18839120848779e-01
6.35000000000000e+00  -1.83752582901792e-01
6.37500000000000e+00  -1.46689377325208e-01
6.40000000000000e+00  -1.08053237919990e-01
6.42500000000000e+00  -6.82615006552130e-02
6.45000000000000e+00  -2.77404300185572e-02
6.47500000000000e+00  1.30794546331800e-02
6.50000000000000e+00  5.37680527235761e-02
6.52500000000000e+00  9.39003561060918e-02
6.55000000000000e+00  1.33061122713553e-01
6.57500000000000e+00  1.70848979546659e-01
6.60000000000000e+00  2.06880628280880e-01
6.62500000000000e+00  2.40796690244025e-01
6.65000000000000e+00  2.72258893173106e-01
6.67500000000000e+00  3.00959826399013e-01
6.70000000000000e+00  3.26624396514948e-01
6.72500000000000e+00  3.49011283044872e-01
6.75000000000000e+00  3.67914394111937e-01
6.77500000000000e+00  3.83164322106930e-01
6.80000000000000e+00  3.94629799356709e-01
6.82500000000000e+00  4.02219153792644e-01
6.85000000000000e+00  4.05881764619057e-01
6.87500000000000e+00  4.05608094595640e-01
6.90000000000000e+00  4.01420359211945e-01
6.92500000000000e+00  3.93386646672899e-01
6.95000000000000e+00  3.81606136267113e-01
6.97500000000000e+00  3.66214431620003e-01
7.00000000000000e+00  3.47380704860771e-01
7.02500000000000e+00  3.25304840789373e-01
7.05000000000000e+00  3.00214581043502e-01
7.07500000000000e+00  2.72362668265558e-01
7.10000000000000e+00  2.42023990269622e-01
7.12500000000000e+00  2.09492724208438e-01
7.15000000000000e+00  1.75079480740378e-01
7.17500000000000e+00  1.39108448196429e-01
7.20000000000000e+00  1.01911485653651e-01
7.22500000000000e+00  6.38273048545800e-02
7.25000000000000e+00  2.51964640919101e-02
7.27500000000000e+00  -1.36390195087597e-02
7.30000000000000e+00  -5.23418186568914e-02
7.32500000000000e+00  -9.05817225346733e-02
7.35000000000000e+00  -1.28038063434701e-01
7.37500000000000e+00  -1.64402143397634e-01
7.40000000000000e+00  -1.99379660849878e-01
7.42500000000000e+00  -2.32693137241244e-01
7.45000000000000e+00  -2.64084343682623e-01
7.47500000000000e+00  -2.93316727583657e-01
7.50000000000000e+00  -3.20186720057830e-01
7.52500000000000e+00  -3.44480224979168e-01
7.55000000000000e+00  -3.66044764159144e-01
7.57500000000000e+00  -3.84737295587362e-01
7.60000000000000e+00  -4.00442380569714e-01
7.62500000000000e+00  -4.13071550871744e-01
7.65000000000000e+00  -4.22562675862011e-01
7.67500000000000e+00  -4.28879329655452e-01
7.70000000000000e+00  -4.32010158256745e-01
7.72500000000000e+00  -4.31968246703675e-01
7.75000000000000e+00  -4.28790486210489e-01
7.77500000000000e+00  -4.22536941311270e-01
7.80000000000000e+00  -4.13290217003290e-01
7.82500000000000e+00  -4.01151205540573e-01
7.85000000000000e+00  -3.86240293545871e-01
7.87500000000000e+00  -3.68694895632664e-01
7.90000000000000e+00  -3.48668036563106e-01
7.92500000000000e+00  -3.26326196124624e-01
7.95000000000000e+00  -3.01847515673677e-01
7.97500000000000e+00  -2.75420004679516e-01
8.00000000000000e+00  -2.47239747267946e-01
8.02500000000000e+00  -2.17509108765076e-01
8.05000000000000e+00  -1.86434942241092e-01
8.07500000000000e+00  -1.54226795054006e-01
8.10000000000000e+00  -1.21095115393417e-01
8.12500000000000e+00  -8.72593927631206e-02
8.15000000000000e+00  -5.29016235576184e-02
8.17500000000000e+00  -1.82459737944184e-02
8.20000000000000e+00  1.65103881327874e-02
8.22500000000000e+00  5.11761431606596e-02
8.25000000000000e+00  8.55668394448024e-02
8.27500000000000e+00  1.19505910248324e-01
8.30000000000000e+00  1.52825691830425e-01
8.32500000000000e+00  1.85368441334982e-01
8.35000000000000e+00  2.16987354679114e-01
8.37500000000000e+00  2.47547584441776e-01
8.40000000000000e+00  2.76927257752321e-01
8.42500000000000e+00  3.05018494179093e-01
8.45000000000000e+00  3.31721238854498e-01
8.47500000000000e+00  3.56949436037079e-01
8.50000000000000e+00  3.80631341147808e-01
8.52500000000000e+00  4.02702850282801e-01
8.55000000000000e+00  4.23113692293979e-01
8.57500000000000e+00  4.41826532637084e-01
8.60000000000000e+00  4.58816077219720e-01
8.62500000000000e+00  4.74068176249383e-01
8.65000000000000e+00  4.87578928081486e-01
8.67500000000000e+00  4.99353783067393e-01
8.70000000000000e+00  5.09406647402450e-01
8.72500000000000e+00  5.17758986974015e-01
8.75000000000000e+00  5.24230871726030e-01
8.77500000000000e+00  5.29542574670659e-01
8.80000000000000e+00  5.33106760123082e-01
8.82500000000000e+00  5.35053572702135e-01
8.85000000000000e+00  5.35496465443347e-01
8.87500000000000e+00  5.34534672670673e-01
8.90000000000000e+00  5.32255682868223e-01
8.92500000000000e+00  5.28737711551992e-01
8.95000000000000e+00  5.24052174141590e-01
8.97500000000000e+00  5.18266158831969e-01
9.00000000000000e+00  5.11444899465155e-01
9.02500000000000e+00  5.03654248401979e-01
9.05000000000000e+00  4.94963149393804e-01
9.07500000000000e+00  4.85442623875662e-01
9.10000000000000e+00  4.75168048203852e-01
9.12500000000000e+00  4.64224221101368e-01
9.15000000000000e+00  4.52688080993734e-01
9.17500000000000e+00  4.40643862214797e-01
9.20000000000000e+00  4.28177515537598e-01
9.22500000000000e+00  4.15371128705229e-01
9.25000000000000e+00  4.02297346961694e-01
9.27500000000000e+00  3.89013793582773e-01
9.30000000000000e+00  3.75557490406884e-01
9.32500000000000e+00  3.61939278365942e-01
9.35000000000000e+00  3.48138238016224e-01
9.37500000000000e+00  3.34921957779857e-01
9.40000000000000e+00  3.20583039385130e-01
9.42500000000000e+00  3.06769786059556e-01
9.45000000000000e+00  2.93298353956172e-01
9.47500000000000e+00  2.80051421202716e-01
9.50000000000000e+00  2.66967018883767e-01
9.52500000000000e+00  2.54027362022906e-01
9.55000000000000e+00  2.41247680564855e-01
9.57500000000000e+00  2.28665050357631e-01
9.60000000000000e+00  2.16327224134697e-01
9.62500000000000e+00  2.04281462497108e-01
9.65000000000000e+00  1.92563364895661e-01
9.67500000000000e+00  1.81185700613047e-01
9.70000000000000e+00  1.70175195473749e-01
9.72500000000000e+00  1.59533821571857e-01
9.75000000000000e+00  1.49248184667796e-01
9.77500000000000e+00  1.39303994380822e-01
9.80000000000000e+00  1.29677140261841e-01
9.82500000000000e+00  1.20340670069383e-01
9.85000000000000e+00  1.11271768045585e-01
9.87500000000000e+00  1.02458733192163e-01
9.90000000000000e+00  9.39079575463910e-02
9.92500000000000e+00  8.56509044570797e-02
9.95000000000000e+00  7.77510868605546e-02
9.97500000000000e+00  7.03110455566307e-02
1.00000000000000e+01  6.34793274845958e-02
