0.00000000000000e+00  -6.32277190339423e-02
2.50000000000000e-02  -7.05941172103101e-02
5.00000000000000e-02  -7.82097595453305e-02
7.50000000000000e-02  -8.60913002570170e-02
1.00000000000000e-01  -9.42535825495245e-02
1.25000000000000e-01  -1.02709604422958e-01
1.50000000000000e-01  -1.11470484483182e-01
1.75000000000000e-01  -1.20545427751628e-01
2.00000000000000e-01  -1.29941691475106e-01
2.25000000000000e-01  -1.39664550935614e-01
2.50000000000000e-01  -1.49717265260148e-01
2.75000000000000e-01  -1.60101043230509e-01
3.00000000000000e-01  -1.70815009093117e-01
3.25000000000000e-01  -1.81855933601897e-01
3.50000000000000e-01  -1.93218308688081e-01
3.75000000000000e-01  -2.04894208078547e-01
4.00000000000000e-01  -2.16873030161941e-01
4.25000000000000e-01  -2.29141491566634e-01
4.50000000000000e-01  -2.41683430460164e-01
4.75000000000000e-01  -2.54479609848671e-01
5.00000000000000e-01  -2.67507520876344e-01
5.25000000000000e-01  -2.80741186124858e-01
5.50000000000000e-01  -2.94150962912819e-01
5.75000000000000e-01  -3.07703346595203e-01
6.00000000000000e-01  -3.21360773862796e-01
6.25000000000000e-01  -3.35088782041400e-01
6.50000000000000e-01  -3.48837055562828e-01
6.75000000000000e-01  -3.62565314719615e-01
7.00000000000000e-01  -3.76222803882863e-01
7.25000000000000e-01  -3.89755457895702e-01
7.50000000000000e-01  -4.03106056350554e-01
7.75000000000000e-01  -4.16214377866402e-01
8.00000000000000e-01  -4.29017354366056e-01
8.25000000000000e-01  -4.41449225353422e-01
8.50000000000000e-01  -4.53441692190766e-01
8.75000000000000e-01  -4.64924072375984e-01
9.00000000000000e-01  -4.75823453819867e-01
9.25000000000000e-01  -4.86064849123365e-01
9.50000000000000e-01  -4.95572278252771e-01
9.75000000000000e-01  -5.04268464438769e-01
1.00000000000000e+00  -5.12075369812458e-01
1.02500000000000e+00  -5.18915092308844e-01
1.05000000000000e+00  -5.24709961914413e-01
1.07500000000000e+00  -5.29383201465939e-01
1.10000000000000e+00  -5.32859587449291e-01
1.12500000000000e+00  -5.35066110798234e-01
1.15000000000000e+00  -5.35932637693238e-01
1.17500000000000e+00  -5.35392570360287e-01
1.20000000000000e+00  -5.33383507869676e-01
1.22500000000000e+00  -5.29847906934825e-01
1.25000000000000e+00  -5.24735908169956e-01
1.27500000000000e+00  -5.17992992982703e-01
1.30000000000000e+00  -5.09585086071425e-01
1.32500000000000e+00  -4.99479526922602e-01
1.35000000000000e+00  -4.87652228176004e-01
1.37500000000000e+00  -4.74088160238259e-01
1.40000000000000e+00  -4.58781835896430e-01
1.42500000000000e+00  -4.41737794931582e-01
1.45000000000000e+00  -4.22971088732358e-01
1.47500000000000e+00  -4.02507764908551e-01
1.50000000000000e+00  -3.80385351904673e-01
1.52500000000000e+00  -3.56653343613528e-01
1.55000000000000e+00  -3.31373683989788e-01
1.57500000000000e+00  -3.04619964361035e-01
1.60000000000000e+00  -2.76478508290737e-01
1.62500000000000e+00  -2.47048656196253e-01
1.65000000000000e+00  -2.16440789497497e-01
1.67500000000000e+00  -1.84778089392909e-01
1.70000000000000e+00  -1.52195832958198e-01
1.72500000000000e+00  -1.18840689245107e-01
1.75000000000000e+00  -8.48700153801558e-02
1.77500000000000e+00  -5.04511526634011e-02
1.80000000000000e+00  -1.57607226671879e-02
1.82500000000000e+00  1.90160766651015e-02
1.85000000000000e+00  5.36861749202867e-02
1.87500000000000e+00  8.80488054514135e-02
1.90000000000000e+00  1.21903642400963e-01
1.92500000000000e+00  1.55040465053369e-01
1.95000000000000e+00  1.87249755002584e-01
1.97500000000000e+00  2.18321101562458e-01
2.00000000000000e+00  2.48045006700559e-01
2.02500000000000e+00  2.76214689971986e-01
2.05000000000000e+00  3.02627893453183e-01
2.07500000000000e+00  3.27088686675756e-01
2.10000000000000e+00  3.49409271560285e-01
2.12500000000000e+00  3.69411787350143e-01
2.15000000000000e+00  3.86930115545306e-01
2.17500000000000e+00  4.01811684836172e-01
2.20000000000000e+00  4.13919340509972e-01
2.22500000000000e+00  4.23132976497949e-01
2.25000000000000e+00  4.29352094733183e-01
2.27500000000000e+00  4.32494268363168e-01
2.30000000000000e+00  4.32499682481543e-01
2.32500000000000e+00  4.29331751194294e-01
2.35000000000000e+00  4.22977734685962e-01
2.37500000000000e+00  4.13449356285847e-01
2.40000000000000e+00  4.00783419534211e-01
2.42500000000000e+00  3.85042425248484e-01
2.45000000000000e+00  3.66315188589470e-01
2.47500000000000e+00  3.44717456127548e-01
2.50000000000000e+00  3.20383607542073e-01
2.52500000000000e+00  2.93493248690479e-01
2.55000000000000e+00  2.64233713614191e-01
2.57500000000000e+00  2.32817738633838e-01
2.60000000000000e+00  1.99482111558268e-01
2.62500000000000e+00  1.64485247702402e-01
2.65000000000000e+00  1.28104765905074e-01
2.67500000000000e+00  9.06350645468808e-02
2.70000000000000e+00  5.23848975680210e-02
2.72500000000000e+00  1.36749504861472e-02
2.75000000000000e+00  -2.51645835857914e-02
2.77500000000000e+00  -6.37964279217034e-02
2.80000000000000e+00  -1.01878646164509e-01
2.82500000000000e+00  -1.39070863043476e-01
2.85000000000000e+00  -1.75034592515678e-01
2.87500000000000e+00  -2.09438219243977e-01
2.90000000000000e+00  -2.41957931387717e-01
2.92500000000000e+00  -2.72283535347253e-01
2.95000000000000e+00  -3.00121316398342e-01
2.97500000000000e+00  -3.25196899326532e-01
3.00000000000000e+00  -3.47258109061560e-01
3.02500000000000e+00  -3.66077831311736e-01
3.05000000000000e+00  -3.81456873198341e-01
3.07500000000000e+00  -3.93226823890013e-01
3.10000000000000e+00  -4.01252915237146e-01
3.12500000000000e+00  -4.05437916906039e-01
3.15000000000000e+00  -4.05710604664856e-01
3.17500000000000e+00  -4.02053703070483e-01
3.20000000000000e+00  -3.94476152168126e-01
3.22500000000000e+00  -3.83029369733150e-01
3.25000000000000e+00  -3.67805785075401e-01
3.27500000000000e+00  -3.48937372843529e-01
3.30000000000000e+00  -3.26594186829318e-01
3.32500000000000e+00  -3.00982893771999e-01
3.35000000000000e+00  -2.72345307162580e-01
3.37500000000000e+00  -2.40956921048168e-01
3.40000000000000e+00  -2.07125443836294e-01
3.42500000000000e+00  -1.71189332099233e-01
3.45000000000000e+00  -1.33507994828683e-01
3.47500000000000e+00  -9.44646044470158e-02
3.50000000000000e+00  -5.44603453914148e-02
3.52500000000000e+00  -1.39100815022705e-02
3.55000000000000e+00  2.67616690265753e-02
3.57500000000000e+00  6.71254013150416e-02
3.60000000000000e+00  1.06751291464020e-01
3.62500000000000e+00  1.45213864222586e-01
3.65000000000000e+00  1.82096660655215e-01
3.67500000000000e+00  2.16996905808986e-01
3.70000000000000e+00  2.49530176380804e-01
3.72500000000000e+00  2.79335068384604e-01
3.75000000000000e+00  3.06082930536045e-01
3.77500000000000e+00  3.29455047566800e-01
3.80000000000000e+00  3.49198679849542e-01
3.82500000000000e+00  3.65078896973555e-01
3.85000000000000e+00  3.76906024235438e-01
3.87500000000000e+00  3.84536239071310e-01
3.90000000000000e+00  3.87872167489016e-01
3.92500000000000e+00  3.86863480500338e-01
3.95000000000000e+00  3.81507490553196e-01
3.97500000000000e+00  3.71849747963861e-01
4.00000000000000e+00  3.57984637349153e-01
4.02500000000000e+00  3.40055974058654e-01
4.05000000000000e+00  3.18257600606915e-01
4.07500000000000e+00  2.92822676922649e-01
4.10000000000000e+00  2.64029815312450e-01
4.12500000000000e+00  2.32198699043368e-01
4.15000000000000e+00  1.97682833622962e-01
4.17500000000000e+00  1.60869718305224e-01
4.20000000000000e+00  1.22175601198138e-01
4.22500000000000e+00  8.20402343712539e-02
4.25000000000000e+00  4.09216289632549e-02
4.27500000000000e+00  -7.09189710484376e-04
4.30000000000000e+00  -4.23734270503200e-02
4.32500000000000e+00  -8.35897640647806e-02
4.35000000000000e+00  -1.23879602262991e-01
4.37500000000000e+00  -1.62775011477986e-01
4.40000000000000e+00  -1.99816272209807e-01
4.42500000000000e+00  -2.34578168916405e-01
4.45000000000000e+00  -2.66647043531469e-01
4.47500000000000e+00  -2.95643306075232e-01
4.50000000000000e+00  -3.21224280272367e-01
4.52500000000000e+00  -3.43087049169872e-01
4.55000000000000e+00  -3.60971300754954e-01
4.57500000000000e+00  -3.74662173572919e-01
4.60000000000000e+00  -3.83993102345057e-01
4.62500000000000e+00  -3.88848663586528e-01
4.65000000000000e+00  -3.89167421224252e-01
4.67500000000000e+00  -3.84944772214792e-01
4.70000000000000e+00  -3.76224036085222e-01
4.72500000000000e+00  -3.63104808700643e-01
4.75000000000000e+00  -3.45741316275196e-01
4.77500000000000e+00  -3.24333740008380e-01
4.80000000000000e+00  -2.99133180603317e-01
4.82500000000000e+00  -2.70437119974953e-01
4.85000000000000e+00  -2.38584882958241e-01
4.87500000000000e+00  -2.03953099016351e-01
4.90000000000000e+00  -1.66951163948846e-01
4.92500000000000e+00  -1.28016701599892e-01
4.95000000000000e+00  -8.76110255664481e-02
4.97500000000000e+00  -4.62146009064535e-02
5.00000000000000e+00  -4.31288483981807e-03
5.02500000000000e+00  3.75809223046563e-02
5.05000000000000e+00  7.89830282269597e-02
5.07500000000000e+00  1.19398280152263e-01
5.10000000000000e+00  1.58346155109352e-01
5.12500000000000e+00  1.95365295087367e-01
5.15000000000000e+00  2.30018042192577e-01
5.17500000000000e+00  2.61894973805122e-01
5.20000000000000e+00  2.90619437735771e-01
5.22500000000000e+00  3.15852087382685e-01
5.25000000000000e+00  3.37295416888163e-01
5.27500000000000e+00  3.54698296295403e-01
5.30000000000000e+00  3.67860506705258e-01
5.32500000000000e+00  3.76627788176198e-01
5.35000000000000e+00  3.80900500722645e-01
5.37500000000000e+00  3.80635260391493e-01
5.40000000000000e+00  3.75836624939378e-01
5.42500000000000e+00  3.66565967044326e-01
5.45000000000000e+00  3.52938635662087e-01
5.47500000000000e+00  3.35121117382458e-01
5.50000000000000e+00  3.13328197785613e-01
5.52500000000000e+00  2.87820122798428e-01
5.55000000000000e+00  2.58899760050815e-01
5.57500000000000e+00  2.26909760232043e-01
5.60000000000000e+00  1.92229718447066e-01
5.62500000000000e+00  1.55270177230881e-01
5.65000000000000e+00  1.16464583594349e-01
5.67500000000000e+00  7.62644152912681e-02
5.70000000000000e+00  3.51401996824402e-02
5.72500000000000e+00  -6.42957499804055e-03
5.75000000000000e+00  -4.79637043973784e-02
5.77500000000000e+00  -8.89835127986912e-02
5.80000000000000e+00  -1.29018097875608e-01
5.82500000000000e+00  -1.67609575446865e-01
5.85000000000000e+00  -2.04318324230923e-01
5.87500000000000e+00  -2.38728230600557e-01
5.90000000000000e+00  -2.70451933337467e-01
5.92500000000000e+00  -2.99136068386875e-01
5.95000000000000e+00  -3.24461096009774e-01
5.97500000000000e+00  -3.46148547355152e-01
6.00000000000000e+00  -3.63965409479738e-01
6.02500000000000e+00  -3.77717985457613e-01
6.05000000000000e+00  -3.87262605751001e-01
6.07500000000000e+00  -3.92505030761846e-01
6.10000000000000e+00  -3.93399853383402e-01
6.12500000000000e+00  -3.89949901551807e-01
6.15000000000000e+00  -3.82205640797671e-01
6.17500000000000e+00  -3.70264576797654e-01
6.20000000000000e+00  -3.54270657926051e-01
6.22500000000000e+00  -3.34413677806373e-01
6.25000000000000e+00  -3.10923373278741e-01
6.27500000000000e+00  -2.84068605885245e-01
6.30000000000000e+00  -2.54152189137651e-01
6.32500000000000e+00  -2.21508048192597e-01
6.35000000000000e+00  -1.86497754372925e-01
6.37500000000000e+00  -1.49505862710877e-01
6.40000000000000e+00  -1.10935249491267e-01
6.42500000000000e+00  -7.12024497946825e-02
6.45000000000000e+00  -3.07329950406519e-02
6.47500000000000e+00  1.00432494691594e-02
6.50000000000000e+00  5.06967470077615e-02
6.52500000000000e+00  9.08029518796660e-02
6.55000000000000e+00  1.29946971877689e-01
6.57500000000000e+00  1.67727606021473e-01
6.60000000000000e+00  2.03761660279498e-01
6.62500000000000e+00  2.37689687728602e-01
6.65000000000000e+00  2.69173220916335e-01
6.67500000000000e+00  2.97904525462478e-01
6.70000000000000e+00  3.23608074674444e-01
6.72500000000000e+00  3.46042024162695e-01
6.75000000000000e+00  3.64999686456147e-01
6.77500000000000e+00  3.80311005617582e-01
6.80000000000000e+00  3.91844031859054e-01
6.82500000000000e+00  3.99506396157302e-01
6.85000000000000e+00  4.03246784869157e-01
6.87500000000000e+00  4.03054479809850e-01
6.90000000000000e+00  3.98951421898594e-01
6.92500000000000e+00  3.91004324173804e-01
6.95000000000000e+00  3.79311642480420e-01
6.97500000000000e+00  3.64008270047400e-01
7.00000000000000e+00  3.45262687931260e-01
7.02500000000000e+00  3.23274115459592e-01
7.05000000000000e+00  2.98269660674606e-01
7.07500000000000e+00  2.70501470776654e-01
7.10000000000000e+00  2.40243882567761e-01
7.12500000000000e+00  2.07790572895162e-01
7.15000000000000e+00  1.73451709094822e-01
7.17500000000000e+00  1.37551099434978e-01
7.20000000000000e+00  1.00420327862101e-01
7.22500000000000e+00  6.23978753224624e-02
7.25000000000000e+00  2.38241245132539e-02
7.27500000000000e+00  -1.49589863590618e-02
7.30000000000000e+00  -5.36141694936331e-02
7.32500000000000e+00  -9.18112168886187e-02
7.35000000000000e+00  -1.29229429734606e-01
7.37500000000000e+00  -1.65560047808003e-01
7.40000000000000e+00  -2.00508678864455e-01
7.42500000000000e+00  -2.33797728032244e-01
7.45000000000000e+00  -2.65168827205692e-01
7.47500000000000e+00  -2.94385264438577e-01
7.50000000000000e+00  -3.21243046471367e-01
7.52500000000000e+00  -3.45527907025783e-01
7.55000000000000e+00  -3.67087164773035e-01
7.57500000000000e+00  -3.85777486300335e-01
7.60000000000000e+00  -4.01483087514291e-01
7.62500000000000e+00  -4.14115116264713e-01
7.65000000000000e+00  -4.23611034968441e-01
7.67500000000000e+00  -4.29934003233161e-01
7.70000000000000e+00  -4.33072260481223e-01
7.72500000000000e+00  -4.33038508573462e-01
7.75000000000000e+00  -4.29869294433016e-01
7.77500000000000e+00  -4.23624392669143e-01
7.80000000000000e+00  -4.14386188201046e-01
7.82500000000000e+00  -4.02255136700923e-01
7.85000000000000e+00  -3.87351300325421e-01
7.87500000000000e+00  -3.69811788120586e-01
7.90000000000000e+00  -3.49789126608860e-01
7.92500000000000e+00  -3.27449388269219e-01
7.95000000000000e+00  -3.02970387578178e-01
7.97500000000000e+00  -2.76539877050793e-01
8.00000000000000e+00  -2.48353743281666e-01
8.02500000000000e+00  -2.18614202985945e-01
8.05000000000000e+00  -1.87527999040333e-01
8.07500000000000e+00  -1.55304596524085e-01
8.10000000000000e+00  -1.22154378760017e-01
8.12500000000000e+00  -8.82873546426877e-02
8.15000000000000e+00  -5.39120744598569e-02
8.17500000000000e+00  -1.92304423288578e-02
8.20000000000000e+00  1.55573300456464e-02
8.22500000000000e+00  5.02582001089003e-02
8.25000000000000e+00  8.46869979480682e-02
8.27500000000000e+00  1.18667129784215e-01
8.30000000000000e+00  1.52031281464316e-01
8.32500000000000e+00  1.84622121953259e-01
8.35000000000000e+00  2.16293006825833e-01
8.37500000000000e+00  2.46908681758745e-01
8.40000000000000e+00  2.76345986022597e-01
8.42500000000000e+00  3.04494555973903e-01
8.45000000000000e+00  3.31255069440477e-01
8.47500000000000e+00  3.56541218380484e-01
8.50000000000000e+00  3.80279425406143e-01
8.52500000000000e+00  4.02407759784406e-01
8.55000000000000e+00  4.22876739672707e-01
8.57500000000000e+00  4.41648847763317e-01
8.60000000000000e+00  4.58698046927714e-01
8.62500000000000e+00  4.74009295860956e-01
8.65000000000000e+00  4.87578064726032e-01
8.67500000000000e+00  4.99409850798243e-01
8.70000000000000e+00  5.09519694109559e-01
8.72500000000000e+00  5.17931693092992e-01
8.75000000000000e+00  5.24676310294657e-01
8.77500000000000e+00  5.29794199997499e-01
8.80000000000000e+00  5.33333341041812e-01
8.82500000000000e+00  5.35345766334503e-01
8.85000000000000e+00  5.35889026494325e-01
8.87500000000000e+00  5.35025529138923e-01
8.90000000000000e+00  5.32821878171881e-01
8.92500000000000e+00  5.29348213069766e-01
8.95000000000000e+00  5.24677548169175e-01
8.97500000000000e+00  5.18885111953781e-01
9.00000000000000e+00  5.12047686341380e-01
9.02500000000000e+00  5.04242945970935e-01
9.05000000000000e+00  4.95548797489622e-01
9.07500000000000e+00  4.86043283381423e-01
9.10000000000000e+00  4.75803684981185e-01
9.12500000000000e+00  4.64905986849737e-01
9.15000000000000e+00  4.53425181042719e-01
9.17500000000000e+00  4.41434184221976e-01
9.20000000000000e+00  4.29003683363587e-01
9.22500000000000e+00  4.16201981465874e-01
9.25000000000000e+00  4.03094843257429e-01
9.27500000000000e+00  3.89745340905132e-01
9.30000000000000e+00  3.76213699722170e-01
9.32500000000000e+00  3.62557143876062e-01
9.35000000000000e+00  3.48829742096668e-01
9.37500000000000e+00  3.35074892744304e-01
9.40000000000000e+00  3.21354968149461e-01
9.42500000000000e+00  3.07698199943596e-01
9.45000000000000e+00  2.94146413297064e-01
9.47500000000000e+00  2.80737177092011e-01
9.50000000000000e+00  2.67504000747875e-01
9.52500000000000e+00  2.54476531046909e-01
9.55000000000000e+00  2.41680748959684e-01
9.57500000000000e+00  2.29139166470604e-01
9.60000000000000e+00  2.16871023403416e-01
9.62500000000000e+00  2.04892484246724e-01
9.65000000000000e+00  1.93216834979492e-01
9.67500000000000e+00  1.81854679896566e-01
9.70000000000000e+00  1.70813947628751e-01
9.72500000000000e+00  1.60100148688397e-01
9.75000000000000e+00  1.49716514734830e-01
9.77500000000000e+00  1.39663923783947e-01
9.80000000000000e+00  1.29941169210864e-01
9.82500000000000e+00  1.20544993864276e-01
9.85000000000000e+00  1.11470124180805e-01
9.87500000000000e+00  1.02709304299357e-01
9.90000000000000e+00  9.42533301754707e-02
9.92500000000000e+00  8.60910836956757e-02
9.95000000000000e+00  7.82095667918441e-02
9.97500000000000e+00  7.05939355555423e-02
1.00000000000000e+01  6.32275343523903e-02
