0.00000000000000e+00  -5.76317373191431e-02
2.50000000000000e-02  -6.44111187600416e-02
5.00000000000000e-02  -7.14380244865584e-02
7.50000000000000e-02  -7.87277188943586e-02
1.00000000000000e-01  -8.62944322236107e-02
1.25000000000000e-01  -9.41512352464711e-02
1.50000000000000e-01  -1.02309913954568e-01
1.75000000000000e-01  -1.10780844246488e-01
2.00000000000000e-01  -1.19572866615260e-01
2.25000000000000e-01  -1.28693160835844e-01
2.50000000000000e-01  -1.38147120652612e-01
2.75000000000000e-01  -1.47938228466838e-01
3.00000000000000e-01  -1.58067930024178e-01
3.25000000000000e-01  -1.68535509102162e-01
3.50000000000000e-01  -1.79337962197674e-01
3.75000000000000e-01  -1.90469873214441e-01
4.00000000000000e-01  -2.01923288150515e-01
4.25000000000000e-01  -2.13687589785763e-01
4.50000000000000e-01  -2.25749372369348e-01
4.75000000000000e-01  -2.38092316307217e-01
5.00000000000000e-01  -2.50697062849586e-01
5.25000000000000e-01  -2.63541088778425e-01
5.50000000000000e-01  -2.76598581094944e-01
5.75000000000000e-01  -2.89840311707078e-01
6.00000000000000e-01  -3.03233512116972e-01
6.25000000000000e-01  -3.16742284033198e-01
6.50000000000000e-01  -3.30324642755372e-01
6.75000000000000e-01  -3.43939587663053e-01
7.00000000000000e-01  -3.57540059391882e-01
7.25000000000000e-01  -3.71075344040112e-01
7.50000000000000e-01  -3.84491220893086e-01
7.75000000000000e-01  -3.97730110147701e-01
8.00000000000000e-01  -4.10731220636881e-01
8.25000000000000e-01  -4.23430697554049e-01
8.50000000000000e-01  -4.35761770177592e-01
8.75000000000000e-01  -4.47654899595336e-01
9.00000000000000e-01  -4.59037926429013e-01
9.25000000000000e-01  -4.69836218558735e-01
9.50000000000000e-01  -4.79973779933081e-01
9.75000000000000e-01  -4.89372874922309e-01
1.00000000000000e+00  -4.97954421325977e-01
1.02500000000000e+00  -5.05639207246675e-01
1.05000000000000e+00  -5.12347632640944e-01
1.07500000000000e+00  -5.18000371216707e-01
1.10000000000000e+00  -5.22519032330687e-01
1.12500000000000e+00  -5.25826822885839e-01
1.15000000000000e+00  -5.27849209228770e-01
1.17500000000000e+00  -5.28514579047165e-01
1.20000000000000e+00  -5.27754903267212e-01
1.22500000000000e+00  -5.25506397951028e-01
1.25000000000000e+00  -5.21713725899814e-01
1.27500000000000e+00  -5.16314302756140e-01
1.30000000000000e+00  -5.09267250314218e-01
1.32500000000000e+00  -5.00532005195658e-01
1.35000000000000e+00  -4.90076158784197e-01
1.37500000000000e+00  -4.77876019422756e-01
1.40000000000000e+00  -4.63917174610503e-01
1.42500000000000e+00  -4.48195053199915e-01
1.45000000000000e+00  -4.30715487593836e-01
1.47500000000000e+00  -4.11495275942539e-01
1.50000000000000e+00  -3.90562744340785e-01
1.52500000000000e+00  -3.67958309024887e-01
1.55000000000000e+00  -3.43735038569768e-01
1.57500000000000e+00  -3.17957827330047e-01
1.60000000000000e+00  -2.90704671109918e-01
1.62500000000000e+00  -2.62067180165253e-01
1.65000000000000e+00  -2.32148220489140e-01
1.67500000000000e+00  -2.01064166539605e-01
1.70000000000000e+00  -1.68944255504416e-01
1.72500000000000e+00  -1.35929941565903e-01
1.75000000000000e+00  -1.02174250165752e-01
1.77500000000000e+00  -6.78411322698253e-02
1.80000000000000e+00  -3.31048186329671e-02
1.82500000000000e+00  1.85082593619118e-03
1.85000000000000e+00  3.68329483104154e-02
1.87500000000000e+00  7.16409021917954e-02
1.90000000000000e+00  1.06066922995371e-01
1.92500000000000e+00  1.39903818313072e-01
1.95000000000000e+00  1.72936708142709e-01
1.97500000000000e+00  2.04948851542294e-01
2.00000000000000e+00  2.35723475576824e-01
2.02500000000000e+00  2.65045604265057e-01
2.05000000000000e+00  2.92703887526290e-01
2.07500000000000e+00  3.18492430127136e-01
2.10000000000000e+00  3.42212620628304e-01
2.12500000000000e+00  3.63674960331376e-01
2.15000000000000e+00  3.82700892225584e-01
2.17500000000000e+00  3.99124629934587e-01
2.20000000000000e+00  4.12795622490279e-01
2.22500000000000e+00  4.23579218609529e-01
2.25000000000000e+00  4.31360835269327e-01
2.27500000000000e+00  4.36043403852506e-01
2.30000000000000e+00  4.37552548382950e-01
2.32500000000000e+00  4.35837369489631e-01
2.35000000000000e+00  4.30871228370655e-01
2.37500000000000e+00  4.22652530757296e-01
2.40000000000000e+00  4.11205510878038e-01
2.42500000000000e+00  3.96581015422617e-01
2.45000000000000e+00  3.78857287506060e-01
2.47500000000000e+00  3.58140750632722e-01
2.50000000000000e+00  3.34558265960067e-01
2.52500000000000e+00  3.08275849873403e-01
2.55000000000000e+00  2.79480544439465e-01
2.57500000000000e+00  2.48379991970717e-01
2.60000000000000e+00  2.15207781456325e-01
2.62500000000000e+00  1.80220963034289e-01
2.65000000000000e+00  1.43697562463565e-01
2.67500000000000e+00  1.05934095596198e-01
2.70000000000000e+00  6.72430828494371e-02
2.72500000000000e+00  2.79505636778753e-02
2.75000000000000e+00  -1.16063889544330e-02
2.77500000000000e+00  -5.10821541018423e-02
2.80000000000000e+00  -9.01250483649897e-02
2.82500000000000e+00  -1.28380834422727e-01
2.85000000000000e+00  -1.65503179985929e-01
2.87500000000000e+00  -2.01144402860191e-01
2.90000000000000e+00  -2.34966483085195e-01
2.92500000000000e+00  -2.66644202361594e-01
2.95000000000000e+00  -2.95868189744978e-01
2.97500000000000e+00  -3.22347967339837e-01
3.00000000000000e+00  -3.45814995993519e-01
3.02500000000000e+00  -3.66025720990193e-01
3.05000000000000e+00  -3.82764617744811e-01
3.07500000000000e+00  -3.95847237497071e-01
3.10000000000000e+00  -4.05123253005375e-01
3.12500000000000e+00  -4.10481894610255e-01
3.15000000000000e+00  -4.11836115192865e-01
3.17500000000000e+00  -4.09158022257469e-01
3.20000000000000e+00  -4.02444519791220e-01
3.22500000000000e+00  -3.91736647733914e-01
3.25000000000000e+00  -3.77118132727940e-01
3.27500000000000e+00  -3.58713938868249e-01
3.30000000000000e+00  -3.36688818452308e-01
3.32500000000000e+00  -3.11245862730061e-01
3.35000000000000e+00  -2.82625052653889e-01
3.37500000000000e+00  -2.51101809628569e-01
3.40000000000000e+00  -2.16985546261235e-01
3.42500000000000e+00  -1.80618217111340e-01
3.45000000000000e+00  -1.42368375073204e-01
3.47500000000000e+00  -1.02620928081481e-01
3.50000000000000e+00  -6.17885685733848e-02
3.52500000000000e+00  -2.02963996436371e-02
3.55000000000000e+00  2.14193100696430e-02
3.57500000000000e+00  6.29159728341255e-02
3.60000000000000e+00  1.03749528272457e-01
3.62500000000000e+00  1.43479289811450e-01
3.65000000000000e+00  1.81672791131268e-01
3.67500000000000e+00  2.17910632614617e-01
3.70000000000000e+00  2.51791327795931e-01
3.72500000000000e+00  2.82936149810562e-01
3.75000000000000e+00  3.11000519406144e-01
3.77500000000000e+00  3.35647749519369e-01
3.80000000000000e+00  3.56609647231293e-01
3.82500000000000e+00  3.73635531046405e-01
3.85000000000000e+00  3.86521032506110e-01
3.87500000000000e+00  3.95108829102476e-01
3.90000000000000e+00  3.99289377191972e-01
3.92500000000000e+00  3.99001644909212e-01
3.95000000000000e+00  3.94233845080693e-01
3.97500000000000e+00  3.85024168138541e-01
4.00000000000000e+00  3.71461515034250e-01
4.02500000000000e+00  3.53686230152421e-01
4.05000000000000e+00  3.31890834224512e-01
4.07500000000000e+00  3.06309287885133e-01
4.10000000000000e+00  2.77222006916662e-01
4.12500000000000e+00  2.44954192303408e-01
4.15000000000000e+00  2.09865851059890e-01
4.17500000000000e+00  1.72353063024378e-01
4.20000000000000e+00  1.32842548759298e-01
4.22500000000000e+00  9.17862374516624e-02
4.25000000000000e+00  4.96558348134860e-02
4.27500000000000e+00  6.93739098220004e-03
4.30000000000000e+00  -3.58741315789193e-02
4.32500000000000e+00  -7.82802901803405e-02
4.35000000000000e+00  -1.19784594005847e-01
4.37500000000000e+00  -1.59900985199067e-01
4.40000000000000e+00  -1.98151052535441e-01
4.42500000000000e+00  -2.34092276163934e-01
4.45000000000000e+00  -2.67292756989732e-01
4.47500000000000e+00  -2.97355493323977e-01
4.50000000000000e+00  -3.23921418350790e-01
4.52500000000000e+00  -3.46672437594278e-01
4.55000000000000e+00  -3.65334466385546e-01
4.57500000000000e+00  -3.79680467329716e-01
4.60000000000000e+00  -3.89533487772931e-01
4.62500000000000e+00  -3.94769697269377e-01
4.65000000000000e+00  -3.95321425048289e-01
4.67500000000000e+00  -3.91180197480969e-01
4.70000000000000e+00  -3.82387394946586e-01
4.72500000000000e+00  -3.69043155440810e-01
4.75000000000000e+00  -3.51304686936618e-01
4.77500000000000e+00  -3.29377160186501e-01
4.80000000000000e+00  -3.03519030478243e-01
4.82500000000000e+00  -2.74037310039812e-01
4.85000000000000e+00  -2.41282840444256e-01
4.87500000000000e+00  -2.05645565014600e-01
4.90000000000000e+00  -1.67549801228739e-01
4.92500000000000e+00  -1.27449513124335e-01
4.95000000000000e+00  -8.58235837037186e-02
4.97500000000000e+00  -4.31710873387702e-02
5.00000000000000e+00  5.06014640562816e-06
5.02500000000000e+00  4.31695931752343e-02
5.05000000000000e+00  8.58221128835356e-02
5.07500000000000e+00  1.27448080917421e-01
5.10000000000000e+00  1.67548422524859e-01
5.12500000000000e+00  2.05644254161265e-01
5.15000000000000e+00  2.41281611095123e-01
5.17500000000000e+00  2.74036175013583e-01
5.20000000000000e+00  3.03518001628065e-01
5.22500000000000e+00  3.29376248279870e-01
5.25000000000000e+00  3.51303901545782e-01
5.27500000000000e+00  3.69042504843674e-01
5.30000000000000e+00  3.82386886038113e-01
5.32500000000000e+00  3.91179835716224e-01
5.35000000000000e+00  3.95321214384015e-01
5.37500000000000e+00  3.94769640128037e-01
5.40000000000000e+00  3.89533585016047e-01
5.42500000000000e+00  3.79680718253774e-01
5.45000000000000e+00  3.65334868732333e-01
5.47500000000000e+00  3.46672987575636e-01
5.50000000000000e+00  3.23922110687804e-01
5.52500000000000e+00  2.97356321300577e-01
5.55000000000000e+00  2.67293712520730e-01
5.57500000000000e+00  2.34093349877477e-01
5.60000000000000e+00  1.98152233869890e-01
5.62500000000000e+00  1.59899213552690e-01
5.65000000000000e+00  1.19785954768543e-01
5.67500000000000e+00  7.82817209687306e-02
5.70000000000000e+00  3.58756182909309e-02
5.72500000000000e+00  -6.93586300070603e-03
5.75000000000000e+00  -4.96542806159678e-02
5.77500000000000e+00  -9.17846723390130e-02
5.80000000000000e+00  -1.32840988128786e-01
5.82500000000000e+00  -1.72351522219432e-01
5.85000000000000e+00  -2.09864345220729e-01
5.87500000000000e+00  -2.44952736218497e-01
5.90000000000000e+00  -2.77220614875028e-01
5.92500000000000e+00  -3.06307973529499e-01
5.95000000000000e+00  -3.31889610433771e-01
5.97500000000000e+00  -3.53685108915298e-01
6.00000000000000e+00  -3.71460507330374e-01
6.02500000000000e+00  -3.85023283840880e-01
6.05000000000000e+00  -3.94233092861922e-01
6.07500000000000e+00  -3.99001032162036e-01
6.10000000000000e+00  -3.99288909963416e-01
6.12500000000000e+00  -3.95108512042124e-01
6.15000000000000e+00  -3.86520868828312e-01
6.17500000000000e+00  -3.73635522506439e-01
6.20000000000000e+00  -3.56609794115486e-01
6.22500000000000e+00  -3.35648050649177e-01
6.25000000000000e+00  -3.10994430641456e-01
6.27500000000000e+00  -2.82936750165566e-01
6.30000000000000e+00  -2.51792070309596e-01
6.32500000000000e+00  -2.17911510563927e-01
6.35000000000000e+00  -1.81673796547134e-01
6.37500000000000e+00  -1.43480413563924e-01
6.40000000000000e+00  -1.03750760163052e-01
6.42500000000000e+00  -6.29173016952627e-02
6.45000000000000e+00  -2.14207238712075e-02
6.47500000000000e+00  2.02949136806219e-02
6.50000000000000e+00  6.17870238559599e-02
6.52500000000000e+00  1.02619338516851e-01
6.55000000000000e+00  1.42366754933708e-01
6.57500000000000e+00  1.80616580917568e-01
6.60000000000000e+00  2.16983908644578e-01
6.62500000000000e+00  2.51100185193752e-01
6.65000000000000e+00  2.82623455861386e-01
6.67500000000000e+00  3.11244307765289e-01
6.70000000000000e+00  3.36687319101883e-01
6.72500000000000e+00  3.58712508403308e-01
6.75000000000000e+00  3.77116783794506e-01
6.77500000000000e+00  3.91735392250330e-01
6.80000000000000e+00  4.02443368852630e-01
6.82500000000000e+00  4.09156986047360e-01
6.85000000000000e+00  4.11835202901666e-01
6.87500000000000e+00  4.10478724009137e-01
6.90000000000000e+00  4.05122611828789e-01
6.92500000000000e+00  3.95846741238801e-01
6.95000000000000e+00  3.82764271060616e-01
6.97500000000000e+00  3.66025527305379e-01
7.00000000000000e+00  3.45814957489749e-01
7.02500000000000e+00  3.22348084951699e-01
7.05000000000000e+00  2.95868463166324e-01
7.07500000000000e+00  2.66644630061647e-01
7.10000000000000e+00  2.34967062334418e-01
7.12500000000000e+00  2.01145129765930e-01
7.15000000000000e+00  1.65504049537813e-01
7.17500000000000e+00  1.28381840547848e-01
7.20000000000000e+00  9.01261839713538e-02
7.22500000000000e+00  5.10834111765520e-02
7.25000000000000e+00  1.16077586141228e-02
7.27500000000000e+00  -2.79490911071220e-02
7.30000000000000e+00  -6.72415177447187e-02
7.32500000000000e+00  -1.05932448949172e-01
7.35000000000000e+00  -1.43695845790590e-01
7.37500000000000e+00  -1.80219188285298e-01
7.40000000000000e+00  -2.15205960922478e-01
7.42500000000000e+00  -2.48378138190775e-01
7.45000000000000e+00  -2.79478670104935e-01
7.47500000000000e+00  -3.08273967732431e-01
7.50000000000000e+00  -3.34564915405399e-01
7.52500000000000e+00  -3.58138890900902e-01
7.55000000000000e+00  -3.78855457693197e-01
7.57500000000000e+00  -3.96579227646261e-01
7.60000000000000e+00  -4.11203776898190e-01
7.62500000000000e+00  -4.22650861903225e-01
7.65000000000000e+00  -4.30869635473766e-01
7.67500000000000e+00  -4.35835862822398e-01
7.70000000000000e+00  -4.37551137603908e-01
7.72500000000000e+00  -4.36042097957305e-01
7.75000000000000e+00  -4.31359642547842e-01
7.77500000000000e+00  -4.23578146609035e-01
7.80000000000000e+00  -4.12794677984686e-01
7.82500000000000e+00  -3.99123818903408e-01
7.85000000000000e+00  -3.82700219834648e-01
7.87500000000000e+00  -3.63674430925264e-01
7.90000000000000e+00  -3.42212237721390e-01
7.92500000000000e+00  -3.18492196406976e-01
7.95000000000000e+00  -2.92703804861507e-01
7.97500000000000e+00  -2.65045673717713e-01
8.00000000000000e+00  -2.35723697419299e-01
8.02500000000000e+00  -2.04949225278648e-01
8.05000000000000e+00  -1.72937232534555e-01
8.07500000000000e+00  -1.39904491409936e-01
8.10000000000000e+00  -1.06067742169544e-01
8.12500000000000e+00  -7.16413147344099e-02
8.15000000000000e+00  -3.68340492468197e-02
8.17500000000000e+00  -1.85206141519775e-03
8.20000000000000e+00  3.31034535554251e-02
8.22500000000000e+00  6.78396429977727e-02
8.25000000000000e+00  1.02172642517344e-01
8.27500000000000e+00  1.35928221727399e-01
8.30000000000000e+00  1.68942429983983e-01
8.32500000000000e+00  2.01062242120928e-01
8.35000000000000e+00  2.32146204184856e-01
8.37500000000000e+00  2.62065079170199e-01
8.40000000000000e+00  2.90702492754190e-01
8.42500000000000e+00  3.17955579031879e-01
8.45000000000000e+00  3.43732727796961e-01
8.47500000000000e+00  3.67955943250780e-01
8.50000000000000e+00  3.90560331002941e-01
8.52500000000000e+00  4.11492822407989e-01
8.55000000000000e+00  4.30713001122403e-01
8.57500000000000e+00  4.48192540910850e-01
8.60000000000000e+00  4.63914643452454e-01
8.62500000000000e+00  4.77873476147066e-01
8.65000000000000e+00  4.90073609921523e-01
8.67500000000000e+00  5.00529457035919e-01
8.70000000000000e+00  5.09264708889867e-01
8.72500000000000e+00  5.16311773828769e-01
8.75000000000000e+00  5.21707675190161e-01
8.77500000000000e+00  5.25503910081790e-01
8.80000000000000e+00  5.27752443333238e-01
8.82500000000000e+00  5.28512151543214e-01
8.85000000000000e+00  5.27846818334613e-01
8.87500000000000e+00  5.25824472459691e-01
8.90000000000000e+00  5.22516725905230e-01
8.92500000000000e+00  5.17998111997715e-01
8.95000000000000e+00  5.12345423508496e-01
8.97500000000000e+00  5.05637050758963e-01
9.00000000000000e+00  4.97952319725714e-01
9.02500000000000e+00  4.89370830145725e-01
9.05000000000000e+00  4.79971793621520e-01
9.07500000000000e+00  4.69834292065363e-01
9.10000000000000e+00  4.59036060832726e-01
9.12500000000000e+00  4.47653095714459e-01
9.15000000000000e+00  4.35760028580719e-01
9.17500000000000e+00  4.23429018574724e-01
9.20000000000000e+00  4.10729604387776e-01
9.22500000000000e+00  3.97728556534272e-01
9.25000000000000e+00  3.84489729626719e-01
9.27500000000000e+00  3.71073914650761e-01
9.30000000000000e+00  3.57538691240185e-01
9.32500000000000e+00  3.43938279951943e-01
9.35000000000000e+00  3.30323394541169e-01
9.37500000000000e+00  3.16740558340139e-01
9.40000000000000e+00  3.03232379651769e-01
9.42500000000000e+00  2.89839235281794e-01
9.45000000000000e+00  2.76597559364327e-01
9.47500000000000e+00  2.63540120327272e-01
9.50000000000000e+00  2.50696146204330e-01
9.52500000000000e+00  2.38091449946999e-01
9.55000000000000e+00  2.25748554736579e-01
9.57500000000000e+00  2.13686819296164e-01
9.60000000000000e+00  2.01922563202655e-01
9.62500000000000e+00  1.90469192198754e-01
9.65000000000000e+00  1.79337323504964e-01
9.67500000000000e+00  1.68534911131596e-01
9.70000000000000e+00  1.58067371190769e-01
9.72500000000000e+00  1.47937707208408e-01
9.75000000000000e+00  1.38146635436247e-01
9.77500000000000e+00  1.28692710163831e-01
9.80000000000000e+00  1.19572449030518e-01
9.82500000000000e+00  1.10780458337478e-01
9.85000000000000e+00  1.02309558359697e-01
9.87500000000000e+00  9.41509086579765e-02
9.90000000000000e+00  8.62941333909337e-02
9.92500000000000e+00  7.87274466270065e-02
9.95000000000000e+00  7.14377776564523e-02
9.97500000000000e+00  6.44108963033488e-02
1.00000000000000e+01  5.76315382376006e-02
