0.00000000000000e+00  -6.26912825341804e-02
2.50000000000000e-02  -7.11258824084593e-02
5.00000000000000e-02  -7.90885619611902e-02
7.50000000000000e-02  -8.69268793662654e-02
1.00000000000000e-01  -9.48911504912016e-02
1.25000000000000e-01  -1.03148193744799e-01
1.50000000000000e-01  -1.11795074924798e-01
1.75000000000000e-01  -1.20872852065546e-01
2.00000000000000e-01  -1.30380320285650e-01
2.25000000000000e-01  -1.40287756635644e-01
2.50000000000000e-01  -1.50550664945647e-01
2.75000000000000e-01  -1.61123520673020e-01
3.00000000000000e-01  -1.71973515750033e-01
3.25000000000000e-01  -1.83064728375058e-01
3.50000000000000e-01  -1.94384879057823e-01
3.75000000000000e-01  -2.05962817698240e-01
4.00000000000000e-01  -2.17794552532652e-01
4.25000000000000e-01  -2.29913011722309e-01
4.50000000000000e-01  -2.42365190226380e-01
4.75000000000000e-01  -2.55189296674967e-01
5.00000000000000e-01  -2.68391900242113e-01
5.25000000000000e-01  -2.81925077518818e-01
5.50000000000000e-01  -2.95663559386048e-01
5.75000000000000e-01  -3.09381877887749e-01
6.00000000000000e-01  -3.22731513103859e-01
6.25000000000000e-01  -3.36892595814212e-01
6.50000000000000e-01  -3.50064774888155e-01
6.75000000000000e-01  -3.63660306494018e-01
7.00000000000000e-01  -3.77410575523105e-01
7.25000000000000e-01  -3.91111988798738e-01
7.50000000000000e-01  -4.04615166875236e-01
7.75000000000000e-01  -4.17814135836885e-01
8.00000000000000e-01  -4.30635519096917e-01
8.25000000000000e-01  -4.43027729196481e-01
8.50000000000000e-01  -4.54950159603618e-01
8.75000000000000e-01  -4.66362376512238e-01
9.00000000000000e-01  -4.77213310641091e-01
9.25000000000000e-01  -4.87430449032745e-01
9.50000000000000e-01  -4.96955410650277e-01
9.75000000000000e-01  -5.05707235598358e-01
1.00000000000000e+00  -5.13592799209942e-01
1.02500000000000e+00  -5.20518062181953e-01
1.05000000000000e+00  -5.26383090331553e-01
1.07500000000000e+00  -5.31088992053002e-01
1.10000000000000e+00  -5.34544855774516e-01
1.12500000000000e+00  -5.36674687415121e-01
1.15000000000000e+00  -5.37424347841515e-01
1.17500000000000e+00  -5.36768490324927e-01
1.20000000000000e+00  -5.34717497997969e-01
1.22500000000000e+00  -5.31324421311499e-01
1.25000000000000e+00  -5.26291312132377e-01
1.27500000000000e+00  -5.19506885807758e-01
1.30000000000000e+00  -5.11089431202510e-01
1.32500000000000e+00  -5.00993441632038e-01
1.35000000000000e+00  -4.89186160652570e-01
1.37500000000000e+00  -4.75647397446736e-01
1.40000000000000e+00  -4.60369342209138e-01
1.42500000000000e+00  -4.43356381531934e-01
1.45000000000000e+00  -4.24624913790399e-01
1.47500000000000e+00  -4.04203164528513e-01
1.50000000000000e+00  -3.82131001844531e-01
1.52500000000000e+00  -3.58459751776554e-01
1.55000000000000e+00  -3.33252013688112e-01
1.57500000000000e+00  -3.06582858359199e-01
1.60000000000000e+00  -2.78538785479680e-01
1.62500000000000e+00  -2.49218482105690e-01
1.65000000000000e+00  -2.18731642289903e-01
1.67500000000000e+00  -1.87200205265590e-01
1.70000000000000e+00  -1.54758049275001e-01
1.72500000000000e+00  -1.21550685397757e-01
1.75000000000000e+00  -8.77349513792347e-02
1.77500000000000e+00  -5.34787054589484e-02
1.80000000000000e+00  -1.89605201989430e-02
1.82500000000000e+00  1.56306236878280e-02
1.85000000000000e+00  5.00956435091083e-02
1.87500000000000e+00  8.42521506109828e-02
1.90000000000000e+00  1.17894459943333e-01
1.92500000000000e+00  1.50812953647552e-01
1.95000000000000e+00  1.82798512495624e-01
1.97500000000000e+00  2.13641274776953e-01
2.00000000000000e+00  2.43132412940974e-01
2.02500000000000e+00  2.71065910239747e-01
2.05000000000000e+00  2.97240337370564e-01
2.07500000000000e+00  3.21460629118548e-01
2.10000000000000e+00  3.43539860999258e-01
2.12500000000000e+00  3.63301025901286e-01
2.15000000000000e+00  3.80578810728863e-01
2.17500000000000e+00  3.95221373044459e-01
2.20000000000000e+00  4.07092271998958e-01
2.22500000000000e+00  4.16072215387053e-01
2.25000000000000e+00  4.22061371487855e-01
2.27500000000000e+00  4.24978026309068e-01
2.30000000000000e+00  4.24763044916683e-01
2.32500000000000e+00  4.21380490811983e-01
2.35000000000000e+00  4.14818245308551e-01
2.37500000000000e+00  4.05088626909276e-01
2.40000000000000e+00  3.92229010683359e-01
2.42500000000000e+00  3.76302447643326e-01
2.45000000000000e+00  3.57398284122027e-01
2.47500000000000e+00  3.35632781149646e-01
2.50000000000000e+00  3.11140739698543e-01
2.52500000000000e+00  2.84100996537950e-01
2.55000000000000e+00  2.54702191018297e-01
2.57500000000000e+00  2.23156942113059e-01
2.60000000000000e+00  1.89701893705541e-01
2.62500000000000e+00  1.54595269881322e-01
2.65000000000000e+00  1.18114430220697e-01
2.67500000000000e+00  8.05534250911208e-02
2.70000000000000e+00  4.22205509396467e-02
2.72500000000000e+00  3.43590558537286e-03
2.75000000000000e+00  -3.54710564881169e-02
2.77500000000000e+00  -7.41639688403107e-02
2.80000000000000e+00  -1.12301997781325e-01
2.82500000000000e+00  -1.49545829753250e-01
2.85000000000000e+00  -1.85558141406444e-01
2.87500000000000e+00  -2.20008673316750e-01
2.90000000000000e+00  -2.52574853987835e-01
2.92500000000000e+00  -2.82947765209988e-01
2.95000000000000e+00  -3.10834978566899e-01
2.97500000000000e+00  -3.35963391942423e-01
3.00000000000000e+00  -3.58082066027360e-01
3.02500000000000e+00  -3.76965060826219e-01
3.05000000000000e+00  -3.92414272163997e-01
3.07500000000000e+00  -4.04262268192944e-01
3.10000000000000e+00  -4.12375125899339e-01
3.12500000000000e+00  -4.16655133632365e-01
3.15000000000000e+00  -4.17035405462160e-01
3.17500000000000e+00  -4.13494883602256e-01
3.20000000000000e+00  -4.06043257888447e-01
3.22500000000000e+00  -3.94732289592581e-01
3.25000000000000e+00  -3.79654385479995e-01
3.27500000000000e+00  -3.60941171866957e-01
3.30000000000000e+00  -3.38762068678099e-01
3.32500000000000e+00  -3.13322863503856e-01
3.35000000000000e+00  -2.84864285657900e-01
3.37500000000000e+00  -2.53660580234580e-01
3.40000000000000e+00  -2.20018082166357e-01
3.42500000000000e+00  -1.84273790281244e-01
3.45000000000000e+00  -1.46785621675555e-01
3.47500000000000e+00  -1.07935346792168e-01
3.50000000000000e+00  -6.81224379127281e-02
3.52500000000000e+00  -2.77602719697286e-02
3.55000000000000e+00  1.27281894325674e-02
3.57500000000000e+00  5.29150481019702e-02
3.60000000000000e+00  9.23721173422084e-02
3.62500000000000e+00  1.30675570036774e-01
3.65000000000000e+00  1.67410586732765e-01
3.67500000000000e+00  2.02176003724734e-01
3.70000000000000e+00  2.34588961138529e-01
3.72500000000000e+00  2.64289551015140e-01
3.75000000000000e+00  2.90941379277781e-01
3.77500000000000e+00  3.14253611679587e-01
3.80000000000000e+00  3.33950373347282e-01
3.82500000000000e+00  3.49800822613650e-01
3.85000000000000e+00  3.61618457256307e-01
3.87500000000000e+00  3.69261828494758e-01
3.90000000000000e+00  3.72635254987462e-01
3.92500000000000e+00  3.71689536828886e-01
3.95000000000000e+00  3.66422669546567e-01
3.97500000000000e+00  3.56880558098174e-01
4.00000000000000e+00  3.43157730868561e-01
4.02500000000000e+00  3.25398053666831e-01
4.05000000000000e+00  3.03795443723398e-01
4.07500000000000e+00  2.78582905978473e-01
4.10000000000000e+00  2.50039160752244e-01
4.12500000000000e+00  2.18484112882444e-01
4.15000000000000e+00  1.84271091458393e-01
4.17500000000000e+00  1.47787606996897e-01
4.20000000000000e+00  1.09449897552813e-01
4.22500000000000e+00  6.96974748296353e-02
4.25000000000000e+00  2.89876702900631e-02
4.27500000000000e+00  -1.22098187334253e-02
4.30000000000000e+00  -5.34183829279900e-02
4.32500000000000e+00  -9.41599548898632e-02
4.35000000000000e+00  -1.33960463013764e-01
4.37500000000000e+00  -1.72335548774311e-01
4.40000000000000e+00  -2.08865982156651e-01
4.42500000000000e+00  -2.43093558135344e-01
4.45000000000000e+00  -2.74611786881996e-01
4.47500000000000e+00  -3.03046652129136e-01
4.50000000000000e+00  -3.28059688542606e-01
4.52500000000000e+00  -3.49351059093931e-01
4.55000000000000e+00  -3.66662632432693e-01
4.57500000000000e+00  -3.79781060258918e-01
4.60000000000000e+00  -3.88540854695442e-01
4.62500000000000e+00  -3.92827465660295e-01
4.65000000000000e+00  -3.92580358239073e-01
4.67500000000000e+00  -3.87796090057320e-01
4.70000000000000e+00  -3.78518531481213e-01
4.72500000000000e+00  -3.64848102742553e-01
4.75000000000000e+00  -3.46939715056300e-01
4.77500000000000e+00  -3.24994149603023e-01
4.80000000000000e+00  -2.99262910571183e-01
4.82500000000000e+00  -2.70043593205612e-01
4.85000000000000e+00  -2.37675251855989e-01
4.87500000000000e+00  -2.02533768025333e-01
4.90000000000000e+00  -1.65027218418468e-01
4.92500000000000e+00  -1.25591242990516e-01
4.95000000000000e+00  -8.46844129953726e-02
4.97500000000000e+00  -4.27835990341857e-02
5.00000000000000e+00  -3.89007525184479e-04
5.02500000000000e+00  4.20191399829249e-02
5.05000000000000e+00  8.39315191785844e-02
5.07500000000000e+00  1.24857426293182e-01
5.10000000000000e+00  1.64319697289205e-01
5.12500000000000e+00  2.01859350585901e-01
5.15000000000000e+00  2.37040229784951e-01
5.17500000000000e+00  2.69453646396142e-01
5.20000000000000e+00  2.98723022563025e-01
5.22500000000000e+00  3.24508533788596e-01
5.25000000000000e+00  3.46511751660956e-01
5.27500000000000e+00  3.64480286578987e-01
5.30000000000000e+00  3.78212430478014e-01
5.32500000000000e+00  3.87552336673436e-01
5.35000000000000e+00  3.92398638665666e-01
5.37500000000000e+00  3.92706535646585e-01
5.40000000000000e+00  3.88478550032851e-01
5.42500000000000e+00  3.79774342990912e-01
5.45000000000000e+00  3.66707646761773e-01
5.47500000000000e+00  3.49443196985765e-01
5.50000000000000e+00  3.28193665027310e-01
5.52500000000000e+00  3.03216590299692e-01
5.55000000000000e+00  2.74811312589826e-01
5.57500000000000e+00  2.43315904383017e-01
5.60000000000000e+00  2.09104103187738e-01
5.62500000000000e+00  1.72601978297174e-01
5.65000000000000e+00  1.34208436338750e-01
5.67500000000000e+00  9.44020051076150e-02
5.70000000000000e+00  5.36474644966508e-02
5.72500000000000e+00  1.24191618074447e-02
5.75000000000000e+00  -2.88044524922048e-02
5.77500000000000e+00  -6.95462890108085e-02
5.80000000000000e+00  -1.09336083675688e-01
5.82500000000000e+00  -1.47715861975478e-01
5.85000000000000e+00  -1.84245403202647e-01
5.87500000000000e+00  -2.18507704695987e-01
5.90000000000000e+00  -2.50114446083141e-01
5.92500000000000e+00  -2.78711453523093e-01
5.95000000000000e+00  -3.03977970856063e-01
5.97500000000000e+00  -3.25634418955681e-01
6.00000000000000e+00  -3.43446949911183e-01
6.02500000000000e+00  -3.57220814511170e-01
6.05000000000000e+00  -3.66811357162440e-01
6.07500000000000e+00  -3.72123309893062e-01
6.10000000000000e+00  -3.73110086355467e-01
6.12500000000000e+00  -3.69773075829532e-01
6.15000000000000e+00  -3.62160937225660e-01
6.17500000000000e+00  -3.50368893087871e-01
6.20000000000000e+00  -3.34538023596881e-01
6.22500000000000e+00  -3.14854560573191e-01
6.25000000000000e+00  -2.91553258509369e-01
6.27500000000000e+00  -2.64897653511329e-01
6.30000000000000e+00  -2.35190851569374e-01
6.32500000000000e+00  -2.02765268455270e-01
6.35000000000000e+00  -1.67981017678743e-01
6.37500000000000e+00  -1.31221254219107e-01
6.40000000000000e+00  -9.28875182568738e-02
6.42500000000000e+00  -5.33950789053861e-02
6.45000000000000e+00  -1.31682779424235e-02
6.47500000000000e+00  2.73641264581714e-02
6.50000000000000e+00  6.77736159948684e-02
6.52500000000000e+00  1.07636568506842e-01
6.55000000000000e+00  1.46538914242339e-01
6.57500000000000e+00  1.84080477934652e-01
6.60000000000000e+00  2.19878775286765e-01
6.62500000000000e+00  2.53575181861967e-01
6.65000000000000e+00  2.84831996657415e-01
6.67500000000000e+00  3.13342209759743e-01
6.70000000000000e+00  3.38830935001674e-01
6.72500000000000e+00  3.61056842618656e-01
6.75000000000000e+00  3.79813591905477e-01
6.77500000000000e+00  3.94931263872896e-01
6.80000000000000e+00  4.06277793904261e-01
6.82500000000000e+00  4.13760404412138e-01
6.85000000000000e+00  4.17327037494932e-01
6.87500000000000e+00  4.16967885125139e-01
6.90000000000000e+00  4.12703487302140e-01
6.92500000000000e+00  4.04601008627613e-01
6.95000000000000e+00  3.92758015214588e-01
6.97500000000000e+00  3.77308491953462e-01
7.00000000000000e+00  3.58420001030554e-01
7.02500000000000e+00  3.36290840446645e-01
7.05000000000000e+00  3.11147202535535e-01
7.07500000000000e+00  2.83240332482583e-01
7.10000000000000e+00  2.52843686843260e-01
7.12500000000000e+00  2.20250092061701e-01
7.15000000000000e+00  1.85768902989242e-01
7.17500000000000e+00  1.49723161402981e-01
7.20000000000000e+00  1.12443613507703e-01
7.22500000000000e+00  7.42680887209773e-02
7.25000000000000e+00  3.55364135366275e-02
7.27500000000000e+00  -3.41005868708971e-03
7.30000000000000e+00  -4.22344493074677e-02
7.32500000000000e+00  -8.06068041957893e-02
7.35000000000000e+00  -1.18206543535783e-01
7.37500000000000e+00  -1.54724911622052e-01
7.40000000000000e+00  -1.89867426658534e-01
7.42500000000000e+00  -2.23356330556930e-01
7.45000000000000e+00  -2.54933038735159e-01
7.47500000000000e+00  -2.84360589915799e-01
7.50000000000000e+00  -3.11435085911632e-01
7.52500000000000e+00  -3.35940636328727e-01
7.55000000000000e+00  -3.57725224094857e-01
7.57500000000000e+00  -3.76644906063920e-01
7.60000000000000e+00  -3.92583323124354e-01
7.62500000000000e+00  -4.05451078422057e-01
7.65000000000000e+00  -4.15185115583314e-01
7.67500000000000e+00  -4.21748096937715e-01
7.70000000000000e+00  -4.25127781741085e-01
7.72500000000000e+00  -4.25336404398400e-01
7.75000000000000e+00  -4.22410052686717e-01
7.77500000000000e+00  -4.16408045978094e-01
7.80000000000000e+00  -4.07412313462513e-01
7.82500000000000e+00  -3.95522923173331e-01
7.85000000000000e+00  -3.80859426654051e-01
7.87500000000000e+00  -3.63558540511204e-01
7.90000000000000e+00  -3.43772398309820e-01
7.92500000000000e+00  -3.21666612635415e-01
7.95000000000000e+00  -2.97418495215994e-01
7.97500000000000e+00  -2.71215277044052e-01
8.00000000000000e+00  -2.43252328498592e-01
8.02500000000000e+00  -2.13731379467123e-01
8.05000000000000e+00  -1.82858739467671e-01
8.07500000000000e+00  -1.50843517770790e-01
8.10000000000000e+00  -1.17895843521556e-01
8.12500000000000e+00  -8.41985893863183e-02
8.15000000000000e+00  -5.00410984056530e-02
8.17500000000000e+00  -1.55497792534165e-02
8.20000000000000e+00  1.90662917496200e-02
8.22500000000000e+00  5.36078587355050e-02
8.25000000000000e+00  8.78857920449836e-02
8.27500000000000e+00  1.21721393983344e-01
8.30000000000000e+00  1.54946704576295e-01
8.32500000000000e+00  1.87404807325829e-01
8.35000000000000e+00  2.18950134966081e-01
8.37500000000000e+00  2.49448775219205e-01
8.40000000000000e+00  2.78778776551223e-01
8.42500000000000e+00  3.06830453927905e-01
8.45000000000000e+00  3.33505146378017e-01
8.47500000000000e+00  3.58716398962428e-01
8.50000000000000e+00  3.82389201659024e-01
8.52500000000000e+00  4.04461031268449e-01
8.55000000000000e+00  4.24880650807992e-01
8.57500000000000e+00  4.43608292611019e-01
8.60000000000000e+00  4.60615841426418e-01
8.62500000000000e+00  4.75887017518040e-01
8.65000000000000e+00  4.89417559764136e-01
8.67500000000000e+00  5.01215408756797e-01
8.70000000000000e+00  5.11300889901398e-01
8.72500000000000e+00  5.19706896516037e-01
8.75000000000000e+00  5.26879708695208e-01
8.77500000000000e+00  5.31499248348749e-01
8.80000000000000e+00  5.34878848838313e-01
8.82500000000000e+00  5.36915971667527e-01
8.85000000000000e+00  5.37557682913607e-01
8.87500000000000e+00  5.36793714400090e-01
8.90000000000000e+00  5.34649524869584e-01
8.92500000000000e+00  5.31179361156495e-01
8.95000000000000e+00  5.26459319359780e-01
8.97500000000000e+00  5.20580406015675e-01
9.00000000000000e+00  5.13641599270441e-01
9.02500000000000e+00  5.05742910053102e-01
9.05000000000000e+00  4.96978443248187e-01
9.07500000000000e+00  4.87441387081150e-01
9.10000000000000e+00  4.77212753746964e-01
9.12500000000000e+00  4.66350964464034e-01
9.15000000000000e+00  4.54928571854606e-01
9.17500000000000e+00  4.42996673648920e-01
9.20000000000000e+00  4.30595722603865e-01
9.22500000000000e+00  4.17766336421617e-01
9.25000000000000e+00  4.04560107668289e-01
9.27500000000000e+00  3.91050413692576e-01
9.30000000000000e+00  3.77343226544403e-01
9.32500000000000e+00  3.63587922893568e-01
9.35000000000000e+00  3.49988093948387e-01
9.37500000000000e+00  3.35137663743371e-01
9.40000000000000e+00  3.22648287781330e-01
9.42500000000000e+00  3.09296391110836e-01
9.45000000000000e+00  2.95576401864323e-01
9.47500000000000e+00  2.81836830057960e-01
9.50000000000000e+00  2.68303123046918e-01
9.52500000000000e+00  2.55100520980645e-01
9.55000000000000e+00  2.42276912258127e-01
9.57500000000000e+00  2.29825688983156e-01
9.60000000000000e+00  2.17708602419600e-01
9.62500000000000e+00  2.05878618446673e-01
9.65000000000000e+00  1.94302773014194e-01
9.67500000000000e+00  1.82985027597864e-01
9.70000000000000e+00  1.71896492684819e-01
9.72500000000000e+00  1.61049415673207e-01
9.75000000000000e+00  1.50479690222582e-01
9.77500000000000e+00  1.40220092469967e-01
9.80000000000000e+00  1.30316119515440e-01
9.82500000000000e+00  1.20812243289545e-01
9.85000000000000e+00  1.11738164420693e-01
9.87500000000000e+00  1.03095066102572e-01
9.90000000000000e+00  9.48418679615487e-02
9.92500000000000e+00  8.68814799240819e-02
9.95000000000000e+00  7.90470560841225e-02
9.97500000000000e+00  7.10882485705211e-02
1.00000000000000e+01  6.26574614144402e-02
