0.00000000000000e+00  -6.31194390036293e-02
2.50000000000000e-02  -7.06267358081708e-02
5.00000000000000e-02  -7.82858897917814e-02
7.50000000000000e-02  -8.61582288387581e-02
1.00000000000000e-01  -9.42903920952076e-02
1.25000000000000e-01  -1.02716154239916e-01
1.50000000000000e-01  -1.11458249755219e-01
1.75000000000000e-01  -1.20530197197869e-01
2.00000000000000e-01  -1.29938123469914e-01
2.25000000000000e-01  -1.39682588089559e-01
2.50000000000000e-01  -1.49760407462043e-01
2.75000000000000e-01  -1.60166479150506e-01
3.00000000000000e-01  -1.70895606146863e-01
3.25000000000000e-01  -1.81940159667607e-01
3.50000000000000e-01  -1.93293728895154e-01
3.75000000000000e-01  -2.04953350336274e-01
4.00000000000000e-01  -2.16909349672875e-01
4.25000000000000e-01  -2.29154708268703e-01
4.50000000000000e-01  -2.41681809294658e-01
4.75000000000000e-01  -2.54479183854115e-01
5.00000000000000e-01  -2.67528257108243e-01
5.25000000000000e-01  -2.80800094401322e-01
5.50000000000000e-01  -2.94252147386062e-01
5.75000000000000e-01  -3.07825000148925e-01
6.00000000000000e-01  -3.21439115335440e-01
6.25000000000000e-01  -3.35224133664506e-01
6.50000000000000e-01  -3.48893140149306e-01
6.75000000000000e-01  -3.62602333430748e-01
7.00000000000000e-01  -3.76271516325716e-01
7.25000000000000e-01  -3.89826416978379e-01
7.50000000000000e-01  -4.03197362377842e-01
7.75000000000000e-01  -4.16317951875786e-01
8.00000000000000e-01  -4.29123730704113e-01
8.25000000000000e-01  -4.41550863492591e-01
8.50000000000000e-01  -4.53534807786499e-01
8.75000000000000e-01  -4.65008987564270e-01
9.00000000000000e-01  -4.75903466755136e-01
9.25000000000000e-01  -4.86143622756772e-01
9.50000000000000e-01  -4.95655857368140e-01
9.75000000000000e-01  -5.04362400957402e-01
1.00000000000000e+00  -5.12183184026784e-01
1.02500000000000e+00  -5.19038104703010e-01
1.05000000000000e+00  -5.24846462424656e-01
1.07500000000000e+00  -5.29528468242852e-01
1.10000000000000e+00  -5.33006755121978e-01
1.12500000000000e+00  -5.35207888240370e-01
1.15000000000000e+00  -5.36063875291016e-01
1.17500000000000e+00  -5.35513676782259e-01
1.20000000000000e+00  -5.33504716338493e-01
1.22500000000000e+00  -5.29994391000867e-01
1.25000000000000e+00  -5.24899093371375e-01
1.27500000000000e+00  -5.18156951494090e-01
1.30000000000000e+00  -5.09754035040303e-01
1.32500000000000e+00  -4.99655948330962e-01
1.35000000000000e+00  -4.87837415795476e-01
1.37500000000000e+00  -4.74282678935258e-01
1.40000000000000e+00  -4.58985893287264e-01
1.42500000000000e+00  -4.41951525387534e-01
1.45000000000000e+00  -4.23194749734728e-01
1.47500000000000e+00  -4.02741845753672e-01
1.50000000000000e+00  -3.80630594758890e-01
1.52500000000000e+00  -3.56910676918153e-01
1.55000000000000e+00  -3.31644068216012e-01
1.57500000000000e+00  -3.04904527893051e-01
1.60000000000000e+00  -2.76778372069118e-01
1.62500000000000e+00  -2.47364825520968e-01
1.65000000000000e+00  -2.16774174725101e-01
1.67500000000000e+00  -1.85129434011784e-01
1.70000000000000e+00  -1.52565695410707e-01
1.72500000000000e+00  -1.19229478496648e-01
1.75000000000000e+00  -8.52780802351346e-02
1.77500000000000e+00  -5.08789248281011e-02
1.80000000000000e+00  -1.62089135595576e-02
1.82500000000000e+00  1.85462253587569e-02
1.85000000000000e+00  5.31925869417043e-02
1.87500000000000e+00  8.75317346740291e-02
1.90000000000000e+00  1.21362628682887e-01
1.92500000000000e+00  1.54475017187365e-01
1.95000000000000e+00  1.86659379745219e-01
1.97500000000000e+00  2.17705315349517e-01
2.00000000000000e+00  2.47403345076907e-01
2.02500000000000e+00  2.75546714735874e-01
2.05000000000000e+00  3.01933197514992e-01
2.07500000000000e+00  3.26366896631189e-01
2.10000000000000e+00  3.48660047978005e-01
2.12500000000000e+00  3.68634822773847e-01
2.15000000000000e+00  3.86125130210249e-01
2.17500000000000e+00  4.00978420100133e-01
2.20000000000000e+00  4.13057541875620e-01
2.22500000000000e+00  4.22242433270545e-01
2.25000000000000e+00  4.28432606885217e-01
2.27500000000000e+00  4.31545655185453e-01
2.30000000000000e+00  4.31521782682417e-01
2.32500000000000e+00  4.28324423579941e-01
2.35000000000000e+00  4.21940859421852e-01
2.37500000000000e+00  4.12382836739290e-01
2.40000000000000e+00  3.99687184698040e-01
2.42500000000000e+00  3.83916432745845e-01
2.45000000000000e+00  3.65159428259741e-01
2.47500000000000e+00  3.43531954193368e-01
2.50000000000000e+00  3.19168023456793e-01
2.52500000000000e+00  2.92248444338951e-01
2.55000000000000e+00  2.62959505919397e-01
2.57500000000000e+00  2.31514098913821e-01
2.60000000000000e+00  1.98149134695070e-01
2.62500000000000e+00  1.63123123979098e-01
2.65000000000000e+00  1.26713755510898e-01
2.67500000000000e+00  8.92154747504479e-02
2.70000000000000e+00  5.09370625586400e-02
2.72500000000000e+00  1.21992138832296e-02
2.75000000000000e+00  -2.66678835552300e-02
2.77500000000000e+00  -6.53269705774472e-02
2.80000000000000e+00  -1.03436137859453e-01
2.82500000000000e+00  -1.40655024426143e-01
2.85000000000000e+00  -1.76645158721276e-01
2.87500000000000e+00  -2.11074939867460e-01
2.90000000000000e+00  -2.43620570430756e-01
2.92500000000000e+00  -2.73971861323040e-01
2.95000000000000e+00  -3.01835102585077e-01
2.97500000000000e+00  -3.26935934169593e-01
3.00000000000000e+00  -3.49022216724349e-01
3.02500000000000e+00  -3.67866902375216e-01
3.05000000000000e+00  -3.83270905509249e-01
3.07500000000000e+00  -3.95065973557760e-01
3.10000000000000e+00  -4.03117557779391e-01
3.12500000000000e+00  -4.07327592804176e-01
3.15000000000000e+00  -4.07626778484871e-01
3.17500000000000e+00  -4.03996164918813e-01
3.20000000000000e+00  -3.96445001008663e-01
3.22500000000000e+00  -3.85024924053612e-01
3.25000000000000e+00  -3.69828506020421e-01
3.27500000000000e+00  -3.50987799814459e-01
3.30000000000000e+00  -3.28672885550745e-01
3.32500000000000e+00  -3.03090416824980e-01
3.35000000000000e+00  -2.74482166984584e-01
3.37500000000000e+00  -2.43123575399743e-01
3.40000000000000e+00  -2.09322293734438e-01
3.42500000000000e+00  -1.73416732217489e-01
3.45000000000000e+00  -1.35766235717365e-01
3.47500000000000e+00  -9.67539517027812e-02
3.50000000000000e+00  -5.67809943610919e-02
3.52500000000000e+00  -1.62621939681631e-02
3.55000000000000e+00  2.43779764284332e-02
3.57500000000000e+00  6.47100703926054e-02
3.60000000000000e+00  1.04304337482927e-01
3.62500000000000e+00  1.42735392635822e-01
3.65000000000000e+00  1.79586885548751e-01
3.67500000000000e+00  2.14456170063395e-01
3.70000000000000e+00  2.46958973548840e-01
3.72500000000000e+00  2.76734066284767e-01
3.75000000000000e+00  3.03452020301568e-01
3.77500000000000e+00  3.26796095011367e-01
3.80000000000000e+00  3.46511923544397e-01
3.82500000000000e+00  3.62364858669688e-01
3.85000000000000e+00  3.74165438498521e-01
3.87500000000000e+00  3.81769992300570e-01
3.90000000000000e+00  3.85081246320050e-01
3.92500000000000e+00  3.84048929591862e-01
3.95000000000000e+00  3.78670379757737e-01
3.97500000000000e+00  3.68991148882383e-01
4.00000000000000e+00  3.55105609269632e-01
4.02500000000000e+00  3.37157559278579e-01
4.05000000000000e+00  3.15340829139735e-01
4.07500000000000e+00  2.89888552146000e-01
4.10000000000000e+00  2.61079359362015e-01
4.12500000000000e+00  2.29232946182519e-01
4.15000000000000e+00  1.94702827962254e-01
4.17500000000000e+00  1.57876529089912e-01
4.20000000000000e+00  1.19170325964850e-01
4.22500000000000e+00  7.90239899738323e-02
4.25000000000000e+00  3.78955304677492e-02
4.27500000000000e+00  -3.74406226165631e-03
4.30000000000000e+00  -4.54160740050530e-02
4.32500000000000e+00  -8.66393236588027e-02
4.35000000000000e+00  -1.26935420248221e-01
4.37500000000000e+00  -1.65835529019888e-01
4.40000000000000e+00  -2.02881702954590e-01
4.42500000000000e+00  -2.37647176881256e-01
4.45000000000000e+00  -2.69718559142539e-01
4.47500000000000e+00  -2.98716452820263e-01
4.50000000000000e+00  -3.24298312069083e-01
4.52500000000000e+00  -3.46161298450144e-01
4.55000000000000e+00  -3.64045137264728e-01
4.57500000000000e+00  -3.77734973887919e-01
4.60000000000000e+00  -3.87064230102252e-01
4.62500000000000e+00  -3.91917460431371e-01
4.65000000000000e+00  -3.92233208473684e-01
4.67500000000000e+00  -3.88006863236019e-01
4.70000000000000e+00  -3.79281723663122e-01
4.72500000000000e+00  -3.66157394971572e-01
4.75000000000000e+00  -3.48788089654364e-01
4.77500000000000e+00  -3.27373993764647e-01
4.80000000000000e+00  -3.02166206316269e-01
4.82500000000000e+00  -2.73462196368744e-01
4.85000000000000e+00  -2.41601260112221e-01
4.87500000000000e+00  -2.06959977952467e-01
4.90000000000000e+00  -1.69947671595827e-01
4.92500000000000e+00  -1.31001861134205e-01
4.95000000000000e+00  -9.05837221300341e-02
4.97500000000000e+00  -4.91735427012441e-02
5.00000000000000e+00  -7.25747462068400e-03
5.02500000000000e+00  3.46528947102458e-02
5.05000000000000e+00  7.60725043418761e-02
5.07500000000000e+00  1.16506433168471e-01
5.10000000000000e+00  1.55474343057131e-01
5.12500000000000e+00  1.92515018868526e-01
5.15000000000000e+00  2.27190908477641e-01
5.17500000000000e+00  2.59092662794519e-01
5.20000000000000e+00  2.87843675784992e-01
5.22500000000000e+00  3.13104624491432e-01
5.25000000000000e+00  3.34578009053486e-01
5.27500000000000e+00  3.52012692728820e-01
5.30000000000000e+00  3.65208441913855e-01
5.32500000000000e+00  3.74011000762570e-01
5.35000000000000e+00  3.78320706924565e-01
5.37500000000000e+00  3.78094186335029e-01
5.40000000000000e+00  3.73335984153993e-01
5.42500000000000e+00  3.64107474243726e-01
5.45000000000000e+00  3.50524007763002e-01
5.47500000000000e+00  3.32752061761373e-01
5.50000000000000e+00  3.11006387773443e-01
5.52500000000000e+00  2.85547160413134e-01
5.55000000000000e+00  2.56677125967966e-01
5.57500000000000e+00  2.24738750993322e-01
5.60000000000000e+00  1.90111370906720e-01
5.62500000000000e+00  1.53206442742475e-01
5.65000000000000e+00  1.14455278170233e-01
5.67500000000000e+00  7.43111071418121e-02
5.70000000000000e+00  3.32440898924106e-02
5.72500000000000e+00  -8.26757817152017e-03
5.75000000000000e+00  -4.97429227857716e-02
5.77500000000000e+00  -9.07034471419012e-02
5.80000000000000e+00  -1.30678388200737e-01
5.82500000000000e+00  -1.69209973005883e-01
5.85000000000000e+00  -2.05858674997241e-01
5.87500000000000e+00  -2.40208470324506e-01
5.90000000000000e+00  -2.71872094160694e-01
5.92500000000000e+00  -3.00496297015636e-01
5.95000000000000e+00  -3.25761652357651e-01
5.97500000000000e+00  -3.47389797956551e-01
6.00000000000000e+00  -3.65147873878281e-01
6.02500000000000e+00  -3.78842319905880e-01
6.05000000000000e+00  -3.88329606156375e-01
6.07500000000000e+00  -3.93515625229084e-01
6.10000000000000e+00  -3.94355084353917e-01
6.12500000000000e+00  -3.90850897539683e-01
6.15000000000000e+00  -3.83053577722388e-01
6.17500000000000e+00  -3.71060628913543e-01
6.20000000000000e+00  -3.55015938348464e-01
6.22500000000000e+00  -3.35109168634577e-01
6.25000000000000e+00  -3.11570596933102e-01
6.27500000000000e+00  -2.84668601666710e-01
6.30000000000000e+00  -2.54706274664530e-01
6.32500000000000e+00  -2.22017492023581e-01
6.35000000000000e+00  -1.86963763926623e-01
6.37500000000000e+00  -1.49929575227167e-01
6.40000000000000e+00  -1.11317726034446e-01
6.42500000000000e+00  -7.15446722984303e-02
6.45000000000000e+00  -3.10358663948003e-02
6.47500000000000e+00  9.77890229005084e-03
6.50000000000000e+00  5.04701667740210e-02
6.52500000000000e+00  9.06134418943188e-02
6.55000000000000e+00  1.29793883722458e-01
6.57500000000000e+00  1.67610378948883e-01
6.60000000000000e+00  2.03679769736983e-01
6.62500000000000e+00  2.37642669038939e-01
6.65000000000000e+00  2.69160665815151e-01
6.67500000000000e+00  2.97926076728101e-01
6.70000000000000e+00  3.23663415462873e-01
6.72500000000000e+00  3.46130862047684e-01
6.75000000000000e+00  3.65121732174402e-01
6.77500000000000e+00  3.80465946519082e-01
6.80000000000000e+00  3.92031500062479e-01
6.82500000000000e+00  3.99725931410583e-01
6.85000000000000e+00  4.03497792115138e-01
6.87500000000000e+00  4.03336520539694e-01
6.90000000000000e+00  3.99263702697931e-01
6.92500000000000e+00  3.91346248505588e-01
6.95000000000000e+00  3.79682472990852e-01
6.97500000000000e+00  3.64407140421194e-01
7.00000000000000e+00  3.45688614526527e-01
7.02500000000000e+00  3.23726008722357e-01
7.05000000000000e+00  2.98746336332950e-01
7.07500000000000e+00  2.71001660814478e-01
7.10000000000000e+00  2.40766245978179e-01
7.12500000000000e+00  2.08333706213517e-01
7.15000000000000e+00  1.74014156711330e-01
7.17500000000000e+00  1.38131363686999e-01
7.20000000000000e+00  1.01016854104706e-01
7.22500000000000e+00  6.30090744936755e-02
7.25000000000000e+00  2.44483859668902e-02
7.27500000000000e+00  -1.43233045470619e-02
7.30000000000000e+00  -5.29687221168250e-02
7.32500000000000e+00  -9.11576550162948e-02
7.35000000000000e+00  -1.28569385932654e-01
7.37500000000000e+00  -1.64895123174385e-01
7.40000000000000e+00  -1.99840431879304e-01
7.42500000000000e+00  -2.33127665222577e-01
7.45000000000000e+00  -2.64498395624748e-01
7.47500000000000e+00  -2.93715845959765e-01
7.50000000000000e+00  -3.20576111553920e-01
7.52500000000000e+00  -3.44864571190500e-01
7.55000000000000e+00  -3.66428714601558e-01
7.57500000000000e+00  -3.85125118890788e-01
7.60000000000000e+00  -4.00837915991483e-01
7.62500000000000e+00  -4.13478174653075e-01
7.65000000000000e+00  -4.22983282427699e-01
7.67500000000000e+00  -4.29316327656733e-01
7.70000000000000e+00  -4.32465481457355e-01
7.72500000000000e+00  -4.32443379709095e-01
7.75000000000000e+00  -4.29286505040383e-01
7.77500000000000e+00  -4.23054568815098e-01
7.80000000000000e+00  -4.13829893119125e-01
7.82500000000000e+00  -4.01712879768367e-01
7.85000000000000e+00  -3.86823504429539e-01
7.87500000000000e+00  -3.69298829650227e-01
7.90000000000000e+00  -3.49291320279934e-01
7.92500000000000e+00  -3.26966981420476e-01
7.95000000000000e+00  -3.02503557584154e-01
7.97500000000000e+00  -2.76088731851925e-01
8.00000000000000e+00  -2.47918325031578e-01
8.02500000000000e+00  -2.18194494815897e-01
8.05000000000000e+00  -1.87123934940842e-01
8.07500000000000e+00  -1.54916074343716e-01
8.10000000000000e+00  -1.21781276321338e-01
8.12500000000000e+00  -8.79257961282188e-02
8.15000000000000e+00  -5.35693439144753e-02
8.17500000000000e+00  -1.89034364653549e-02
8.20000000000000e+00  1.58704704740592e-02
8.22500000000000e+00  5.05584662255828e-02
8.25000000000000e+00  8.49748320400093e-02
8.27500000000000e+00  1.18942687959158e-01
8.30000000000000e+00  1.52294639677951e-01
8.32500000000000e+00  1.84873425406484e-01
8.35000000000000e+00  2.16532562732077e-01
8.37500000000000e+00  2.47136995481362e-01
8.40000000000000e+00  2.76563740582330e-01
8.42500000000000e+00  3.04702534926407e-01
8.45000000000000e+00  3.31454178610586e-01
8.47500000000000e+00  3.56732372494707e-01
8.50000000000000e+00  3.80463369886497e-01
8.52500000000000e+00  4.02585203911064e-01
8.55000000000000e+00  4.23048201660471e-01
8.57500000000000e+00  4.41814589078585e-01
8.60000000000000e+00  4.58858095845949e-01
8.62500000000000e+00  4.74163560264648e-01
8.65000000000000e+00  4.87726534143163e-01
8.67500000000000e+00  4.99552887681240e-01
8.70000000000000e+00  5.09658414354755e-01
8.72500000000000e+00  5.18068435800574e-01
8.75000000000000e+00  5.24869709830745e-01
8.77500000000000e+00  5.29918859049946e-01
8.80000000000000e+00  5.33435156095237e-01
8.82500000000000e+00  5.35449735912138e-01
8.85000000000000e+00  5.36005216351591e-01
8.87500000000000e+00  5.35154187945189e-01
8.90000000000000e+00  5.32957703680400e-01
8.92500000000000e+00  5.29483768775797e-01
8.95000000000000e+00  5.24805830456278e-01
8.97500000000000e+00  5.19001267728299e-01
9.00000000000000e+00  5.12149881155092e-01
9.02500000000000e+00  5.04332382631898e-01
9.05000000000000e+00  4.95628885161191e-01
9.07500000000000e+00  4.86119469436442e-01
9.10000000000000e+00  4.75881915998369e-01
9.12500000000000e+00  4.64989833628242e-01
9.15000000000000e+00  4.53517855734845e-01
9.17500000000000e+00  4.41535928765100e-01
9.20000000000000e+00  4.29110638705165e-01
9.22500000000000e+00  4.16306537581529e-01
9.25000000000000e+00  4.03187469962100e-01
9.27500000000000e+00  3.89817899457308e-01
9.30000000000000e+00  3.76264235221193e-01
9.32500000000000e+00  3.62596158452507e-01
9.35000000000000e+00  3.48887948895798e-01
9.37500000000000e+00  3.34987248007505e-01
9.40000000000000e+00  3.21435564237492e-01
9.42500000000000e+00  3.07822123254520e-01
9.45000000000000e+00  2.94249850502395e-01
9.47500000000000e+00  2.80798294355021e-01
9.50000000000000e+00  2.67526880214866e-01
9.52500000000000e+00  2.54478164611430e-01
9.55000000000000e+00  2.41681089299715e-01
9.57500000000000e+00  2.29154235358684e-01
9.60000000000000e+00  2.16909077289735e-01
9.62500000000000e+00  2.04953237115165e-01
9.65000000000000e+00  1.93293738476634e-01
9.67500000000000e+00  1.81940260733637e-01
9.70000000000000e+00  1.70895771775944e-01
9.72500000000000e+00  1.60166686826330e-01
9.75000000000000e+00  1.49760638859616e-01
9.77500000000000e+00  1.39682828765556e-01
9.80000000000000e+00  1.29938362483644e-01
9.82500000000000e+00  1.20530426607828e-01
9.85000000000000e+00  1.11458463991228e-01
9.87500000000000e+00  1.02716349350857e-01
9.90000000000000e+00  9.42905648723318e-02
9.92500000000000e+00  8.61583758145955e-02
9.95000000000000e+00  7.82860061146335e-02
9.97500000000000e+00  7.06268139921888e-02
1.00000000000000e+01  6.31194675544854e-02
