0.00000000000000e+00  -6.26082250467959e-02
2.50000000000000e-02  -6.99578081441763e-02
5.00000000000000e-02  -7.75302284798728e-02
7.50000000000000e-02  -8.53542492825585e-02
1.00000000000000e-01  -9.34534802938711e-02
1.25000000000000e-01  -1.01846801555526e-01
1.50000000000000e-01  -1.10548787196427e-01
1.75000000000000e-01  -1.19570129219786e-01
2.00000000000000e-01  -1.28918061290231e-01
2.25000000000000e-01  -1.38596782520924e-01
2.50000000000000e-01  -1.48607881260675e-01
2.75000000000000e-01  -1.58950758881052e-01
3.00000000000000e-01  -1.69623053563500e-01
3.25000000000000e-01  -1.80620657119375e-01
3.50000000000000e-01  -1.91938037466597e-01
3.75000000000000e-01  -2.03568456523922e-01
4.00000000000000e-01  -2.15502357174768e-01
4.25000000000000e-01  -2.27728707099377e-01
4.50000000000000e-01  -2.40234015491562e-01
4.75000000000000e-01  -2.53001349775447e-01
5.00000000000000e-01  -2.66009352322214e-01
5.25000000000000e-01  -2.79231257166849e-01
5.50000000000000e-01  -2.92633906724882e-01
5.75000000000000e-01  -3.06176768509139e-01
6.00000000000000e-01  -3.19810951846477e-01
6.25000000000000e-01  -3.33546048269437e-01
6.50000000000000e-01  -3.47269400809186e-01
6.75000000000000e-01  -3.60993750121979e-01
7.00000000000000e-01  -3.74660490918847e-01
7.25000000000000e-01  -3.88210158302531e-01
7.50000000000000e-01  -4.01582202007442e-01
7.75000000000000e-01  -4.14714760639615e-01
8.00000000000000e-01  -4.27544435916663e-01
8.25000000000000e-01  -4.40006066907737e-01
8.50000000000000e-01  -4.52032504273478e-01
8.75000000000000e-01  -4.63554384505976e-01
9.00000000000000e-01  -4.74499904168721e-01
9.25000000000000e-01  -4.84794594136566e-01
9.50000000000000e-01  -4.94362993741013e-01
9.75000000000000e-01  -5.03127697680748e-01
1.00000000000000e+00  -5.11010212739887e-01
1.02500000000000e+00  -5.17931624415500e-01
1.05000000000000e+00  -5.23813140734120e-01
1.07500000000000e+00  -5.28576955793572e-01
1.10000000000000e+00  -5.32147113304800e-01
1.12500000000000e+00  -5.34450370133702e-01
1.15000000000000e+00  -5.35417059842954e-01
1.17500000000000e+00  -5.34981956233840e-01
1.20000000000000e+00  -5.33085136888088e-01
1.22500000000000e+00  -5.29672846709689e-01
1.25000000000000e+00  -5.24686987379970e-01
1.27500000000000e+00  -5.18066226246258e-01
1.30000000000000e+00  -5.09785205445604e-01
1.32500000000000e+00  -4.99809913718883e-01
1.35000000000000e+00  -4.88115121632363e-01
1.37500000000000e+00  -4.74684832740083e-01
1.40000000000000e+00  -4.59512734746237e-01
1.42500000000000e+00  -4.42602650667551e-01
1.45000000000000e+00  -4.23968989995664e-01
1.47500000000000e+00  -4.03637199859511e-01
1.50000000000000e+00  -3.81644216187697e-01
1.52500000000000e+00  -3.58038914870885e-01
1.55000000000000e+00  -3.32882562924169e-01
1.57500000000000e+00  -3.06248106169029e-01
1.60000000000000e+00  -2.78221160882478e-01
1.62500000000000e+00  -2.48900281954741e-01
1.65000000000000e+00  -2.18395146488080e-01
1.67500000000000e+00  -1.86828171556004e-01
1.70000000000000e+00  -1.54333864162901e-01
1.72500000000000e+00  -1.21058171203688e-01
1.75000000000000e+00  -8.71578294234377e-02
1.77500000000000e+00  -5.27997153770281e-02
1.80000000000000e+00  -1.81601953887773e-02
1.82500000000000e+00  1.65755244879207e-02
1.85000000000000e+00  5.12140485109497e-02
1.87500000000000e+00  8.55567316748468e-02
1.90000000000000e+00  1.19401866366069e-01
1.92500000000000e+00  1.52540367493731e-01
1.95000000000000e+00  1.84762471342017e-01
1.97500000000000e+00  2.15857463282509e-01
2.00000000000000e+00  2.45615473773688e-01
2.02500000000000e+00  2.73829274360434e-01
2.05000000000000e+00  3.00296073673528e-01
2.07500000000000e+00  3.24819313429150e-01
2.10000000000000e+00  3.47210464428382e-01
2.12500000000000e+00  3.67290822556706e-01
2.15000000000000e+00  3.84893304783502e-01
2.17500000000000e+00  3.99864245161556e-01
2.20000000000000e+00  4.12065202952731e-01
2.22500000000000e+00  4.21374940042388e-01
2.25000000000000e+00  4.27691573687956e-01
2.27500000000000e+00  4.30931278337126e-01
2.30000000000000e+00  4.31032819175736e-01
2.32500000000000e+00  4.27958194143588e-01
2.35000000000000e+00  4.21693275950255e-01
2.37500000000000e+00  4.12248454090895e-01
2.40000000000000e+00  3.99659276862063e-01
2.42500000000000e+00  3.83987093377523e-01
2.45000000000000e+00  3.65319695584058e-01
2.47500000000000e+00  3.43771960277284e-01
2.50000000000000e+00  3.19475487227367e-01
2.52500000000000e+00  2.92614904997266e-01
2.55000000000000e+00  2.63372176738004e-01
2.57500000000000e+00  2.31960403828267e-01
2.60000000000000e+00  1.98616844991345e-01
2.62500000000000e+00  1.63600501983211e-01
2.65000000000000e+00  1.27189705280597e-01
2.67500000000000e+00  8.96796997690717e-02
2.70000000000000e+00  5.13802304311110e-02
2.72500000000000e+00  1.26131280341832e-02
2.75000000000000e+00  -2.62901051811786e-02
2.77500000000000e+00  -6.49907098132995e-02
2.80000000000000e+00  -1.03145083611286e-01
2.82500000000000e+00  -1.40411026271479e-01
2.85000000000000e+00  -1.76448072489629e-01
2.87500000000000e+00  -2.10922512925962e-01
2.90000000000000e+00  -2.43508387526758e-01
2.92500000000000e+00  -2.73893276304320e-01
2.95000000000000e+00  -3.01781241212299e-01
2.97500000000000e+00  -3.26895768021039e-01
3.00000000000000e+00  -3.48982708192899e-01
3.02500000000000e+00  -3.67813220757594e-01
3.05000000000000e+00  -3.83186714187524e-01
3.07500000000000e+00  -3.94933788273108e-01
3.10000000000000e+00  -4.02919175998117e-01
3.12500000000000e+00  -4.07040774497006e-01
3.15000000000000e+00  -4.07234692322731e-01
3.17500000000000e+00  -4.03475810135616e-01
3.20000000000000e+00  -3.95773957014373e-01
3.22500000000000e+00  -3.84181372721078e-01
3.25000000000000e+00  -3.68791280063259e-01
3.27500000000000e+00  -3.49736457255978e-01
3.30000000000000e+00  -3.27187810283918e-01
3.32500000000000e+00  -3.01352945263470e-01
3.35000000000000e+00  -2.72474740804813e-01
3.37500000000000e+00  -2.40829920374006e-01
3.40000000000000e+00  -2.06727624655066e-01
3.42500000000000e+00  -1.70507983912065e-01
3.45000000000000e+00  -1.32532074861689e-01
3.47500000000000e+00  -9.31850731294757e-02
3.50000000000000e+00  -5.28700096093072e-02
3.52500000000000e+00  -1.20038343775481e-02
3.55000000000000e+00  2.89868779710271e-02
3.57500000000000e+00  6.96706201458639e-02
3.60000000000000e+00  1.09615643983257e-01
3.62500000000000e+00  1.48394652268980e-01
3.65000000000000e+00  1.85589490560913e-01
3.67500000000000e+00  2.20795839011675e-01
3.70000000000000e+00  2.53627904191251e-01
3.72500000000000e+00  2.83723110909622e-01
3.75000000000000e+00  3.10749958215511e-01
3.77500000000000e+00  3.34389300344928e-01
3.80000000000000e+00  3.54386559359642e-01
3.82500000000000e+00  3.70505756052912e-01
3.85000000000000e+00  3.82556201743236e-01
3.87500000000000e+00  3.90393109700084e-01
3.90000000000000e+00  3.93918206569619e-01
3.92500000000000e+00  3.93080343800435e-01
3.95000000000000e+00  3.87876109069281e-01
3.97500000000000e+00  3.78350437706793e-01
4.00000000000000e+00  3.64597224123221e-01
4.02500000000000e+00  3.46759933234158e-01
4.05000000000000e+00  3.25032211886275e-01
4.07500000000000e+00  2.99647060081258e-01
4.10000000000000e+00  2.70883275062887e-01
4.12500000000000e+00  2.39060707697647e-01
4.15000000000000e+00  2.04533259632961e-01
4.17500000000000e+00  1.67688951185768e-01
4.20000000000000e+00  1.28944686634235e-01
4.22500000000000e+00  8.87410195094714e-02
4.25000000000000e+00  4.75369178872469e-02
4.27500000000000e+00  5.80452967969526e-03
4.30000000000000e+00  -3.59760520729601e-02
4.32500000000000e+00  -7.73220239107023e-02
4.35000000000000e+00  -1.17753106661996e-01
4.37500000000000e+00  -1.56804224194854e-01
4.40000000000000e+00  -1.94000720001316e-01
4.42500000000000e+00  -2.28927485141003e-01
4.45000000000000e+00  -2.61167602883808e-01
4.47500000000000e+00  -2.90338660410094e-01
4.50000000000000e+00  -3.16095555414255e-01
4.52500000000000e+00  -3.38133302708259e-01
4.55000000000000e+00  -3.56189840825196e-01
4.57500000000000e+00  -3.70048838622832e-01
4.60000000000000e+00  -3.79542501887152e-01
4.62500000000000e+00  -3.84554379935911e-01
4.65000000000000e+00  -3.85022172222186e-01
4.67500000000000e+00  -3.80940534937919e-01
4.70000000000000e+00  -3.72352240571041e-01
4.72500000000000e+00  -3.59356635459423e-01
4.75000000000000e+00  -3.42107743682995e-01
4.77500000000000e+00  -3.20805771868714e-01
4.80000000000000e+00  -2.95702094783823e-01
4.82500000000000e+00  -2.67094726492682e-01
4.85000000000000e+00  -2.35323791513584e-01
4.87500000000000e+00  -2.00766995975593e-01
4.90000000000000e+00  -1.63835098775364e-01
4.92500000000000e+00  -1.24967382733977e-01
4.95000000000000e+00  -8.46271257537613e-02
4.97500000000000e+00  -4.32970719751187e-02
5.00000000000000e+00  -1.46016318340356e-03
5.02500000000000e+00  4.03607209285462e-02
5.05000000000000e+00  8.16869393526583e-02
5.07500000000000e+00  1.22020879132131e-01
5.10000000000000e+00  1.60879916841681e-01
5.12500000000000e+00  1.97800944032830e-01
5.15000000000000e+00  2.32344892679220e-01
5.17500000000000e+00  2.64101260621905e-01
5.20000000000000e+00  2.92692637014649e-01
5.22500000000000e+00  3.17779227769238e-01
5.25000000000000e+00  3.39063381000766e-01
5.27500000000000e+00  3.56294112472947e-01
5.30000000000000e+00  3.69271631043408e-01
5.32500000000000e+00  3.77842341000775e-01
5.35000000000000e+00  3.81907338475645e-01
5.37500000000000e+00  3.81424298585437e-01
5.40000000000000e+00  3.76399015568988e-01
5.42500000000000e+00  3.66894233683140e-01
5.45000000000000e+00  3.53026835101227e-01
5.47500000000000e+00  3.34965027811536e-01
5.50000000000000e+00  3.12925533515791e-01
5.52500000000000e+00  2.87170775527623e-01
5.55000000000000e+00  2.58006066671048e-01
5.57500000000000e+00  2.25776797178933e-01
5.60000000000000e+00  1.90865622591480e-01
5.62500000000000e+00  1.53682207913498e-01
5.65000000000000e+00  1.14664140653733e-01
5.67500000000000e+00  7.42638216829308e-02
5.70000000000000e+00  3.29538068566975e-02
5.72500000000000e+00  -8.78565411270110e-03
5.75000000000000e+00  -5.04718501078391e-02
5.77500000000000e+00  -9.16248410576588e-02
5.80000000000000e+00  -1.31772690388979e-01
5.82500000000000e+00  -1.70456697478006e-01
5.85000000000000e+00  -2.07236630101858e-01
5.87500000000000e+00  -2.41695956890067e-01
5.90000000000000e+00  -2.73447079776108e-01
5.92500000000000e+00  -3.02136566448901e-01
5.95000000000000e+00  -3.27445064200063e-01
5.97500000000000e+00  -3.49094307644919e-01
6.00000000000000e+00  -3.66851853064086e-01
6.02500000000000e+00  -3.80524627459052e-01
6.05000000000000e+00  -3.89969748657463e-01
6.07500000000000e+00  -3.95093906240418e-01
6.10000000000000e+00  -3.95852742469775e-01
6.12500000000000e+00  -3.92250233215455e-01
6.15000000000000e+00  -3.84338068882744e-01
6.17500000000000e+00  -3.72215035339593e-01
6.20000000000000e+00  -3.56026394843932e-01
6.22500000000000e+00  -3.35963266970958e-01
6.25000000000000e+00  -3.12258729673031e-01
6.27500000000000e+00  -2.85177576066380e-01
6.30000000000000e+00  -2.55029341781782e-01
6.32500000000000e+00  -2.22148958211450e-01
6.35000000000000e+00  -1.86899179569190e-01
6.37500000000000e+00  -1.49665895209423e-01
6.40000000000000e+00  -1.10853441946181e-01
6.42500000000000e+00  -7.08799163721350e-02
6.45000000000000e+00  -3.01724871775875e-02
6.47500000000000e+00  1.08372925305069e-02
6.50000000000000e+00  5.17181729095274e-02
6.52500000000000e+00  9.20438950621888e-02
6.55000000000000e+00  1.31397878717518e-01
6.57500000000000e+00  1.69377502463817e-01
6.60000000000000e+00  2.05598040035004e-01
6.62500000000000e+00  2.39698887448317e-01
6.65000000000000e+00  2.71340424610759e-01
6.67500000000000e+00  3.00214030144093e-01
6.70000000000000e+00  3.26043505365090e-01
6.72500000000000e+00  3.48586498265784e-01
6.75000000000000e+00  3.67635927493723e-01
6.77500000000000e+00  3.83021406332221e-01
6.80000000000000e+00  3.94610666680605e-01
6.82500000000000e+00  4.02310983034472e-01
6.85000000000000e+00  4.06070596465937e-01
6.87500000000000e+00  4.05883649345027e-01
6.90000000000000e+00  4.01764584438116e-01
6.92500000000000e+00  3.93788682844480e-01
6.95000000000000e+00  3.82054474405983e-01
6.97500000000000e+00  3.66697471909596e-01
7.00000000000000e+00  3.47887235393947e-01
7.02500000000000e+00  3.25824436455854e-01
7.05000000000000e+00  3.00737922556880e-01
7.07500000000000e+00  2.72881781329861e-01
7.10000000000000e+00  2.42532404885458e-01
7.12500000000000e+00  2.09985554118701e-01
7.15000000000000e+00  1.75553423015522e-01
7.17500000000000e+00  1.39561702959306e-01
7.20000000000000e+00  1.02343786916480e-01
7.22500000000000e+00  6.42397926318541e-02
7.25000000000000e+00  2.55915452288799e-02
7.27500000000000e+00  -1.32577594940484e-02
7.30000000000000e+00  -5.19697857650496e-02
7.32500000000000e+00  -9.02134685806798e-02
7.35000000000000e+00  -1.27667424447876e-01
7.37500000000000e+00  -1.64022362125874e-01
7.40000000000000e+00  -1.98983493368148e-01
7.42500000000000e+00  -2.32272943664338e-01
7.45000000000000e+00  -2.63632162982178e-01
7.47500000000000e+00  -2.92824336509433e-01
7.50000000000000e+00  -3.19647663945108e-01
7.52500000000000e+00  -3.43887474929438e-01
7.55000000000000e+00  -3.65392533302120e-01
7.57500000000000e+00  -3.84020512880242e-01
7.60000000000000e+00  -3.99656771739327e-01
7.62500000000000e+00  -4.12213710241882e-01
7.65000000000000e+00  -4.21630129065975e-01
7.67500000000000e+00  -4.27870587233787e-01
7.70000000000000e+00  -4.30924760140183e-01
7.72500000000000e+00  -4.30806797581267e-01
7.75000000000000e+00  -4.27554681782954e-01
7.77500000000000e+00  -4.21229585429522e-01
7.80000000000000e+00  -4.11915229692185e-01
7.82500000000000e+00  -3.99713362250456e-01
7.85000000000000e+00  -3.84745049411089e-01
7.87500000000000e+00  -3.67148528893791e-01
7.90000000000000e+00  -3.47077236825548e-01
7.92500000000000e+00  -3.24698002380709e-01
7.95000000000000e+00  -3.00189255953344e-01
7.97500000000000e+00  -2.73739237329589e-01
8.00000000000000e+00  -2.45544203860013e-01
8.02500000000000e+00  -2.15806638631964e-01
8.05000000000000e+00  -1.84733458641928e-01
8.07500000000000e+00  -1.52534222967883e-01
8.10000000000000e+00  -1.19419340941652e-01
8.12500000000000e+00  -8.55959351951168e-02
8.15000000000000e+00  -5.12797812777060e-02
8.17500000000000e+00  -1.66653294807836e-02
8.20000000000000e+00  1.80467395524247e-02
8.22500000000000e+00  5.26632703884593e-02
8.25000000000000e+00  8.69992813169556e-02
8.27500000000000e+00  1.20878612863942e-01
8.30000000000000e+00  1.54134576305167e-01
8.32500000000000e+00  1.86610602179418e-01
8.35000000000000e+00  2.18160888801828e-01
8.37500000000000e+00  2.48651050777208e-01
8.40000000000000e+00  2.77958767513342e-01
8.42500000000000e+00  3.05974431734321e-01
8.45000000000000e+00  3.32599539455963e-01
8.47500000000000e+00  3.57748499991522e-01
8.50000000000000e+00  3.81348370663262e-01
8.52500000000000e+00  4.03337867709785e-01
8.55000000000000e+00  4.23668078988299e-01
8.57500000000000e+00  4.42302014901902e-01
8.60000000000000e+00  4.59214159326870e-01
8.62500000000000e+00  4.74390020539955e-01
8.65000000000000e+00  4.87825682145664e-01
8.67500000000000e+00  4.99527354003553e-01
8.70000000000000e+00  5.09510923155515e-01
8.72500000000000e+00  5.17801504753072e-01
8.75000000000000e+00  5.24444328166876e-01
8.77500000000000e+00  5.29430521904909e-01
8.80000000000000e+00  5.32855397648491e-01
8.82500000000000e+00  5.34765544277241e-01
8.85000000000000e+00  5.35214582919890e-01
8.87500000000000e+00  5.34262304297070e-01
8.90000000000000e+00  5.31973806064108e-01
8.92500000000000e+00  5.28418630153815e-01
8.95000000000000e+00  5.23669900119278e-01
8.97500000000000e+00  5.17803458476654e-01
9.00000000000000e+00  5.10897004047956e-01
9.02500000000000e+00  5.03029229303849e-01
9.05000000000000e+00  4.94278957706440e-01
9.07500000000000e+00  4.84724598523536e-01
9.10000000000000e+00  4.74443482094527e-01
9.12500000000000e+00  4.63511002958474e-01
9.15000000000000e+00  4.52001572329511e-01
9.17500000000000e+00  4.39986944547920e-01
9.20000000000000e+00  4.27536442512963e-01
9.22500000000000e+00  4.14717183115701e-01
9.25000000000000e+00  4.01594302671815e-01
9.27500000000000e+00  3.88231182354431e-01
9.30000000000000e+00  3.74689673626943e-01
9.32500000000000e+00  3.61030323675835e-01
9.35000000000000e+00  3.47312600843500e-01
9.37500000000000e+00  3.33527292104004e-01
9.40000000000000e+00  3.19865151285892e-01
9.42500000000000e+00  3.06235374605246e-01
9.45000000000000e+00  2.92696218181407e-01
9.47500000000000e+00  2.79296599678730e-01
9.50000000000000e+00  2.66077081174516e-01
9.52500000000000e+00  2.53070852026964e-01
9.55000000000000e+00  2.40304711743109e-01
9.57500000000000e+00  2.27800052846761e-01
9.60000000000000e+00  2.15573843746450e-01
9.62500000000000e+00  2.03639611603368e-01
9.65000000000000e+00  1.92008425199305e-01
9.67500000000000e+00  1.80689877804601e-01
9.70000000000000e+00  1.69690743045726e-01
9.72500000000000e+00  1.59016587688296e-01
9.75000000000000e+00  1.48671553371821e-01
9.77500000000000e+00  1.38658034099855e-01
9.80000000000000e+00  1.28976659021730e-01
9.82500000000000e+00  1.19625868552922e-01
9.85000000000000e+00  1.10601490495422e-01
9.87500000000000e+00  1.01896316158100e-01
9.90000000000000e+00  9.34996764770666e-02
9.92500000000000e+00  8.53970181360499e-02
9.95000000000000e+00  7.75694796867545e-02
9.97500000000000e+00  6.99934676692298e-02
1.00000000000000e+01  6.26402327322418e-02
