0.00000000000000e+00  -6.36322493787353e-02
2.50000000000000e-02  -7.12433988001659e-02
5.00000000000000e-02  -7.89705272797643e-02
7.50000000000000e-02  -8.68917872155772e-02
1.00000000000000e-01  -9.50657525115347e-02
1.25000000000000e-01  -1.03533945400667e-01
1.50000000000000e-01  -1.12323363268322e-01
1.75000000000000e-01  -1.21449005475384e-01
2.00000000000000e-01  -1.30916400181491e-01
2.25000000000000e-01  -1.40724131168255e-01
2.50000000000000e-01  -1.50866364662480e-01
2.75000000000000e-01  -1.61335376159381e-01
3.00000000000000e-01  -1.72124077245797e-01
3.25000000000000e-01  -1.83222902304022e-01
3.50000000000000e-01  -1.94624802805121e-01
3.75000000000000e-01  -2.06328371349707e-01
4.00000000000000e-01  -2.18323949688542e-01
4.25000000000000e-01  -2.30606550702091e-01
4.50000000000000e-01  -2.43171453281209e-01
4.75000000000000e-01  -2.56009797207812e-01
5.00000000000000e-01  -2.69104178035559e-01
5.25000000000000e-01  -2.82424241970530e-01
5.50000000000000e-01  -2.95922280751904e-01
5.75000000000000e-01  -3.09528826532638e-01
6.00000000000000e-01  -3.23148246760144e-01
6.25000000000000e-01  -3.36972194460804e-01
6.50000000000000e-01  -3.50623423026019e-01
6.75000000000000e-01  -3.64332924163346e-01
7.00000000000000e-01  -3.78009164242534e-01
7.25000000000000e-01  -3.91570081089163e-01
7.50000000000000e-01  -4.04941195042178e-01
7.75000000000000e-01  -4.18053720011423e-01
8.00000000000000e-01  -4.30842674535175e-01
8.25000000000000e-01  -4.43244992837684e-01
8.50000000000000e-01  -4.55197635886700e-01
8.75000000000000e-01  -4.66635702451013e-01
9.00000000000000e-01  -4.77490540157988e-01
9.25000000000000e-01  -4.87687856551093e-01
9.50000000000000e-01  -4.97155149402845e-01
9.75000000000000e-01  -5.05814696737578e-01
1.00000000000000e+00  -5.13585923818049e-01
1.02500000000000e+00  -5.20388179571578e-01
1.05000000000000e+00  -5.26139917066297e-01
1.07500000000000e+00  -5.30760531532329e-01
1.10000000000000e+00  -5.34172198382971e-01
1.12500000000000e+00  -5.36301711235875e-01
1.15000000000000e+00  -5.37082319934230e-01
1.17500000000000e+00  -5.36455568567945e-01
1.20000000000000e+00  -5.34373133494830e-01
1.22500000000000e+00  -5.30798661361778e-01
1.25000000000000e+00  -5.25637297804738e-01
1.27500000000000e+00  -5.18820693846723e-01
1.30000000000000e+00  -5.10347570203090e-01
1.32500000000000e+00  -5.00182993015631e-01
1.35000000000000e+00  -4.88301552617828e-01
1.37500000000000e+00  -4.74687707082485e-01
1.40000000000000e+00  -4.59336125769375e-01
1.42500000000000e+00  -4.42252032872881e-01
1.45000000000000e+00  -4.23451550969636e-01
1.47500000000000e+00  -4.02962044566169e-01
1.50000000000000e+00  -3.80822463646545e-01
1.52500000000000e+00  -3.57083687220002e-01
1.55000000000000e+00  -3.31808866868603e-01
1.57500000000000e+00  -3.05072900144563e-01
1.60000000000000e+00  -2.76963151099949e-01
1.62500000000000e+00  -2.47579781626373e-01
1.65000000000000e+00  -2.17033976765695e-01
1.67500000000000e+00  -1.85449522534807e-01
1.70000000000000e+00  -1.52962202610318e-01
1.72500000000000e+00  -1.19719195013238e-01
1.75000000000000e+00  -8.58784687936517e-02
1.77500000000000e+00  -5.16081807154048e-02
1.80000000000000e+00  -1.70860719407845e-02
1.82500000000000e+00  1.75011352848046e-02
1.85000000000000e+00  5.19583409481524e-02
1.87500000000000e+00  8.60903214437655e-02
1.90000000000000e+00  1.19690607311021e-01
1.92500000000000e+00  1.52554154654241e-01
1.95000000000000e+00  1.84470994272112e-01
1.97500000000000e+00  2.15230706756950e-01
2.00000000000000e+00  2.44624175200626e-01
2.02500000000000e+00  2.72445337900481e-01
2.05000000000000e+00  2.98492941065254e-01
2.07500000000000e+00  3.22572291520993e-01
2.10000000000000e+00  3.44497009416986e-01
2.12500000000000e+00  3.64090780931673e-01
2.15000000000000e+00  3.81189110978571e-01
2.17500000000000e+00  3.95641075912196e-01
2.20000000000000e+00  4.07311006581097e-01
2.22500000000000e+00  4.16080849724811e-01
2.25000000000000e+00  4.21851620539326e-01
2.27500000000000e+00  4.24542634658905e-01
2.30000000000000e+00  4.24095721245973e-01
2.32500000000000e+00  4.20475857395703e-01
2.35000000000000e+00  4.13671802540594e-01
2.37500000000000e+00  4.03696732855048e-01
2.40000000000000e+00  3.90588875659949e-01
2.42500000000000e+00  3.74412143827244e-01
2.45000000000000e+00  3.55256770184521e-01
2.47500000000000e+00  3.33239941919589e-01
2.50000000000000e+00  3.08493846839828e-01
2.52500000000000e+00  2.81204992734897e-01
2.55000000000000e+00  2.51555507342395e-01
2.57500000000000e+00  2.19759178516530e-01
2.60000000000000e+00  1.86053535810540e-01
2.62500000000000e+00  1.50697448101994e-01
2.65000000000000e+00  1.13968721218092e-01
2.67500000000000e+00  7.61616955609678e-02
2.70000000000000e+00  3.75848437329775e-02
2.72500000000000e+00  -1.44163183799046e-03
2.75000000000000e+00  -4.05882012732211e-02
2.77500000000000e+00  -7.95184096178724e-02
2.80000000000000e+00  -1.17891279215676e-01
2.82500000000000e+00  -1.55367097352865e-01
2.85000000000000e+00  -1.91608089403002e-01
2.87500000000000e+00  -2.26283508106287e-01
2.90000000000000e+00  -2.59069974773094e-01
2.92500000000000e+00  -2.89657771089807e-01
2.95000000000000e+00  -3.17753717506523e-01
2.97500000000000e+00  -3.43084051624758e-01
3.00000000000000e+00  -3.65397306585149e-01
3.02500000000000e+00  -3.84467189455156e-01
3.05000000000000e+00  -4.00095459616768e-01
3.07500000000000e+00  -4.12114807154205e-01
3.10000000000000e+00  -4.20391731241622e-01
3.12500000000000e+00  -4.24825810813780e-01
3.15000000000000e+00  -4.25353972826429e-01
3.17500000000000e+00  -4.21951678918221e-01
3.20000000000000e+00  -4.14629366601346e-01
3.22500000000000e+00  -4.03439485808764e-01
3.25000000000000e+00  -3.88475075093629e-01
3.27500000000000e+00  -3.69868337828720e-01
3.30000000000000e+00  -3.47789218405877e-01
3.32500000000000e+00  -3.22443978435425e-01
3.35000000000000e+00  -2.94073772945604e-01
3.37500000000000e+00  -2.62953226582006e-01
3.40000000000000e+00  -2.29389009806995e-01
3.42500000000000e+00  -1.93718415099150e-01
3.45000000000000e+00  -1.56299633751727e-01
3.47500000000000e+00  -1.17514754316490e-01
3.50000000000000e+00  -7.77631875609185e-02
3.52500000000000e+00  -3.74584214118946e-02
3.55000000000000e+00  2.97673246342478e-03
3.57500000000000e+00  4.31147664563073e-02
3.60000000000000e+00  8.25281048151472e-02
3.62500000000000e+00  1.20793731444167e-01
3.65000000000000e+00  1.57497817702118e-01
3.67500000000000e+00  1.92240350200984e-01
3.70000000000000e+00  2.24639758604679e-01
3.72500000000000e+00  2.54337543427752e-01
3.75000000000000e+00  2.80993624080413e-01
3.77500000000000e+00  3.04332539091168e-01
3.80000000000000e+00  3.24066678050192e-01
3.82500000000000e+00  3.39968073075058e-01
3.85000000000000e+00  3.51852516997220e-01
3.87500000000000e+00  3.59580317592715e-01
3.90000000000000e+00  3.63057051812856e-01
3.92500000000000e+00  3.62234320014937e-01
3.95000000000000e+00  3.57110500192929e-01
3.97500000000000e+00  3.47731502208174e-01
4.00000000000000e+00  3.34191522020091e-01
4.02500000000000e+00  3.16633795916868e-01
4.05000000000000e+00  2.95251354746167e-01
4.07500000000000e+00  2.70276152687224e-01
4.10000000000000e+00  2.41985949188887e-01
4.12500000000000e+00  2.10699454853979e-01
4.15000000000000e+00  1.76768671792706e-01
4.17500000000000e+00  1.40579773676208e-01
4.20000000000000e+00  1.02547583079905e-01
4.22500000000000e+00  6.31100488268442e-02
4.25000000000000e+00  2.27227233310415e-02
4.27500000000000e+00  -1.81467600591763e-02
4.30000000000000e+00  -5.90242097178197e-02
4.32500000000000e+00  -9.94343983979005e-02
4.35000000000000e+00  -1.38906585888077e-01
4.37500000000000e+00  -1.76949216448701e-01
4.40000000000000e+00  -2.13162740565718e-01
4.42500000000000e+00  -2.47073919029773e-01
4.45000000000000e+00  -2.78280062847985e-01
4.47500000000000e+00  -3.06410017768633e-01
4.50000000000000e+00  -3.31127368441315e-01
4.52500000000000e+00  -3.52133642577090e-01
4.55000000000000e+00  -3.69171515108621e-01
4.57500000000000e+00  -3.82028012350322e-01
4.60000000000000e+00  -3.90537716158508e-01
4.62500000000000e+00  -3.94585968091533e-01
4.65000000000000e+00  -3.94112073569942e-01
4.67500000000000e+00  -3.89112506036613e-01
4.70000000000000e+00  -3.79630830919737e-01
4.72500000000000e+00  -3.65767594598586e-01
4.75000000000000e+00  -3.47677483388274e-01
4.77500000000000e+00  -3.25561311745761e-01
4.80000000000000e+00  -2.99670559710632e-01
4.82500000000000e+00  -2.70302692633520e-01
4.85000000000000e+00  -2.37796480904528e-01
4.87500000000000e+00  -2.02527319681664e-01
4.90000000000000e+00  -1.64902548619260e-01
4.92500000000000e+00  -1.25356771596404e-01
4.95000000000000e+00  -8.43471764453689e-02
4.97500000000000e+00  -4.23488546800279e-02
5.00000000000000e+00  1.31275670032357e-04
5.02500000000000e+00  4.26283085985611e-02
5.05000000000000e+00  8.46215454350396e-02
5.07500000000000e+00  1.25622726377286e-01
5.10000000000000e+00  1.65156854522688e-01
5.12500000000000e+00  2.02766873890612e-01
5.15000000000000e+00  2.38018347444832e-01
5.17500000000000e+00  2.70504135115951e-01
5.20000000000000e+00  2.99849071823811e-01
5.22500000000000e+00  3.25714645499930e-01
5.25000000000000e+00  3.47803675109906e-01
5.27500000000000e+00  3.65864988675851e-01
5.30000000000000e+00  3.79698101298805e-01
5.32500000000000e+00  3.89148669257606e-01
5.35000000000000e+00  3.94116502922409e-01
5.37500000000000e+00  3.94558402066589e-01
5.40000000000000e+00  3.90478263995389e-01
5.42500000000000e+00  3.81937154353474e-01
5.45000000000000e+00  3.69050098972343e-01
5.47500000000000e+00  3.51982875717744e-01
5.50000000000000e+00  3.30948806337085e-01
5.52500000000000e+00  3.06205548306850e-01
5.55000000000000e+00  2.78051886680013e-01
5.57500000000000e+00  2.46824525933447e-01
5.60000000000000e+00  2.12894881815338e-01
5.62500000000000e+00  1.76696702746676e-01
5.65000000000000e+00  1.38610960317914e-01
5.67500000000000e+00  9.91298346740511e-02
5.70000000000000e+00  5.87141890791666e-02
5.72500000000000e+00  1.78348537661748e-02
5.75000000000000e+00  -2.30328963317277e-02
5.77500000000000e+00  -6.34148638496381e-02
5.80000000000000e+00  -1.02843451259506e-01
5.82500000000000e+00  -1.40863183138694e-01
5.85000000000000e+00  -1.77036228438550e-01
5.87500000000000e+00  -2.10947922752964e-01
5.90000000000000e+00  -2.42212290586938e-01
5.92500000000000e+00  -2.70477567625146e-01
5.95000000000000e+00  -2.95425310683860e-01
5.97500000000000e+00  -3.16778061774786e-01
6.00000000000000e+00  -3.34304197296242e-01
6.02500000000000e+00  -3.47811040583858e-01
6.05000000000000e+00  -3.57155731200190e-01
6.07500000000000e+00  -3.62244465948106e-01
6.10000000000000e+00  -3.63031739884188e-01
6.12500000000000e+00  -3.59519587332122e-01
6.15000000000000e+00  -3.51756822896094e-01
6.17500000000000e+00  -3.39838282474184e-01
6.20000000000000e+00  -3.23904064271759e-01
6.22500000000000e+00  -3.04138769814872e-01
6.25000000000000e+00  -2.80780016714943e-01
6.27500000000000e+00  -2.54087951603043e-01
6.30000000000000e+00  -2.24366188492461e-01
6.32500000000000e+00  -1.91945834252223e-01
6.35000000000000e+00  -1.57185657208333e-01
6.37500000000000e+00  -1.20467457779831e-01
6.40000000000000e+00  -8.21914391148165e-02
6.42500000000000e+00  -4.27715777265077e-02
6.45000000000000e+00  -2.63099412926930e-03
6.47500000000000e+00  3.78026765253402e-02
6.50000000000000e+00  7.81019138125214e-02
6.52500000000000e+00  1.17843941398205e-01
6.55000000000000e+00  1.56615356402997e-01
6.57500000000000e+00  1.94016873523223e-01
6.60000000000000e+00  2.29666576860008e-01
6.62500000000000e+00  2.63206491955252e-01
6.65000000000000e+00  2.94299580385643e-01
6.67500000000000e+00  3.22639464827888e-01
6.70000000000000e+00  3.47951848415750e-01
6.72500000000000e+00  3.69995934097098e-01
6.75000000000000e+00  3.88565843990944e-01
6.77500000000000e+00  4.03492038744485e-01
6.80000000000000e+00  4.14642736890147e-01
6.82500000000000e+00  4.21925334202625e-01
6.85000000000000e+00  4.25287823055925e-01
6.87500000000000e+00  4.24723815597453e-01
6.90000000000000e+00  4.20247473485976e-01
6.92500000000000e+00  4.11933115739437e-01
6.95000000000000e+00  3.99877978575730e-01
6.97500000000000e+00  3.84215964774916e-01
7.00000000000000e+00  3.65114762153873e-01
7.02500000000000e+00  3.42772962040928e-01
7.05000000000000e+00  3.17417177750509e-01
7.07500000000000e+00  2.89299163057782e-01
7.10000000000000e+00  2.58692930673289e-01
7.12500000000000e+00  2.25891870717602e-01
7.15000000000000e+00  1.91205869195953e-01
7.17500000000000e+00  1.54958426472884e-01
7.20000000000000e+00  1.17480371438598e-01
7.22500000000000e+00  7.91095129983118e-02
7.25000000000000e+00  4.01855509908954e-02
7.27500000000000e+00  1.04940942856863e-03
7.30000000000000e+00  -3.79625563219075e-02
7.32500000000000e+00  -7.65209591000900e-02
7.35000000000000e+00  -1.14305779512730e-01
7.37500000000000e+00  -1.51008765494627e-01
7.40000000000000e+00  -1.86335831869501e-01
7.42500000000000e+00  -2.20009459910853e-01
7.45000000000000e+00  -2.51771096902829e-01
7.47500000000000e+00  -2.81383555701089e-01
7.50000000000000e+00  -3.08645993409291e-01
7.52500000000000e+00  -3.33338910816508e-01
7.55000000000000e+00  -3.55313947536041e-01
7.57500000000000e+00  -3.74426730529018e-01
7.60000000000000e+00  -3.90560478461902e-01
7.62500000000000e+00  -4.03625363678729e-01
7.65000000000000e+00  -4.13557874173343e-01
7.67500000000000e+00  -4.20320175561634e-01
7.70000000000000e+00  -4.23899473053774e-01
7.72500000000000e+00  -4.24307373426454e-01
7.75000000000000e+00  -4.21579246995119e-01
7.77500000000000e+00  -4.15773589586204e-01
7.80000000000000e+00  -4.06971384509375e-01
7.82500000000000e+00  -3.95271890902362e-01
7.85000000000000e+00  -3.80793406002612e-01
7.87500000000000e+00  -3.63671810381697e-01
7.90000000000000e+00  -3.44058210359153e-01
7.92500000000000e+00  -3.22117248606004e-01
7.95000000000000e+00  -2.98025351976595e-01
7.97500000000000e+00  -2.71968979340418e-01
8.00000000000000e+00  -2.44142869413948e-01
8.02500000000000e+00  -2.14748288592464e-01
8.05000000000000e+00  -1.83991278781886e-01
8.07500000000000e+00  -1.52080905230607e-01
8.10000000000000e+00  -1.19227504361311e-01
8.12500000000000e+00  -8.56332819610601e-02
8.15000000000000e+00  -5.15260988488218e-02
8.17500000000000e+00  -1.70893093769598e-02
8.20000000000000e+00  1.74743963875147e-02
8.22500000000000e+00  5.19701229495485e-02
8.25000000000000e+00  8.62113701243099e-02
8.27500000000000e+00  1.20020633775423e-01
8.30000000000000e+00  1.53230006553227e-01
8.32500000000000e+00  1.85681778633037e-01
8.35000000000000e+00  2.17229038453377e-01
8.37500000000000e+00  2.47736273454253e-01
8.40000000000000e+00  2.77079970815384e-01
8.42500000000000e+00  3.05149218194466e-01
8.45000000000000e+00  3.31844124200117e-01
8.47500000000000e+00  3.57077590382278e-01
8.50000000000000e+00  3.80774977145072e-01
8.52500000000000e+00  4.02873384160248e-01
8.55000000000000e+00  4.23322172341447e-01
8.57500000000000e+00  4.42082619382116e-01
8.60000000000000e+00  4.59127575293431e-01
8.62500000000000e+00  4.74441117942233e-01
8.65000000000000e+00  4.88018208588938e-01
8.67500000000000e+00  4.99864347425466e-01
8.70000000000000e+00  5.09995229113170e-01
8.72500000000000e+00  5.18436398320754e-01
8.75000000000000e+00  5.25295220266865e-01
8.77500000000000e+00  5.30356132480460e-01
8.80000000000000e+00  5.33904511302881e-01
8.82500000000000e+00  5.35962966597960e-01
8.85000000000000e+00  5.36567900064596e-01
8.87500000000000e+00  5.35767667941430e-01
8.90000000000000e+00  5.33620743711531e-01
8.92500000000000e+00  5.30193880807070e-01
8.95000000000000e+00  5.25560275314005e-01
8.97500000000000e+00  5.19797728676762e-01
9.00000000000000e+00  5.12986810402910e-01
9.02500000000000e+00  5.05209020767847e-01
9.05000000000000e+00  4.96544953519477e-01
9.07500000000000e+00  4.87075117589039e-01
9.10000000000000e+00  4.76877160499497e-01
9.12500000000000e+00  4.66023502814943e-01
9.15000000000000e+00  4.54588349051907e-01
9.17500000000000e+00  4.42640258559012e-01
9.20000000000000e+00  4.30244035474396e-01
9.22500000000000e+00  4.17462618683128e-01
9.25000000000000e+00  4.04358971774629e-01
9.27500000000000e+00  3.90997973000095e-01
9.30000000000000e+00  3.77448305229915e-01
9.32500000000000e+00  3.63784345911094e-01
9.35000000000000e+00  3.50088057024667e-01
9.37500000000000e+00  3.36133002117143e-01
9.40000000000000e+00  3.22641685574360e-01
9.42500000000000e+00  3.09037666821164e-01
9.45000000000000e+00  2.95447058827201e-01
9.47500000000000e+00  2.81965407607614e-01
9.50000000000000e+00  2.68662097702231e-01
9.52500000000000e+00  2.55584757654781e-01
9.55000000000000e+00  2.42763665492081e-01
9.57500000000000e+00  2.30216154203240e-01
9.60000000000000e+00  2.17951017218858e-01
9.62500000000000e+00  2.05972913890226e-01
9.65000000000000e+00  1.94286774968521e-01
9.67500000000000e+00  1.82902208084012e-01
9.70000000000000e+00  1.71820574396569e-01
9.72500000000000e+00  1.61048881909232e-01
9.75000000000000e+00  1.50596661006822e-01
9.77500000000000e+00  1.40470969803663e-01
9.80000000000000e+00  1.30679507540883e-01
9.82500000000000e+00  1.21228087529011e-01
9.85000000000000e+00  1.12118110090555e-01
9.87500000000000e+00  1.03344035502599e-01
9.90000000000000e+00  9.48908569393843e-02
9.92500000000000e+00  8.67315734149020e-02
9.95000000000000e+00  7.88246627254793e-02
9.97500000000000e+00  7.11115543923667e-02
1.00000000000000e+01  6.35141026043317e-02
