0.00000000000000e+00  -6.32183240613663e-02
2.50000000000000e-02  -7.05904339107869e-02
5.00000000000000e-02  -7.82075225553774e-02
7.50000000000000e-02  -8.60881939347844e-02
1.00000000000000e-01  -9.42486751680601e-02
1.25000000000000e-01  -1.02702865236794e-01
1.50000000000000e-01  -1.11462383668242e-01
1.75000000000000e-01  -1.20536619218465e-01
2.00000000000000e-01  -1.29932778555454e-01
2.25000000000000e-01  -1.39655934942269e-01
2.50000000000000e-01  -1.49709076920169e-01
2.75000000000000e-01  -1.60093156991746e-01
3.00000000000000e-01  -1.70807140304054e-01
3.25000000000000e-01  -1.81847606908381e-01
3.50000000000000e-01  -1.93209014754913e-01
3.75000000000000e-01  -2.04883675270266e-01
4.00000000000000e-01  -2.16861006489722e-01
4.25000000000000e-01  -2.29127987954426e-01
4.50000000000000e-01  -2.41668828997546e-01
4.75000000000000e-01  -2.54464637030423e-01
5.00000000000000e-01  -2.67493085828728e-01
5.25000000000000e-01  -2.80728083818615e-01
5.50000000000000e-01  -2.94139442362877e-01
5.75000000000000e-01  -3.07692544047100e-01
6.00000000000000e-01  -3.21348010965818e-01
6.25000000000000e-01  -3.35078611730487e-01
6.50000000000000e-01  -3.48823485310492e-01
6.75000000000000e-01  -3.62551098828504e-01
7.00000000000000e-01  -3.76209400186807e-01
7.25000000000000e-01  -3.89743434852761e-01
7.50000000000000e-01  -4.03095434693837e-01
7.75000000000000e-01  -4.16204906812656e-01
8.00000000000000e-01  -4.29008722382026e-01
8.25000000000000e-01  -4.41441205479982e-01
8.50000000000000e-01  -4.53434221924822e-01
8.75000000000000e-01  -4.64917268110147e-01
9.00000000000000e-01  -4.75817559839895e-01
9.25000000000000e-01  -4.86060121163385e-01
9.50000000000000e-01  -4.95569081306359e-01
9.75000000000000e-01  -5.04267141536402e-01
1.00000000000000e+00  -5.12076172912760e-01
1.02500000000000e+00  -5.18918183794713e-01
1.05000000000000e+00  -5.24715373225915e-01
1.07500000000000e+00  -5.29390830858346e-01
1.10000000000000e+00  -5.32869236876253e-01
1.12500000000000e+00  -5.35077561920104e-01
1.15000000000000e+00  -5.35945767010534e-01
1.17500000000000e+00  -5.35407503472292e-01
1.20000000000000e+00  -5.33400812858188e-01
1.22500000000000e+00  -5.29868826873043e-01
1.25000000000000e+00  -5.24760062685893e-01
1.27500000000000e+00  -5.18020056439058e-01
1.30000000000000e+00  -5.09615267616285e-01
1.32500000000000e+00  -4.99513008938523e-01
1.35000000000000e+00  -4.87689175872705e-01
1.37500000000000e+00  -4.74128729191077e-01
1.40000000000000e+00  -4.58826177530542e-01
1.42500000000000e+00  -4.41786059951999e-01
1.45000000000000e+00  -4.23023428499683e-01
1.47500000000000e+00  -4.02564330760502e-01
1.50000000000000e+00  -3.80446292423378e-01
1.52500000000000e+00  -3.56718799838588e-01
1.55000000000000e+00  -3.31443782577098e-01
1.57500000000000e+00  -3.04694833407252e-01
1.60000000000000e+00  -2.76558265149178e-01
1.62500000000000e+00  -2.47133398743488e-01
1.65000000000000e+00  -2.16530608457892e-01
1.67500000000000e+00  -1.84873062826061e-01
1.70000000000000e+00  -1.52296022714651e-01
1.72500000000000e+00  -1.18946139390344e-01
1.75000000000000e+00  -8.49807525868798e-02
1.77500000000000e+00  -5.05671885720886e-02
1.80000000000000e+00  -1.58820582149278e-02
1.82500000000000e+00  1.88894449474903e-02
1.85000000000000e+00  5.35542466428569e-02
1.87500000000000e+00  8.79116356837560e-02
1.90000000000000e+00  1.21761243911787e-01
1.92500000000000e+00  1.54892884297214e-01
1.95000000000000e+00  1.87097039703028e-01
1.97500000000000e+00  2.18163299059873e-01
2.00000000000000e+00  2.47882162240158e-01
2.02500000000000e+00  2.76046844932148e-01
2.05000000000000e+00  3.02455083514074e-01
2.07500000000000e+00  3.26910939928225e-01
2.10000000000000e+00  3.49226606555061e-01
2.12500000000000e+00  3.69224211087304e-01
2.15000000000000e+00  3.86737621404044e-01
2.17500000000000e+00  4.01614250444841e-01
2.20000000000000e+00  4.13716923455512e-01
2.22500000000000e+00  4.22925519668923e-01
2.25000000000000e+00  4.29139522154385e-01
2.27500000000000e+00  4.32276484599349e-01
2.30000000000000e+00  4.32276573168736e-01
2.32500000000000e+00  4.29103183632476e-01
2.35000000000000e+00  4.22743558493055e-01
2.37500000000000e+00  4.13209404113044e-01
2.40000000000000e+00  4.00537507842641e-01
2.42500000000000e+00  3.84790355147215e-01
2.45000000000000e+00  3.66056746734838e-01
2.47500000000000e+00  3.44452415683828e-01
2.50000000000000e+00  3.20111605039266e-01
2.52500000000000e+00  2.93214325112423e-01
2.55000000000000e+00  2.63947523766627e-01
2.57500000000000e+00  2.32523979338763e-01
2.60000000000000e+00  1.99180511496413e-01
2.62500000000000e+00  1.64175558768355e-01
2.65000000000000e+00  1.27786756075052e-01
2.67500000000000e+00  9.03085122591566e-02
2.70000000000000e+00  5.20495876159935e-02
2.72500000000000e+00  1.33306714240654e-02
2.75000000000000e+00  -2.55180405244561e-02
2.77500000000000e+00  -6.41592683932350e-02
2.80000000000000e+00  -1.02251070771275e-01
2.82500000000000e+00  -1.39453067679546e-01
2.85000000000000e+00  -1.75426764675666e-01
2.87500000000000e+00  -2.09840530835355e-01
2.90000000000000e+00  -2.42370547341409e-01
2.92500000000000e+00  -2.72706605909312e-01
2.95000000000000e+00  -3.00554973717694e-01
2.97500000000000e+00  -3.25641258338786e-01
3.00000000000000e+00  -3.47713272668875e-01
3.02500000000000e+00  -3.66543899858760e-01
3.05000000000000e+00  -3.81933958244205e-01
3.07500000000000e+00  -3.93715066276400e-01
3.10000000000000e+00  -4.01752507452410e-01
3.12500000000000e+00  -4.05948752209027e-01
3.15000000000000e+00  -4.06233169132305e-01
3.17500000000000e+00  -4.02587950108489e-01
3.20000000000000e+00  -3.95022113125971e-01
3.22500000000000e+00  -3.83587128865890e-01
3.25000000000000e+00  -3.68375458639041e-01
3.27500000000000e+00  -3.49519092322797e-01
3.30000000000000e+00  -3.27188086298021e-01
3.32500000000000e+00  -3.01589101385976e-01
3.35000000000000e+00  -2.72963940785245e-01
3.37500000000000e+00  -2.41588088008643e-01
3.40000000000000e+00  -2.07769244820132e-01
3.42500000000000e+00  -1.71845869171737e-01
3.45000000000000e+00  -1.34177363604932e-01
3.47500000000000e+00  -9.51469072470673e-02
3.50000000000000e+00  -5.51556884512245e-02
3.52500000000000e+00  -1.46185791038599e-02
3.55000000000000e+00  2.60398927945351e-02
3.57500000000000e+00  6.63902126033899e-02
3.60000000000000e+00  1.06002548516010e-01
3.62500000000000e+00  1.44451421033533e-01
3.65000000000000e+00  1.81320372438884e-01
3.67500000000000e+00  2.16206636270729e-01
3.70000000000000e+00  2.48725806797436e-01
3.72500000000000e+00  2.78516508491023e-01
3.75000000000000e+00  3.05249974492566e-01
3.77500000000000e+00  3.28607595467092e-01
3.80000000000000e+00  3.48336549347524e-01
3.82500000000000e+00  3.64201918769892e-01
3.85000000000000e+00  3.76014040295163e-01
3.87500000000000e+00  3.83629101489976e-01
3.90000000000000e+00  3.86949738007363e-01
3.92500000000000e+00  3.85925630667486e-01
3.95000000000000e+00  3.80554102538359e-01
3.97500000000000e+00  3.70880716016578e-01
4.00000000000000e+00  3.56999869908050e-01
4.02500000000000e+00  3.39055396508724e-01
4.05000000000000e+00  3.17241158685314e-01
4.07500000000000e+00  2.91790338101042e-01
4.10000000000000e+00  2.62981576941870e-01
4.12500000000000e+00  2.31134585293619e-01
4.15000000000000e+00  1.96602903587936e-01
4.17500000000000e+00  1.59774065366204e-01
4.20000000000000e+00  1.21064352357179e-01
4.22500000000000e+00  8.09135495546301e-02
4.25000000000000e+00  3.97797002949747e-02
4.27500000000000e+00  -1.86613866508783e-03
4.30000000000000e+00  -4.35451420709302e-02
4.32500000000000e+00  -8.47759610923687e-02
4.35000000000000e+00  -1.25079968246015e-01
4.37500000000000e+00  -1.63988922125740e-01
4.40000000000000e+00  -2.01043787611869e-01
4.42500000000000e+00  -2.35818755544554e-01
4.45000000000000e+00  -2.67900235940619e-01
4.47500000000000e+00  -2.96908670040025e-01
4.50000000000000e+00  -3.22501384731647e-01
4.52500000000000e+00  -3.44375446979022e-01
4.55000000000000e+00  -3.62270518246115e-01
4.57500000000000e+00  -3.75971708923083e-01
4.60000000000000e+00  -3.85312432752031e-01
4.62500000000000e+00  -3.90177261252773e-01
4.65000000000000e+00  -3.90504778148597e-01
4.67500000000000e+00  -3.86290433792025e-01
4.70000000000000e+00  -3.77577518678214e-01
4.72500000000000e+00  -3.64465621935102e-01
4.75000000000000e+00  -3.47108977455943e-01
4.77500000000000e+00  -3.25707706600825e-01
4.80000000000000e+00  -3.00512875964103e-01
4.82500000000000e+00  -2.71821952721293e-01
4.85000000000000e+00  -2.39974259975972e-01
4.87500000000000e+00  -2.05346432106685e-01
4.90000000000000e+00  -1.68347870113840e-01
4.92500000000000e+00  -1.29416196966609e-01
4.95000000000000e+00  -8.90127129498368e-02
4.97500000000000e+00  -4.76178510109295e-02
5.00000000000000e+00  -5.71806847943606e-03
5.02500000000000e+00  3.61763916296455e-02
5.05000000000000e+00  7.75790872946197e-02
5.07500000000000e+00  1.17995205280087e-01
5.10000000000000e+00  1.56944460321504e-01
5.12500000000000e+00  1.93965645642901e-01
5.15000000000000e+00  2.28621183474638e-01
5.17500000000000e+00  2.60501675571125e-01
5.20000000000000e+00  2.89230453728562e-01
5.22500000000000e+00  3.14468130302681e-01
5.25000000000000e+00  3.35917148726466e-01
5.27500000000000e+00  3.53326334027909e-01
5.30000000000000e+00  3.66495443347727e-01
5.32500000000000e+00  3.75270168697502e-01
5.35000000000000e+00  3.79550850116653e-01
5.37500000000000e+00  3.79294149166572e-01
5.40000000000000e+00  3.74504593281554e-01
5.42500000000000e+00  3.65243578152066e-01
5.45000000000000e+00  3.51626501260665e-01
5.47500000000000e+00  3.33819895417898e-01
5.50000000000000e+00  3.12038562298216e-01
5.52500000000000e+00  2.86542705975880e-01
5.55000000000000e+00  2.57635066460873e-01
5.57500000000000e+00  2.25658053234806e-01
5.60000000000000e+00  1.90990878786823e-01
5.62500000000000e+00  1.54045552356915e-01
5.65000000000000e+00  1.15254389226400e-01
5.67500000000000e+00  7.50691694203490e-02
5.70000000000000e+00  3.39604077775075e-02
5.72500000000000e+00  -7.59341772810597e-03
5.75000000000000e+00  -4.91111113249332e-02
5.77500000000000e+00  -9.01140047816363e-02
5.80000000000000e+00  -1.30131202744840e-01
5.82500000000000e+00  -1.68704828076872e-01
5.85000000000000e+00  -2.05395267193525e-01
5.87500000000000e+00  -2.39786415401789e-01
5.90000000000000e+00  -2.71490922237612e-01
5.92500000000000e+00  -3.00155436803637e-01
5.95000000000000e+00  -3.25460439160429e-01
5.97500000000000e+00  -3.47127479645335e-01
6.00000000000000e+00  -3.64923574170304e-01
6.02500000000000e+00  -3.78655055826972e-01
6.05000000000000e+00  -3.88178288997010e-01
6.07500000000000e+00  -3.93399070765619e-01
6.10000000000000e+00  -3.94272032335035e-01
6.12500000000000e+00  -3.90800040438027e-01
6.15000000000000e+00  -3.83033598751402e-01
6.17500000000000e+00  -3.71070249309504e-01
6.20000000000000e+00  -3.55053973917717e-01
6.22500000000000e+00  -3.35174595565968e-01
6.25000000000000e+00  -3.11661891292180e-01
6.27500000000000e+00  -2.84784830330921e-01
6.30000000000000e+00  -2.54846183202090e-01
6.32500000000000e+00  -2.22179923211297e-01
6.35000000000000e+00  -1.87147661394878e-01
6.37500000000000e+00  -1.50133985168192e-01
6.40000000000000e+00  -1.11541796973883e-01
6.42500000000000e+00  -7.17876529301754e-02
6.45000000000000e+00  -3.12971014791398e-02
6.47500000000000e+00  9.49997796501965e-03
6.50000000000000e+00  5.01740363676815e-02
6.52500000000000e+00  9.03005164255398e-02
6.55000000000000e+00  1.29464513918311e-01
6.57500000000000e+00  1.67264826525914e-01
6.60000000000000e+00  2.03318251848127e-01
6.62500000000000e+00  2.37265337359041e-01
6.65000000000000e+00  2.68767616999941e-01
6.67500000000000e+00  2.97517355872292e-01
6.70000000000000e+00  3.23239025269509e-01
6.72500000000000e+00  3.45690777708738e-01
6.75000000000000e+00  3.64665921962625e-01
6.77500000000000e+00  3.79994398091097e-01
6.80000000000000e+00  3.91544252473128e-01
6.82500000000000e+00  3.99223112838519e-01
6.85000000000000e+00  4.02979663299672e-01
6.87500000000000e+00  4.02803091339044e-01
6.90000000000000e+00  3.98715553621480e-01
6.92500000000000e+00  3.90783560051331e-01
6.95000000000000e+00  3.79105582167576e-01
6.97500000000000e+00  3.63816520243656e-01
7.00000000000000e+00  3.45084855522634e-01
7.02500000000000e+00  3.23109802452339e-01
7.05000000000000e+00  2.98118460920521e-01
7.07500000000000e+00  2.70362968490003e-01
7.10000000000000e+00  2.40117652633829e-01
7.12500000000000e+00  2.07676182970422e-01
7.15000000000000e+00  1.73348723498727e-01
7.17500000000000e+00  1.37459084833372e-01
7.20000000000000e+00  1.00338845556091e-01
7.22500000000000e+00  6.23264893534431e-02
7.25000000000000e+00  2.37624056025537e-02
7.27500000000000e+00  -1.50114642375910e-02
7.30000000000000e+00  -5.36578247111304e-02
7.32500000000000e+00  -9.18464572776525e-02
7.35000000000000e+00  -1.29256651224533e-01
7.37500000000000e+00  -1.65579634579249e-01
7.40000000000000e+00  -2.00521005021722e-01
7.42500000000000e+00  -2.33803160796632e-01
7.45000000000000e+00  -2.65167731625751e-01
7.47500000000000e+00  -2.94378009620273e-01
7.50000000000000e+00  -3.21229982985202e-01
7.52500000000000e+00  -3.45509310730828e-01
7.55000000000000e+00  -3.67063365777186e-01
7.57500000000000e+00  -3.85748802290036e-01
7.60000000000000e+00  -4.01449825905967e-01
7.62500000000000e+00  -4.14077576152673e-01
7.65000000000000e+00  -4.23569508869232e-01
7.67500000000000e+00  -4.29888778626388e-01
7.70000000000000e+00  -4.33023621146828e-01
7.72500000000000e+00  -4.32986735725466e-01
7.75000000000000e+00  -4.29814667649717e-01
7.77500000000000e+00  -4.23567190619780e-01
7.80000000000000e+00  -4.14326689168917e-01
7.82500000000000e+00  -4.02193618689686e-01
7.85000000000000e+00  -3.87288036957186e-01
7.87500000000000e+00  -3.69747053906371e-01
7.90000000000000e+00  -3.49723194071671e-01
7.92500000000000e+00  -3.27382525970925e-01
7.95000000000000e+00  -3.02902858688060e-01
7.97500000000000e+00  -2.76471938455747e-01
8.00000000000000e+00  -2.48285645238089e-01
8.02500000000000e+00  -2.18546189313276e-01
8.05000000000000e+00  -1.87460307856265e-01
8.07500000000000e+00  -1.55237461521452e-01
8.10000000000000e+00  -1.22088031025333e-01
8.12500000000000e+00  -8.82217770253638e-02
8.15000000000000e+00  -5.38478760397301e-02
8.17500000000000e+00  -1.91676578347146e-02
8.20000000000000e+00  1.56186062926537e-02
8.22500000000000e+00  5.03178403834485e-02
8.25000000000000e+00  8.47448625234544e-02
8.27500000000000e+00  1.18723083549743e-01
8.30000000000000e+00  1.52085205757280e-01
8.32500000000000e+00  1.84673921605522e-01
8.35000000000000e+00  2.16342612425002e-01
8.37500000000000e+00  2.46956047123939e-01
8.40000000000000e+00  2.76391080894819e-01
8.42500000000000e+00  3.04537353920997e-01
8.45000000000000e+00  3.31295570490906e-01
8.47500000000000e+00  3.56579434065829e-01
8.50000000000000e+00  3.80315363521640e-01
8.52500000000000e+00  4.02441444923476e-01
8.55000000000000e+00  4.22908203522395e-01
8.57500000000000e+00  4.41678123071955e-01
8.60000000000000e+00  4.58725165144809e-01
8.62500000000000e+00  4.74034288449307e-01
8.65000000000000e+00  4.87600968146075e-01
8.67500000000000e+00  4.99430715164617e-01
8.70000000000000e+00  5.09538595519904e-01
8.72500000000000e+00  5.17948749628969e-01
8.75000000000000e+00  5.24694167235506e-01
8.77500000000000e+00  5.29807314692778e-01
8.80000000000000e+00  5.33343809944987e-01
8.82500000000000e+00  5.35354744863307e-01
8.85000000000000e+00  5.35897000321457e-01
8.87500000000000e+00  5.35032546396563e-01
8.90000000000000e+00  5.32827742570006e-01
8.92500000000000e+00  5.29352637928287e-01
8.95000000000000e+00  5.24680271363877e-01
8.97500000000000e+00  5.18885971776078e-01
9.00000000000000e+00  5.12046658271876e-01
9.02500000000000e+00  5.04240140366799e-01
9.05000000000000e+00  4.95544418185774e-01
9.07500000000000e+00  4.86037629041528e-01
9.10000000000000e+00  4.75797079925229e-01
9.12500000000000e+00  4.64898649717350e-01
9.15000000000000e+00  4.53417322534272e-01
9.17500000000000e+00  4.41425890492968e-01
9.20000000000000e+00  4.28994864843660e-01
9.22500000000000e+00  4.16192387102477e-01
9.25000000000000e+00  4.03084140184111e-01
9.27500000000000e+00  3.89733259534479e-01
9.30000000000000e+00  3.76200244263381e-01
9.32500000000000e+00  3.62542868277154e-01
9.35000000000000e+00  3.48816091411337e-01
9.37500000000000e+00  3.35054733729238e-01
9.40000000000000e+00  3.21342056566801e-01
9.42500000000000e+00  3.07687203498793e-01
9.45000000000000e+00  2.94134651104051e-01
9.47500000000000e+00  2.80723783302084e-01
9.50000000000000e+00  2.67489223087266e-01
9.52500000000000e+00  2.54461164263048e-01
9.55000000000000e+00  2.41665703176152e-01
9.57500000000000e+00  2.29125170450771e-01
9.60000000000000e+00  2.16858462722771e-01
9.62500000000000e+00  2.04881374373896e-01
9.65000000000000e+00  1.93206929265958e-01
9.67500000000000e+00  1.81845712475050e-01
9.70000000000000e+00  1.70805415628879e-01
9.72500000000000e+00  1.60091583530162e-01
9.75000000000000e+00  1.49707638583976e-01
9.77500000000000e+00  1.39654618023555e-01
9.80000000000000e+00  1.29931571350236e-01
9.82500000000000e+00  1.20535511651889e-01
9.85000000000000e+00  1.11461366921334e-01
9.87500000000000e+00  1.02701931374773e-01
9.90000000000000e+00  9.42478167702100e-02
9.92500000000000e+00  8.60874037258799e-02
9.95000000000000e+00  7.82067930386723e-02
9.97500000000000e+00  7.05897570025549e-02
1.00000000000000e+01  6.32176907270047e-02
