0.00000000000000e+00  -6.38627851961406e-02
2.50000000000000e-02  -7.04879422061188e-02
5.00000000000000e-02  -7.78776747927350e-02
7.50000000000000e-02  -8.58120722828270e-02
1.00000000000000e-01  -9.41375780750842e-02
1.25000000000000e-01  -1.02757126438467e-01
1.50000000000000e-01  -1.11620279310628e-01
1.75000000000000e-01  -1.20713363096330e-01
2.00000000000000e-01  -1.30049605465868e-01
2.25000000000000e-01  -1.39659272153492e-01
2.50000000000000e-01  -1.49579803755823e-01
2.75000000000000e-01  -1.59845952530277e-01
3.00000000000000e-01  -1.70479919193483e-01
3.25000000000000e-01  -1.81501809716163e-01
3.50000000000000e-01  -1.92910966336507e-01
3.75000000000000e-01  -2.04673346420548e-01
4.00000000000000e-01  -2.16773363547471e-01
4.25000000000000e-01  -2.29164550870991e-01
4.50000000000000e-01  -2.41785540116043e-01
4.75000000000000e-01  -2.54576040575474e-01
5.00000000000000e-01  -2.67492818106743e-01
5.25000000000000e-01  -2.80525674128609e-01
5.50000000000000e-01  -2.93713424617827e-01
5.75000000000000e-01  -3.07159879105847e-01
6.00000000000000e-01  -3.21049819675497e-01
6.25000000000000e-01  -3.34480314533075e-01
6.50000000000000e-01  -3.48652642622631e-01
6.75000000000000e-01  -3.62487046460871e-01
7.00000000000000e-01  -3.76088615039295e-01
7.25000000000000e-01  -3.89510256417978e-01
7.50000000000000e-01  -4.02760686330956e-01
7.75000000000000e-01  -4.15812416791606e-01
8.00000000000000e-01  -4.28609744698027e-01
8.25000000000000e-01  -4.41076740438419e-01
8.50000000000000e-01  -4.53125236496467e-01
8.75000000000000e-01  -4.64662816056718e-01
9.00000000000000e-01  -4.75600801609966e-01
9.25000000000000e-01  -4.85862243558627e-01
9.50000000000000e-01  -4.95358677999516e-01
9.75000000000000e-01  -5.04015530264763e-01
1.00000000000000e+00  -5.11765606902656e-01
1.02500000000000e+00  -5.18542878889205e-01
1.05000000000000e+00  -5.24285916714151e-01
1.07500000000000e+00  -5.28934066883621e-01
1.10000000000000e+00  -5.32423628422780e-01
1.12500000000000e+00  -5.34684029378483e-01
1.15000000000000e+00  -5.35634003321929e-01
1.17500000000000e+00  -5.35177765851312e-01
1.20000000000000e+00  -5.33201191094478e-01
1.22500000000000e+00  -5.29567988211572e-01
1.25000000000000e+00  -5.24407064278848e-01
1.27500000000000e+00  -5.17703045767439e-01
1.30000000000000e+00  -5.09315628660293e-01
1.32500000000000e+00  -4.99221605772220e-01
1.35000000000000e+00  -4.87403443507153e-01
1.37500000000000e+00  -4.73850223667670e-01
1.40000000000000e+00  -4.58558585264507e-01
1.42500000000000e+00  -4.41533666326086e-01
1.45000000000000e+00  -4.22790045708029e-01
1.47500000000000e+00  -4.02352684902682e-01
1.50000000000000e+00  -3.80257869848630e-01
1.52500000000000e+00  -3.56554152740223e-01
1.55000000000000e+00  -3.31303293837090e-01
1.57500000000000e+00  -3.04578061758248e-01
1.60000000000000e+00  -2.76464808360618e-01
1.62500000000000e+00  -2.47063374557106e-01
1.65000000000000e+00  -2.16484656540109e-01
1.67500000000000e+00  -1.84852624786665e-01
1.70000000000000e+00  -1.52303360856709e-01
1.72500000000000e+00  -1.18984094191359e-01
1.75000000000000e+00  -8.50522389111655e-02
1.77500000000000e+00  -5.06744306143888e-02
1.80000000000000e+00  -1.60255631752674e-02
1.82500000000000e+00  1.87121744577209e-02
1.85000000000000e+00  5.33502614635830e-02
1.87500000000000e+00  8.76764250251030e-02
1.90000000000000e+00  1.21493512462574e-01
1.92500000000000e+00  1.54592455499538e-01
1.95000000000000e+00  1.86763917574013e-01
1.97500000000000e+00  2.17797631306041e-01
2.00000000000000e+00  2.47484207081200e-01
2.02500000000000e+00  2.75616941634098e-01
2.05000000000000e+00  3.01993626631875e-01
2.07500000000000e+00  3.26418357257706e-01
2.10000000000000e+00  3.48703340794300e-01
2.12500000000000e+00  3.68670705207400e-01
2.15000000000000e+00  3.86154307729285e-01
2.17500000000000e+00  4.01001543442272e-01
2.20000000000000e+00  4.13075210502817e-01
2.22500000000000e+00  4.22255123957831e-01
2.25000000000000e+00  4.28440716982747e-01
2.27500000000000e+00  4.31549463722619e-01
2.30000000000000e+00  4.31521440627623e-01
2.32500000000000e+00  4.28319940771555e-01
2.35000000000000e+00  4.21932088170333e-01
2.37500000000000e+00  4.12369452100502e-01
2.40000000000000e+00  3.99668661417729e-01
2.42500000000000e+00  3.83892018875309e-01
2.45000000000000e+00  3.65128115442664e-01
2.47500000000000e+00  3.43492444623847e-01
2.50000000000000e+00  3.19118293696731e-01
2.52500000000000e+00  2.92188317888718e-01
2.55000000000000e+00  2.62886528599107e-01
2.57500000000000e+00  2.31425831190321e-01
2.60000000000000e+00  1.98043064184397e-01
2.62500000000000e+00  1.62996594421114e-01
2.65000000000000e+00  1.26563912216117e-01
2.67500000000000e+00  8.90392265190416e-02
2.70000000000000e+00  5.07310600716349e-02
2.72500000000000e+00  1.19598445658838e-02
2.75000000000000e+00  -2.69444841978627e-02
2.77500000000000e+00  -6.56448911527690e-02
2.80000000000000e+00  -1.03799646807389e-01
2.82500000000000e+00  -1.41068623598118e-01
2.85000000000000e+00  -1.77113540863899e-01
2.87500000000000e+00  -2.11602888726723e-01
2.90000000000000e+00  -2.44213081857829e-01
2.92500000000000e+00  -2.74634068987127e-01
2.95000000000000e+00  -3.02572227946476e-01
2.97500000000000e+00  -3.27753260712976e-01
3.00000000000000e+00  -3.49925088452256e-01
3.02500000000000e+00  -3.68860746561760e-01
3.05000000000000e+00  -3.84361279714035e-01
3.07500000000000e+00  -3.96258636900016e-01
3.10000000000000e+00  -4.04418566472320e-01
3.12500000000000e+00  -4.08741827611184e-01
3.15000000000000e+00  -4.09161141638577e-01
3.17500000000000e+00  -4.05656005881409e-01
3.20000000000000e+00  -3.98235888611071e-01
3.22500000000000e+00  -3.86952564876136e-01
3.25000000000000e+00  -3.71898675973795e-01
3.27500000000000e+00  -3.53206288921288e-01
3.30000000000000e+00  -3.31045455927347e-01
3.32500000000000e+00  -3.05622773863627e-01
3.35000000000000e+00  -2.77179943736137e-01
3.37500000000000e+00  -2.45992330156684e-01
3.40000000000000e+00  -2.12367520814301e-01
3.42500000000000e+00  -1.76643885946690e-01
3.45000000000000e+00  -1.39180638400522e-01
3.47500000000000e+00  -1.00360786418966e-01
3.50000000000000e+00  -6.05853814028213e-02
3.52500000000000e+00  -2.02690800981528e-02
3.55000000000000e+00  2.01637975996223e-02
3.57500000000000e+00  6.02839518234639e-02
3.60000000000000e+00  9.96617859124376e-02
3.62500000000000e+00  1.37872089589444e-01
3.65000000000000e+00  1.74498722138946e-01
3.67500000000000e+00  2.09139295584702e-01
3.70000000000000e+00  2.41409857867489e-01
3.72500000000000e+00  2.70949576022836e-01
3.75000000000000e+00  2.97431093309315e-01
3.77500000000000e+00  3.20531548785651e-01
3.80000000000000e+00  3.40002757507624e-01
3.82500000000000e+00  3.55609637145058e-01
3.85000000000000e+00  3.67162493079233e-01
3.87500000000000e+00  3.74517593073440e-01
3.90000000000000e+00  3.77577741943545e-01
3.92500000000000e+00  3.76292856228553e-01
3.95000000000000e+00  3.70660538861162e-01
3.97500000000000e+00  3.60726653838332e-01
4.00000000000000e+00  3.46585900891843e-01
4.02500000000000e+00  3.28382390158854e-01
4.05000000000000e+00  3.06310216852469e-01
4.07500000000000e+00  2.80602775153284e-01
4.10000000000000e+00  2.51538829153034e-01
4.12500000000000e+00  2.19438136974298e-01
4.15000000000000e+00  1.84654304795411e-01
4.17500000000000e+00  1.47574842103775e-01
4.20000000000000e+00  1.08615957238218e-01
4.22500000000000e+00  6.82173529313756e-02
4.25000000000000e+00  2.68370218520526e-02
4.27500000000000e+00  -1.50539578524113e-02
4.30000000000000e+00  -5.69766270137643e-02
4.32500000000000e+00  -9.84493499004819e-02
4.35000000000000e+00  -1.38993018675389e-01
4.37500000000000e+00  -1.78143310974798e-01
4.40000000000000e+00  -2.15432894166795e-01
4.42500000000000e+00  -2.50443315952040e-01
4.45000000000000e+00  -2.82759878920572e-01
4.47500000000000e+00  -3.12002283338119e-01
4.50000000000000e+00  -3.37827408921388e-01
4.52500000000000e+00  -3.59932096613346e-01
4.55000000000000e+00  -3.78055930358501e-01
4.57500000000000e+00  -3.91984018878186e-01
4.60000000000000e+00  -4.01549777445839e-01
4.62500000000000e+00  -4.06637709662290e-01
4.65000000000000e+00  -4.07186189231039e-01
4.67500000000000e+00  -4.03190241733542e-01
4.70000000000000e+00  -3.94693071709096e-01
4.72500000000000e+00  -3.81793890970643e-01
4.75000000000000e+00  -3.64646442184014e-01
4.77500000000000e+00  -3.43450492639078e-01
4.80000000000000e+00  -3.18456654573523e-01
4.82500000000000e+00  -2.89961879015203e-01
4.85000000000000e+00  -2.58304949624478e-01
4.87500000000000e+00  -2.23861976536564e-01
4.90000000000000e+00  -1.87041890203873e-01
4.92500000000000e+00  -1.48281935238358e-01
4.95000000000000e+00  -1.08043164253864e-01
4.97500000000000e+00  -6.68059317084612e-02
5.00000000000000e+00  -2.50535564826204e-02
5.02500000000000e+00  1.66997389152697e-02
5.05000000000000e+00  5.79714631013307e-02
5.07500000000000e+00  9.82668729611157e-02
5.10000000000000e+00  1.37105850116286e-01
5.12500000000000e+00  1.74027430608110e-01
5.15000000000000e+00  2.08594334580983e-01
5.17500000000000e+00  2.40397495965933e-01
5.20000000000000e+00  2.69060592164129e-01
5.22500000000000e+00  2.94244573730395e-01
5.25000000000000e+00  3.15652194056713e-01
5.27500000000000e+00  3.33032539055746e-01
5.30000000000000e+00  3.46185556844330e-01
5.32500000000000e+00  3.54957113684952e-01
5.35000000000000e+00  3.59247654816558e-01
5.37500000000000e+00  3.59013780595095e-01
5.40000000000000e+00  3.54260045447251e-01
5.42500000000000e+00  3.45047732041759e-01
5.45000000000000e+00  3.31492026945242e-01
5.47500000000000e+00  3.13759196278054e-01
5.50000000000000e+00  2.92063761370122e-01
5.52500000000000e+00  2.66665674416788e-01
5.55000000000000e+00  2.37867494134653e-01
5.57500000000000e+00  2.06011561417415e-01
5.60000000000000e+00  1.71477174991709e-01
5.62500000000000e+00  1.34673591877830e-01
5.65000000000000e+00  9.60379000704473e-02
5.67500000000000e+00  5.60164623705265e-02
5.70000000000000e+00  1.50800306373098e-02
5.72500000000000e+00  -2.62929289567203e-02
5.75000000000000e+00  -6.76214409220975e-02
5.77500000000000e+00  -1.08427225448654e-01
5.80000000000000e+00  -1.48239903401784e-01
5.82500000000000e+00  -1.86602201318707e-01
5.85000000000000e+00  -2.23075156404749e-01
5.87500000000000e+00  -2.57243321529601e-01
5.90000000000000e+00  -2.88719970223596e-01
5.92500000000000e+00  -3.17152301673971e-01
5.95000000000000e+00  -3.42221373584570e-01
5.97500000000000e+00  -3.63649240539397e-01
6.00000000000000e+00  -3.81203350730487e-01
6.02500000000000e+00  -3.94690443610232e-01
6.05000000000000e+00  -4.03967247988678e-01
6.07500000000000e+00  -4.08939901049052e-01
6.10000000000000e+00  -4.09563367363298e-01
6.12500000000000e+00  -4.05840857907609e-01
6.15000000000000e+00  -3.97823249077958e-01
6.17500000000000e+00  -3.85608501705630e-01
6.20000000000000e+00  -3.69341080072757e-01
6.22500000000000e+00  -3.49211370927846e-01
6.25000000000000e+00  -3.25447780980704e-01
6.27500000000000e+00  -2.98321686471758e-01
6.30000000000000e+00  -2.68134099991324e-01
6.32500000000000e+00  -2.35219352631045e-01
6.35000000000000e+00  -1.99939311319798e-01
6.37500000000000e+00  -1.62678730529716e-01
6.40000000000000e+00  -1.23840603982193e-01
6.42500000000000e+00  -8.38415163539056e-02
6.45000000000000e+00  -4.31069949828188e-02
6.47500000000000e+00  -2.06686157420273e-03
6.50000000000000e+00  3.88494160933478e-02
6.52500000000000e+00  7.92173724619122e-02
6.55000000000000e+00  1.18622192488218e-01
6.57500000000000e+00  1.56662744850951e-01
6.60000000000000e+00  1.92955902249785e-01
6.62500000000000e+00  2.27142218815319e-01
6.65000000000000e+00  2.58883271700998e-01
6.67500000000000e+00  2.87871314007379e-01
6.70000000000000e+00  3.13830771634709e-01
6.72500000000000e+00  3.36519740135518e-01
6.75000000000000e+00  3.55731481567189e-01
6.77500000000000e+00  3.71295921344554e-01
6.80000000000000e+00  3.83081145092463e-01
6.82500000000000e+00  3.90994895498375e-01
6.85000000000000e+00  3.94986069164938e-01
6.87500000000000e+00  3.95041929480525e-01
6.90000000000000e+00  3.91188283366384e-01
6.92500000000000e+00  3.83488091563399e-01
6.95000000000000e+00  3.72040157280058e-01
6.97500000000000e+00  3.56979539145865e-01
7.00000000000000e+00  3.38474730583556e-01
7.02500000000000e+00  3.16724839181292e-01
7.05000000000000e+00  2.91956766064868e-01
7.07500000000000e+00  2.64422385269915e-01
7.10000000000000e+00  2.34395723114096e-01
7.12500000000000e+00  2.02170137569321e-01
7.15000000000000e+00  1.68055497633939e-01
7.17500000000000e+00  1.32375362704948e-01
7.20000000000000e+00  9.54610286851667e-02
7.22500000000000e+00  5.76507418737308e-02
7.25000000000000e+00  1.92846830586213e-02
7.27500000000000e+00  -1.92954034142752e-02
7.30000000000000e+00  -5.77524003731392e-02
7.32500000000000e+00  -9.57562593434976e-02
7.35000000000000e+00  -1.32986442071521e-01
7.37500000000000e+00  -1.69134362047296e-01
7.40000000000000e+00  -2.03905826028123e-01
7.42500000000000e+00  -2.37023475561790e-01
7.45000000000000e+00  -2.68229228509861e-01
7.47500000000000e+00  -2.97286720570969e-01
7.50000000000000e+00  -3.23991556076209e-01
7.52500000000000e+00  -3.48129368489440e-01
7.55000000000000e+00  -3.69547786321571e-01
7.57500000000000e+00  -3.88103514378424e-01
7.60000000000000e+00  -4.03680782153679e-01
7.62500000000000e+00  -4.16190727819014e-01
7.65000000000000e+00  -4.25570782214268e-01
7.67500000000000e+00  -4.31784052837582e-01
7.70000000000000e+00  -4.34818707835557e-01
7.72500000000000e+00  -4.34687359993400e-01
7.75000000000000e+00  -4.31426450725075e-01
7.77500000000000e+00  -4.25095634063457e-01
7.80000000000000e+00  -4.15777160650479e-01
7.82500000000000e+00  -4.03571324160682e-01
7.85000000000000e+00  -3.88598031814737e-01
7.87500000000000e+00  -3.70994201585978e-01
7.90000000000000e+00  -3.50912165538755e-01
7.92500000000000e+00  -3.28517790673069e-01
7.95000000000000e+00  -3.03988676460568e-01
7.97500000000000e+00  -2.77512352380530e-01
8.00000000000000e+00  -2.49284475455858e-01
8.02500000000000e+00  -2.19507027789070e-01
8.05000000000000e+00  -1.88386514098294e-01
8.07500000000000e+00  -1.56132159253253e-01
8.10000000000000e+00  -1.22954105811258e-01
8.12500000000000e+00  -8.90791344674575e-02
8.15000000000000e+00  -5.46629013312571e-02
8.17500000000000e+00  -1.99557661782550e-02
8.20000000000000e+00  1.48482903859389e-02
8.22500000000000e+00  4.95607193900849e-02
8.25000000000000e+00  8.39993560517492e-02
8.27500000000000e+00  1.17989372331708e-01
8.30000000000000e+00  1.51364229488382e-01
8.32500000000000e+00  1.83966630632261e-01
8.35000000000000e+00  2.15649473280316e-01
8.37500000000000e+00  2.46276801910441e-01
8.40000000000000e+00  2.75724760515853e-01
8.42500000000000e+00  3.03882545159532e-01
8.45000000000000e+00  3.30650393988766e-01
8.47500000000000e+00  3.55942017219295e-01
8.50000000000000e+00  3.79684695258180e-01
8.52500000000000e+00  4.01816694126842e-01
8.55000000000000e+00  4.22289484294911e-01
8.57500000000000e+00  4.41066804874281e-01
8.60000000000000e+00  4.58123727813167e-01
8.62500000000000e+00  4.73445722090170e-01
8.65000000000000e+00  4.87027717908330e-01
8.67500000000000e+00  4.98873170889185e-01
8.70000000000000e+00  5.08993126266836e-01
8.72500000000000e+00  5.17405283081998e-01
8.75000000000000e+00  5.23841215572546e-01
8.77500000000000e+00  5.29315324820273e-01
8.80000000000000e+00  5.32969208658882e-01
8.82500000000000e+00  5.34965203784181e-01
8.85000000000000e+00  5.35439655165746e-01
8.87500000000000e+00  5.34506739936109e-01
8.90000000000000e+00  5.32262291279940e-01
8.92500000000000e+00  5.28787622323234e-01
8.95000000000000e+00  5.24153350022489e-01
8.97500000000000e+00  5.18423219053894e-01
9.00000000000000e+00  5.11657925702512e-01
9.02500000000000e+00  5.03918941751462e-01
9.05000000000000e+00  4.95272338371105e-01
9.07500000000000e+00  4.85785351095311e-01
9.10000000000000e+00  4.75532596132291e-01
9.12500000000000e+00  4.64602578083259e-01
9.15000000000000e+00  4.53072287887617e-01
9.17500000000000e+00  4.41030443008255e-01
9.20000000000000e+00  4.28569498788477e-01
9.22500000000000e+00  4.15777659808914e-01
9.25000000000000e+00  4.02730891244441e-01
9.27500000000000e+00  3.89484930221097e-01
9.30000000000000e+00  3.76067297173001e-01
9.32500000000000e+00  3.62469307199270e-01
9.35000000000000e+00  3.48638081420935e-01
9.37500000000000e+00  3.35653188254481e-01
9.40000000000000e+00  3.21040556459626e-01
9.42500000000000e+00  3.07152799717326e-01
9.45000000000000e+00  2.93708228743049e-01
9.47500000000000e+00  2.80522098673669e-01
9.50000000000000e+00  2.67490631040413e-01
9.52500000000000e+00  2.54575035741828e-01
9.55000000000000e+00  2.41785533016742e-01
9.57500000000000e+00  2.29165375417216e-01
9.60000000000000e+00  2.16774869781510e-01
9.62500000000000e+00  2.04675399207041e-01
9.65000000000000e+00  1.92913445023339e-01
9.67500000000000e+00  1.81504608765008e-01
9.70000000000000e+00  1.70482943980634e-01
9.72500000000000e+00  1.59849120496924e-01
9.75000000000000e+00  1.49583044236457e-01
9.77500000000000e+00  1.39662524079703e-01
9.80000000000000e+00  1.30052816977602e-01
9.82500000000000e+00  1.20716490597132e-01
9.85000000000000e+00  1.11623285966888e-01
9.87500000000000e+00  1.02759980122655e-01
9.90000000000000e+00  9.41402487529797e-02
9.92500000000000e+00  8.58145288447508e-02
9.95000000000000e+00  7.78798813287689e-02
9.97500000000000e+00  7.04898537253219e-02
1.00000000000000e+01  6.38643427897641e-02
