0.00000000000000e+00  -6.31425798317448e-02
2.50000000000000e-02  -7.05298354312138e-02
5.00000000000000e-02  -7.81479100741344e-02
7.50000000000000e-02  -8.60220059181006e-02
1.00000000000000e-01  -9.41730544213785e-02
1.25000000000000e-01  -1.02618035639860e-01
1.50000000000000e-01  -1.11370297524015e-01
1.75000000000000e-01  -1.20439875215848e-01
2.00000000000000e-01  -1.29833810345853e-01
2.25000000000000e-01  -1.39556470329964e-01
2.50000000000000e-01  -1.49609867666515e-01
2.75000000000000e-01  -1.59993979233192e-01
3.00000000000000e-01  -1.70707065583985e-01
3.25000000000000e-01  -1.81745068858842e-01
3.50000000000000e-01  -1.93102313346776e-01
3.75000000000000e-01  -2.04771793091929e-01
4.00000000000000e-01  -2.16743130917111e-01
4.25000000000000e-01  -2.29004273765589e-01
4.50000000000000e-01  -2.41540715650529e-01
4.75000000000000e-01  -2.54334720604446e-01
5.00000000000000e-01  -2.67364545628655e-01
5.25000000000000e-01  -2.80603663642714e-01
5.50000000000000e-01  -2.94019986433876e-01
5.75000000000000e-01  -3.07575087606539e-01
6.00000000000000e-01  -3.21223425531689e-01
6.25000000000000e-01  -3.34960636759981e-01
6.50000000000000e-01  -3.48695380611046e-01
6.75000000000000e-01  -3.62421141721308e-01
7.00000000000000e-01  -3.76082025338674e-01
7.25000000000000e-01  -3.89620495135420e-01
7.50000000000000e-01  -4.02977251282919e-01
7.75000000000000e-01  -4.16091108526346e-01
8.00000000000000e-01  -4.28898874259400e-01
8.25000000000000e-01  -4.41335226599018e-01
8.50000000000000e-01  -4.53332592460087e-01
8.75000000000000e-01  -4.64821025630166e-01
9.00000000000000e-01  -4.75728084844196e-01
9.25000000000000e-01  -4.85978711859219e-01
9.50000000000000e-01  -4.95497373383550e-01
9.75000000000000e-01  -5.04206715628911e-01
1.00000000000000e+00  -5.12028317222854e-01
1.02500000000000e+00  -5.18884020607394e-01
1.05000000000000e+00  -5.24695751532840e-01
1.07500000000000e+00  -5.29386313912714e-01
1.10000000000000e+00  -5.32880184678687e-01
1.12500000000000e+00  -5.35104308635502e-01
1.15000000000000e+00  -5.35988893315904e-01
1.17500000000000e+00  -5.35468203835565e-01
1.20000000000000e+00  -5.33481357748019e-01
1.22500000000000e+00  -5.29973119899581e-01
1.25000000000000e+00  -5.24892360402012e-01
1.27500000000000e+00  -5.18169744863665e-01
1.30000000000000e+00  -5.09787867796202e-01
1.32500000000000e+00  -4.99711981641879e-01
1.35000000000000e+00  -4.87916500229668e-01
1.37500000000000e+00  -4.74385405958830e-01
1.40000000000000e+00  -4.59112656982491e-01
1.42500000000000e+00  -4.42102594391221e-01
1.45000000000000e+00  -4.23370349396603e-01
1.47500000000000e+00  -4.02942250514818e-01
1.50000000000000e+00  -3.80856230750218e-01
1.52500000000000e+00  -3.57162234778895e-01
1.55000000000000e+00  -3.31922626132271e-01
1.57500000000000e+00  -3.05211063983350e-01
1.60000000000000e+00  -2.77113882160477e-01
1.62500000000000e+00  -2.47730348072927e-01
1.65000000000000e+00  -2.17170432017112e-01
1.67500000000000e+00  -1.85556908270907e-01
1.70000000000000e+00  -1.53024712756907e-01
1.72500000000000e+00  -1.19720300705707e-01
1.75000000000000e+00  -8.58010043191603e-02
1.77500000000000e+00  -5.14343904336505e-02
1.80000000000000e+00  -1.67976181833611e-02
1.82500000000000e+00  1.79232033364628e-02
1.85000000000000e+00  5.25336574062386e-02
1.87500000000000e+00  8.68365631713011e-02
1.90000000000000e+00  1.20630515133280e-01
1.92500000000000e+00  1.53705500400375e-01
1.95000000000000e+00  1.85851931128150e-01
1.97500000000000e+00  2.16859385542837e-01
2.00000000000000e+00  2.46518400459959e-01
2.02500000000000e+00  2.74622263802934e-01
2.05000000000000e+00  3.00968807121701e-01
2.07500000000000e+00  3.25362198111322e-01
2.10000000000000e+00  3.47614733130606e-01
2.12500000000000e+00  3.67548629720714e-01
2.15000000000000e+00  3.84997819123781e-01
2.17500000000000e+00  3.99809738801524e-01
2.20000000000000e+00  4.11847477537112e-01
2.22500000000000e+00  4.20990785677905e-01
2.25000000000000e+00  4.27139250640426e-01
2.27500000000000e+00  4.30210520711681e-01
2.30000000000000e+00  4.30144825959809e-01
2.32500000000000e+00  4.26905604120832e-01
2.35000000000000e+00  4.20480126485401e-01
2.37500000000000e+00  4.10880123785546e-01
2.40000000000000e+00  3.98142412081422e-01
2.42500000000000e+00  3.82329518648059e-01
2.45000000000000e+00  3.63530307862108e-01
2.47500000000000e+00  3.41860607088590e-01
2.50000000000000e+00  3.17453079301527e-01
2.52500000000000e+00  2.90492381783106e-01
2.55000000000000e+00  2.61161340117045e-01
2.57500000000000e+00  2.29673297462969e-01
2.60000000000000e+00  1.96265537322084e-01
2.62500000000000e+00  1.61196876005227e-01
2.65000000000000e+00  1.24745255100908e-01
2.67500000000000e+00  8.72053339433670e-02
2.70000000000000e+00  4.88860820806097e-02
2.72500000000000e+00  1.01083717424662e-02
2.75000000000000e+00  -2.87974296913665e-02
2.77500000000000e+00  -6.74938672232752e-02
2.80000000000000e+00  -1.05638805769683e-01
2.82500000000000e+00  -1.42891934200601e-01
2.85000000000000e+00  -1.78913697028793e-01
2.87500000000000e+00  -2.13372536637662e-01
2.90000000000000e+00  -2.45944113158601e-01
2.92500000000000e+00  -2.76317673671776e-01
2.95000000000000e+00  -3.04198949573222e-01
2.97500000000000e+00  -3.29313053941920e-01
3.00000000000000e+00  -3.51407378906888e-01
3.02500000000000e+00  -3.70254493014264e-01
3.05000000000000e+00  -3.85655038594392e-01
3.07500000000000e+00  -3.97440629128908e-01
3.10000000000000e+00  -4.05476746617824e-01
3.12500000000000e+00  -4.09662768111656e-01
3.15000000000000e+00  -4.09933523227425e-01
3.17500000000000e+00  -4.06265614319904e-01
3.20000000000000e+00  -3.98668709661550e-01
3.22500000000000e+00  -3.87194710329940e-01
3.25000000000000e+00  -3.71936329344228e-01
3.27500000000000e+00  -3.53025670801587e-01
3.30000000000000e+00  -3.30632809013668e-01
3.32500000000000e+00  -3.04964367643042e-01
3.35000000000000e+00  -2.76262098839650e-01
3.37500000000000e+00  -2.44801462377259e-01
3.40000000000000e+00  -2.10890204789903e-01
3.42500000000000e+00  -1.74866938508344e-01
3.45000000000000e+00  -1.37090867803971e-01
3.47500000000000e+00  -9.79459491928678e-02
3.50000000000000e+00  -5.78334032402290e-02
3.52500000000000e+00  -1.71685307011084e-02
3.55000000000000e+00  2.36237415202128e-02
3.57500000000000e+00  6.41135323846883e-02
3.60000000000000e+00  1.03870678732968e-01
3.62500000000000e+00  1.42469407299861e-01
3.65000000000000e+00  1.79493006728795e-01
3.67500000000000e+00  2.14538499586279e-01
3.70000000000000e+00  2.47221314376369e-01
3.72500000000000e+00  2.77179957555122e-01
3.75000000000000e+00  3.04081498613097e-01
3.77500000000000e+00  3.27616451717450e-01
3.80000000000000e+00  3.47523107039737e-01
3.82500000000000e+00  3.63567276892433e-01
3.85000000000000e+00  3.75559706116854e-01
3.87500000000000e+00  3.83356717317368e-01
3.90000000000000e+00  3.86860856095597e-01
3.92500000000000e+00  3.86021536284625e-01
3.95000000000000e+00  3.80835685183203e-01
3.97500000000000e+00  3.71348388789955e-01
4.00000000000000e+00  3.57653537037583e-01
4.02500000000000e+00  3.39894469027075e-01
4.05000000000000e+00  3.18264618261907e-01
4.07500000000000e+00  2.92996610872102e-01
4.10000000000000e+00  2.64368939877590e-01
4.12500000000000e+00  2.32701031476502e-01
4.15000000000000e+00  1.98346221352373e-01
4.17500000000000e+00  1.61691938882560e-01
4.20000000000000e+00  1.23154405077594e-01
4.22500000000000e+00  8.31733305205433e-02
4.25000000000000e+00  4.22066133063722e-02
4.27500000000000e+00  7.25036981291085e-04
4.30000000000000e+00  -4.07930315178748e-02
4.32500000000000e+00  -8.18669439243359e-02
4.35000000000000e+00  -1.22019072701971e-01
4.37500000000000e+00  -1.60777346108131e-01
4.40000000000000e+00  -1.97689856645596e-01
4.42500000000000e+00  -2.32324263178461e-01
4.45000000000000e+00  -2.64268083385339e-01
4.47500000000000e+00  -2.93142524970031e-01
4.50000000000000e+00  -3.18605390699463e-01
4.52500000000000e+00  -3.40353983441619e-01
4.55000000000000e+00  -3.58128011203463e-01
4.57500000000000e+00  -3.71712492168886e-01
4.60000000000000e+00  -3.80940659736623e-01
4.62500000000000e+00  -3.85696867558193e-01
4.65000000000000e+00  -3.85919494575825e-01
4.67500000000000e+00  -3.81603850060396e-01
4.70000000000000e+00  -3.72793049923240e-01
4.72500000000000e+00  -3.59586738099912e-01
4.75000000000000e+00  -3.42139022298721e-01
4.77500000000000e+00  -3.20650089420623e-01
4.80000000000000e+00  -2.95371051571542e-01
4.82500000000000e+00  -2.66599382226174e-01
4.85000000000000e+00  -2.34674352391795e-01
4.87500000000000e+00  -1.99972466772079e-01
4.90000000000000e+00  -1.62902899930900e-01
4.92500000000000e+00  -1.23902932456146e-01
4.95000000000000e+00  -8.34333871235297e-02
4.97500000000000e+00  -4.19740650603938e-02
5.00000000000000e+00  -1.40705099594132e-05
5.02500000000000e+00  4.19411327895881e-02
5.05000000000000e+00  8.34014092374971e-02
5.07500000000000e+00  1.23872532027415e-01
5.10000000000000e+00  1.62874680465081e-01
5.12500000000000e+00  1.99947004367811e-01
5.15000000000000e+00  2.34652188464010e-01
5.17500000000000e+00  2.66581016792663e-01
5.20000000000000e+00  2.95356937102834e-01
5.22500000000000e+00  3.20640625253170e-01
5.25000000000000e+00  3.42134549611392e-01
5.27500000000000e+00  3.59587535453799e-01
5.30000000000000e+00  3.72799329364767e-01
5.32500000000000e+00  3.81615755150529e-01
5.35000000000000e+00  3.85937098215019e-01
5.37500000000000e+00  3.85720171213968e-01
5.40000000000000e+00  3.80969592916264e-01
5.42500000000000e+00  3.71746913450526e-01
5.45000000000000e+00  3.58167710020381e-01
5.47500000000000e+00  3.40398682619737e-01
5.50000000000000e+00  3.18654749748061e-01
5.52500000000000e+00  2.93196144125655e-01
5.55000000000000e+00  2.64325508408931e-01
5.57500000000000e+00  2.32384990905687e-01
5.60000000000000e+00  1.97753341290380e-01
5.62500000000000e+00  1.60845773528728e-01
5.65000000000000e+00  1.22086296808532e-01
5.67500000000000e+00  8.19351000804589e-02
5.70000000000000e+00  4.08614732359428e-02
5.72500000000000e+00  -6.56962529511991e-04
5.75000000000000e+00  -4.21395570641966e-02
5.77500000000000e+00  -8.31079336080861e-02
5.80000000000000e+00  -1.23091291140711e-01
5.82500000000000e+00  -1.61631706729026e-01
5.85000000000000e+00  -1.98289437875304e-01
5.87500000000000e+00  -2.32648224864991e-01
5.90000000000000e+00  -2.64320593114602e-01
5.92500000000000e+00  -2.92953155519585e-01
5.95000000000000e+00  -3.18226430232034e-01
5.97500000000000e+00  -3.39861863745976e-01
6.00000000000000e+00  -3.57626765786348e-01
6.02500000000000e+00  -3.71327635691641e-01
6.05000000000000e+00  -3.80821065148488e-01
6.07500000000000e+00  -3.86013093778449e-01
6.10000000000000e+00  -3.86858564724815e-01
6.12500000000000e+00  -3.83360480239398e-01
6.15000000000000e+00  -3.75569357269325e-01
6.17500000000000e+00  -3.63582583043840e-01
6.20000000000000e+00  -3.47543770661090e-01
6.22500000000000e+00  -3.27642114674927e-01
6.25000000000000e+00  -3.04110935415917e-01
6.27500000000000e+00  -2.77214324946777e-01
6.30000000000000e+00  -2.47259289160807e-01
6.32500000000000e+00  -2.14579530719805e-01
6.35000000000000e+00  -1.79536509476877e-01
6.37500000000000e+00  -1.42514770483510e-01
6.40000000000000e+00  -1.03917271996608e-01
6.42500000000000e+00  -6.41607134855717e-02
6.45000000000000e+00  -2.36708636393415e-02
6.47500000000000e+00  1.71221116265415e-02
6.50000000000000e+00  5.77883211628703e-02
6.52500000000000e+00  9.79028205797278e-02
6.55000000000000e+00  1.37050284239416e-01
6.57500000000000e+00  1.74829460985910e-01
6.60000000000000e+00  2.10856356967029e-01
6.62500000000000e+00  2.44771724944880e-01
6.65000000000000e+00  2.76236904372241e-01
6.67500000000000e+00  3.04944095881621e-01
6.70000000000000e+00  3.30617782843410e-01
6.72500000000000e+00  3.53016152924040e-01
6.75000000000000e+00  3.71932519644133e-01
6.77500000000000e+00  3.87196743936654e-01
6.80000000000000e+00  3.98676655705068e-01
6.82500000000000e+00  4.06279475381491e-01
6.85000000000000e+00  4.09953235484842e-01
6.87500000000000e+00  4.09691075744234e-01
6.90000000000000e+00  4.05507712957856e-01
6.92500000000000e+00  3.97476874159149e-01
6.95000000000000e+00  3.85696252525369e-01
6.97500000000000e+00  3.70300311425526e-01
7.00000000000000e+00  3.51457387346639e-01
7.02500000000000e+00  3.29366792819989e-01
7.05000000000000e+00  3.04255919347386e-01
7.07500000000000e+00  2.76377340327419e-01
7.10000000000000e+00  2.46005913981713e-01
7.12500000000000e+00  2.13435886281197e-01
7.15000000000000e+00  1.78977993872348e-01
7.17500000000000e+00  1.42956567003460e-01
7.20000000000000e+00  1.05703159350781e-01
7.22500000000000e+00  6.75573291851483e-02
7.25000000000000e+00  2.88593966848598e-02
7.27500000000000e+00  -1.00484883549024e-02
7.30000000000000e+00  -4.88288502083711e-02
7.32500000000000e+00  -8.71512951787320e-02
7.35000000000000e+00  -1.24694919557678e-01
7.37500000000000e+00  -1.61150717584936e-01
7.40000000000000e+00  -1.96223989407826e-01
7.42500000000000e+00  -2.29636749040788e-01
7.45000000000000e+00  -2.61130132324931e-01
7.47500000000000e+00  -2.90466804887579e-01
7.50000000000000e+00  -3.17444125396375e-01
7.52500000000000e+00  -3.41846952138793e-01
7.55000000000000e+00  -3.63522832951779e-01
7.57500000000000e+00  -3.82328295088151e-01
7.60000000000000e+00  -3.98147454855227e-01
7.62500000000000e+00  -4.10891392175267e-01
7.65000000000000e+00  -4.20497525145928e-01
7.67500000000000e+00  -4.26928984600708e-01
7.70000000000000e+00  -4.30173988669392e-01
7.72500000000000e+00  -4.30245217338508e-01
7.75000000000000e+00  -4.27179187011765e-01
7.77500000000000e+00  -4.21035625070510e-01
7.80000000000000e+00  -4.11896844434169e-01
7.82500000000000e+00  -3.99863222346720e-01
7.85000000000000e+00  -3.85054977442311e-01
7.87500000000000e+00  -3.67608994286837e-01
7.90000000000000e+00  -3.47677812784521e-01
7.92500000000000e+00  -3.25427483782598e-01
7.95000000000000e+00  -3.01035776458595e-01
7.97500000000000e+00  -2.74690385707606e-01
8.00000000000000e+00  -2.46587139529577e-01
8.02500000000000e+00  -2.16928206416572e-01
8.05000000000000e+00  -1.85920302740067e-01
8.07500000000000e+00  -1.53772900138219e-01
8.10000000000000e+00  -1.20696432903142e-01
8.12500000000000e+00  -8.68956041929744e-02
8.15000000000000e+00  -5.25951498349155e-02
8.17500000000000e+00  -1.79817946907641e-02
8.20000000000000e+00  1.67423535016798e-02
8.22500000000000e+00  5.13828496923254e-02
8.25000000000000e+00  8.57535541887766e-02
8.27500000000000e+00  1.19677275326287e-01
8.30000000000000e+00  1.52986412137743e-01
8.32500000000000e+00  1.85523597023642e-01
8.35000000000000e+00  2.17142338422050e-01
8.37500000000000e+00  2.47707663478596e-01
8.40000000000000e+00  2.77096760716425e-01
8.42500000000000e+00  3.05199622706183e-01
8.45000000000000e+00  3.31916945182726e-01
8.47500000000000e+00  3.57162358095741e-01
8.50000000000000e+00  3.80862167027756e-01
8.52500000000000e+00  4.02953974092297e-01
8.55000000000000e+00  4.23387801715200e-01
8.57500000000000e+00  4.42125685581047e-01
8.60000000000000e+00  4.59141267579614e-01
8.62500000000000e+00  4.74419388752319e-01
8.65000000000000e+00  4.87955682238660e-01
8.67500000000000e+00  4.99756166222663e-01
8.70000000000000e+00  5.09836836879328e-01
8.72500000000000e+00  5.18223261321073e-01
8.75000000000000e+00  5.24952511158669e-01
8.77500000000000e+00  5.30034954078703e-01
8.80000000000000e+00  5.33546934281775e-01
8.82500000000000e+00  5.35537233417506e-01
8.85000000000000e+00  5.36061077978898e-01
8.87500000000000e+00  5.35179344294209e-01
8.90000000000000e+00  5.32957763518836e-01
8.92500000000000e+00  5.29466126627196e-01
8.95000000000000e+00  5.24777489404604e-01
8.97500000000000e+00  5.18967377439154e-01
9.00000000000000e+00  5.12112991113599e-01
9.02500000000000e+00  5.04292410597233e-01
9.05000000000000e+00  4.95583800837768e-01
9.07500000000000e+00  4.86065591772668e-01
9.10000000000000e+00  4.75815146907475e-01
9.12500000000000e+00  4.64908010112106e-01
9.15000000000000e+00  4.53419251261206e-01
9.17500000000000e+00  4.41421323843941e-01
9.20000000000000e+00  4.28984186863029e-01
9.22500000000000e+00  4.16175426733766e-01
9.25000000000000e+00  4.03060379183045e-01
9.27500000000000e+00  3.89702251148386e-01
9.30000000000000e+00  3.76162242676958e-01
9.32500000000000e+00  3.62499668824602e-01
9.35000000000000e+00  3.48772081554860e-01
9.37500000000000e+00  3.34986309751035e-01
9.40000000000000e+00  3.21296115742377e-01
9.42500000000000e+00  3.07645622730924e-01
9.45000000000000e+00  2.94088280688300e-01
9.47500000000000e+00  2.80669645925150e-01
9.50000000000000e+00  2.67428158248311e-01
9.52500000000000e+00  2.54395918117987e-01
9.55000000000000e+00  2.41599463804917e-01
9.57500000000000e+00  2.29060548547549e-01
9.60000000000000e+00  2.16796917709213e-01
9.62500000000000e+00  2.04823085935292e-01
9.65000000000000e+00  1.93151114310390e-01
9.67500000000000e+00  1.81791387515511e-01
9.70000000000000e+00  1.70750918206141e-01
9.72500000000000e+00  1.60035388277165e-01
9.75000000000000e+00  1.49648861190105e-01
9.77500000000000e+00  1.39593081312816e-01
9.80000000000000e+00  1.29868076050005e-01
9.82500000000000e+00  1.20471836482554e-01
9.85000000000000e+00  1.11399998006849e-01
9.87500000000000e+00  1.02645520974109e-01
9.90000000000000e+00  9.41983713297154e-02
9.92500000000000e+00  8.60452012525377e-02
9.95000000000000e+00  7.81690297942654e-02
9.97500000000000e+00  7.05489235187328e-02
1.00000000000000e+01  6.31596771412538e-02
