0.00000000000000e+00  -6.32169040893399e-02
2.50000000000000e-02  -7.05765975848312e-02
5.00000000000000e-02  -7.81893503714285e-02
7.50000000000000e-02  -8.60699934650552e-02
1.00000000000000e-01  -9.42320944955957e-02
1.25000000000000e-01  -1.02687840524277e-01
1.50000000000000e-01  -1.11447920861050e-01
1.75000000000000e-01  -1.20521409881969e-01
2.00000000000000e-01  -1.29915649846578e-01
2.25000000000000e-01  -1.39636133715289e-01
2.50000000000000e-01  -1.49686387966768e-01
2.75000000000000e-01  -1.60067855415313e-01
3.00000000000000e-01  -1.70779778028237e-01
3.25000000000000e-01  -1.81819079743252e-01
3.50000000000000e-01  -1.93180249285849e-01
3.75000000000000e-01  -2.04855222986682e-01
4.00000000000000e-01  -2.16833267598946e-01
4.25000000000000e-01  -2.29100863115766e-01
4.50000000000000e-01  -2.41641585587570e-01
4.75000000000000e-01  -2.54435989939480e-01
5.00000000000000e-01  -2.67461492788687e-01
5.25000000000000e-01  -2.80692255261839e-01
5.50000000000000e-01  -2.94099065812415e-01
5.75000000000000e-01  -3.07649223038117e-01
6.00000000000000e-01  -3.21306418498244e-01
6.25000000000000e-01  -3.35051615193115e-01
6.50000000000000e-01  -3.48778467733019e-01
6.75000000000000e-01  -3.62498694253502e-01
7.00000000000000e-01  -3.76155666194146e-01
7.25000000000000e-01  -3.89691030710387e-01
7.50000000000000e-01  -4.03044657084104e-01
7.75000000000000e-01  -4.16154583134206e-01
8.00000000000000e-01  -4.28956961627226e-01
8.25000000000000e-01  -4.41386006687907e-01
8.50000000000000e-01  -4.53373940209796e-01
8.75000000000000e-01  -4.64850938265831e-01
9.00000000000000e-01  -4.75745077518931e-01
9.25000000000000e-01  -4.85982281632587e-01
9.50000000000000e-01  -4.95487229164680e-01
9.75000000000000e-01  -5.04182915006750e-01
1.00000000000000e+00  -5.11990460511805e-01
1.02500000000000e+00  -5.18832081275369e-01
1.05000000000000e+00  -5.24629123462689e-01
1.07500000000000e+00  -5.29303297976547e-01
1.10000000000000e+00  -5.32777914625071e-01
1.12500000000000e+00  -5.34979116289550e-01
1.15000000000000e+00  -5.35837113092247e-01
1.17500000000000e+00  -5.35287416564216e-01
1.20000000000000e+00  -5.33272073813108e-01
1.22500000000000e+00  -5.29740901690992e-01
1.25000000000000e+00  -5.24583818560297e-01
1.27500000000000e+00  -5.17888011609494e-01
1.30000000000000e+00  -5.09489824010473e-01
1.32500000000000e+00  -4.99374727456772e-01
1.35000000000000e+00  -4.87531083059055e-01
1.37500000000000e+00  -4.73951534568507e-01
1.40000000000000e+00  -4.58634401600221e-01
1.42500000000000e+00  -4.41585072856597e-01
1.45000000000000e+00  -4.22817399350725e-01
1.47500000000000e+00  -4.02355087629785e-01
1.50000000000000e+00  -3.80233092998433e-01
1.52500000000000e+00  -3.56499012742196e-01
1.55000000000000e+00  -3.31214479350865e-01
1.57500000000000e+00  -3.04451626230954e-01
1.60000000000000e+00  -2.76297056628232e-01
1.62500000000000e+00  -2.46851326101380e-01
1.65000000000000e+00  -2.16226209751364e-01
1.67500000000000e+00  -1.84546772491649e-01
1.70000000000000e+00  -1.51950147122178e-01
1.72500000000000e+00  -1.18584312403366e-01
1.75000000000000e+00  -8.46068711300710e-02
1.77500000000000e+00  -5.01838282055884e-02
1.80000000000000e+00  -1.54883687156311e-02
1.82500000000000e+00  1.93003639976895e-02
1.85000000000000e+00  5.39984902618729e-02
1.87500000000000e+00  8.83842487967824e-02
1.90000000000000e+00  1.22253434120187e-01
1.92500000000000e+00  1.55407640092922e-01
1.95000000000000e+00  1.87636327543118e-01
1.97500000000000e+00  2.18728387151096e-01
2.00000000000000e+00  2.48473893340061e-01
2.02500000000000e+00  2.76665858166783e-01
2.05000000000000e+00  3.03101985212275e-01
2.07500000000000e+00  3.27586423472476e-01
2.10000000000000e+00  3.49931521248940e-01
2.12500000000000e+00  3.69959580039510e-01
2.15000000000000e+00  3.87504608429005e-01
2.17500000000000e+00  4.02414075979903e-01
2.20000000000000e+00  4.14550939439441e-01
2.22500000000000e+00  4.23795088864462e-01
2.25000000000000e+00  4.30045981512662e-01
2.27500000000000e+00  4.33221131822950e-01
2.30000000000000e+00  4.33260634899142e-01
2.32500000000000e+00  4.30127812473742e-01
2.35000000000000e+00  4.23809858871720e-01
2.37500000000000e+00  4.14318486974299e-01
2.40000000000000e+00  4.01690574182731e-01
2.42500000000000e+00  3.85988808382084e-01
2.45000000000000e+00  3.67302333905018e-01
2.47500000000000e+00  3.45747397495566e-01
2.50000000000000e+00  3.21457684969972e-01
2.52500000000000e+00  2.94611070088922e-01
2.55000000000000e+00  2.65396940578296e-01
2.57500000000000e+00  2.34027788607760e-01
2.60000000000000e+00  2.00740222597835e-01
2.62500000000000e+00  1.65792534382661e-01
2.65000000000000e+00  1.29462266372746e-01
2.67500000000000e+00  9.20437787177338e-02
2.70000000000000e+00  5.38458164691446e-02
2.72500000000000e+00  1.51890767431460e-02
2.75000000000000e+00  -2.35962241166969e-02
2.77500000000000e+00  -6.21727833766633e-02
2.80000000000000e+00  -1.00198644750120e-01
2.82500000000000e+00  -1.37333402953337e-01
2.85000000000000e+00  -1.73238554840961e-01
2.87500000000000e+00  -2.07582503108089e-01
2.90000000000000e+00  -2.40041406057556e-01
2.92500000000000e+00  -2.70305072969260e-01
2.95000000000000e+00  -2.98079805637988e-01
2.97500000000000e+00  -3.23091239911253e-01
3.00000000000000e+00  -3.45087187227118e-01
3.02500000000000e+00  -3.63840476152032e-01
3.05000000000000e+00  -3.79151793918662e-01
3.07500000000000e+00  -3.90852527963716e-01
3.10000000000000e+00  -3.98807607465785e-01
3.12500000000000e+00  -4.02921056696742e-01
3.15000000000000e+00  -4.03119108282651e-01
3.17500000000000e+00  -3.99386625960933e-01
3.20000000000000e+00  -3.91732177682785e-01
3.22500000000000e+00  -3.80206916241036e-01
3.25000000000000e+00  -3.64903096681800e-01
3.27500000000000e+00  -3.45952593716131e-01
3.30000000000000e+00  -3.23525419131673e-01
3.32500000000000e+00  -2.97828239204314e-01
3.35000000000000e+00  -2.69102892109831e-01
3.37500000000000e+00  -2.37624905335552e-01
3.40000000000000e+00  -2.03702013091999e-01
3.42500000000000e+00  -1.67672673724550e-01
3.45000000000000e+00  -1.29896345996234e-01
3.47500000000000e+00  -9.07562137153829e-02
3.50000000000000e+00  -5.06534820450055e-02
3.52500000000000e+00  -1.00030409663119e-02
3.55000000000000e+00  3.07705649784907e-02
3.57500000000000e+00  7.12377968040662e-02
3.60000000000000e+00  1.10968781199816e-01
3.62500000000000e+00  1.49537970647747e-01
3.65000000000000e+00  1.86528803540339e-01
3.67500000000000e+00  2.21538364298410e-01
3.70000000000000e+00  2.54182043488985e-01
3.72500000000000e+00  2.84098197943166e-01
3.75000000000000e+00  3.10958264770907e-01
3.77500000000000e+00  3.34443824444530e-01
3.80000000000000e+00  3.54301596994826e-01
3.82500000000000e+00  3.70296582415021e-01
3.85000000000000e+00  3.82239025959397e-01
3.87500000000000e+00  3.89985016109961e-01
3.90000000000000e+00  3.93437082543097e-01
3.92500000000000e+00  3.92544794096240e-01
3.95000000000000e+00  3.87305356734530e-01
3.97500000000000e+00  3.77764211517478e-01
4.00000000000000e+00  3.64015632565630e-01
4.02500000000000e+00  3.46203325027228e-01
4.05000000000000e+00  3.24521023044872e-01
4.07500000000000e+00  2.99201786739076e-01
4.10000000000000e+00  2.70524121996186e-01
4.12500000000000e+00  2.38807624693800e-01
4.15000000000000e+00  2.04405703820286e-01
4.17500000000000e+00  1.67705774248142e-01
4.20000000000000e+00  1.29124006887796e-01
4.22500000000000e+00  8.91000788414355e-02
4.25000000000000e+00  4.80919235568149e-02
4.27500000000000e+00  6.57048098106445e-03
4.30000000000000e+00  -3.49855522854851e-02
4.32500000000000e+00  -7.60949728354973e-02
4.35000000000000e+00  -1.16279320300806e-01
4.37500000000000e+00  -1.55071459060889e-01
4.40000000000000e+00  -1.92009427268680e-01
4.42500000000000e+00  -2.26670022644888e-01
4.45000000000000e+00  -2.58639487171733e-01
4.47500000000000e+00  -2.87538186701468e-01
4.50000000000000e+00  -3.13023448296511e-01
4.52500000000000e+00  -3.34792397569557e-01
4.55000000000000e+00  -3.52584796023701e-01
4.57500000000000e+00  -3.66185878392558e-01
4.60000000000000e+00  -3.75429189980383e-01
4.62500000000000e+00  -3.80199424002190e-01
4.65000000000000e+00  -3.80435258923873e-01
4.67500000000000e+00  -3.76132195802327e-01
4.70000000000000e+00  -3.67333686570055e-01
4.72500000000000e+00  -3.54139435004578e-01
4.75000000000000e+00  -3.36703783085598e-01
4.77500000000000e+00  -3.15227031047120e-01
4.80000000000000e+00  -2.89960394883753e-01
4.82500000000000e+00  -2.61201471912919e-01
4.85000000000000e+00  -2.29289706337049e-01
4.87500000000000e+00  -1.94601854805800e-01
4.90000000000000e+00  -1.57547451978248e-01
4.92500000000000e+00  -1.18564276085099e-01
4.95000000000000e+00  -7.81138144908951e-02
4.97500000000000e+00  -3.66767292562125e-02
5.00000000000000e+00  5.26131452220032e-03
5.02500000000000e+00  4.71877173142308e-02
5.05000000000000e+00  8.86178586789675e-02
5.07500000000000e+00  1.29056566967031e-01
5.10000000000000e+00  1.68023285234646e-01
5.12500000000000e+00  2.05056609910687e-01
5.15000000000000e+00  2.39718829463755e-01
5.17500000000000e+00  2.71600463069229e-01
5.20000000000000e+00  3.00324799276325e-01
5.22500000000000e+00  3.25552434675167e-01
5.25000000000000e+00  3.46985812563833e-01
5.27500000000000e+00  3.64373761615433e-01
5.30000000000000e+00  3.77516034545153e-01
5.32500000000000e+00  3.86258352010312e-01
5.35000000000000e+00  3.90501083608379e-01
5.37500000000000e+00  3.90200867477590e-01
5.40000000000000e+00  3.85362289960461e-01
5.42500000000000e+00  3.76046774391621e-01
5.45000000000000e+00  3.62369735182926e-01
5.47500000000000e+00  3.44497731908561e-01
5.50000000000000e+00  3.22645623390156e-01
5.52500000000000e+00  2.97073721781887e-01
5.55000000000000e+00  2.68084946655595e-01
5.57500000000000e+00  2.36021979085883e-01
5.60000000000000e+00  2.01264415735233e-01
5.62500000000000e+00  1.64223238065594e-01
5.65000000000000e+00  1.25331498660603e-01
5.67500000000000e+00  8.50412649746517e-02
5.70000000000000e+00  4.38231143816547e-02
5.72500000000000e+00  2.15562014968096e-03
5.75000000000000e+00  -3.94798980589245e-02
5.77500000000000e+00  -8.06046236874441e-02
5.80000000000000e+00  -1.20747492784674e-01
5.82500000000000e+00  -1.59450443504809e-01
5.85000000000000e+00  -1.96273665607347e-01
5.87500000000000e+00  -2.30800849956969e-01
5.90000000000000e+00  -2.62644438023436e-01
5.92500000000000e+00  -2.91450871381477e-01
5.95000000000000e+00  -3.16900401261169e-01
5.97500000000000e+00  -3.38714367894368e-01
6.00000000000000e+00  -3.56659549256729e-01
6.02500000000000e+00  -3.70542050862209e-01
6.05000000000000e+00  -3.80218003881424e-01
6.07500000000000e+00  -3.85592968653723e-01
6.10000000000000e+00  -3.86621338199263e-01
6.12500000000000e+00  -3.83305741731086e-01
6.15000000000000e+00  -3.75696448167196e-01
6.17500000000000e+00  -3.63890769642638e-01
6.20000000000000e+00  -3.48032465021568e-01
6.22500000000000e+00  -3.28311143409336e-01
6.25000000000000e+00  -3.04956667688688e-01
6.27500000000000e+00  -2.78237038810776e-01
6.30000000000000e+00  -2.48455635330227e-01
6.32500000000000e+00  -2.15946155447118e-01
6.35000000000000e+00  -1.81069989545223e-01
6.37500000000000e+00  -1.44211551375003e-01
6.40000000000000e+00  -1.05773609236571e-01
6.42500000000000e+00  -6.61726171626875e-02
6.45000000000000e+00  -2.58340461017296e-02
6.47500000000000e+00  1.48122848993247e-02
6.50000000000000e+00  5.53368775119105e-02
6.52500000000000e+00  9.53152229429080e-02
6.55000000000000e+00  1.34332470751650e-01
6.57500000000000e+00  1.71987437495596e-01
6.60000000000000e+00  2.07896971560801e-01
6.62500000000000e+00  2.41701675656837e-01
6.65000000000000e+00  2.73063108362593e-01
6.67500000000000e+00  3.01673579157441e-01
6.70000000000000e+00  3.27257616255469e-01
6.72500000000000e+00  3.49573434439739e-01
6.75000000000000e+00  3.68414402896512e-01
6.77500000000000e+00  3.83610513049503e-01
6.80000000000000e+00  3.95029846394114e-01
6.82500000000000e+00  4.02580042331680e-01
6.85000000000000e+00  4.06209766003710e-01
6.87500000000000e+00  4.05909029605692e-01
6.90000000000000e+00  4.01698379337762e-01
6.92500000000000e+00  3.93645902977504e-01
6.95000000000000e+00  3.81849951079802e-01
6.97500000000000e+00  3.66445372177088e-01
7.00000000000000e+00  3.47600652036555e-01
7.02500000000000e+00  3.25515052917367e-01
7.05000000000000e+00  3.00415752827874e-01
7.07500000000000e+00  2.72554984782821e-01
7.10000000000000e+00  2.42207176060562e-01
7.12500000000000e+00  2.09666087460277e-01
7.15000000000000e+00  1.75241952559170e-01
7.17500000000000e+00  1.39258616969700e-01
7.20000000000000e+00  1.02047729747036e-01
7.22500000000000e+00  6.39478010626639e-02
7.25000000000000e+00  2.52992222988764e-02
7.27500000000000e+00  -1.35560546280247e-02
7.30000000000000e+00  -5.22807462154668e-02
7.32500000000000e+00  -9.05446607656537e-02
7.35000000000000e+00  -1.28027121776629e-01
7.37500000000000e+00  -1.64419391333316e-01
7.40000000000000e+00  -1.99427093498580e-01
7.42500000000000e+00  -2.32772637704269e-01
7.45000000000000e+00  -2.64197642142276e-01
7.47500000000000e+00  -2.93465357155585e-01
7.50000000000000e+00  -3.20373916053337e-01
7.52500000000000e+00  -3.44703269790227e-01
7.55000000000000e+00  -3.66306174999401e-01
7.57500000000000e+00  -3.85038691741320e-01
7.60000000000000e+00  -4.00784625888806e-01
7.62500000000000e+00  -4.13454883785462e-01
7.65000000000000e+00  -4.22986826904111e-01
7.67500000000000e+00  -4.29343626505222e-01
7.70000000000000e+00  -4.32513618295340e-01
7.72500000000000e+00  -4.32509657085516e-01
7.75000000000000e+00  -4.29368471449735e-01
7.77500000000000e+00  -4.23150018383349e-01
7.80000000000000e+00  -4.13936837961506e-01
7.82500000000000e+00  -4.01829527900109e-01
7.85000000000000e+00  -3.86948255425655e-01
7.87500000000000e+00  -3.69430123819341e-01
7.90000000000000e+00  -3.49427721877851e-01
7.92500000000000e+00  -3.27107101313425e-01
7.95000000000000e+00  -3.02646021198783e-01
7.97500000000000e+00  -2.76232192412041e-01
8.00000000000000e+00  -2.48061522081637e-01
8.02500000000000e+00  -2.18336358031244e-01
8.05000000000000e+00  -1.87263733224700e-01
8.07500000000000e+00  -1.55053610210924e-01
8.10000000000000e+00  -1.21917125568836e-01
8.12500000000000e+00  -8.80994124098817e-02
8.15000000000000e+00  -5.36953752320982e-02
8.17500000000000e+00  -1.90127706640490e-02
8.20000000000000e+00  1.57610289283540e-02
8.22500000000000e+00  5.04421494200755e-02
8.25000000000000e+00  8.48514398109805e-02
8.27500000000000e+00  1.18815697109826e-01
8.30000000000000e+00  1.52168891218281e-01
8.32500000000000e+00  1.84753389814946e-01
8.35000000000000e+00  2.16421183239342e-01
8.37500000000000e+00  2.47035109375948e-01
8.40000000000000e+00  2.76470078538187e-01
8.42500000000000e+00  3.04614298352453e-01
8.45000000000000e+00  3.31367193475046e-01
8.47500000000000e+00  3.56642148538946e-01
8.50000000000000e+00  3.80367022062919e-01
8.52500000000000e+00  4.02480176176791e-01
8.55000000000000e+00  4.22934010167872e-01
8.57500000000000e+00  4.41693565727081e-01
8.60000000000000e+00  4.58735132195076e-01
8.62500000000000e+00  4.74044851808389e-01
8.65000000000000e+00  4.87617324945540e-01
8.67500000000000e+00  4.99454215373182e-01
8.70000000000000e+00  5.09562855492220e-01
8.72500000000000e+00  5.17954851583942e-01
8.75000000000000e+00  5.24713699230437e-01
8.77500000000000e+00  5.29796356494182e-01
8.80000000000000e+00  5.33322274649828e-01
8.82500000000000e+00  5.35332641508444e-01
8.85000000000000e+00  5.35877643780658e-01
8.87500000000000e+00  5.35015233694286e-01
8.90000000000000e+00  5.32809895611967e-01
8.92500000000000e+00  5.29331412648795e-01
8.95000000000000e+00  5.24653633289952e-01
8.97500000000000e+00  5.18853238008345e-01
9.00000000000000e+00  5.12008505882233e-01
9.02500000000000e+00  5.04198081212866e-01
9.05000000000000e+00  4.95499740142115e-01
9.07500000000000e+00  4.85992351330428e-01
9.10000000000000e+00  4.75752911421459e-01
9.12500000000000e+00  4.64856734156175e-01
9.15000000000000e+00  4.53377887690530e-01
9.17500000000000e+00  4.41388287692029e-01
9.20000000000000e+00  4.28957750476672e-01
9.22500000000000e+00  4.16154046145884e-01
9.25000000000000e+00  4.03042951723453e-01
9.27500000000000e+00  3.89688304292469e-01
9.30000000000000e+00  3.76152054132257e-01
9.32500000000000e+00  3.62494317855311e-01
9.35000000000000e+00  3.48773431544237e-01
9.37500000000000e+00  3.35025041336981e-01
9.40000000000000e+00  3.21300400051266e-01
9.42500000000000e+00  3.07642857418039e-01
9.45000000000000e+00  2.94092437923563e-01
9.47500000000000e+00  2.80685442228085e-01
9.50000000000000e+00  2.67454564347509e-01
9.52500000000000e+00  2.54429008835083e-01
9.55000000000000e+00  2.41634607963073e-01
9.57500000000000e+00  2.29093938904439e-01
9.60000000000000e+00  2.16826440914522e-01
9.62500000000000e+00  2.04848532512716e-01
9.65000000000000e+00  1.93173728664145e-01
9.67500000000000e+00  1.81812757961349e-01
9.70000000000000e+00  1.70773679805960e-01
9.72500000000000e+00  1.60062001590378e-01
9.75000000000000e+00  1.49680795879451e-01
9.77500000000000e+00  1.39630817592156e-01
9.80000000000000e+00  1.29910621183273e-01
9.82500000000000e+00  1.20516677825072e-01
9.85000000000000e+00  1.11443492588982e-01
9.87500000000000e+00  1.02683721627277e-01
9.90000000000000e+00  9.42282893547509e-02
9.92500000000000e+00  8.60665056303972e-02
9.95000000000000e+00  7.81861829390894e-02
9.97500000000000e+00  7.05737535732568e-02
1.00000000000000e+01  6.32143868145692e-02
