0.00000000000000e+00  -6.33676090784936e-02
2.50000000000000e-02  -7.05081830011731e-02
5.00000000000000e-02  -7.80496388054061e-02
7.50000000000000e-02  -8.59390837227478e-02
1.00000000000000e-01  -9.41417568044560e-02
1.25000000000000e-01  -1.02638137334771e-01
1.50000000000000e-01  -1.11421053244196e-01
1.75000000000000e-01  -1.20492789522775e-01
2.00000000000000e-01  -1.29862196633379e-01
2.25000000000000e-01  -1.39541798924983e-01
2.50000000000000e-01  -1.49544903045947e-01
2.75000000000000e-01  -1.59882706357296e-01
3.00000000000000e-01  -1.70561405346005e-01
3.25000000000000e-01  -1.81584688131481e-01
3.50000000000000e-01  -1.92948591304982e-01
3.75000000000000e-01  -2.04637398588419e-01
4.00000000000000e-01  -2.16639212142281e-01
4.25000000000000e-01  -2.28930865718252e-01
4.50000000000000e-01  -2.41482616471362e-01
4.75000000000000e-01  -2.54262836772142e-01
5.00000000000000e-01  -2.67242706018780e-01
5.25000000000000e-01  -2.80400902449275e-01
5.50000000000000e-01  -2.93728294953590e-01
5.75000000000000e-01  -3.07232634885811e-01
6.00000000000000e-01  -3.20943247876295e-01
6.25000000000000e-01  -3.34455176478800e-01
6.50000000000000e-01  -3.48433976555122e-01
6.75000000000000e-01  -3.62214590231047e-01
7.00000000000000e-01  -3.75830246834849e-01
7.25000000000000e-01  -3.89285824982752e-01
7.50000000000000e-01  -4.02561792212756e-01
7.75000000000000e-01  -4.15618144618474e-01
8.00000000000000e-01  -4.28398346482957e-01
8.25000000000000e-01  -4.40833269912533e-01
8.50000000000000e-01  -4.52845134470628e-01
8.75000000000000e-01  -4.64351446811608e-01
9.00000000000000e-01  -4.75268940314603e-01
9.25000000000000e-01  -4.85517514717339e-01
9.50000000000000e-01  -4.95013685182836e-01
9.75000000000000e-01  -5.03679898643194e-01
1.00000000000000e+00  -5.11446176211729e-01
1.02500000000000e+00  -5.18238379679453e-01
1.05000000000000e+00  -5.23989530354747e-01
1.07500000000000e+00  -5.28636073600388e-01
1.10000000000000e+00  -5.32114143370572e-01
1.12500000000000e+00  -5.34355826747946e-01
1.15000000000000e+00  -5.35285428480633e-01
1.17500000000000e+00  -5.34815735519261e-01
1.20000000000000e+00  -5.32844281553992e-01
1.22500000000000e+00  -5.29249611551546e-01
1.25000000000000e+00  -5.24340816955278e-01
1.27500000000000e+00  -5.17381476426229e-01
1.30000000000000e+00  -5.08936183095719e-01
1.32500000000000e+00  -4.98886588417845e-01
1.35000000000000e+00  -4.87149809281535e-01
1.37500000000000e+00  -4.73674604788569e-01
1.40000000000000e+00  -4.58437553031596e-01
1.42500000000000e+00  -4.41439227872154e-01
1.45000000000000e+00  -4.22700375718684e-01
1.47500000000000e+00  -4.02258092304552e-01
1.50000000000000e+00  -3.80161999466067e-01
1.52500000000000e+00  -3.56470421920496e-01
1.55000000000000e+00  -3.31246564044087e-01
1.57500000000000e+00  -3.04570807710933e-01
1.60000000000000e+00  -2.76527970877023e-01
1.62500000000000e+00  -2.47211419811488e-01
1.65000000000000e+00  -2.16724787710953e-01
1.67500000000000e+00  -1.85182153045810e-01
1.70000000000000e+00  -1.52709792067892e-01
1.72500000000000e+00  -1.19447931318147e-01
1.75000000000000e+00  -8.55525001343058e-02
1.77500000000000e+00  -5.11968831585556e-02
1.80000000000000e+00  -1.65736728452161e-02
1.82500000000000e+00  1.81035780315959e-02
1.85000000000000e+00  5.25986038702864e-02
1.87500000000000e+00  8.68099461383324e-02
1.90000000000000e+00  1.20557536307948e-01
1.92500000000000e+00  1.53573979073198e-01
1.95000000000000e+00  1.85655154599863e-01
1.97500000000000e+00  2.16594459482505e-01
2.00000000000000e+00  2.46184861155828e-01
2.02500000000000e+00  2.74220952306026e-01
2.05000000000000e+00  3.00501005282142e-01
2.07500000000000e+00  3.24829026507415e-01
2.10000000000000e+00  3.47016810890645e-01
2.12500000000000e+00  3.66885996237533e-01
2.15000000000000e+00  3.84270117662047e-01
2.17500000000000e+00  3.99016661997769e-01
2.20000000000000e+00  4.10988187540095e-01
2.22500000000000e+00  4.20064766526612e-01
2.25000000000000e+00  4.26146294737029e-01
2.27500000000000e+00  4.29150766186348e-01
2.30000000000000e+00  4.29018893206255e-01
2.32500000000000e+00  4.25714581124371e-01
2.35000000000000e+00  4.19225402943497e-01
2.37500000000000e+00  4.09563074020870e-01
2.40000000000000e+00  3.96763926747405e-01
2.42500000000000e+00  3.80889385226945e-01
2.45000000000000e+00  3.62026439955514e-01
2.47500000000000e+00  3.40288122500560e-01
2.50000000000000e+00  3.15813114891519e-01
2.52500000000000e+00  2.88785454773128e-01
2.55000000000000e+00  2.59385399524663e-01
2.57500000000000e+00  2.27826035902178e-01
2.60000000000000e+00  1.94344257810355e-01
2.62500000000000e+00  1.59198375466041e-01
2.65000000000000e+00  1.22665724561796e-01
2.67500000000000e+00  8.50402754294398e-02
2.70000000000000e+00  4.66302422035846e-02
2.72500000000000e+00  7.75569198519031e-03
2.75000000000000e+00  -3.12538459948974e-02
2.77500000000000e+00  -7.00617712124019e-02
2.80000000000000e+00  -1.08326802686072e-01
2.82500000000000e+00  -1.45709254598770e-01
2.85000000000000e+00  -1.81871277644701e-01
2.87500000000000e+00  -2.16481759156309e-01
2.90000000000000e+00  -2.49217532683925e-01
2.92500000000000e+00  -2.79768918561373e-01
2.95000000000000e+00  -3.07842639868825e-01
2.97500000000000e+00  -3.33164738395634e-01
3.00000000000000e+00  -3.55483490603185e-01
3.02500000000000e+00  -3.74572323587738e-01
3.05000000000000e+00  -3.90232731043271e-01
3.07500000000000e+00  -4.02297189224325e-01
3.10000000000000e+00  -4.10632072908846e-01
3.12500000000000e+00  -4.15136479950827e-01
3.15000000000000e+00  -4.15746908714546e-01
3.17500000000000e+00  -4.12439740758511e-01
3.20000000000000e+00  -4.05224989555659e-01
3.22500000000000e+00  -3.94154758186663e-01
3.25000000000000e+00  -3.79321822607724e-01
3.27500000000000e+00  -3.60858214918371e-01
3.30000000000000e+00  -3.38933806629245e-01
3.32500000000000e+00  -3.13754891929901e-01
3.35000000000000e+00  -2.85562770956591e-01
3.37500000000000e+00  -2.54632333060067e-01
3.40000000000000e+00  -2.21270640073366e-01
3.42500000000000e+00  -1.85815509579610e-01
3.45000000000000e+00  -1.48625510897697e-01
3.47500000000000e+00  -1.10083014171774e-01
3.50000000000000e+00  -7.05883579863619e-02
3.52500000000000e+00  -3.05554742822157e-02
3.55000000000000e+00  9.59208619808384e-03
3.57500000000000e+00  4.94258383273559e-02
3.60000000000000e+00  8.85170470110435e-02
3.62500000000000e+00  1.26441411604438e-01
3.65000000000000e+00  1.62783750329905e-01
3.67500000000000e+00  1.97142684694106e-01
3.70000000000000e+00  2.29135323905225e-01
3.72500000000000e+00  2.58401949290193e-01
3.75000000000000e+00  2.84614242511392e-01
3.77500000000000e+00  3.07454545972436e-01
3.80000000000000e+00  3.26671552344100e-01
3.82500000000000e+00  3.42031446809960e-01
3.85000000000000e+00  3.53345599022108e-01
3.87500000000000e+00  3.60471152952794e-01
3.90000000000000e+00  3.63311616746054e-01
3.92500000000000e+00  3.61817452569348e-01
3.95000000000000e+00  3.55986666465197e-01
3.97500000000000e+00  3.45865398202812e-01
4.00000000000000e+00  3.31548511129734e-01
4.02500000000000e+00  3.13180182023465e-01
4.05000000000000e+00  2.90954490943105e-01
4.07500000000000e+00  2.65104736824916e-01
4.10000000000000e+00  2.35909555031910e-01
4.12500000000000e+00  2.03688535480961e-01
4.15000000000000e+00  1.68795001657684e-01
4.17500000000000e+00  1.31616164703226e-01
4.20000000000000e+00  9.25678917365985e-02
4.22500000000000e+00  5.20894741770166e-02
4.25000000000000e+00  1.06383960662371e-02
4.27500000000000e+00  -3.13148976091128e-02
4.30000000000000e+00  -7.32922325951881e-02
4.32500000000000e+00  -1.14812937048600e-01
4.35000000000000e+00  -1.55399073214066e-01
4.37500000000000e+00  -1.94582978864536e-01
4.40000000000000e+00  -2.31906614921315e-01
4.42500000000000e+00  -2.66944559693939e-01
4.45000000000000e+00  -2.99283845443994e-01
4.47500000000000e+00  -3.28545459972693e-01
4.50000000000000e+00  -3.54387194693467e-01
4.52500000000000e+00  -3.76506492704523e-01
4.55000000000000e+00  -3.94643296861416e-01
4.57500000000000e+00  -4.08582897849623e-01
4.60000000000000e+00  -4.18158782257108e-01
4.62500000000000e+00  -4.23255480646896e-01
4.65000000000000e+00  -4.23811415629642e-01
4.67500000000000e+00  -4.19821749936201e-01
4.70000000000000e+00  -4.11329376188552e-01
4.72500000000000e+00  -3.98433387992512e-01
4.75000000000000e+00  -3.81287389741999e-01
4.77500000000000e+00  -3.60090804377906e-01
4.80000000000000e+00  -3.35093886361543e-01
4.82500000000000e+00  -3.06593194856881e-01
4.85000000000000e+00  -2.74927066912791e-01
4.87500000000000e+00  -2.40471090645292e-01
4.90000000000000e+00  -2.03633578419783e-01
4.92500000000000e+00  -1.64851040033296e-01
4.95000000000000e+00  -1.24583655896737e-01
4.97500000000000e+00  -8.33107502171166e-02
5.00000000000000e+00  -4.15167887293922e-02
5.02500000000000e+00  2.86934512122992e-04
5.05000000000000e+00  4.16170754209814e-02
5.07500000000000e+00  8.19795838666666e-02
5.10000000000000e+00  1.20894959762288e-01
5.12500000000000e+00  1.57902782042801e-01
5.15000000000000e+00  1.92566237643256e-01
5.17500000000000e+00  2.24476650477025e-01
5.20000000000000e+00  2.53258010414033e-01
5.22500000000000e+00  2.78571502259003e-01
5.25000000000000e+00  3.00120034729677e-01
5.27500000000000e+00  3.17652769435061e-01
5.30000000000000e+00  3.30969649853654e-01
5.32500000000000e+00  3.39916471403269e-01
5.35000000000000e+00  3.44393506047950e-01
5.37500000000000e+00  3.44357165504209e-01
5.40000000000000e+00  3.39811680082832e-01
5.42500000000000e+00  3.30817972371808e-01
5.45000000000000e+00  3.17490822574759e-01
5.47500000000000e+00  2.99996033849369e-01
5.50000000000000e+00  2.78547597645817e-01
5.52500000000000e+00  2.53404859045199e-01
5.55000000000000e+00  2.24869682097966e-01
5.57500000000000e+00  1.93283615162348e-01
5.60000000000000e+00  1.59025056242783e-01
5.62500000000000e+00  1.22503638067587e-01
5.65000000000000e+00  8.41511098721645e-02
5.67500000000000e+00  4.44178356679774e-02
5.70000000000000e+00  3.77295068791355e-03
5.72500000000000e+00  -3.73064759483568e-02
5.75000000000000e+00  -7.83406761686989e-02
5.77500000000000e+00  -1.18852417882857e-01
5.80000000000000e+00  -1.58372239916777e-01
5.82500000000000e+00  -1.96443686946936e-01
5.85000000000000e+00  -2.32628544434681e-01
5.87500000000000e+00  -2.66512073560545e-01
5.90000000000000e+00  -2.97708246158594e-01
5.92500000000000e+00  -3.25864979650746e-01
5.95000000000000e+00  -3.50663965085333e-01
5.97500000000000e+00  -3.71827874284420e-01
6.00000000000000e+00  -3.89124782083732e-01
6.02500000000000e+00  -4.02361988792893e-01
6.05000000000000e+00  -4.11396731251301e-01
6.07500000000000e+00  -4.16135580036902e-01
6.10000000000000e+00  -4.16533836674961e-01
6.12500000000000e+00  -4.12594930846831e-01
6.15000000000000e+00  -4.04369817598727e-01
6.17500000000000e+00  -3.91956374550498e-01
6.20000000000000e+00  -3.75498799104395e-01
6.22500000000000e+00  -3.55187005653845e-01
6.25000000000000e+00  -3.31249577529848e-01
6.27500000000000e+00  -3.03959369302884e-01
6.30000000000000e+00  -2.73615043075177e-01
6.32500000000000e+00  -2.40550822250001e-01
6.35000000000000e+00  -2.05128320337692e-01
6.37500000000000e+00  -1.67731914637887e-01
6.40000000000000e+00  -1.28764119921735e-01
6.42500000000000e+00  -8.86409621141423e-02
6.45000000000000e+00  -4.77873519759825e-02
6.47500000000000e+00  -6.63245878633333e-03
6.50000000000000e+00  3.43949159752931e-02
6.52500000000000e+00  7.48709649467349e-02
6.55000000000000e+00  1.14381501200941e-01
6.57500000000000e+00  1.52526066301144e-01
6.60000000000000e+00  1.88922122133433e-01
6.62500000000000e+00  2.23210753135329e-01
6.65000000000000e+00  2.55054106014174e-01
6.67500000000000e+00  2.84144915977221e-01
6.70000000000000e+00  3.10208018724729e-01
6.72500000000000e+00  3.33001862443060e-01
6.75000000000000e+00  3.52320019797763e-01
6.77500000000000e+00  3.67992699926671e-01
6.80000000000000e+00  3.79888260432992e-01
6.82500000000000e+00  3.87914719378396e-01
6.85000000000000e+00  3.92021267276115e-01
6.87500000000000e+00  3.92193491200018e-01
6.90000000000000e+00  3.88460856276290e-01
6.92500000000000e+00  3.80882926223189e-01
6.95000000000000e+00  3.69558786695231e-01
6.97500000000000e+00  3.54623564401763e-01
7.00000000000000e+00  3.36245639441214e-01
7.02500000000000e+00  3.14623857635323e-01
7.05000000000000e+00  2.89984742863386e-01
7.07500000000000e+00  2.62579709396487e-01
7.10000000000000e+00  2.32682274231743e-01
7.12500000000000e+00  2.00585269426544e-01
7.15000000000000e+00  1.66598054432784e-01
7.17500000000000e+00  1.31043728431109e-01
7.20000000000000e+00  9.42530196188644e-02
7.22500000000000e+00  5.65636877591378e-02
7.25000000000000e+00  1.83154693504665e-02
7.27500000000000e+00  -2.01503661346714e-02
7.30000000000000e+00  -5.84971266522166e-02
7.32500000000000e+00  -9.63951501529445e-02
7.35000000000000e+00  -1.33524257148899e-01
7.37500000000000e+00  -1.69576203279803e-01
7.40000000000000e+00  -2.04257131879491e-01
7.42500000000000e+00  -2.37290026542318e-01
7.45000000000000e+00  -2.68417163689595e-01
7.47500000000000e+00  -2.97402565136002e-01
7.50000000000000e+00  -3.24031963249879e-01
7.52500000000000e+00  -3.48120560144462e-01
7.55000000000000e+00  -3.69488918279478e-01
7.57500000000000e+00  -3.87997076990479e-01
7.60000000000000e+00  -4.03531600981365e-01
7.62500000000000e+00  -4.16005102568331e-01
7.65000000000000e+00  -4.25355763923821e-01
7.67500000000000e+00  -4.31546859320465e-01
7.70000000000000e+00  -4.34566277375033e-01
7.72500000000000e+00  -4.34426043292379e-01
7.75000000000000e+00  -4.31161841109388e-01
7.77500000000000e+00  -4.24832535938927e-01
7.80000000000000e+00  -4.15519696213784e-01
7.82500000000000e+00  -4.03322986761840e-01
7.85000000000000e+00  -3.88361882960372e-01
7.87500000000000e+00  -3.70773359095308e-01
7.90000000000000e+00  -3.50709474364297e-01
7.92500000000000e+00  -3.28336230939234e-01
7.95000000000000e+00  -3.03831530492606e-01
7.97500000000000e+00  -2.77383130723825e-01
8.00000000000000e+00  -2.49186601885578e-01
8.02500000000000e+00  -2.19443283310151e-01
8.05000000000000e+00  -1.88358239935785e-01
8.07500000000000e+00  -1.56138218833009e-01
8.10000000000000e+00  -1.22989605730976e-01
8.12500000000000e+00  -8.89556641531102e-02
8.15000000000000e+00  -5.47843864172479e-02
8.17500000000000e+00  -2.01748639520960e-02
8.20000000000000e+00  1.46120376939952e-02
8.22500000000000e+00  4.93400294466543e-02
8.25000000000000e+00  8.37956263448379e-02
8.27500000000000e+00  1.17786375180149e-01
8.30000000000000e+00  1.51139082136184e-01
8.32500000000000e+00  1.83698040427874e-01
8.35000000000000e+00  2.15323257940807e-01
8.37500000000000e+00  2.45888684870585e-01
8.40000000000000e+00  2.75280441362141e-01
8.42500000000000e+00  3.03395045149087e-01
8.45000000000000e+00  3.30139295960600e-01
8.47500000000000e+00  3.55428493237299e-01
8.50000000000000e+00  3.79182346063660e-01
8.52500000000000e+00  4.01337724058890e-01
8.55000000000000e+00  4.21836364284685e-01
8.57500000000000e+00  4.40628705318816e-01
8.60000000000000e+00  4.57677721328712e-01
8.62500000000000e+00  4.72962756145056e-01
8.65000000000000e+00  4.86483357335365e-01
8.67500000000000e+00  4.98263110277580e-01
8.70000000000000e+00  5.08353472233657e-01
8.72500000000000e+00  5.16837606423150e-01
8.75000000000000e+00  5.23379949563691e-01
8.77500000000000e+00  5.28776388917848e-01
8.80000000000000e+00  5.32403421744157e-01
8.82500000000000e+00  5.34405293929775e-01
8.85000000000000e+00  5.34903533018135e-01
8.87500000000000e+00  5.34000682351609e-01
8.90000000000000e+00  5.31784035214183e-01
8.92500000000000e+00  5.28329368974126e-01
8.95000000000000e+00  5.23704679226656e-01
8.97500000000000e+00  5.17973913936615e-01
9.00000000000000e+00  5.11200707581131e-01
9.02500000000000e+00  5.03452115292297e-01
9.05000000000000e+00  4.94802346999831e-01
9.07500000000000e+00  4.85321455672714e-01
9.10000000000000e+00  4.75087062819695e-01
9.12500000000000e+00  4.64182717568914e-01
9.15000000000000e+00  4.52688584742264e-01
9.17500000000000e+00  4.40687991407854e-01
9.20000000000000e+00  4.28263488222394e-01
9.22500000000000e+00  4.15492910773556e-01
9.25000000000000e+00  4.02445440922350e-01
9.27500000000000e+00  3.89177668145496e-01
9.30000000000000e+00  3.75729650877796e-01
9.32500000000000e+00  3.62120977854507e-01
9.35000000000000e+00  3.48346829453709e-01
9.37500000000000e+00  3.34834501362441e-01
9.40000000000000e+00  3.20867551972689e-01
9.42500000000000e+00  3.07162023844072e-01
9.45000000000000e+00  2.93662373688012e-01
9.47500000000000e+00  2.80339318026133e-01
9.50000000000000e+00  2.67185142078659e-01
9.52500000000000e+00  2.54209008652829e-01
9.55000000000000e+00  2.41432267031302e-01
9.57500000000000e+00  2.28883761860556e-01
9.60000000000000e+00  2.16595142039302e-01
9.62500000000000e+00  2.04596169606888e-01
9.65000000000000e+00  1.92910028631701e-01
9.67500000000000e+00  1.81548634099580e-01
9.70000000000000e+00  1.70527716430429e-01
9.72500000000000e+00  1.59851252751479e-01
9.75000000000000e+00  1.49515567601247e-01
9.77500000000000e+00  1.39514475429932e-01
9.80000000000000e+00  1.29836788588428e-01
9.82500000000000e+00  1.20469208635146e-01
9.85000000000000e+00  1.11399217642834e-01
9.87500000000000e+00  1.02617969505401e-01
9.90000000000000e+00  9.41231812447329e-02
9.92500000000000e+00  8.59220243175178e-02
9.95000000000000e+00  7.80340159220671e-02
9.97500000000000e+00  7.04939103051340e-02
1.00000000000000e+01  6.33545900687404e-02
