0.00000000000000e+00  -6.47996294359508e-02
2.50000000000000e-02  -7.11753679312788e-02
5.00000000000000e-02  -7.85324978344382e-02
7.50000000000000e-02  -8.65523478053341e-02
1.00000000000000e-01  -9.50108375908468e-02
1.25000000000000e-01  -1.03764575287924e-01
1.50000000000000e-01  -1.12736954606671e-01
1.75000000000000e-01  -1.21904252133441e-01
2.00000000000000e-01  -1.31281724593929e-01
2.25000000000000e-01  -1.40909706116263e-01
2.50000000000000e-01  -1.50839705494094e-01
2.75000000000000e-01  -1.61120503449689e-01
3.00000000000000e-01  -1.71784249897020e-01
3.25000000000000e-01  -1.82861039299880e-01
3.50000000000000e-01  -1.94352565945029e-01
3.75000000000000e-01  -2.06212817242155e-01
4.00000000000000e-01  -2.18425361444670e-01
4.25000000000000e-01  -2.30929630831421e-01
4.50000000000000e-01  -2.43644217863040e-01
4.75000000000000e-01  -2.56490171338274e-01
5.00000000000000e-01  -2.69414292550330e-01
5.25000000000000e-01  -2.82412431443210e-01
5.50000000000000e-01  -2.95552782768056e-01
5.75000000000000e-01  -3.08999182239488e-01
6.00000000000000e-01  -3.23034402691937e-01
6.25000000000000e-01  -3.35953319416786e-01
6.50000000000000e-01  -3.50806131117014e-01
6.75000000000000e-01  -3.64862020042103e-01
7.00000000000000e-01  -3.78435889945130e-01
7.25000000000000e-01  -3.91729435502401e-01
7.50000000000000e-01  -4.04848036547381e-01
7.75000000000000e-01  -4.17817652304624e-01
8.00000000000000e-01  -4.30601715623703e-01
8.25000000000000e-01  -4.43118027213147e-01
8.50000000000000e-01  -4.55255649874360e-01
8.75000000000000e-01  -4.66891802735563e-01
9.00000000000000e-01  -4.77908755485717e-01
9.25000000000000e-01  -4.88210722608455e-01
9.50000000000000e-01  -4.97688818414042e-01
9.75000000000000e-01  -5.06264988243999e-01
1.00000000000000e+00  -5.13894425670215e-01
1.02500000000000e+00  -5.20516840711418e-01
1.05000000000000e+00  -5.26099833643915e-01
1.07500000000000e+00  -5.30621492313744e-01
1.10000000000000e+00  -5.34052989448801e-01
1.12500000000000e+00  -5.36341179970990e-01
1.15000000000000e+00  -5.37391198308361e-01
1.17500000000000e+00  -5.37049055707249e-01
1.20000000000000e+00  -5.35084237544415e-01
1.22500000000000e+00  -5.31172300639188e-01
1.25000000000000e+00  -5.26685485443488e-01
1.27500000000000e+00  -5.18977451729859e-01
1.30000000000000e+00  -5.10270141507642e-01
1.32500000000000e+00  -5.00206727736876e-01
1.35000000000000e+00  -4.88540695532895e-01
1.37500000000000e+00  -4.75120070550187e-01
1.40000000000000e+00  -4.59871647366244e-01
1.42500000000000e+00  -4.42785217865417e-01
1.45000000000000e+00  -4.23897799622767e-01
1.47500000000000e+00  -4.03277864287923e-01
1.50000000000000e+00  -3.81009565968932e-01
1.52500000000000e+00  -3.57176969616111e-01
1.55000000000000e+00  -3.31848279405906e-01
1.57500000000000e+00  -3.05123016344151e-01
1.60000000000000e+00  -2.77082411556381e-01
1.62500000000000e+00  -2.47803979193404e-01
1.65000000000000e+00  -2.17372321271406e-01
1.67500000000000e+00  -1.85876159573046e-01
1.70000000000000e+00  -1.53416904962095e-01
1.72500000000000e+00  -1.20117226698078e-01
1.75000000000000e+00  -8.61296217509088e-02
1.77500000000000e+00  -5.16449841155324e-02
1.80000000000000e+00  -1.69011741265668e-02
1.82500000000000e+00  1.78084122270645e-02
1.85000000000000e+00  5.21262739874844e-02
1.87500000000000e+00  8.62278849295939e-02
1.90000000000000e+00  1.19989846358708e-01
1.92500000000000e+00  1.52986104469422e-01
1.95000000000000e+00  1.85027108727192e-01
1.97500000000000e+00  2.15916577417331e-01
2.00000000000000e+00  2.45454229362751e-01
2.02500000000000e+00  2.73438515641693e-01
2.05000000000000e+00  2.99669351305465e-01
2.07500000000000e+00  3.23950847096170e-01
2.10000000000000e+00  3.46094041164447e-01
2.12500000000000e+00  3.65919630787200e-01
2.15000000000000e+00  3.83260704085337e-01
2.17500000000000e+00  3.97965471741501e-01
2.20000000000000e+00  4.09896070872379e-01
2.22500000000000e+00  4.18934381338221e-01
2.25000000000000e+00  4.24982195367438e-01
2.27500000000000e+00  4.27959805367812e-01
2.30000000000000e+00  4.27810669241704e-01
2.32500000000000e+00  4.24501486375478e-01
2.35000000000000e+00  4.18022273628930e-01
2.37500000000000e+00  4.08386441324724e-01
2.40000000000000e+00  3.95630869237812e-01
2.42500000000000e+00  3.79815982584872e-01
2.45000000000000e+00  3.61025828013729e-01
2.47500000000000e+00  3.39368149592791e-01
2.50000000000000e+00  3.14982233007504e-01
2.52500000000000e+00  2.88107735093533e-01
2.55000000000000e+00  2.58870964566048e-01
2.57500000000000e+00  2.27492803095613e-01
2.60000000000000e+00  1.94216073406287e-01
2.62500000000000e+00  1.59303383049039e-01
2.65000000000000e+00  1.23034968175157e-01
2.67500000000000e+00  8.57065373096591e-02
2.70000000000000e+00  4.76271151246972e-02
2.72500000000000e+00  9.11688621297538e-03
2.75000000000000e+00  -2.94949611388449e-02
2.77500000000000e+00  -6.78723911767339e-02
2.80000000000000e+00  -1.05674676905883e-01
2.82500000000000e+00  -1.42562941415200e-01
2.85000000000000e+00  -1.78199911296857e-01
2.87500000000000e+00  -2.12254268142067e-01
2.90000000000000e+00  -2.44403858084020e-01
2.92500000000000e+00  -2.74339214679253e-01
2.95000000000000e+00  -3.01766983462801e-01
2.97500000000000e+00  -3.26413346503359e-01
3.00000000000000e+00  -3.48027446958438e-01
3.02500000000000e+00  -3.66384813629518e-01
3.05000000000000e+00  -3.81290785517208e-01
3.07500000000000e+00  -3.92583936376402e-01
3.10000000000000e+00  -4.00139499271434e-01
3.12500000000000e+00  -4.03822162958189e-01
3.15000000000000e+00  -4.03640636874784e-01
3.17500000000000e+00  -3.99510768569681e-01
3.20000000000000e+00  -3.91453605294646e-01
3.22500000000000e+00  -3.79529162794504e-01
3.25000000000000e+00  -3.63835487390745e-01
3.27500000000000e+00  -3.44507718065127e-01
3.30000000000000e+00  -3.21717148543291e-01
3.32500000000000e+00  -2.95670289378359e-01
3.35000000000000e+00  -2.66607930034544e-01
3.37500000000000e+00  -2.34804200970758e-01
3.40000000000000e+00  -2.00565635724217e-01
3.42500000000000e+00  -1.64230232994051e-01
3.45000000000000e+00  -1.26155464657416e-01
3.47500000000000e+00  -8.67239557038502e-02
3.50000000000000e+00  -4.63357543928357e-02
3.52500000000000e+00  -5.40472935415945e-03
3.55000000000000e+00  3.56455974437872e-02
3.57500000000000e+00  7.63869085978350e-02
3.60000000000000e+00  1.16390949173863e-01
3.62500000000000e+00  1.55234384610623e-01
3.65000000000000e+00  1.92503658623570e-01
3.67500000000000e+00  2.27799851108681e-01
3.70000000000000e+00  2.60743536046289e-01
3.72500000000000e+00  2.90979639404903e-01
3.75000000000000e+00  3.18164067116682e-01
3.77500000000000e+00  3.41999432010136e-01
3.80000000000000e+00  3.62220691581561e-01
3.82500000000000e+00  3.78596147140376e-01
3.85000000000000e+00  3.90938481416683e-01
3.87500000000000e+00  3.99105436461053e-01
3.90000000000000e+00  4.03000491544301e-01
3.92500000000000e+00  4.02573541057267e-01
3.95000000000000e+00  3.97821572410599e-01
3.97500000000000e+00  3.88789343934529e-01
4.00000000000000e+00  3.75570062778659e-01
4.02500000000000e+00  3.58306062811733e-01
4.05000000000000e+00  3.37189482521426e-01
4.07500000000000e+00  3.12451232008206e-01
4.10000000000000e+00  2.84368123855909e-01
4.12500000000000e+00  2.53257403329010e-01
4.15000000000000e+00  2.19470096327907e-01
4.17500000000000e+00  1.83391024197723e-01
4.20000000000000e+00  1.45433531127649e-01
4.22500000000000e+00  1.06034211550304e-01
4.25000000000000e+00  6.56476375410782e-02
4.27500000000000e+00  2.47410862174842e-02
4.30000000000000e+00  -1.62107328614880e-02
4.32500000000000e+00  -5.67309502960276e-02
4.35000000000000e+00  -9.63458094461420e-02
4.37500000000000e+00  -1.34591785009456e-01
4.40000000000000e+00  -1.71003815242380e-01
4.42500000000000e+00  -2.05168011829898e-01
4.45000000000000e+00  -2.36673345620976e-01
4.47500000000000e+00  -2.65142830332154e-01
4.50000000000000e+00  -2.90236300302353e-01
4.52500000000000e+00  -3.11653188247667e-01
4.55000000000000e+00  -3.29135303016153e-01
4.57500000000000e+00  -3.42469607342630e-01
4.60000000000000e+00  -3.51490995603474e-01
4.62500000000000e+00  -3.56085071571412e-01
4.65000000000000e+00  -3.56190926170317e-01
4.67500000000000e+00  -3.51803915230002e-01
4.70000000000000e+00  -3.42966969411334e-01
4.72500000000000e+00  -3.29779168109421e-01
4.75000000000000e+00  -3.12393037871303e-01
4.77500000000000e+00  -2.91007110870865e-01
4.80000000000000e+00  -2.65870326027141e-01
4.82500000000000e+00  -2.37277568905227e-01
4.85000000000000e+00  -2.05565211617178e-01
4.87500000000000e+00  -1.71106652722924e-01
4.90000000000000e+00  -1.34307857131166e-01
4.92500000000000e+00  -9.56028960002867e-02
4.95000000000000e+00  -5.54494866392618e-02
4.97500000000000e+00  -1.43245324085540e-02
5.00000000000000e+00  2.72927881231710e-02
5.02500000000000e+00  6.88883321344793e-02
5.05000000000000e+00  1.09986425179854e-01
5.07500000000000e+00  1.50094783874516e-01
5.10000000000000e+00  1.88735762922486e-01
5.12500000000000e+00  2.25450832194840e-01
5.15000000000000e+00  2.59805053807994e-01
5.17500000000000e+00  2.91391559201964e-01
5.20000000000000e+00  3.19836026218637e-01
5.22500000000000e+00  3.44801156180043e-01
5.25000000000000e+00  3.65991150966622e-01
5.27500000000000e+00  3.83156190095495e-01
5.30000000000000e+00  3.96096907798731e-01
5.32500000000000e+00  4.04659972846175e-01
5.35000000000000e+00  4.08745570190151e-01
5.37500000000000e+00  4.08310183884205e-01
5.40000000000000e+00  4.03357903697260e-01
5.42500000000000e+00  3.93949305832947e-01
5.45000000000000e+00  3.80198695550358e-01
5.47500000000000e+00  3.62271349784793e-01
5.50000000000000e+00  3.40380759768514e-01
5.52500000000000e+00  3.14785873651495e-01
5.55000000000000e+00  2.85788339122175e-01
5.57500000000000e+00  2.53729746028207e-01
5.60000000000000e+00  2.18988868997206e-01
5.62500000000000e+00  1.81975662964265e-01
5.65000000000000e+00  1.43109645605239e-01
5.67500000000000e+00  1.02854150718987e-01
5.70000000000000e+00  6.16763186696751e-02
5.72500000000000e+00  2.00517738621005e-02
5.75000000000000e+00  -2.15406845631141e-02
5.77500000000000e+00  -6.26243920343419e-02
5.80000000000000e+00  -1.02730127853758e-01
5.82500000000000e+00  -1.41401424502146e-01
5.85000000000000e+00  -1.78199876943722e-01
5.87500000000000e+00  -2.12710451930929e-01
5.90000000000000e+00  -2.44546797309267e-01
5.92500000000000e+00  -2.73356551322088e-01
5.95000000000000e+00  -2.98821286997026e-01
5.97500000000000e+00  -3.20663072342311e-01
6.00000000000000e+00  -3.38650256741730e-01
6.02500000000000e+00  -3.52589967168101e-01
6.05000000000000e+00  -3.62339379932806e-01
6.07500000000000e+00  -3.67805001297489e-01
6.10000000000000e+00  -3.68941948085770e-01
6.12500000000000e+00  -3.65753228294943e-01
6.15000000000000e+00  -3.58289021707687e-01
6.17500000000000e+00  -3.46645960503771e-01
6.20000000000000e+00  -3.30966409871757e-01
6.22500000000000e+00  -3.11437748620710e-01
6.25000000000000e+00  -2.88285001949612e-01
6.27500000000000e+00  -2.61796109377007e-01
6.30000000000000e+00  -2.32252516991490e-01
6.32500000000000e+00  -1.99988969466174e-01
6.35000000000000e+00  -1.65366739750634e-01
6.37500000000000e+00  -1.28769166401175e-01
6.40000000000000e+00  -9.05971909110758e-02
6.42500000000000e+00  -5.12648950408629e-02
6.45000000000000e+00  -1.11950381485537e-02
6.47500000000000e+00  2.91854054800796e-02
6.50000000000000e+00  6.94497093012474e-02
6.52500000000000e+00  1.09175857182897e-01
6.55000000000000e+00  1.47951006074444e-01
6.57500000000000e+00  1.85376910248922e-01
6.60000000000000e+00  2.21072005311129e-01
6.62500000000000e+00  2.54678261896776e-01
6.65000000000000e+00  2.85859175021656e-01
6.67500000000000e+00  3.14308261011552e-01
6.70000000000000e+00  3.39750680788776e-01
6.72500000000000e+00  3.61944863158732e-01
6.75000000000000e+00  3.80684128096452e-01
6.77500000000000e+00  3.95798310033157e-01
6.80000000000000e+00  4.07155381142795e-01
6.82500000000000e+00  4.14663074628598e-01
6.85000000000000e+00  4.18270508009628e-01
6.87500000000000e+00  4.17949918807048e-01
6.90000000000000e+00  4.13757660658811e-01
6.92500000000000e+00  4.05726788843321e-01
6.95000000000000e+00  3.93957935681705e-01
6.97500000000000e+00  3.78586532390471e-01
7.00000000000000e+00  3.59780266926777e-01
7.02500000000000e+00  3.37736541833676e-01
7.05000000000000e+00  3.12679932085379e-01
7.07500000000000e+00  2.84859642932504e-01
7.10000000000000e+00  2.54546967747332e-01
7.12500000000000e+00  2.22032745869070e-01
7.15000000000000e+00  1.87624820449093e-01
7.17500000000000e+00  1.51645496296213e-01
7.20000000000000e+00  1.14423700182861e-01
7.22500000000000e+00  7.62963913107774e-02
7.25000000000000e+00  3.76030320642445e-02
7.27500000000000e+00  -1.31578266427945e-03
7.30000000000000e+00  -4.01235066710984e-02
7.32500000000000e+00  -7.84902443165604e-02
7.35000000000000e+00  -1.16095352400357e-01
7.37500000000000e+00  -1.52630042036794e-01
7.40000000000000e+00  -1.87799980530097e-01
7.42500000000000e+00  -2.21327893249680e-01
7.45000000000000e+00  -2.52956165505443e-01
7.47500000000000e+00  -2.82449444423059e-01
7.50000000000000e+00  -3.09563248097415e-01
7.52500000000000e+00  -3.34189551910094e-01
7.55000000000000e+00  -3.56077295903913e-01
7.57500000000000e+00  -3.75093942009183e-01
7.60000000000000e+00  -3.91130984518551e-01
7.62500000000000e+00  -4.04103833740568e-01
7.65000000000000e+00  -4.13951699653251e-01
7.67500000000000e+00  -4.20637475557656e-01
7.70000000000000e+00  -4.24147621731440e-01
7.72500000000000e+00  -4.24492049082434e-01
7.75000000000000e+00  -4.21704002802201e-01
7.77500000000000e+00  -4.15839946019614e-01
7.80000000000000e+00  -4.06979443454413e-01
7.82500000000000e+00  -3.95220602151917e-01
7.85000000000000e+00  -3.80681361145508e-01
7.87500000000000e+00  -3.63499287061236e-01
7.90000000000000e+00  -3.43825990925521e-01
7.92500000000000e+00  -3.21828110043085e-01
7.95000000000000e+00  -2.97684646227861e-01
7.97500000000000e+00  -2.71584304033885e-01
8.00000000000000e+00  -2.43722828986215e-01
8.02500000000000e+00  -2.14300345811820e-01
8.05000000000000e+00  -1.83518696670496e-01
8.07500000000000e+00  -1.51578779385762e-01
8.10000000000000e+00  -1.18677885675764e-01
8.12500000000000e+00  -8.43883354049332e-02
8.15000000000000e+00  -5.09832426067180e-02
8.17500000000000e+00  -1.67420979730881e-02
8.20000000000000e+00  1.79010702493703e-02
8.22500000000000e+00  5.25860192019126e-02
8.25000000000000e+00  8.70175420475596e-02
8.27500000000000e+00  1.20956718604990e-01
8.30000000000000e+00  1.54212165982463e-01
8.32500000000000e+00  1.86631289211733e-01
8.35000000000000e+00  2.18091531881946e-01
8.37500000000000e+00  2.48491626773573e-01
8.40000000000000e+00  2.77742846492300e-01
8.42500000000000e+00  3.05760254102950e-01
8.45000000000000e+00  3.32466270436465e-01
8.47500000000000e+00  3.57779242900856e-01
8.50000000000000e+00  3.81599058886825e-01
8.52500000000000e+00  4.03856899713512e-01
8.55000000000000e+00  4.24468014735382e-01
8.57500000000000e+00  4.43347589173231e-01
8.60000000000000e+00  4.60426611945221e-01
8.62500000000000e+00  4.75667743497897e-01
8.65000000000000e+00  4.89081183637208e-01
8.67500000000000e+00  5.00740539359531e-01
8.70000000000000e+00  5.10798692682691e-01
8.72500000000000e+00  5.19503668476988e-01
8.75000000000000e+00  5.25398374213760e-01
8.77500000000000e+00  5.31689248880348e-01
8.80000000000000e+00  5.35596388041754e-01
8.82500000000000e+00  5.37555610767841e-01
8.85000000000000e+00  5.37891389590792e-01
8.87500000000000e+00  5.36834256622817e-01
8.90000000000000e+00  5.34538209673856e-01
8.92500000000000e+00  5.31098118369286e-01
8.95000000000000e+00  5.26567130267621e-01
8.97500000000000e+00  5.20974076978220e-01
9.00000000000000e+00  5.14340880278987e-01
9.02500000000000e+00  5.06699958234083e-01
9.05000000000000e+00  4.98111631311621e-01
9.07500000000000e+00  4.88620752559399e-01
9.10000000000000e+00  4.78305431103554e-01
9.12500000000000e+00  4.67274613358359e-01
9.15000000000000e+00  4.55624164218785e-01
9.17500000000000e+00  4.43471893373680e-01
9.20000000000000e+00  4.30940659399036e-01
9.22500000000000e+00  4.18141473851255e-01
9.25000000000000e+00  4.05156605360406e-01
9.27500000000000e+00  3.92022683723496e-01
9.30000000000000e+00  3.78713803997732e-01
9.32500000000000e+00  3.65124630593785e-01
9.35000000000000e+00  3.51053501369049e-01
9.37500000000000e+00  3.38315833286131e-01
9.40000000000000e+00  3.23252002348209e-01
9.42500000000000e+00  3.09202340870761e-01
9.45000000000000e+00  2.95741885649253e-01
9.47500000000000e+00  2.82587905148154e-01
9.50000000000000e+00  2.69576602756667e-01
9.52500000000000e+00  2.56639820044461e-01
9.55000000000000e+00  2.43781740017399e-01
9.57500000000000e+00  2.31055590373264e-01
9.60000000000000e+00  2.18540346757490e-01
9.62500000000000e+00  2.06317436018892e-01
9.65000000000000e+00  1.94447439465393e-01
9.67500000000000e+00  1.82946796119753e-01
9.70000000000000e+00  1.71861516995088e-01
9.72500000000000e+00  1.61189900115646e-01
9.75000000000000e+00  1.50901835819606e-01
9.77500000000000e+00  1.40965151480343e-01
9.80000000000000e+00  1.31331036751602e-01
9.82500000000000e+00  1.21947946897175e-01
9.85000000000000e+00  1.12775506120582e-01
9.87500000000000e+00  1.03798410894744e-01
9.90000000000000e+00  9.50403332916622e-02
9.92500000000000e+00  8.65778243120982e-02
9.95000000000000e+00  7.85542172152487e-02
9.97500000000000e+00  7.11935308484228e-02
1.00000000000000e+01  6.48143729767246e-02
