0.00000000000000e+00  -6.32536027638599e-02
2.50000000000000e-02  -7.05850834710680e-02
5.00000000000000e-02  -7.81898006333995e-02
7.50000000000000e-02  -8.60734447019763e-02
1.00000000000000e-01  -9.42430307581611e-02
1.25000000000000e-01  -1.02706417303469e-01
1.50000000000000e-01  -1.11471825049479e-01
1.75000000000000e-01  -1.20547355707746e-01
2.00000000000000e-01  -1.29940510779715e-01
2.25000000000000e-01  -1.39657710346633e-01
2.50000000000000e-01  -1.49703811859461e-01
2.75000000000000e-01  -1.60081628928787e-01
3.00000000000000e-01  -1.70791450114738e-01
3.25000000000000e-01  -1.81831144827826e-01
3.50000000000000e-01  -1.93195462768045e-01
3.75000000000000e-01  -2.04875258528362e-01
4.00000000000000e-01  -2.16859718643598e-01
4.25000000000000e-01  -2.29133979725994e-01
4.50000000000000e-01  -2.41679710827965e-01
4.75000000000000e-01  -2.54475695804835e-01
5.00000000000000e-01  -2.67498415677597e-01
5.25000000000000e-01  -2.80722630995649e-01
5.50000000000000e-01  -2.94121964199546e-01
5.75000000000000e-01  -3.07669481983749e-01
6.00000000000000e-01  -3.21338277659365e-01
6.25000000000000e-01  -3.35027340385746e-01
6.50000000000000e-01  -3.48823706980890e-01
6.75000000000000e-01  -3.62566055775221e-01
7.00000000000000e-01  -3.76219549779326e-01
7.25000000000000e-01  -3.89741339480127e-01
7.50000000000000e-01  -4.03081417938736e-01
7.75000000000000e-01  -4.16183475888305e-01
8.00000000000000e-01  -4.28985756831881e-01
8.25000000000000e-01  -4.41421912140257e-01
8.50000000000000e-01  -4.53421856149825e-01
8.75000000000000e-01  -4.64912621260428e-01
9.00000000000000e-01  -4.75819213033211e-01
9.25000000000000e-01  -4.86065465288477e-01
9.50000000000000e-01  -4.95573914570605e-01
9.75000000000000e-01  -5.04267126168883e-01
1.00000000000000e+00  -5.12068629855412e-01
1.02500000000000e+00  -5.18901108719630e-01
1.05000000000000e+00  -5.24688960833900e-01
1.07500000000000e+00  -5.29358051412751e-01
1.10000000000000e+00  -5.32835464972130e-01
1.12500000000000e+00  -5.35049257488655e-01
1.15000000000000e+00  -5.35928208558859e-01
1.17500000000000e+00  -5.35401573558442e-01
1.20000000000000e+00  -5.33398835801520e-01
1.22500000000000e+00  -5.29849458699878e-01
1.25000000000000e+00  -5.24782037365737e-01
1.27500000000000e+00  -5.17984792199055e-01
1.30000000000000e+00  -5.09563137174096e-01
1.32500000000000e+00  -4.99464549973138e-01
1.35000000000000e+00  -4.87651305302585e-01
1.37500000000000e+00  -4.74099962526164e-01
1.40000000000000e+00  -4.58800853298119e-01
1.42500000000000e+00  -4.41757569196407e-01
1.45000000000000e+00  -4.22986449355889e-01
1.47500000000000e+00  -4.02516068101529e-01
1.50000000000000e+00  -3.80386722581585e-01
1.52500000000000e+00  -3.56649920400806e-01
1.55000000000000e+00  -3.31367867253625e-01
1.57500000000000e+00  -3.04615715821318e-01
1.60000000000000e+00  -2.76479436167418e-01
1.62500000000000e+00  -2.47056972618302e-01
1.65000000000000e+00  -2.16457171760727e-01
1.67500000000000e+00  -1.84801113631779e-01
1.70000000000000e+00  -1.52221982941795e-01
1.72500000000000e+00  -1.18864940297291e-01
1.75000000000000e+00  -8.48869934238745e-02
1.77500000000000e+00  -5.04568683891759e-02
1.80000000000000e+00  -1.57548808257682e-02
1.82500000000000e+00  1.90271928459145e-02
1.85000000000000e+00  5.36862441946472e-02
1.87500000000000e+00  8.80447844085463e-02
1.90000000000000e+00  1.21906496380392e-01
1.92500000000000e+00  1.55048541349959e-01
1.95000000000000e+00  1.87262560913513e-01
1.97500000000000e+00  2.18338963882067e-01
2.00000000000000e+00  2.48068784839445e-01
2.02500000000000e+00  2.76245542700339e-01
2.05000000000000e+00  3.02667099268368e-01
2.07500000000000e+00  3.27137517794133e-01
2.10000000000000e+00  3.49468921533274e-01
2.12500000000000e+00  3.69483352304534e-01
2.15000000000000e+00  3.87014629047806e-01
2.17500000000000e+00  4.01910206382202e-01
2.20000000000000e+00  4.14032873896798e-01
2.22500000000000e+00  4.23262596844859e-01
2.25000000000000e+00  4.29498979517782e-01
2.27500000000000e+00  4.32659714641230e-01
2.30000000000000e+00  4.32685134238418e-01
2.32500000000000e+00  4.29538796752865e-01
2.35000000000000e+00  4.23208074171137e-01
2.37500000000000e+00  4.13704739145604e-01
2.40000000000000e+00  4.01065552117184e-01
2.42500000000000e+00  3.85352848438097e-01
2.45000000000000e+00  3.66655125494612e-01
2.47500000000000e+00  3.45087629829798e-01
2.50000000000000e+00  3.20786489562858e-01
2.52500000000000e+00  2.93929903347421e-01
2.55000000000000e+00  2.64706133323371e-01
2.57500000000000e+00  2.33327801215205e-01
2.60000000000000e+00  2.00031625169059e-01
2.62500000000000e+00  1.65075988345558e-01
2.65000000000000e+00  1.28738507512662e-01
2.67500000000000e+00  9.13136016385095e-02
2.70000000000000e+00  5.31100604842614e-02
2.72500000000000e+00  1.44486131969494e-02
2.75000000000000e+00  -2.43405030976803e-02
2.77500000000000e+00  -6.29199747023212e-02
2.80000000000000e+00  -1.00947842755261e-01
2.82500000000000e+00  -1.38083687883231e-01
2.85000000000000e+00  -1.73988995493511e-01
2.87500000000000e+00  -2.08332161834325e-01
2.90000000000000e+00  -2.40789333387306e-01
2.92500000000000e+00  -2.71050304729905e-01
2.95000000000000e+00  -2.98821366494151e-01
2.97500000000000e+00  -3.23828153325409e-01
3.00000000000000e+00  -3.45818491841143e-01
3.02500000000000e+00  -3.64565248589674e-01
3.05000000000000e+00  -3.79869178008944e-01
3.07500000000000e+00  -3.91561770385270e-01
3.10000000000000e+00  -3.99508099812108e-01
3.12500000000000e+00  -4.03611609834675e-01
3.15000000000000e+00  -4.03799884441278e-01
3.17500000000000e+00  -4.00056594964611e-01
3.20000000000000e+00  -3.92390529412369e-01
3.22500000000000e+00  -3.80852997005825e-01
3.25000000000000e+00  -3.65536354745840e-01
3.27500000000000e+00  -3.46572533978878e-01
3.30000000000000e+00  -3.24131566963020e-01
3.32500000000000e+00  -2.98420113433978e-01
3.35000000000000e+00  -2.69679987171104e-01
3.37500000000000e+00  -2.38186682563409e-01
3.40000000000000e+00  -2.04247901175571e-01
3.42500000000000e+00  -1.68202078313954e-01
3.45000000000000e+00  -1.30408640149691e-01
3.47500000000000e+00  -9.12507767109835e-02
3.50000000000000e+00  -5.11296578748306e-02
3.52500000000000e+00  -1.04601774301483e-02
3.55000000000000e+00  3.03331220318178e-02
3.57500000000000e+00  7.08207093407399e-02
3.60000000000000e+00  1.10572724970457e-01
3.62500000000000e+00  1.49163641262220e-01
3.65000000000000e+00  1.86176922647946e-01
3.67500000000000e+00  2.21209685873457e-01
3.70000000000000e+00  2.53877360221737e-01
3.72500000000000e+00  2.83818347736172e-01
3.75000000000000e+00  3.10703391657520e-01
3.77500000000000e+00  3.34215592106006e-01
3.80000000000000e+00  3.54100256522531e-01
3.82500000000000e+00  3.70122515562351e-01
3.85000000000000e+00  3.82092683559570e-01
3.87500000000000e+00  3.89866865307355e-01
3.90000000000000e+00  3.93347562838141e-01
3.92500000000000e+00  3.92484282203845e-01
3.95000000000000e+00  3.87274140256074e-01
3.97500000000000e+00  3.77762471426337e-01
4.00000000000000e+00  3.64043434506254e-01
4.02500000000000e+00  3.46260619427767e-01
4.05000000000000e+00  3.24607654043349e-01
4.07500000000000e+00  2.99317478799090e-01
4.10000000000000e+00  2.70668530868025e-01
4.12500000000000e+00  2.38980330588899e-01
4.15000000000000e+00  2.04606217546508e-01
4.17500000000000e+00  1.67933555750750e-01
4.20000000000000e+00  1.29378474887205e-01
4.22500000000000e+00  8.93806115677415e-02
4.25000000000000e+00  4.83978505811003e-02
4.27500000000000e+00  6.90106614348147e-03
4.30000000000000e+00  -3.46311368508541e-02
4.32500000000000e+00  -7.57176815790025e-02
4.35000000000000e+00  -1.15880278038815e-01
4.37500000000000e+00  -1.54650366684753e-01
4.40000000000000e+00  -1.91569487289909e-01
4.42500000000000e+00  -2.26211415058774e-01
4.45000000000000e+00  -2.58162781061410e-01
4.47500000000000e+00  -2.87044220504611e-01
4.50000000000000e+00  -3.12513228301030e-01
4.52500000000000e+00  -3.34267014638292e-01
4.55000000000000e+00  -3.52045360548104e-01
4.57500000000000e+00  -3.65633473475380e-01
4.60000000000000e+00  -3.74864842847345e-01
4.62500000000000e+00  -3.79624095642660e-01
4.65000000000000e+00  -3.79849851960535e-01
4.67500000000000e+00  -3.75537580589840e-01
4.70000000000000e+00  -3.66730673830004e-01
4.72500000000000e+00  -3.53528827379733e-01
4.75000000000000e+00  -3.36086353644430e-01
4.77500000000000e+00  -3.14603548445861e-01
4.80000000000000e+00  -2.89331626321370e-01
4.82500000000000e+00  -2.60568177414512e-01
4.85000000000000e+00  -2.28652624365681e-01
4.87500000000000e+00  -1.93961679202754e-01
4.90000000000000e+00  -1.56904800231711e-01
4.92500000000000e+00  -1.17919648927279e-01
4.95000000000000e+00  -7.74675468235610e-02
4.97500000000000e+00  -3.60289324046659e-02
5.00000000000000e+00  5.90964456518564e-03
5.02500000000000e+00  4.78372458020973e-02
5.05000000000000e+00  8.92679667876874e-02
5.07500000000000e+00  1.29706860592175e-01
5.10000000000000e+00  1.68673544850320e-01
5.12500000000000e+00  2.05706746843884e-01
5.15000000000000e+00  2.40368848584109e-01
5.17500000000000e+00  2.72250431894179e-01
5.20000000000000e+00  3.00974823491691e-01
5.22500000000000e+00  3.26202640071127e-01
5.25000000000000e+00  3.47636333386320e-01
5.27500000000000e+00  3.65024735332926e-01
5.30000000000000e+00  3.78167603030890e-01
5.32500000000000e+00  3.86910678851329e-01
5.35000000000000e+00  3.91154332878303e-01
5.37500000000000e+00  3.90855256295448e-01
5.40000000000000e+00  3.86018055334913e-01
5.42500000000000e+00  3.76704198112399e-01
5.45000000000000e+00  3.63029154349961e-01
5.47500000000000e+00  3.45159535098809e-01
5.50000000000000e+00  3.23310232462106e-01
5.52500000000000e+00  2.97741559317766e-01
5.55000000000000e+00  2.68756389041264e-01
5.57500000000000e+00  2.36697295228422e-01
5.60000000000000e+00  2.01943691418217e-01
5.62500000000000e+00  1.64907593046733e-01
5.65000000000000e+00  1.26020279577706e-01
5.67500000000000e+00  8.57352937242703e-02
5.70000000000000e+00  4.45230190476563e-02
5.72500000000000e+00  2.86189094094288e-03
5.75000000000000e+00  -3.87668621503340e-02
5.77500000000000e+00  -7.98844775075995e-02
5.80000000000000e+00  -1.20019916918640e-01
5.82500000000000e+00  -1.58715125457004e-01
5.85000000000000e+00  -1.95530290261418e-01
5.87500000000000e+00  -2.30049099315179e-01
5.90000000000000e+00  -2.61884000225575e-01
5.92500000000000e+00  -2.90681459003278e-01
5.95000000000000e+00  -3.16121757989927e-01
5.97500000000000e+00  -3.37926262501941e-01
6.00000000000000e+00  -3.55861828339332e-01
6.02500000000000e+00  -3.69734626129414e-01
6.05000000000000e+00  -3.79400863622805e-01
6.07500000000000e+00  -3.84766180521178e-01
6.10000000000000e+00  -3.85785043305017e-01
6.12500000000000e+00  -3.82460140061365e-01
6.15000000000000e+00  -3.74841775311581e-01
6.17500000000000e+00  -3.63027264839091e-01
6.20000000000000e+00  -3.47160330517144e-01
6.22500000000000e+00  -3.27430495136560e-01
6.25000000000000e+00  -3.04068224173876e-01
6.27500000000000e+00  -2.77340667275906e-01
6.30000000000000e+00  -2.47551939059615e-01
6.32500000000000e+00  -2.15035676077492e-01
6.35000000000000e+00  -1.80153217620212e-01
6.37500000000000e+00  -1.43288936409889e-01
6.40000000000000e+00  -1.04845569293297e-01
6.42500000000000e+00  -6.52395479351327e-02
6.45000000000000e+00  -2.48963295112336e-02
6.47500000000000e+00  1.57542725981722e-02
6.50000000000000e+00  5.62827581152224e-02
6.52500000000000e+00  9.62646091711935e-02
6.55000000000000e+00  1.35284959613249e-01
6.57500000000000e+00  1.72942652066045e-01
6.60000000000000e+00  2.08854519491101e-01
6.62500000000000e+00  2.42661188197158e-01
6.65000000000000e+00  2.74024233908039e-01
6.67500000000000e+00  3.02635994268571e-01
6.70000000000000e+00  3.28221027335952e-01
6.72500000000000e+00  3.50537570071112e-01
6.75000000000000e+00  3.69378996830076e-01
6.77500000000000e+00  3.84575277855326e-01
6.80000000000000e+00  3.95994437767165e-01
6.82500000000000e+00  4.03544014055076e-01
6.85000000000000e+00  4.07172515569088e-01
6.87500000000000e+00  4.06870543609323e-01
6.90000000000000e+00  4.02657464975738e-01
6.92500000000000e+00  3.94602405153018e-01
6.95000000000000e+00  3.82803523357753e-01
6.97500000000000e+00  3.67395528250445e-01
7.00000000000000e+00  3.48546810218492e-01
7.02500000000000e+00  3.26456573659164e-01
7.05000000000000e+00  3.01351969262595e-01
7.07500000000000e+00  2.73485226294750e-01
7.10000000000000e+00  2.43130784880414e-01
7.12500000000000e+00  2.10582428286176e-01
7.15000000000000e+00  1.76150415203400e-01
7.17500000000000e+00  1.40158612031216e-01
7.20000000000000e+00  1.02938678603831e-01
7.22500000000000e+00  6.48291400370581e-02
7.25000000000000e+00  2.61704035150293e-02
7.27500000000000e+00  -1.26955792218675e-02
7.30000000000000e+00  -5.14315179407996e-02
7.32500000000000e+00  -8.97072057577615e-02
7.35000000000000e+00  -1.27201940978863e-01
7.37500000000000e+00  -1.63606948941594e-01
7.40000000000000e+00  -1.98627803856114e-01
7.42500000000000e+00  -2.31986850646516e-01
7.45000000000000e+00  -2.63425626792113e-01
7.47500000000000e+00  -2.92707284168715e-01
7.50000000000000e+00  -3.19625987759208e-01
7.52500000000000e+00  -3.43974418166641e-01
7.55000000000000e+00  -3.65593443691748e-01
7.57500000000000e+00  -3.84340554839495e-01
7.60000000000000e+00  -4.00100575884478e-01
7.62500000000000e+00  -4.12785078163231e-01
7.65000000000000e+00  -4.22331793366546e-01
7.67500000000000e+00  -4.28704026831788e-01
7.70000000000000e+00  -4.31890070835203e-01
7.72500000000000e+00  -4.31902617884242e-01
7.75000000000000e+00  -4.28778174009868e-01
7.77500000000000e+00  -4.22576472058874e-01
7.80000000000000e+00  -4.13379884986196e-01
7.82500000000000e+00  -4.01288873721275e-01
7.85000000000000e+00  -3.86423538835764e-01
7.87500000000000e+00  -3.68921157612882e-01
7.90000000000000e+00  -3.48934339549243e-01
7.92500000000000e+00  -3.26629330120518e-01
7.95000000000000e+00  -3.02184150668546e-01
7.97500000000000e+00  -2.75786738288438e-01
8.00000000000000e+00  -2.47633085715688e-01
8.02500000000000e+00  -2.17925381213276e-01
8.05000000000000e+00  -1.86870148458782e-01
8.07500000000000e+00  -1.54676386431490e-01
8.10000000000000e+00  -1.21553709299494e-01
8.12500000000000e+00  -8.76738896515876e-02
8.15000000000000e+00  -5.33697838062938e-02
8.17500000000000e+00  -1.87277287280600e-02
8.20000000000000e+00  1.60379965220689e-02
8.22500000000000e+00  5.07242983280767e-02
8.25000000000000e+00  8.51394003462691e-02
8.27500000000000e+00  1.19102975332537e-01
8.30000000000000e+00  1.52446276969647e-01
8.32500000000000e+00  1.85012271694528e-01
8.35000000000000e+00  2.16655770525539e-01
8.37500000000000e+00  2.47243560889771e-01
8.40000000000000e+00  2.76654538450302e-01
8.42500000000000e+00  3.04779838933500e-01
8.45000000000000e+00  3.31521498281768e-01
8.47500000000000e+00  3.56793533401242e-01
8.50000000000000e+00  3.80520782198632e-01
8.52500000000000e+00  4.02641032059044e-01
8.55000000000000e+00  4.23102769821303e-01
8.57500000000000e+00  4.41865692437505e-01
8.60000000000000e+00  4.58901217632570e-01
8.62500000000000e+00  4.74192994563806e-01
8.65000000000000e+00  4.87737414480460e-01
8.67500000000000e+00  4.99544121383273e-01
8.70000000000000e+00  5.09636522684040e-01
8.72500000000000e+00  5.18052299865163e-01
8.75000000000000e+00  5.24744703239739e-01
8.77500000000000e+00  5.29906334483771e-01
8.80000000000000e+00  5.33450867922162e-01
8.82500000000000e+00  5.35449086844921e-01
8.85000000000000e+00  5.35971509119432e-01
8.87500000000000e+00  5.35088634709703e-01
8.90000000000000e+00  5.32871193195624e-01
8.92500000000000e+00  5.29390391292217e-01
8.95000000000000e+00  5.24718160368887e-01
8.97500000000000e+00  5.18927403968680e-01
9.00000000000000e+00  5.12092245327527e-01
9.02500000000000e+00  5.04288274893507e-01
9.05000000000000e+00  4.95592797846094e-01
9.07500000000000e+00  4.86082273142492e-01
9.10000000000000e+00  4.75834124058044e-01
9.12500000000000e+00  4.64925802656473e-01
9.15000000000000e+00  4.53433463799207e-01
9.17500000000000e+00  4.41432090919412e-01
9.20000000000000e+00  4.28994641087591e-01
9.22500000000000e+00  4.16191190077165e-01
9.25000000000000e+00  4.03088077430069e-01
9.27500000000000e+00  3.89747051522339e-01
9.30000000000000e+00  3.76224414629705e-01
9.32500000000000e+00  3.62570167993183e-01
9.35000000000000e+00  3.48827156884656e-01
9.37500000000000e+00  3.35104918345075e-01
9.40000000000000e+00  3.21340621609395e-01
9.42500000000000e+00  3.07671371538251e-01
9.45000000000000e+00  2.94123458857573e-01
9.47500000000000e+00  2.80723784009354e-01
9.50000000000000e+00  2.67499274712630e-01
9.52500000000000e+00  2.54476303524454e-01
9.55000000000000e+00  2.41680105400870e-01
9.57500000000000e+00  2.29134195257892e-01
9.60000000000000e+00  2.16859785532479e-01
9.62500000000000e+00  2.04875203743509e-01
9.65000000000000e+00  1.93195310052754e-01
9.67500000000000e+00  1.81830914825861e-01
9.70000000000000e+00  1.70791161110512e-01
9.72500000000000e+00  1.60081296899369e-01
9.75000000000000e+00  1.49703450675146e-01
9.77500000000000e+00  1.39657332264334e-01
9.80000000000000e+00  1.29940126600018e-01
9.82500000000000e+00  1.20546974958322e-01
9.85000000000000e+00  1.11471456194835e-01
9.87500000000000e+00  1.02706067981055e-01
9.90000000000000e+00  9.42427080408187e-02
9.92500000000000e+00  8.60731553867442e-02
9.95000000000000e+00  7.81895515566630e-02
9.97500000000000e+00  7.05848818500560e-02
1.00000000000000e+01  6.32534565644954e-02
