0.00000000000000e+00  -6.31816833336241e-02
2.50000000000000e-02  -7.05857861276824e-02
5.00000000000000e-02  -7.82120974832760e-02
7.50000000000000e-02  -8.60896692320944e-02
1.00000000000000e-01  -9.42421673133867e-02
1.25000000000000e-01  -1.02688354038001e-01
1.50000000000000e-01  -1.11442570352426e-01
1.75000000000000e-01  -1.20515218102826e-01
2.00000000000000e-01  -1.29913242299091e-01
2.25000000000000e-01  -1.39640613378870e-01
2.50000000000000e-01  -1.49698809471616e-01
2.75000000000000e-01  -1.60087298662623e-01
3.00000000000000e-01  -1.70804021257069e-01
3.25000000000000e-01  -1.81844528429258e-01
3.50000000000000e-01  -1.93203064647229e-01
3.75000000000000e-01  -2.04873091215361e-01
4.00000000000000e-01  -2.16844254282776e-01
4.25000000000000e-01  -2.29105003698345e-01
4.50000000000000e-01  -2.41641547417029e-01
4.75000000000000e-01  -2.54436805906225e-01
5.00000000000000e-01  -2.67469366552109e-01
5.25000000000000e-01  -2.80712438065979e-01
5.50000000000000e-01  -2.94132804890601e-01
5.75000000000000e-01  -3.07689781606554e-01
6.00000000000000e-01  -3.21334167338569e-01
6.25000000000000e-01  -3.35077081506619e-01
6.50000000000000e-01  -3.48802454354671e-01
6.75000000000000e-01  -3.62524585112573e-01
7.00000000000000e-01  -3.76184551975389e-01
7.25000000000000e-01  -3.89722688830388e-01
7.50000000000000e-01  -4.03078327278538e-01
7.75000000000000e-01  -4.16189538655985e-01
8.00000000000000e-01  -4.28992876055544e-01
8.25000000000000e-01  -4.41423116348184e-01
8.50000000000000e-01  -4.53413002204512e-01
8.75000000000000e-01  -4.64892984116262e-01
9.00000000000000e-01  -4.75790962417778e-01
9.25000000000000e-01  -4.86032029307502e-01
9.50000000000000e-01  -4.95540874107364e-01
9.75000000000000e-01  -5.04240078487803e-01
1.00000000000000e+00  -5.12051028271614e-01
1.02500000000000e+00  -5.18895223924362e-01
1.05000000000000e+00  -5.24694154231364e-01
1.07500000000000e+00  -5.29370195598162e-01
1.10000000000000e+00  -5.32847511351006e-01
1.12500000000000e+00  -5.35052951037323e-01
1.15000000000000e+00  -5.35916949726198e-01
1.17500000000000e+00  -5.35374427308849e-01
1.20000000000000e+00  -5.33365687799104e-01
1.22500000000000e+00  -5.29837318633875e-01
1.25000000000000e+00  -5.24729977037199e-01
1.27500000000000e+00  -5.17987371041433e-01
1.30000000000000e+00  -5.09580695046532e-01
1.32500000000000e+00  -4.99476817754465e-01
1.35000000000000e+00  -4.87651323553709e-01
1.37500000000000e+00  -4.74088973654489e-01
1.40000000000000e+00  -4.58784167224023e-01
1.42500000000000e+00  -4.41741402521762e-01
1.45000000000000e+00  -4.22975738034637e-01
1.47500000000000e+00  -4.02513253612295e-01
1.50000000000000e+00  -3.80391511602348e-01
1.52500000000000e+00  -3.56660017985612e-01
1.55000000000000e+00  -3.31380683511349e-01
1.57500000000000e+00  -3.04627127354912e-01
1.60000000000000e+00  -2.76485647470557e-01
1.62500000000000e+00  -2.47055524676137e-01
1.65000000000000e+00  -2.16447110515730e-01
1.67500000000000e+00  -1.84783530847562e-01
1.70000000000000e+00  -1.52199997395315e-01
1.72500000000000e+00  -1.18843119299455e-01
1.75000000000000e+00  -8.48702146685342e-02
1.77500000000000e+00  -5.04486221305177e-02
1.80000000000000e+00  -1.57550123840983e-02
1.82500000000000e+00  1.90253002499925e-02
1.85000000000000e+00  5.36990462776605e-02
1.87500000000000e+00  8.80660969462102e-02
1.90000000000000e+00  1.21925836561725e-01
1.92500000000000e+00  1.55068141314757e-01
1.95000000000000e+00  1.87283489275787e-01
1.97500000000000e+00  2.18361470267915e-01
2.00000000000000e+00  2.48092589818213e-01
2.02500000000000e+00  2.76270073109074e-01
2.05000000000000e+00  3.02691668929569e-01
2.07500000000000e+00  3.27161453626793e-01
2.10000000000000e+00  3.49491635057220e-01
2.12500000000000e+00  3.69504356538054e-01
2.15000000000000e+00  3.87033500798577e-01
2.17500000000000e+00  4.01926493931506e-01
2.20000000000000e+00  4.14046175416426e-01
2.22500000000000e+00  4.23272433830168e-01
2.25000000000000e+00  4.29504760805106e-01
2.27500000000000e+00  4.32660718104121e-01
2.30000000000000e+00  4.32680477902097e-01
2.32500000000000e+00  4.29527440739638e-01
2.35000000000000e+00  4.23188853476776e-01
2.37500000000000e+00  4.13676427246688e-01
2.40000000000000e+00  4.01026955409408e-01
2.42500000000000e+00  3.85302931505539e-01
2.45000000000000e+00  3.66593167209968e-01
2.47500000000000e+00  3.45013410285576e-01
2.50000000000000e+00  3.20698249667735e-01
2.52500000000000e+00  2.93826512803493e-01
2.55000000000000e+00  2.64586278119707e-01
2.57500000000000e+00  2.33190189918927e-01
2.60000000000000e+00  1.99874976043450e-01
2.62500000000000e+00  1.64899019425895e-01
2.65000000000000e+00  1.28539929639772e-01
2.67500000000000e+00  9.10921144500540e-02
2.70000000000000e+00  5.28643513637364e-02
2.72500000000000e+00  1.41773591804179e-02
2.75000000000000e+00  -2.46386304571360e-02
2.77500000000000e+00  -6.32463015124223e-02
2.80000000000000e+00  -1.01303682004631e-01
2.82500000000000e+00  -1.38470350716021e-01
2.85000000000000e+00  -1.74407781652837e-01
2.87500000000000e+00  -2.08784338676369e-01
2.90000000000000e+00  -2.41276162163612e-01
2.92500000000000e+00  -2.71573026599972e-01
2.95000000000000e+00  -2.99381193826748e-01
2.97500000000000e+00  -3.24426266288611e-01
3.00000000000000e+00  -3.46456040281082e-01
3.02500000000000e+00  -3.65243359198018e-01
3.05000000000000e+00  -3.80588966779088e-01
3.07500000000000e+00  -3.92324360357255e-01
3.10000000000000e+00  -4.00314644106255e-01
3.12500000000000e+00  -4.04463032808495e-01
3.15000000000000e+00  -4.04697421866809e-01
3.17500000000000e+00  -4.01001237685162e-01
3.20000000000000e+00  -3.93383294880764e-01
3.22500000000000e+00  -3.81894923795585e-01
3.25000000000000e+00  -3.66628498679856e-01
3.27500000000000e+00  -3.47715965875574e-01
3.30000000000000e+00  -3.25327372000014e-01
3.32500000000000e+00  -2.99669392129226e-01
3.35000000000000e+00  -2.70983857981545e-01
3.37500000000000e+00  -2.39546286101099e-01
3.40000000000000e+00  -2.05664406041309e-01
3.42500000000000e+00  -1.69676688548400e-01
3.45000000000000e+00  -1.31942580834884e-01
3.47500000000000e+00  -9.28452875729758e-02
3.50000000000000e+00  -5.27860189244680e-02
3.52500000000000e+00  -1.21796812705954e-02
3.55000000000000e+00  2.85491655112089e-02
3.57500000000000e+00  6.89709721660197e-02
3.60000000000000e+00  1.08655864180126e-01
3.62500000000000e+00  1.47178305899736e-01
3.65000000000000e+00  1.84121764649688e-01
3.67500000000000e+00  2.19083374852150e-01
3.70000000000000e+00  2.51678602145332e-01
3.72500000000000e+00  2.81545907502190e-01
3.75000000000000e+00  3.08356498274354e-01
3.77500000000000e+00  3.31792079933693e-01
3.80000000000000e+00  3.51599333990064e-01
3.82500000000000e+00  3.67543294481088e-01
3.85000000000000e+00  3.79434233722408e-01
3.87500000000000e+00  3.87128261828930e-01
3.90000000000000e+00  3.90527926236077e-01
3.92500000000000e+00  3.89582811221029e-01
3.95000000000000e+00  3.84290137423981e-01
3.97500000000000e+00  3.74695361369381e-01
4.00000000000000e+00  3.60892774987184e-01
4.02500000000000e+00  3.43026105134096e-01
4.05000000000000e+00  3.21289113114825e-01
4.07500000000000e+00  2.95914880659908e-01
4.10000000000000e+00  2.67181956890397e-01
4.12500000000000e+00  2.35409972864601e-01
4.15000000000000e+00  2.00952382674831e-01
4.17500000000000e+00  1.64196648608933e-01
4.20000000000000e+00  1.25558992073427e-01
4.22500000000000e+00  8.54791445166606e-02
4.25000000000000e+00  4.44150983519593e-02
4.27500000000000e+00  2.83785788076508e-03
4.30000000000000e+00  -3.87738097842041e-02
4.32500000000000e+00  -7.99386237958152e-02
4.35000000000000e+00  -1.20178038649362e-01
4.37500000000000e+00  -1.59024138811327e-01
4.40000000000000e+00  -1.96016922743733e-01
4.42500000000000e+00  -2.30731354181623e-01
4.45000000000000e+00  -2.62753772080729e-01
4.47500000000000e+00  -2.91704581552017e-01
4.50000000000000e+00  -3.17241100744148e-01
4.52500000000000e+00  -3.39060407725927e-01
4.55000000000000e+00  -3.56902187368745e-01
4.57500000000000e+00  -3.70551578229039e-01
4.60000000000000e+00  -3.79842019430737e-01
4.62500000000000e+00  -3.84658097547710e-01
4.65000000000000e+00  -3.84938393486220e-01
4.67500000000000e+00  -3.80678329367376e-01
4.70000000000000e+00  -3.71921259514981e-01
4.72500000000000e+00  -3.58766819506298e-01
4.75000000000000e+00  -3.41369284089544e-01
4.77500000000000e+00  -3.19928884354818e-01
4.80000000000000e+00  -2.94696783690550e-01
4.82500000000000e+00  -2.65970536593090e-01
4.85000000000000e+00  -2.34089547476296e-01
4.87500000000000e+00  -1.99430529481137e-01
4.90000000000000e+00  -1.62402963285276e-01
4.92500000000000e+00  -1.23444555912663e-01
4.95000000000000e+00  -8.30166995431364e-02
4.97500000000000e+00  -4.15999303220022e-02
5.00000000000000e+00  3.20101263970140e-04
5.02500000000000e+00  4.22302692918578e-02
5.05000000000000e+00  8.36465317927475e-02
5.07500000000000e+00  1.24073673092880e-01
5.10000000000000e+00  1.63031108275009e-01
5.12500000000000e+00  2.00057419153417e-01
5.15000000000000e+00  2.34714890248945e-01
5.17500000000000e+00  2.66594044764013e-01
5.20000000000000e+00  2.95318180557636e-01
5.22500000000000e+00  3.20547906120463e-01
5.25000000000000e+00  3.41985676549779e-01
5.27500000000000e+00  3.59380329524549e-01
5.30000000000000e+00  3.72531621280424e-01
5.32500000000000e+00  3.81285291116202e-01
5.35000000000000e+00  3.85541706639303e-01
5.37500000000000e+00  3.85257500883282e-01
5.40000000000000e+00  3.80437272787904e-01
5.42500000000000e+00  3.71142446148611e-01
5.45000000000000e+00  3.57488429433339e-01
5.47500000000000e+00  3.39641775599345e-01
5.50000000000000e+00  3.17817341910021e-01
5.52500000000000e+00  2.92275449751720e-01
5.55000000000000e+00  2.63319044450573e-01
5.57500000000000e+00  2.31290855089310e-01
5.60000000000000e+00  1.96570554324081e-01
5.62500000000000e+00  1.59568879824177e-01
5.65000000000000e+00  1.20719030672893e-01
5.67500000000000e+00  8.04730167031046e-02
5.70000000000000e+00  3.93014039945882e-02
5.72500000000000e+00  -2.31725671883185e-03
5.75000000000000e+00  -4.39016789801897e-02
5.77500000000000e+00  -8.49730895403101e-02
5.80000000000000e+00  -1.25060477288723e-01
5.82500000000000e+00  -1.63705842184576e-01
5.85000000000000e+00  -2.00469444187570e-01
5.87500000000000e+00  -2.34935052188859e-01
5.90000000000000e+00  -2.66715192941988e-01
5.92500000000000e+00  -2.95456399993802e-01
5.95000000000000e+00  -3.20839030492533e-01
5.97500000000000e+00  -3.42584523181242e-01
6.00000000000000e+00  -3.60459782612630e-01
6.02500000000000e+00  -3.74271034442836e-01
6.05000000000000e+00  -3.83874538182562e-01
6.07500000000000e+00  -3.89175987885259e-01
6.10000000000000e+00  -3.90129912835323e-01
6.12500000000000e+00  -3.86739078236280e-01
6.15000000000000e+00  -3.79053885898978e-01
6.17500000000000e+00  -3.67171774929782e-01
6.20000000000000e+00  -3.51236622418762e-01
6.22500000000000e+00  -3.31438144127878e-01
6.25000000000000e+00  -3.08006342510794e-01
6.27500000000000e+00  -2.81209362991513e-01
6.30000000000000e+00  -2.51350619391152e-01
6.32500000000000e+00  -2.18763931297654e-01
6.35000000000000e+00  -1.83810793409625e-01
6.37500000000000e+00  -1.46875709144708e-01
6.40000000000000e+00  -1.08361524247930e-01
6.42500000000000e+00  -6.86847604000835e-02
6.45000000000000e+00  -2.82709488260732e-02
6.47500000000000e+00  1.24500360967132e-02
6.50000000000000e+00  5.30486432300371e-02
6.52500000000000e+00  9.31003110664588e-02
6.55000000000000e+00  1.32190134120961e-01
6.57500000000000e+00  1.69916898048287e-01
6.60000000000000e+00  2.05897397935804e-01
6.62500000000000e+00  2.39772195422316e-01
6.65000000000000e+00  2.71202816087154e-01
6.67500000000000e+00  2.99881534613256e-01
6.70000000000000e+00  3.25532842666706e-01
6.72500000000000e+00  3.47914916776288e-01
6.75000000000000e+00  3.66821086213024e-01
6.77500000000000e+00  3.82081300869724e-01
6.80000000000000e+00  3.93563599140531e-01
6.82500000000000e+00  4.01175575800462e-01
6.85000000000000e+00  4.04865849884959e-01
6.87500000000000e+00  4.04624284763070e-01
6.90000000000000e+00  4.00471696647695e-01
6.92500000000000e+00  3.92475866282511e-01
6.95000000000000e+00  3.80735137984438e-01
6.97500000000000e+00  3.65384345706267e-01
7.00000000000000e+00  3.46591954788327e-01
7.02500000000000e+00  3.24557203710148e-01
7.05000000000000e+00  2.99507245842131e-01
7.07500000000000e+00  2.71694291197209e-01
7.10000000000000e+00  2.41392748182516e-01
7.12500000000000e+00  2.08896365351054e-01
7.15000000000000e+00  1.74515373153352e-01
7.17500000000000e+00  1.38573625689143e-01
7.20000000000000e+00  1.01402768490598e-01
7.22500000000000e+00  6.33413246499960e-02
7.25000000000000e+00  2.47297071541188e-02
7.27500000000000e+00  -1.40901157769845e-02
7.30000000000000e+00  -5.27808356636955e-02
7.32500000000000e+00  -9.10122296102443e-02
7.35000000000000e+00  -1.28463586148146e-01
7.37500000000000e+00  -1.64826131079610e-01
7.40000000000000e+00  -1.99805453320978e-01
7.42500000000000e+00  -2.33123930746139e-01
7.45000000000000e+00  -2.64523156029951e-01
7.47500000000000e+00  -2.93766362491676e-01
7.50000000000000e+00  -3.20649706612450e-01
7.52500000000000e+00  -3.44959014503977e-01
7.55000000000000e+00  -3.66541526275854e-01
7.57500000000000e+00  -3.85253948269855e-01
7.60000000000000e+00  -4.00980539089202e-01
7.62500000000000e+00  -4.13632491889500e-01
7.65000000000000e+00  -4.23147316669676e-01
7.67500000000000e+00  -4.29488222562911e-01
7.70000000000000e+00  -4.32643500127581e-01
7.72500000000000e+00  -4.32625903638190e-01
7.75000000000000e+00  -4.29472033376304e-01
7.77500000000000e+00  -4.23241717921492e-01
7.80000000000000e+00  -4.14017396442259e-01
7.82500000000000e+00  -4.01899577869013e-01
7.85000000000000e+00  -3.87008374527246e-01
7.87500000000000e+00  -3.69480948440402e-01
7.90000000000000e+00  -3.49469874284800e-01
7.92500000000000e+00  -3.27141270675240e-01
7.95000000000000e+00  -3.02672995858265e-01
7.97500000000000e+00  -2.76252843405424e-01
8.00000000000000e+00  -2.48076737906545e-01
8.02500000000000e+00  -2.18346930662987e-01
8.05000000000000e+00  -1.87270195380918e-01
8.07500000000000e+00  -1.55056023864578e-01
8.10000000000000e+00  -1.21914821709536e-01
8.12500000000000e+00  -8.80557530977250e-02
8.15000000000000e+00  -5.36900444240591e-02
8.17500000000000e+00  -1.90172007245367e-02
8.20000000000000e+00  1.57622567563237e-02
8.22500000000000e+00  5.04550683446423e-02
8.25000000000000e+00  8.48759251937263e-02
8.27500000000000e+00  1.18848158540589e-01
8.30000000000000e+00  1.52204428962496e-01
8.32500000000000e+00  1.84787415633508e-01
8.35000000000000e+00  2.16450505581003e-01
8.37500000000000e+00  2.47058482942230e-01
8.40000000000000e+00  2.76488218220832e-01
8.42500000000000e+00  3.04629357543387e-01
8.45000000000000e+00  3.31382616432604e-01
8.47500000000000e+00  3.56661694791052e-01
8.50000000000000e+00  3.80392971999136e-01
8.52500000000000e+00  4.02514535877855e-01
8.55000000000000e+00  4.22976879317306e-01
8.57500000000000e+00  4.41742438738175e-01
8.60000000000000e+00  4.58785132553242e-01
8.62500000000000e+00  4.74089899628883e-01
8.65000000000000e+00  4.87652237746561e-01
8.67500000000000e+00  4.99477742064336e-01
8.70000000000000e+00  5.09581643578358e-01
8.72500000000000e+00  5.17988347584373e-01
8.75000000000000e+00  5.24744120845869e-01
8.77500000000000e+00  5.29838411348747e-01
8.80000000000000e+00  5.33366851337029e-01
8.82500000000000e+00  5.35375668778055e-01
8.85000000000000e+00  5.35918274348218e-01
8.87500000000000e+00  5.35054362163443e-01
8.90000000000000e+00  5.32849010509669e-01
8.92500000000000e+00  5.29371782573327e-01
8.95000000000000e+00  5.24695827171826e-01
8.97500000000000e+00  5.18896979484029e-01
9.00000000000000e+00  5.12052861780735e-01
9.02500000000000e+00  5.04241984155164e-01
9.05000000000000e+00  4.95542845253432e-01
9.07500000000000e+00  4.86034058414906e-01
9.10000000000000e+00  4.75793041409050e-01
9.12500000000000e+00  4.64895104716974e-01
9.15000000000000e+00  4.53415155787757e-01
9.17500000000000e+00  4.41425294282926e-01
9.20000000000000e+00  4.28995069943339e-01
9.22500000000000e+00  4.16191740456073e-01
9.25000000000000e+00  4.03080529321298e-01
9.27500000000000e+00  3.89724883719174e-01
9.30000000000000e+00  3.76186732376725e-01
9.32500000000000e+00  3.62526743434723e-01
9.35000000000000e+00  3.48804582314576e-01
9.37500000000000e+00  3.35009281272277e-01
9.40000000000000e+00  3.21336219715643e-01
9.42500000000000e+00  3.07691791177178e-01
9.45000000000000e+00  2.94134762492000e-01
9.47500000000000e+00  2.80714338051945e-01
9.50000000000000e+00  2.67471205622935e-01
9.52500000000000e+00  2.54438582162340e-01
9.55000000000000e+00  2.41643259636336e-01
9.57500000000000e+00  2.29106650837270e-01
9.60000000000000e+00  2.16845835201023e-01
9.62500000000000e+00  2.04874604624371e-01
9.65000000000000e+00  1.93204509282343e-01
9.67500000000000e+00  1.81845903445589e-01
9.70000000000000e+00  1.70805325758718e-01
9.72500000000000e+00  1.60088532173096e-01
9.75000000000000e+00  1.49699972187225e-01
9.77500000000000e+00  1.39641706029800e-01
9.80000000000000e+00  1.29914266325990e-01
9.82500000000000e+00  1.20516175689901e-01
9.85000000000000e+00  1.11443464317025e-01
9.87500000000000e+00  1.02689187576698e-01
9.90000000000000e+00  9.42429436045542e-02
9.92500000000000e+00  8.60903908949844e-02
9.95000000000000e+00  7.82127658935888e-02
9.97500000000000e+00  7.05864005896325e-02
1.00000000000000e+01  6.31822401085060e-02
