0.00000000000000e+00  -6.32475864772398e-02
2.50000000000000e-02  -7.05673072597521e-02
5.00000000000000e-02  -7.81676208559065e-02
7.50000000000000e-02  -8.60507700067035e-02
1.00000000000000e-01  -9.42213386883450e-02
1.25000000000000e-01  -1.02685619854483e-01
1.50000000000000e-01  -1.11450983178470e-01
1.75000000000000e-01  -1.20525242795604e-01
2.00000000000000e-01  -1.29916025045388e-01
2.25000000000000e-01  -1.39630136213771e-01
2.50000000000000e-01  -1.49672930275402e-01
2.75000000000000e-01  -1.60047676635880e-01
3.00000000000000e-01  -1.70754927874003e-01
3.25000000000000e-01  -1.81792888070264e-01
3.50000000000000e-01  -1.93156359123995e-01
3.75000000000000e-01  -2.04835845336742e-01
4.00000000000000e-01  -2.16820446957689e-01
4.25000000000000e-01  -2.29094868452727e-01
4.50000000000000e-01  -2.41640206427763e-01
4.75000000000000e-01  -2.54434737552029e-01
5.00000000000000e-01  -2.67454706481392e-01
5.25000000000000e-01  -2.80675113781666e-01
5.50000000000000e-01  -2.94070503851924e-01
5.75000000000000e-01  -3.07615752847805e-01
6.00000000000000e-01  -3.21286856604826e-01
6.25000000000000e-01  -3.34996475188298e-01
6.50000000000000e-01  -3.48770472909261e-01
6.75000000000000e-01  -3.62505284073607e-01
7.00000000000000e-01  -3.76159647353025e-01
7.25000000000000e-01  -3.89686013125242e-01
7.50000000000000e-01  -4.03031174609159e-01
7.75000000000000e-01  -4.16136898999976e-01
8.00000000000000e-01  -4.28940558604326e-01
8.25000000000000e-01  -4.41375761975404e-01
8.50000000000000e-01  -4.53372985048098e-01
8.75000000000000e-01  -4.64860202274123e-01
9.00000000000000e-01  -4.75763517757142e-01
9.25000000000000e-01  -4.86007796387910e-01
9.50000000000000e-01  -4.95516283787275e-01
9.75000000000000e-01  -5.04211846655196e-01
1.00000000000000e+00  -5.12017081139536e-01
1.02500000000000e+00  -5.18854795815791e-01
1.05000000000000e+00  -5.24648289923252e-01
1.07500000000000e+00  -5.29321742870795e-01
1.10000000000000e+00  -5.32800603742678e-01
1.12500000000000e+00  -5.35011980804336e-01
1.15000000000000e+00  -5.35885031008170e-01
1.17500000000000e+00  -5.35351349499346e-01
1.20000000000000e+00  -5.33345359121589e-01
1.22500000000000e+00  -5.29804699922973e-01
1.25000000000000e+00  -5.24690300427247e-01
1.27500000000000e+00  -5.17950244233486e-01
1.30000000000000e+00  -5.09543696662024e-01
1.32500000000000e+00  -4.99438580730797e-01
1.35000000000000e+00  -4.87611205057278e-01
1.37500000000000e+00  -4.74046777530675e-01
1.40000000000000e+00  -4.58739918984141e-01
1.42500000000000e+00  -4.41695176866981e-01
1.45000000000000e+00  -4.22927538916852e-01
1.47500000000000e+00  -4.02462946831975e-01
1.50000000000000e+00  -3.80338809943333e-01
1.52500000000000e+00  -3.56604518886883e-01
1.55000000000000e+00  -3.31321959275758e-01
1.57500000000000e+00  -3.04564638074978e-01
1.60000000000000e+00  -2.76418845143488e-01
1.62500000000000e+00  -2.46983913307704e-01
1.65000000000000e+00  -2.16370233445451e-01
1.67500000000000e+00  -1.84701008937863e-01
1.70000000000000e+00  -1.52111536398390e-01
1.72500000000000e+00  -1.18748486401826e-01
1.75000000000000e+00  -8.47691842133189e-02
1.77500000000000e+00  -5.03408905173906e-02
1.80000000000000e+00  -1.56400821469581e-02
1.82500000000000e+00  1.91482671876561e-02
1.85000000000000e+00  5.38314061696978e-02
1.87500000000000e+00  8.82078510836102e-02
1.90000000000000e+00  1.22077461155225e-01
1.92500000000000e+00  1.55230139369690e-01
1.95000000000000e+00  1.87456388005141e-01
1.97500000000000e+00  2.18545812882663e-01
2.00000000000000e+00  2.48288928477361e-01
2.02500000000000e+00  2.76478963029427e-01
2.05000000000000e+00  3.02913663655210e-01
2.07500000000000e+00  3.27397101458282e-01
2.10000000000000e+00  3.49741476640509e-01
2.12500000000000e+00  3.69768923613114e-01
2.15000000000000e+00  3.87313316107751e-01
2.17500000000000e+00  4.02222072287571e-01
2.20000000000000e+00  4.14358031393528e-01
2.22500000000000e+00  4.23601069224855e-01
2.25000000000000e+00  4.29850679383781e-01
2.27500000000000e+00  4.33024422551820e-01
2.30000000000000e+00  4.33062472763371e-01
2.32500000000000e+00  4.29928234458309e-01
2.35000000000000e+00  4.23608959534574e-01
2.37500000000000e+00  4.14116364400758e-01
2.40000000000000e+00  4.01487247028695e-01
2.42500000000000e+00  3.85784104006045e-01
2.45000000000000e+00  3.67095747588888e-01
2.47500000000000e+00  3.45537922754309e-01
2.50000000000000e+00  3.21245387778270e-01
2.52500000000000e+00  2.94396549349246e-01
2.55000000000000e+00  2.65179905571403e-01
2.57500000000000e+00  2.33808058598707e-01
2.60000000000000e+00  2.00517707159898e-01
2.62500000000000e+00  1.65567216015776e-01
2.65000000000000e+00  1.29234185416485e-01
2.67500000000000e+00  9.18130205587967e-02
2.70000000000000e+00  5.36125010433885e-02
2.72500000000000e+00  1.49533503321373e-02
2.75000000000000e+00  -2.38341947946023e-02
2.77500000000000e+00  -6.24128147807126e-02
2.80000000000000e+00  -1.00440537837029e-01
2.82500000000000e+00  -1.37576949652685e-01
2.85000000000000e+00  -1.73483536567274e-01
2.87500000000000e+00  -2.07828680613754e-01
2.90000000000000e+00  -2.40288543915836e-01
2.92500000000000e+00  -2.70552928912571e-01
2.95000000000000e+00  -2.98328127682862e-01
2.97500000000000e+00  -3.23339771269983e-01
3.00000000000000e+00  -3.45335679006092e-01
3.02500000000000e+00  -3.64088707836749e-01
3.05000000000000e+00  -3.79399601645428e-01
3.07500000000000e+00  -3.91099840578034e-01
3.10000000000000e+00  -3.99054490367420e-01
3.12500000000000e+00  -4.03167047193891e-01
3.15000000000000e+00  -4.03364903339651e-01
3.17500000000000e+00  -3.99631956524947e-01
3.20000000000000e+00  -3.91976958394113e-01
3.22500000000000e+00  -3.80451196656952e-01
3.25000000000000e+00  -3.65147020455569e-01
3.27500000000000e+00  -3.46196365731208e-01
3.30000000000000e+00  -3.23769280591098e-01
3.32500000000000e+00  -2.98072450675283e-01
3.35000000000000e+00  -2.69347724523458e-01
3.37500000000000e+00  -2.37870638941814e-01
3.40000000000000e+00  -2.03948944369869e-01
3.42500000000000e+00  -1.67921130247313e-01
3.45000000000000e+00  -1.30146672577098e-01
3.47500000000000e+00  -9.10087969185902e-02
3.50000000000000e+00  -5.09087499337834e-02
3.52500000000000e+00  -1.02614695624507e-02
3.55000000000000e+00  3.05084441524759e-02
3.57500000000000e+00  7.09713928361857e-02
3.60000000000000e+00  1.10697443553268e-01
3.62500000000000e+00  1.49260992578993e-01
3.65000000000000e+00  1.86245429170588e-01
3.67500000000000e+00  2.21247799338520e-01
3.70000000000000e+00  2.53883469617775e-01
3.72500000000000e+00  2.83790790839135e-01
3.75000000000000e+00  3.10641248617565e-01
3.77500000000000e+00  3.34115516001003e-01
3.80000000000000e+00  3.53961060546214e-01
3.82500000000000e+00  3.69942723315722e-01
3.85000000000000e+00  3.81870620153638e-01
3.87500000000000e+00  3.89600737377614e-01
3.90000000000000e+00  3.93035527470805e-01
3.92500000000000e+00  3.92124504773822e-01
3.95000000000000e+00  3.86864841176695e-01
3.97500000000000e+00  3.77301961810827e-01
4.00000000000000e+00  3.63530140740953e-01
4.02500000000000e+00  3.45693096657096e-01
4.05000000000000e+00  3.23984588566532e-01
4.07500000000000e+00  2.98637706478405e-01
4.10000000000000e+00  2.69930999420977e-01
4.12500000000000e+00  2.38184096902591e-01
4.15000000000000e+00  2.03750468033532e-01
4.17500000000000e+00  1.67017581582613e-01
4.20000000000000e+00  1.28401663297100e-01
4.22500000000000e+00  8.83424532226505e-02
4.25000000000000e+00  4.72979630232424e-02
4.27500000000000e+00  5.73923330110245e-03
4.30000000000000e+00  -3.58549090833537e-02
4.32500000000000e+00  -7.70030936915979e-02
4.35000000000000e+00  -1.17226649187048e-01
4.37500000000000e+00  -1.56058549151537e-01
4.40000000000000e+00  -1.93036649266762e-01
4.42500000000000e+00  -2.27737828898075e-01
4.45000000000000e+00  -2.59748162489801e-01
4.47500000000000e+00  -2.88687882506097e-01
4.50000000000000e+00  -3.14214211710083e-01
4.52500000000000e+00  -3.36024195442957e-01
4.55000000000000e+00  -3.53857533903103e-01
4.57500000000000e+00  -3.67499414425217e-01
4.60000000000000e+00  -3.76783343759423e-01
4.62500000000000e+00  -3.81593980350382e-01
4.65000000000000e+00  -3.81869966616421e-01
4.67500000000000e+00  -3.77606761228640e-01
4.70000000000000e+00  -3.68847785315489e-01
4.72500000000000e+00  -3.55692706506470e-01
4.75000000000000e+00  -3.38295824384793e-01
4.77500000000000e+00  -3.16857401752042e-01
4.80000000000000e+00  -2.91628615403908e-01
4.82500000000000e+00  -2.62907023943239e-01
4.85000000000000e+00  -2.31032035593080e-01
4.87500000000000e+00  -1.96380376009734e-01
4.90000000000000e+00  -1.59361556095797e-01
4.92500000000000e+00  -1.20413339813218e-01
4.95000000000000e+00  -7.99972119963477e-02
4.97500000000000e+00  -3.85938461649771e-02
5.00000000000000e+00  3.31206974897586e-03
5.02500000000000e+00  4.52053997610764e-02
5.05000000000000e+00  8.66038565132141e-02
5.07500000000000e+00  1.27012017934406e-01
5.10000000000000e+00  1.65949153337802e-01
5.12500000000000e+00  2.02953751198618e-01
5.15000000000000e+00  2.37588046932102e-01
5.17500000000000e+00  2.69442550671472e-01
5.20000000000000e+00  2.98140575045866e-01
5.22500000000000e+00  3.23342762958295e-01
5.25000000000000e+00  3.44751615363588e-01
5.27500000000000e+00  3.62116019046344e-01
5.30000000000000e+00  3.75235774398878e-01
5.32500000000000e+00  3.83956650010844e-01
5.35000000000000e+00  3.88179042015692e-01
5.37500000000000e+00  3.87859578600351e-01
5.40000000000000e+00  3.83002871520371e-01
5.42500000000000e+00  3.73670335310421e-01
5.45000000000000e+00  3.59977363885015e-01
5.47500000000000e+00  3.42090507139248e-01
5.50000000000000e+00  3.20224647549521e-01
5.52500000000000e+00  2.94640176774273e-01
5.55000000000000e+00  2.65640172254716e-01
5.57500000000000e+00  2.33567573815556e-01
5.60000000000000e+00  1.98802360265728e-01
5.62500000000000e+00  1.61754334088043e-01
5.65000000000000e+00  1.22858172920703e-01
5.67500000000000e+00  8.25649260330917e-02
5.70000000000000e+00  4.13454095186407e-02
5.72500000000000e+00  -3.21617655265510e-04
5.75000000000000e+00  -4.19546964426802e-02
5.77500000000000e+00  -8.30749105145069e-02
5.80000000000000e+00  -1.23211129053895e-01
5.82500000000000e+00  -1.61905249551633e-01
5.85000000000000e+00  -1.98717440601566e-01
5.87500000000000e+00  -2.33231384695976e-01
5.90000000000000e+00  -2.65059521021000e-01
5.92500000000000e+00  -2.93848288252020e-01
5.95000000000000e+00  -3.19277963343148e-01
5.97500000000000e+00  -3.41069907108788e-01
6.00000000000000e+00  -3.58990936857212e-01
6.02500000000000e+00  -3.72847203119045e-01
6.05000000000000e+00  -3.82494897352850e-01
6.07500000000000e+00  -3.87839656676976e-01
6.10000000000000e+00  -3.88835968601395e-01
6.12500000000000e+00  -3.85486575759545e-01
6.15000000000000e+00  -3.77841880640176e-01
6.17500000000000e+00  -3.65999350319186e-01
6.20000000000000e+00  -3.50102921191470e-01
6.22500000000000e+00  -3.30342403702756e-01
6.25000000000000e+00  -3.06947642274023e-01
6.27500000000000e+00  -2.80186772643708e-01
6.30000000000000e+00  -2.50363361476324e-01
6.32500000000000e+00  -2.17811243539679e-01
6.35000000000000e+00  -1.82891936646010e-01
6.37500000000000e+00  -1.45989972870870e-01
6.40000000000000e+00  -1.07508229771981e-01
6.42500000000000e+00  -6.78632616081216e-02
6.45000000000000e+00  -2.74806305579851e-02
6.47500000000000e+00  1.32097620609427e-02
6.50000000000000e+00  5.37783445735075e-02
6.52500000000000e+00  9.38005437280276e-02
6.55000000000000e+00  1.32861453477409e-01
6.57500000000000e+00  1.70559846824071e-01
6.60000000000000e+00  2.06512525895954e-01
6.62500000000000e+00  2.40360061102685e-01
6.65000000000000e+00  2.71763981891405e-01
6.67500000000000e+00  3.00416573466349e-01
6.70000000000000e+00  3.26042343098577e-01
6.72500000000000e+00  3.48399486435711e-01
6.75000000000000e+00  3.67281353811659e-01
6.77500000000000e+00  3.82517916556352e-01
6.80000000000000e+00  3.93977233305475e-01
6.82500000000000e+00  4.01566916310195e-01
6.85000000000000e+00  4.05235597746895e-01
6.87500000000000e+00  4.04973245417720e-01
6.90000000000000e+00  4.00800487840045e-01
6.92500000000000e+00  3.92785282810461e-01
6.95000000000000e+00  3.81025962759824e-01
6.97500000000000e+00  3.65657355674913e-01
7.00000000000000e+00  3.46847925118806e-01
7.02500000000000e+00  3.24796910251247e-01
7.05000000000000e+00  2.99731465849028e-01
7.07500000000000e+00  2.71903802326354e-01
7.10000000000000e+00  2.41588325755218e-01
7.12500000000000e+00  2.09078777885778e-01
7.15000000000000e+00  1.74685376166724e-01
7.17500000000000e+00  1.38731953765656e-01
7.20000000000000e+00  1.01550153203857e-01
7.22500000000000e+00  6.34784843398777e-02
7.25000000000000e+00  2.48573433964090e-02
7.27500000000000e+00  -1.39713085608472e-02
7.30000000000000e+00  -5.26701742394172e-02
7.32500000000000e+00  -9.09090450634354e-02
7.35000000000000e+00  -1.28367226117043e-01
7.37500000000000e+00  -1.64735961087759e-01
7.40000000000000e+00  -1.99720857209881e-01
7.42500000000000e+00  -2.33044310207858e-01
7.45000000000000e+00  -2.64447929239682e-01
7.47500000000000e+00  -2.93694961840278e-01
7.50000000000000e+00  -3.20581537045315e-01
7.52500000000000e+00  -3.44893703597974e-01
7.55000000000000e+00  -3.66478537520977e-01
7.57500000000000e+00  -3.85192794640354e-01
7.60000000000000e+00  -4.00920778889792e-01
7.62500000000000e+00  -4.13573725388370e-01
7.65000000000000e+00  -4.23089183518322e-01
7.67500000000000e+00  -4.29430400002777e-01
7.70000000000000e+00  -4.32585701983513e-01
7.72500000000000e+00  -4.32567880098709e-01
7.75000000000000e+00  -4.29413571560687e-01
7.77500000000000e+00  -4.23182643233669e-01
7.80000000000000e+00  -4.13957574711524e-01
7.82500000000000e+00  -4.01838910867383e-01
7.85000000000000e+00  -3.86946813496617e-01
7.87500000000000e+00  -3.69418480313377e-01
7.90000000000000e+00  -3.49406527198934e-01
7.92500000000000e+00  -3.27077113506842e-01
7.95000000000000e+00  -3.02608136278540e-01
7.97500000000000e+00  -2.76187424458948e-01
8.00000000000000e+00  -2.48010933112080e-01
8.02500000000000e+00  -2.18280937636634e-01
8.05000000000000e+00  -1.87204227981605e-01
8.07500000000000e+00  -1.54990302861879e-01
8.10000000000000e+00  -1.21849563973838e-01
8.12500000000000e+00  -8.79932772551021e-02
8.15000000000000e+00  -5.36263334169369e-02
8.17500000000000e+00  -1.89540910654116e-02
8.20000000000000e+00  1.58236588032046e-02
8.22500000000000e+00  5.05141764063129e-02
8.25000000000000e+00  8.49324936811151e-02
8.27500000000000e+00  1.18902134790713e-01
8.30000000000000e+00  1.52255836630236e-01
8.32500000000000e+00  1.84836269332965e-01
8.35000000000000e+00  2.16496756776435e-01
8.37500000000000e+00  2.47101997088573e-01
8.40000000000000e+00  2.76528783153796e-01
8.42500000000000e+00  3.04666723119142e-01
8.45000000000000e+00  3.31416481698541e-01
8.47500000000000e+00  3.56691769372072e-01
8.50000000000000e+00  3.80419080681709e-01
8.52500000000000e+00  4.02536532087860e-01
8.55000000000000e+00  4.22994735151335e-01
8.57500000000000e+00  4.41756282112731e-01
8.60000000000000e+00  4.58795231471838e-01
8.62500000000000e+00  4.74096593567038e-01
8.65000000000000e+00  4.87655816154694e-01
8.67500000000000e+00  4.99478269988554e-01
8.70000000000000e+00  5.09578734399145e-01
8.72500000000000e+00  5.17980882873173e-01
8.75000000000000e+00  5.24697167232936e-01
8.77500000000000e+00  5.29827387116177e-01
8.80000000000000e+00  5.33364450731663e-01
8.82500000000000e+00  5.35367102218904e-01
8.85000000000000e+00  5.35897692441548e-01
8.87500000000000e+00  5.35021789470535e-01
8.90000000000000e+00  5.32807789067264e-01
8.92500000000000e+00  5.29326525166744e-01
8.95000000000000e+00  5.24650880360753e-01
8.97500000000000e+00  5.18855396381004e-01
9.00000000000000e+00  5.12015884582294e-01
9.02500000000000e+00  5.04209036425669e-01
9.05000000000000e+00  4.95512033961583e-01
9.07500000000000e+00  4.86002271360846e-01
9.10000000000000e+00  4.75756872307372e-01
9.12500000000000e+00  4.64852581570324e-01
9.15000000000000e+00  4.53364524562504e-01
9.17500000000000e+00  4.41366587656314e-01
9.20000000000000e+00  4.28930787132184e-01
9.22500000000000e+00  4.16126638126998e-01
9.25000000000000e+00  4.03020523582521e-01
9.27500000000000e+00  3.89675063193831e-01
9.30000000000000e+00  3.76148482357743e-01
9.32500000000000e+00  3.62493981121236e-01
9.35000000000000e+00  3.48759103129884e-01
9.37500000000000e+00  3.35050351204784e-01
9.40000000000000e+00  3.21275532551793e-01
9.42500000000000e+00  3.07604528460955e-01
9.45000000000000e+00  2.94059427164487e-01
9.47500000000000e+00  2.80664225819707e-01
9.50000000000000e+00  2.67444042417629e-01
9.52500000000000e+00  2.54424327691561e-01
9.55000000000000e+00  2.41630077025696e-01
9.57500000000000e+00  2.29085042363710e-01
9.60000000000000e+00  2.16810944117357e-01
9.62500000000000e+00  2.04826683075063e-01
9.65000000000000e+00  1.93147552310522e-01
9.67500000000000e+00  1.81784449091291e-01
9.70000000000000e+00  1.70746867203987e-01
9.72500000000000e+00  1.60040002742676e-01
9.75000000000000e+00  1.49665649678428e-01
9.77500000000000e+00  1.39623253765463e-01
9.80000000000000e+00  1.29909544024067e-01
9.82500000000000e+00  1.20519165078308e-01
9.85000000000000e+00  1.11445309493749e-01
9.87500000000000e+00  1.02680350115155e-01
9.90000000000000e+00  9.42164724042085e-02
9.92500000000000e+00  8.60463067772222e-02
9.95000000000000e+00  7.81635609428500e-02
9.97500000000000e+00  7.05636522397978e-02
1.00000000000000e+01  6.32443399745415e-02
