0.00000000000000e+00  -6.31710521289316e-02
2.50000000000000e-02  -7.05878722642767e-02
5.00000000000000e-02  -7.82180796621862e-02
7.50000000000000e-02  -8.60947494517905e-02
1.00000000000000e-01  -9.42444195134341e-02
1.25000000000000e-01  -1.02687737276789e-01
1.50000000000000e-01  -1.11440106518969e-01
1.75000000000000e-01  -1.20512334162640e-01
2.00000000000000e-01  -1.29911277074143e-01
2.25000000000000e-01  -1.39640488861599e-01
2.50000000000000e-01  -1.49700866673030e-01
2.75000000000000e-01  -1.60091297994469e-01
3.00000000000000e-01  -1.70809307448079e-01
3.25000000000000e-01  -1.81850039392143e-01
3.50000000000000e-01  -1.93207641669596e-01
3.75000000000000e-01  -2.04876044443725e-01
4.00000000000000e-01  -2.16844945376717e-01
4.25000000000000e-01  -2.29103369249961e-01
4.50000000000000e-01  -2.41638329610480e-01
4.75000000000000e-01  -2.54433490417357e-01
5.00000000000000e-01  -2.67467827688173e-01
5.25000000000000e-01  -2.80714291145427e-01
5.50000000000000e-01  -2.94138465862972e-01
5.75000000000000e-01  -3.07697233912446e-01
6.00000000000000e-01  -3.21337436009697e-01
6.25000000000000e-01  -3.35099263177157e-01
6.50000000000000e-01  -3.48802160016037e-01
6.75000000000000e-01  -3.62517763659528e-01
7.00000000000000e-01  -3.76179771727684e-01
7.25000000000000e-01  -3.89723290765866e-01
7.50000000000000e-01  -4.03084262808840e-01
7.75000000000000e-01  -4.16198891944858e-01
8.00000000000000e-01  -4.29003070879747e-01
8.25000000000000e-01  -4.41431807500998e-01
8.50000000000000e-01  -4.53418651441849e-01
8.75000000000000e-01  -4.64895120645381e-01
9.00000000000000e-01  -4.75790127928594e-01
9.25000000000000e-01  -4.86029407546506e-01
9.50000000000000e-01  -4.95538349537595e-01
9.75000000000000e-01  -5.04239642344804e-01
1.00000000000000e+00  -5.12053911693147e-01
1.02500000000000e+00  -5.18902410880106e-01
1.05000000000000e+00  -5.24705620045347e-01
1.07500000000000e+00  -5.29384601403056e-01
1.10000000000000e+00  -5.32862354474268e-01
1.12500000000000e+00  -5.35065171319208e-01
1.15000000000000e+00  -5.35923991769617e-01
1.17500000000000e+00  -5.35375758661092e-01
1.20000000000000e+00  -5.33364773065416e-01
1.22500000000000e+00  -5.29844049522893e-01
1.25000000000000e+00  -5.24713172348309e-01
1.27500000000000e+00  -5.18001306420373e-01
1.30000000000000e+00  -5.09603228774691e-01
1.32500000000000e+00  -4.99496658489346e-01
1.35000000000000e+00  -4.87664636415709e-01
1.37500000000000e+00  -4.74096528082744e-01
1.40000000000000e+00  -4.58789026601312e-01
1.42500000000000e+00  -4.41747155568487e-01
1.45000000000000e+00  -4.22985271971852e-01
1.47500000000000e+00  -4.02528069093817e-01
1.50000000000000e+00  -3.80411579415917e-01
1.52500000000000e+00  -3.56684177523128e-01
1.55000000000000e+00  -3.31407583008168e-01
1.57500000000000e+00  -3.04654560507981e-01
1.60000000000000e+00  -2.76511595033862e-01
1.62500000000000e+00  -2.47078716676884e-01
1.65000000000000e+00  -2.16467153128080e-01
1.67500000000000e+00  -1.84801191014877e-01
1.70000000000000e+00  -1.52217178710655e-01
1.72500000000000e+00  -1.18862529144305e-01
1.75000000000000e+00  -8.48947226097844e-02
1.77500000000000e+00  -5.04803095756793e-02
1.80000000000000e+00  -1.57939134947618e-02
1.82500000000000e+00  1.89827663864560e-02
1.85000000000000e+00  5.36619522181568e-02
1.87500000000000e+00  8.80309306422954e-02
1.90000000000000e+00  1.21886750136218e-01
1.92500000000000e+00  1.55026318868801e-01
1.95000000000000e+00  1.87239484339237e-01
1.97500000000000e+00  2.18315397564241e-01
2.00000000000000e+00  2.48044286708464e-01
2.02500000000000e+00  2.76219230714897e-01
2.05000000000000e+00  3.02637932935282e-01
2.07500000000000e+00  3.27104494760517e-01
2.10000000000000e+00  3.49431189251069e-01
2.12500000000000e+00  3.69440234767377e-01
2.15000000000000e+00  3.86965568600263e-01
2.17500000000000e+00  4.01854620601341e-01
2.20000000000000e+00  4.13970270305604e-01
2.22500000000000e+00  4.23192387369910e-01
2.25000000000000e+00  4.29420415371521e-01
2.27500000000000e+00  4.32571858624350e-01
2.30000000000000e+00  4.32586816251476e-01
2.32500000000000e+00  4.29428616983754e-01
2.35000000000000e+00  4.23084453958438e-01
2.37500000000000e+00  4.13566019517794e-01
2.40000000000000e+00  4.00910140007717e-01
2.42500000000000e+00  3.85179410576351e-01
2.45000000000000e+00  3.66462829972703e-01
2.47500000000000e+00  3.44876435345259e-01
2.50000000000000e+00  3.20553941155862e-01
2.52500000000000e+00  2.93674632864852e-01
2.55000000000000e+00  2.64426406371972e-01
2.57500000000000e+00  2.33021934515322e-01
2.60000000000000e+00  1.99697963352010e-01
2.62500000000000e+00  1.64712885432255e-01
2.65000000000000e+00  1.28344313073488e-01
2.67500000000000e+00  9.08866516344598e-02
2.70000000000000e+00  5.26486727893344e-02
2.72500000000000e+00  1.39510878018035e-02
2.75000000000000e+00  -2.48758792008161e-02
2.77500000000000e+00  -6.34949179534783e-02
2.80000000000000e+00  -1.01564058779304e-01
2.82500000000000e+00  -1.38742886900833e-01
2.85000000000000e+00  -1.74692878641374e-01
2.87500000000000e+00  -2.09082391176116e-01
2.90000000000000e+00  -2.41587570016309e-01
2.92500000000000e+00  -2.71898187025356e-01
2.95000000000000e+00  -2.99720497116014e-01
2.97500000000000e+00  -3.24780094947609e-01
3.00000000000000e+00  -3.46824771623238e-01
3.02500000000000e+00  -3.65627371386980e-01
3.05000000000000e+00  -3.80988648321103e-01
3.07500000000000e+00  -3.92740123043270e-01
3.10000000000000e+00  -4.00746939403747e-01
3.12500000000000e+00  -4.04912107106341e-01
3.15000000000000e+00  -4.05163907856868e-01
3.17500000000000e+00  -4.01485439179664e-01
3.20000000000000e+00  -3.93885565089665e-01
3.22500000000000e+00  -3.82415650180695e-01
3.25000000000000e+00  -3.67168090349030e-01
3.27500000000000e+00  -3.48274843516966e-01
3.30000000000000e+00  -3.25905960356383e-01
3.32500000000000e+00  -3.00268115012306e-01
3.35000000000000e+00  -2.71603135826473e-01
3.37500000000000e+00  -2.40186536060899e-01
3.40000000000000e+00  -2.06326044621437e-01
3.42500000000000e+00  -1.70360136781353e-01
3.45000000000000e+00  -1.32648254094733e-01
3.47500000000000e+00  -9.35736000850772e-02
3.50000000000000e+00  -5.35373868561089e-02
3.52500000000000e+00  -1.29545162224440e-02
3.55000000000000e+00  2.77504556912676e-02
3.57500000000000e+00  6.81479843973042e-02
3.60000000000000e+00  1.07808202991836e-01
3.62500000000000e+00  1.46305588101887e-01
3.65000000000000e+00  1.83223625832297e-01
3.67500000000000e+00  2.18159477712689e-01
3.70000000000000e+00  2.50728646644423e-01
3.72500000000000e+00  2.80569642847570e-01
3.75000000000000e+00  3.07353666821251e-01
3.77500000000000e+00  3.30762417071491e-01
3.80000000000000e+00  3.50542655215086e-01
3.82500000000000e+00  3.66459448042979e-01
3.85000000000000e+00  3.78323104789829e-01
3.87500000000000e+00  3.85989776018180e-01
3.90000000000000e+00  3.89362052502647e-01
3.92500000000000e+00  3.88389564114092e-01
3.95000000000000e+00  3.83069578703801e-01
3.97500000000000e+00  3.73447600987665e-01
4.00000000000000e+00  3.59617971430361e-01
4.02500000000000e+00  3.41724465129522e-01
4.05000000000000e+00  3.19960890699928e-01
4.07500000000000e+00  2.94560378117269e-01
4.10000000000000e+00  2.65801521040998e-01
4.12500000000000e+00  2.34003993316736e-01
4.15000000000000e+00  1.99521291910364e-01
4.17500000000000e+00  1.62740918767593e-01
4.20000000000000e+00  1.24079131846487e-01
4.22500000000000e+00  8.39756961499952e-02
4.25000000000000e+00  4.28886347584767e-02
4.27500000000000e+00  1.28897986222106e-03
4.30000000000000e+00  -4.03444762060157e-02
4.32500000000000e+00  -8.15304299384934e-02
4.35000000000000e+00  -1.21790315619952e-01
4.37500000000000e+00  -1.60656334126443e-01
4.40000000000000e+00  -1.97668083549087e-01
4.42500000000000e+00  -2.32400860281447e-01
4.45000000000000e+00  -2.64440949578033e-01
4.47500000000000e+00  -2.93408720522117e-01
4.50000000000000e+00  -3.18961469603626e-01
4.52500000000000e+00  -3.40796264297030e-01
4.55000000000000e+00  -3.58652786639221e-01
4.57500000000000e+00  -3.72316176807410e-01
4.60000000000000e+00  -3.81619876697005e-01
4.62500000000000e+00  -3.86448473499501e-01
4.65000000000000e+00  -3.86740543280368e-01
4.67500000000000e+00  -3.82491494556936e-01
4.70000000000000e+00  -3.73744683072424e-01
4.72500000000000e+00  -3.60599738370691e-01
4.75000000000000e+00  -3.43210923990518e-01
4.77500000000000e+00  -3.21778475153520e-01
4.80000000000000e+00  -2.96553549604716e-01
4.82500000000000e+00  -2.67833689788599e-01
4.85000000000000e+00  -2.35958285025201e-01
4.87500000000000e+00  -2.01304033686170e-01
4.90000000000000e+00  -1.64280405370831e-01
4.92500000000000e+00  -1.25325103082261e-01
4.95000000000000e+00  -8.48995254033624e-02
4.97500000000000e+00  -4.34842286729190e-02
5.00000000000000e+00  -1.56487599017114e-03
5.02500000000000e+00  4.03456714299316e-02
5.05000000000000e+00  8.17631264379425e-02
5.07500000000000e+00  1.22192303501505e-01
5.10000000000000e+00  1.61152636970457e-01
5.12500000000000e+00  1.98182718661012e-01
5.15000000000000e+00  2.32844835439968e-01
5.17500000000000e+00  2.64729506808893e-01
5.20000000000000e+00  2.93460022488320e-01
5.22500000000000e+00  3.18696980001946e-01
5.25000000000000e+00  3.40142822260822e-01
5.27500000000000e+00  3.57546375147550e-01
5.30000000000000e+00  3.70707385100478e-01
5.32500000000000e+00  3.79471568953521e-01
5.35000000000000e+00  3.83739276095953e-01
5.37500000000000e+00  3.83467128327622e-01
5.40000000000000e+00  3.78659692861566e-01
5.42500000000000e+00  3.69378369939073e-01
5.45000000000000e+00  3.55738549197450e-01
5.47500000000000e+00  3.37906766037785e-01
5.50000000000000e+00  3.16097857992725e-01
5.52500000000000e+00  2.90572121094233e-01
5.55000000000000e+00  2.61632466241365e-01
5.57500000000000e+00  2.29621575568030e-01
5.60000000000000e+00  1.94919058810760e-01
5.62500000000000e+00  1.57935793733511e-01
5.65000000000000e+00  1.19104809652988e-01
5.67500000000000e+00  7.88781315531723e-02
5.70000000000000e+00  3.77263040868565e-02
5.72500000000000e+00  -3.87214391287899e-03
5.75000000000000e+00  -4.54359483299980e-02
5.77500000000000e+00  -8.64863586628629e-02
5.80000000000000e+00  -1.26552386921572e-01
5.82500000000000e+00  -1.65176056525295e-01
5.85000000000000e+00  -2.01917651199631e-01
5.87500000000000e+00  -2.36360963873934e-01
5.90000000000000e+00  -2.68118545578670e-01
5.92500000000000e+00  -2.96836954342747e-01
5.95000000000000e+00  -3.22196572586088e-01
5.97500000000000e+00  -3.43918864537688e-01
6.00000000000000e+00  -3.61770759423339e-01
6.02500000000000e+00  -3.75558508333427e-01
6.05000000000000e+00  -3.85138396472408e-01
6.07500000000000e+00  -3.90416143772517e-01
6.10000000000000e+00  -3.91346305507472e-01
6.12500000000000e+00  -3.87931672906180e-01
6.15000000000000e+00  -3.80222673766449e-01
6.17500000000000e+00  -3.68316773068691e-01
6.20000000000000e+00  -3.52357873589633e-01
6.22500000000000e+00  -3.32535716516018e-01
6.25000000000000e+00  -3.09080226609977e-01
6.27500000000000e+00  -2.82259880261405e-01
6.30000000000000e+00  -2.52377817533358e-01
6.32500000000000e+00  -2.19767915944267e-01
6.35000000000000e+00  -1.84791714764755e-01
6.37500000000000e+00  -1.47833750416735e-01
6.40000000000000e+00  -1.09296891872484e-01
6.42500000000000e+00  -6.95976760537422e-02
6.45000000000000e+00  -2.91616432307881e-02
6.47500000000000e+00  1.15813275784691e-02
6.50000000000000e+00  5.22016832093977e-02
6.52500000000000e+00  9.22748609515696e-02
6.55000000000000e+00  1.31385953149661e-01
6.57500000000000e+00  1.69133747146143e-01
6.60000000000000e+00  2.05135038571141e-01
6.62500000000000e+00  2.39030381613569e-01
6.65000000000000e+00  2.70481305357343e-01
6.67500000000000e+00  2.99180081595379e-01
6.70000000000000e+00  3.24851195785207e-01
6.72500000000000e+00  3.47252818004595e-01
6.75000000000000e+00  3.66178273907154e-01
6.77500000000000e+00  3.81457515677963e-01
6.80000000000000e+00  3.92958592989174e-01
6.82500000000000e+00  4.00589123955636e-01
6.85000000000000e+00  4.04297766090504e-01
6.87500000000000e+00  4.04074115592895e-01
6.90000000000000e+00  3.99939554150567e-01
6.92500000000000e+00  3.91961353936771e-01
6.95000000000000e+00  3.80237926752045e-01
6.97500000000000e+00  3.64904149533582e-01
7.00000000000000e+00  3.46128510195370e-01
7.02500000000000e+00  3.24110253468310e-01
7.05000000000000e+00  2.99076526740358e-01
7.07500000000000e+00  2.71279525896640e-01
7.10000000000000e+00  2.40993641159592e-01
7.12500000000000e+00  2.08512602929090e-01
7.15000000000000e+00  1.74146627622570e-01
7.17500000000000e+00  1.38219563515166e-01
7.20000000000000e+00  1.01063039084829e-01
7.22500000000000e+00  6.30155703017975e-02
7.25000000000000e+00  2.44175677116452e-02
7.27500000000000e+00  -1.43890058220729e-02
7.30000000000000e+00  -5.30668432762001e-02
7.32500000000000e+00  -9.12857213906304e-02
7.35000000000000e+00  -1.28724928590978e-01
7.37500000000000e+00  -1.65075692911220e-01
7.40000000000000e+00  -2.00043609916368e-01
7.42500000000000e+00  -2.33351070625114e-01
7.45000000000000e+00  -2.64739689432494e-01
7.47500000000000e+00  -2.93972732032544e-01
7.50000000000000e+00  -3.20847489113608e-01
7.52500000000000e+00  -3.45146021113212e-01
7.55000000000000e+00  -3.66719067699202e-01
7.57500000000000e+00  -3.85422903245575e-01
7.60000000000000e+00  -4.01141474673627e-01
7.62500000000000e+00  -4.13785766683279e-01
7.65000000000000e+00  -4.23293166984407e-01
7.67500000000000e+00  -4.29626831528165e-01
7.70000000000000e+00  -4.32775049738317e-01
7.72500000000000e+00  -4.32750609742559e-01
7.75000000000000e+00  -4.29590163603852e-01
7.77500000000000e+00  -4.23353592551745e-01
7.80000000000000e+00  -4.14123372213702e-01
7.82500000000000e+00  -4.02000039079330e-01
7.85000000000000e+00  -3.87103703364636e-01
7.87500000000000e+00  -3.69571465240620e-01
7.90000000000000e+00  -3.49555875188743e-01
7.92500000000000e+00  -3.27222976330247e-01
7.95000000000000e+00  -3.02750531042287e-01
7.97500000000000e+00  -2.76326247574052e-01
8.00000000000000e+00  -2.48146006662907e-01
8.02500000000000e+00  -2.18412088150510e-01
8.05000000000000e+00  -1.87331397598949e-01
8.07500000000000e+00  -1.55113692906873e-01
8.10000000000000e+00  -1.21969810925610e-01
8.12500000000000e+00  -8.81297195523530e-02
8.15000000000000e+00  -5.37369987561248e-02
8.17500000000000e+00  -1.90540921461469e-02
8.20000000000000e+00  1.57261439208999e-02
8.22500000000000e+00  5.04159362964820e-02
8.25000000000000e+00  8.48335918347669e-02
8.27500000000000e+00  1.18804494187145e-01
8.30000000000000e+00  1.52162100596783e-01
8.32500000000000e+00  1.84748938693166e-01
8.35000000000000e+00  2.16417603286628e-01
8.37500000000000e+00  2.47031753162911e-01
8.40000000000000e+00  2.76467107877685e-01
8.42500000000000e+00  3.04612444551104e-01
8.45000000000000e+00  3.31367738409526e-01
8.47500000000000e+00  3.56646508411956e-01
8.50000000000000e+00  3.80375993066068e-01
8.52500000000000e+00  4.02494475779536e-01
8.55000000000000e+00  4.22953584370617e-01
8.57500000000000e+00  4.41717288450087e-01
8.60000000000000e+00  4.58760896803194e-01
8.62500000000000e+00  4.74070054771609e-01
8.65000000000000e+00  4.87639741635362e-01
8.67500000000000e+00  4.99473267994795e-01
8.70000000000000e+00  5.09581273152510e-01
8.72500000000000e+00  5.17980722495315e-01
8.75000000000000e+00  5.24757371520271e-01
8.77500000000000e+00  5.29825993510287e-01
8.80000000000000e+00  5.33347888767497e-01
8.82500000000000e+00  5.35359979473595e-01
8.85000000000000e+00  5.35909255463487e-01
8.87500000000000e+00  5.35051419159748e-01
8.90000000000000e+00  5.32849530507088e-01
8.92500000000000e+00  5.29372651906811e-01
8.95000000000000e+00  5.24694493151284e-01
8.97500000000000e+00  5.18892056358395e-01
9.00000000000000e+00  5.12044280906016e-01
9.02500000000000e+00  5.04230688366469e-01
9.05000000000000e+00  4.95530027440987e-01
9.07500000000000e+00  4.86021674165886e-01
9.10000000000000e+00  4.75782942168801e-01
9.12500000000000e+00  4.64888443655130e-01
9.15000000000000e+00  4.53412446598042e-01
9.17500000000000e+00  4.41426040490265e-01
9.20000000000000e+00  4.28997709679327e-01
9.22500000000000e+00  4.16193906702782e-01
9.25000000000000e+00  4.03079625623444e-01
9.27500000000000e+00  3.89718975364619e-01
9.30000000000000e+00  3.76175753045338e-01
9.32500000000000e+00  3.62514017315585e-01
9.35000000000000e+00  3.48798661691531e-01
9.37500000000000e+00  3.34991264729812e-01
9.40000000000000e+00  3.21334379191143e-01
9.42500000000000e+00  3.07694372132506e-01
9.45000000000000e+00  2.94135783921673e-01
9.47500000000000e+00  2.80711775184099e-01
9.50000000000000e+00  2.67465465148765e-01
9.52500000000000e+00  2.54431269994032e-01
9.55000000000000e+00  2.41636241193490e-01
9.57500000000000e+00  2.29101403861803e-01
9.60000000000000e+00  2.16843095100566e-01
9.62500000000000e+00  2.04874302344144e-01
9.65000000000000e+00  1.93206001705528e-01
9.67500000000000e+00  1.81848496322184e-01
9.70000000000000e+00  1.70807856754225e-01
9.72500000000000e+00  1.60089935786975e-01
9.75000000000000e+00  1.49699589580005e-01
9.77500000000000e+00  1.39639293969866e-01
9.80000000000000e+00  1.29910161815202e-01
9.82500000000000e+00  1.20511296211105e-01
9.85000000000000e+00  1.11439143703464e-01
9.87500000000000e+00  1.02686847503324e-01
9.90000000000000e+00  9.42436007012282e-02
9.92500000000000e+00  8.60939994815833e-02
9.95000000000000e+00  7.82173963370042e-02
9.97500000000000e+00  7.05872532826684e-02
1.00000000000000e+01  6.31704950706738e-02
