0.00000000000000e+00  -5.79726831820392e-02
2.50000000000000e-02  -6.54436708180483e-02
5.00000000000000e-02  -7.27720679460333e-02
7.50000000000000e-02  -8.01504541690921e-02
1.00000000000000e-01  -8.77191769300637e-02
1.25000000000000e-01  -9.55735851637986e-02
1.50000000000000e-01  -1.03771262949427e-01
1.75000000000000e-01  -1.12339263162630e-01
2.00000000000000e-01  -1.21281341127912e-01
2.25000000000000e-01  -1.30585188270869e-01
2.50000000000000e-01  -1.40229665770459e-01
2.75000000000000e-01  -1.50192038211276e-01
3.00000000000000e-01  -1.60455207235816e-01
3.25000000000000e-01  -1.71000650749358e-01
3.50000000000000e-01  -1.81820954914664e-01
3.75000000000000e-01  -1.92927810814255e-01
4.00000000000000e-01  -2.04315912803545e-01
4.25000000000000e-01  -2.15998309573603e-01
4.50000000000000e-01  -2.27994173818394e-01
4.75000000000000e-01  -2.40316571902012e-01
5.00000000000000e-01  -2.52960233525929e-01
5.25000000000000e-01  -2.65889321396231e-01
5.50000000000000e-01  -2.79025200890857e-01
5.75000000000000e-01  -2.92234209726844e-01
6.00000000000000e-01  -3.05315427627565e-01
6.25000000000000e-01  -3.18883049756972e-01
6.50000000000000e-01  -3.31958692676290e-01
6.75000000000000e-01  -3.45279533011242e-01
7.00000000000000e-01  -3.58680740784490e-01
7.25000000000000e-01  -3.72030184414366e-01
7.50000000000000e-01  -3.85222875091504e-01
7.75000000000000e-01  -3.98175411155464e-01
8.00000000000000e-01  -4.10820422471365e-01
8.25000000000000e-01  -4.23101014806516e-01
8.50000000000000e-01  -4.34965214207035e-01
8.75000000000000e-01  -4.46360411374489e-01
9.00000000000000e-01  -4.57227806042517e-01
9.25000000000000e-01  -4.67496851353457e-01
9.50000000000000e-01  -4.77100913601794e-01
9.75000000000000e-01  -4.85961206515984e-01
1.00000000000000e+00  -4.93992850240936e-01
1.02500000000000e+00  -5.01106430225236e-01
1.05000000000000e+00  -5.07209886516936e-01
1.07500000000000e+00  -5.12212421599284e-01
1.10000000000000e+00  -5.16028408226458e-01
1.12500000000000e+00  -5.18581297259300e-01
1.15000000000000e+00  -5.19807525501043e-01
1.17500000000000e+00  -5.19660423533048e-01
1.20000000000000e+00  -5.18114123550534e-01
1.22500000000000e+00  -5.15167467198311e-01
1.25000000000000e+00  -5.10617056729103e-01
1.27500000000000e+00  -5.04422077740996e-01
1.30000000000000e+00  -4.96571189083709e-01
1.32500000000000e+00  -4.87026747559819e-01
1.35000000000000e+00  -4.75760301661865e-01
1.37500000000000e+00  -4.62752728273458e-01
1.40000000000000e+00  -4.47994369370390e-01
1.42500000000000e+00  -4.31485168721745e-01
1.45000000000000e+00  -4.13234808591010e-01
1.47500000000000e+00  -3.93262846437186e-01
1.50000000000000e+00  -3.71598851615897e-01
1.52500000000000e+00  -3.48282542080499e-01
1.55000000000000e+00  -3.23363921083196e-01
1.57500000000000e+00  -2.96911582900002e-01
1.60000000000000e+00  -2.69005986899186e-01
1.62500000000000e+00  -2.39740624061536e-01
1.65000000000000e+00  -2.09225685774478e-01
1.67500000000000e+00  -1.77582878341021e-01
1.70000000000000e+00  -1.44944908080866e-01
1.72500000000000e+00  -1.11454966431530e-01
1.75000000000000e+00  -7.72662150494502e-02
1.77500000000000e+00  -4.25412709111035e-02
1.80000000000000e+00  -7.45169141412000e-03
1.82500000000000e+00  2.78225405216074e-02
1.85000000000000e+00  6.30935313528017e-02
1.87500000000000e+00  9.81495129929987e-02
1.90000000000000e+00  1.32807875645321e-01
1.92500000000000e+00  1.66837920620841e-01
1.95000000000000e+00  2.00032097472870e-01
1.97500000000000e+00  2.32180154134697e-01
2.00000000000000e+00  2.63071158174290e-01
2.02500000000000e+00  2.92495518048987e-01
2.05000000000000e+00  3.20247004360189e-01
2.07500000000000e+00  3.46124771108052e-01
2.10000000000000e+00  3.69935376946183e-01
2.12500000000000e+00  3.91494806436332e-01
2.15000000000000e+00  4.10630491303083e-01
2.17500000000000e+00  4.27183331688550e-01
2.20000000000000e+00  4.41009697861837e-01
2.22500000000000e+00  4.51980321745425e-01
2.25000000000000e+00  4.59987340316297e-01
2.27500000000000e+00  4.64939592637206e-01
2.30000000000000e+00  4.66768498837223e-01
2.32500000000000e+00  4.65428641000047e-01
2.35000000000000e+00  4.60898344052317e-01
2.37500000000000e+00  4.53180256651921e-01
2.40000000000000e+00  4.42301932076308e-01
2.42500000000000e+00  4.28316409110799e-01
2.45000000000000e+00  4.11302792936897e-01
2.47500000000000e+00  3.91366836020596e-01
2.50000000000000e+00  3.68650719671568e-01
2.52500000000000e+00  3.43285825520752e-01
2.55000000000000e+00  3.15487837090087e-01
2.57500000000000e+00  2.85458487516377e-01
2.60000000000000e+00  2.53425226002874e-01
2.62500000000000e+00  2.19638759596587e-01
2.65000000000000e+00  1.84370594965589e-01
2.67500000000000e+00  1.47910580176333e-01
2.70000000000000e+00  1.10564446470949e-01
2.72500000000000e+00  7.26513500445642e-02
2.75000000000000e+00  3.45014138226059e-02
2.77500000000000e+00  -3.54673076188677e-03
2.80000000000000e+00  -4.11484019909549e-02
2.82500000000000e+00  -7.79607126315388e-02
2.85000000000000e+00  -1.13641655944497e-01
2.87500000000000e+00  -1.47854822723183e-01
2.90000000000000e+00  -1.80271904318999e-01
2.92500000000000e+00  -2.10577540075346e-01
2.95000000000000e+00  -2.38472003850586e-01
2.97500000000000e+00  -2.63673890541013e-01
3.00000000000000e+00  -2.85922802603815e-01
3.02500000000000e+00  -3.04982036580041e-01
3.05000000000000e+00  -3.20641269617566e-01
3.07500000000000e+00  -3.32719245994055e-01
3.10000000000000e+00  -3.41066463639934e-01
3.12500000000000e+00  -3.45604421478873e-01
3.15000000000000e+00  -3.46191957300646e-01
3.17500000000000e+00  -3.42860320887362e-01
3.20000000000000e+00  -3.35601101611292e-01
3.22500000000000e+00  -3.24451925164221e-01
3.25000000000000e+00  -3.09494645073253e-01
3.27500000000000e+00  -2.90853534216614e-01
3.30000000000000e+00  -2.68693476339458e-01
3.32500000000000e+00  -2.43218157569669e-01
3.35000000000000e+00  -2.14668257933662e-01
3.37500000000000e+00  -1.83319642872191e-01
3.40000000000000e+00  -1.49481554756150e-01
3.42500000000000e+00  -1.13494804402380e-01
3.45000000000000e+00  -7.57223248012507e-02
3.47500000000000e+00  -3.65501980894950e-02
3.50000000000000e+00  3.61394798306357e-03
3.52500000000000e+00  4.43501325657024e-02
3.55000000000000e+00  8.52271222919233e-02
3.57500000000000e+00  1.25807246871956e-01
3.60000000000000e+00  1.65651214685263e-01
3.62500000000000e+00  2.04322928373041e-01
3.65000000000000e+00  2.41394300430728e-01
3.67500000000000e+00  2.76450068800505e-01
3.70000000000000e+00  3.09092612463799e-01
3.72500000000000e+00  3.38946767033791e-01
3.75000000000000e+00  3.65719024713489e-01
3.77500000000000e+00  3.88961270895472e-01
3.80000000000000e+00  4.08518419427843e-01
3.82500000000000e+00  4.24132634332331e-01
3.85000000000000e+00  4.35596283099181e-01
3.87500000000000e+00  4.42752030918339e-01
3.90000000000000e+00  4.45492934910639e-01
3.92500000000000e+00  4.43762538358983e-01
3.95000000000000e+00  4.37554964939532e-01
3.97500000000000e+00  4.26915012952887e-01
4.00000000000000e+00  4.11938249555272e-01
4.02500000000000e+00  3.92771104989724e-01
4.05000000000000e+00  3.69610966817274e-01
4.07500000000000e+00  3.42696394712623e-01
4.10000000000000e+00  3.12309939420727e-01
4.12500000000000e+00  2.78776578501186e-01
4.15000000000000e+00  2.42456447987852e-01
4.17500000000000e+00  2.03743570498048e-01
4.20000000000000e+00  1.63061283784442e-01
4.22500000000000e+00  1.20857669286937e-01
4.25000000000000e+00  7.76009806845464e-02
4.27500000000000e+00  3.37750724472751e-02
4.30000000000000e+00  -1.01251716119931e-02
4.32500000000000e+00  -5.35984097856217e-02
4.35000000000000e+00  -9.61414139193296e-02
4.37500000000000e+00  -1.37444851380308e-01
4.40000000000000e+00  -1.76607762074768e-01
4.42500000000000e+00  -2.13564244519963e-01
4.45000000000000e+00  -2.47841968799358e-01
4.47500000000000e+00  -2.79018457299879e-01
4.50000000000000e+00  -3.06721467811075e-01
4.52500000000000e+00  -3.30629376624266e-01
4.55000000000000e+00  -3.50471561631683e-01
4.57500000000000e+00  -3.66028785425630e-01
4.60000000000000e+00  -3.77133578397625e-01
4.62500000000000e+00  -3.83670621837550e-01
4.65000000000000e+00  -3.85577131032803e-01
4.67500000000000e+00  -3.82843238367446e-01
4.70000000000000e+00  -3.75517104555024e-01
4.72500000000000e+00  -3.63696726058396e-01
4.75000000000000e+00  -3.47535049791867e-01
4.77500000000000e+00  -3.27234456756512e-01
4.80000000000000e+00  -3.03047579162450e-01
4.82500000000000e+00  -2.75273964957641e-01
4.85000000000000e+00  -2.44256742356668e-01
4.87500000000000e+00  -2.10379284369538e-01
4.90000000000000e+00  -1.74061873330464e-01
4.92500000000000e+00  -1.35758365426660e-01
4.95000000000000e+00  -9.59528552271398e-02
4.97500000000000e+00  -5.51563402114912e-02
5.00000000000000e+00  -1.37775307752918e-02
5.02500000000000e+00  2.75340019304511e-02
5.05000000000000e+00  6.83766967041797e-02
5.07500000000000e+00  1.08232073999680e-01
5.10000000000000e+00  1.46599752093656e-01
5.12500000000000e+00  1.83001691564360e-01
5.15000000000000e+00  2.16986439770248e-01
5.17500000000000e+00  2.48133375328622e-01
5.20000000000000e+00  2.76056952594269e-01
5.22500000000000e+00  3.00410946138116e-01
5.25000000000000e+00  3.20892695225861e-01
5.27500000000000e+00  3.37247348296630e-01
5.30000000000000e+00  3.49272107441612e-01
5.32500000000000e+00  3.56809947623564e-01
5.35000000000000e+00  3.59760977256118e-01
5.37500000000000e+00  3.58079950659754e-01
5.40000000000000e+00  3.51772421509375e-01
5.42500000000000e+00  3.40900571950333e-01
5.45000000000000e+00  3.25581248271896e-01
5.47500000000000e+00  3.05983996580719e-01
5.50000000000000e+00  2.82329098474316e-01
5.52500000000000e+00  2.54885606714523e-01
5.55000000000000e+00  2.23969380900975e-01
5.57500000000000e+00  1.89941123144571e-01
5.60000000000000e+00  1.53204413740943e-01
5.62500000000000e+00  1.14112947561936e-01
5.65000000000000e+00  7.32465704338004e-02
5.67500000000000e+00  3.09502963424959e-02
5.70000000000000e+00  -1.22751727205999e-02
5.72500000000000e+00  -5.59262857690960e-02
5.75000000000000e+00  -9.95012402495878e-02
5.77500000000000e+00  -1.42504579469683e-01
5.80000000000000e+00  -1.84451790026010e-01
5.82500000000000e+00  -2.24873899232221e-01
5.85000000000000e+00  -2.63322072547025e-01
5.87500000000000e+00  -2.99372211002178e-01
5.90000000000000e+00  -3.32629548630515e-01
5.92500000000000e+00  -3.62733249893951e-01
5.95000000000000e+00  -3.89357691499761e-01
5.97500000000000e+00  -4.12219752905860e-01
6.00000000000000e+00  -4.31080427876773e-01
6.02500000000000e+00  -4.45741952211312e-01
6.05000000000000e+00  -4.56057663134125e-01
6.07500000000000e+00  -4.61931903369393e-01
6.10000000000000e+00  -4.63319925214525e-01
6.12500000000000e+00  -4.60227794613857e-01
6.15000000000000e+00  -4.52712295232352e-01
6.17500000000000e+00  -4.40880832529293e-01
6.20000000000000e+00  -4.24891337831987e-01
6.22500000000000e+00  -4.04952172409457e-01
6.25000000000000e+00  -3.81266575600225e-01
6.27500000000000e+00  -3.54157227659185e-01
6.30000000000000e+00  -3.23906755876209e-01
6.32500000000000e+00  -2.90864640881705e-01
6.35000000000000e+00  -2.55407554169578e-01
6.37500000000000e+00  -2.17934546689693e-01
6.40000000000000e+00  -1.78862237440315e-01
6.42500000000000e+00  -1.38620002060569e-01
6.45000000000000e+00  -9.76451614228796e-02
6.47500000000000e+00  -5.63781702254311e-02
6.50000000000000e+00  -1.52578055846194e-02
6.52500000000000e+00  2.52836443725083e-02
6.55000000000000e+00  6.48251919157896e-02
6.57500000000000e+00  1.02958335950356e-01
6.60000000000000e+00  1.39296179509137e-01
6.62500000000000e+00  1.73475000370710e-01
6.65000000000000e+00  2.05153417518694e-01
6.67500000000000e+00  2.34021672966580e-01
6.70000000000000e+00  2.59803474305284e-01
6.72500000000000e+00  2.82257837250711e-01
6.75000000000000e+00  3.01180928191301e-01
6.77500000000000e+00  3.16407906735597e-01
6.80000000000000e+00  3.27814768259789e-01
6.82500000000000e+00  3.35320186455274e-01
6.85000000000000e+00  3.38887355876215e-01
6.87500000000000e+00  3.38485538416964e-01
6.90000000000000e+00  3.34200225426296e-01
6.92500000000000e+00  3.26057731284054e-01
6.95000000000000e+00  3.14174622555795e-01
6.97500000000000e+00  2.98701680900221e-01
7.00000000000000e+00  2.79821251010684e-01
7.02500000000000e+00  2.57744588556675e-01
7.05000000000000e+00  2.32709208125328e-01
7.07500000000000e+00  2.04976231162910e-01
7.10000000000000e+00  1.74827733916322e-01
7.12500000000000e+00  1.42564095374598e-01
7.15000000000000e+00  1.08501345210396e-01
7.17500000000000e+00  7.29685117215039e-02
7.20000000000000e+00  3.63025280312560e-02
7.22500000000000e+00  -1.15401889977175e-03
7.25000000000000e+00  -3.90576819410518e-02
7.27500000000000e+00  -7.70633283279308e-02
7.30000000000000e+00  -1.14831918241991e-01
7.32500000000000e+00  -1.52032985736557e-01
7.35000000000000e+00  -1.88347119662216e-01
7.37500000000000e+00  -2.23468444592313e-01
7.40000000000000e+00  -2.57107101748481e-01
7.42500000000000e+00  -2.88991729926132e-01
7.45000000000000e+00  -3.18871946419975e-01
7.47500000000000e+00  -3.46520827949533e-01
7.50000000000000e+00  -3.71726967921171e-01
7.52500000000000e+00  -3.94301980202665e-01
7.55000000000000e+00  -4.14087954853803e-01
7.57500000000000e+00  -4.30952211125127e-01
7.60000000000000e+00  -4.44789344548202e-01
7.62500000000000e+00  -4.55520637034086e-01
7.65000000000000e+00  -4.63093466971806e-01
7.67500000000000e+00  -4.67480719326825e-01
7.70000000000000e+00  -4.68680195739524e-01
7.72500000000000e+00  -4.66714024623664e-01
7.75000000000000e+00  -4.61628071264868e-01
7.77500000000000e+00  -4.53491347919088e-01
7.80000000000000e+00  -4.42395423911079e-01
7.82500000000000e+00  -4.28448552122694e-01
7.85000000000000e+00  -4.11780355583576e-01
7.87500000000000e+00  -3.92534776095605e-01
7.90000000000000e+00  -3.70871201779659e-01
7.92500000000000e+00  -3.46962440185963e-01
7.95000000000000e+00  -3.20992700194493e-01
7.97500000000000e+00  -2.93155573915359e-01
8.00000000000000e+00  -2.63652018589204e-01
8.02500000000000e+00  -2.32688338487597e-01
8.05000000000000e+00  -2.00474166813429e-01
8.07500000000000e+00  -1.67220447601306e-01
8.10000000000000e+00  -1.33137417617938e-01
8.12500000000000e+00  -9.84485551041718e-02
8.15000000000000e+00  -6.33360900611949e-02
8.17500000000000e+00  -2.80308786701421e-02
8.20000000000000e+00  7.27185626982265e-03
8.22500000000000e+00  4.23843637870992e-02
8.25000000000000e+00  7.71268689566508e-02
8.27500000000000e+00  1.11328077118972e-01
8.30000000000000e+00  1.44825678099086e-01
8.32500000000000e+00  1.77466850425535e-01
8.35000000000000e+00  2.09108765549357e-01
8.37500000000000e+00  2.39619092063085e-01
8.40000000000000e+00  2.68876499919721e-01
8.42500000000000e+00  2.96771164651731e-01
8.45000000000000e+00  3.23209971946396e-01
8.47500000000000e+00  3.48112822893738e-01
8.50000000000000e+00  3.71411468383773e-01
8.52500000000000e+00  3.93056245277410e-01
8.55000000000000e+00  4.13007759518406e-01
8.57500000000000e+00  4.31236752125241e-01
8.60000000000000e+00  4.47723965183002e-01
8.62500000000000e+00  4.62460007835274e-01
8.65000000000000e+00  4.75445222276012e-01
8.67500000000000e+00  4.86689549741433e-01
8.70000000000000e+00  4.96212396501897e-01
8.72500000000000e+00  5.04042499853790e-01
8.75000000000000e+00  5.10448261438291e-01
8.77500000000000e+00  5.14748916391137e-01
8.80000000000000e+00  5.17677861382596e-01
8.82500000000000e+00  5.19207770717187e-01
8.85000000000000e+00  5.19339913438117e-01
8.87500000000000e+00  5.18100246569120e-01
8.90000000000000e+00  5.15535508356299e-01
8.92500000000000e+00  5.11709311509966e-01
8.95000000000000e+00  5.06698236446482e-01
8.97500000000000e+00  5.00587924530103e-01
9.00000000000000e+00  4.93469171314813e-01
9.02500000000000e+00  4.85434019786167e-01
9.05000000000000e+00  4.76571853603139e-01
9.07500000000000e+00  4.66967511615466e-01
9.10000000000000e+00  4.56699727336246e-01
9.12500000000000e+00  4.45835071357028e-01
9.15000000000000e+00  4.34444021047008e-01
9.17500000000000e+00  4.22585299701059e-01
9.20000000000000e+00  4.10311433667571e-01
9.22500000000000e+00  3.97674309476287e-01
9.25000000000000e+00  3.84730730966139e-01
9.27500000000000e+00  3.71547976413094e-01
9.30000000000000e+00  3.58209355657983e-01
9.32500000000000e+00  3.44819767234344e-01
9.35000000000000e+00  3.31511255496261e-01
9.37500000000000e+00  3.17554066940799e-01
9.40000000000000e+00  3.04894384451634e-01
9.42500000000000e+00  2.91827041200894e-01
9.45000000000000e+00  2.78632318398135e-01
9.47500000000000e+00  2.65511027517034e-01
9.50000000000000e+00  2.52596738467152e-01
9.52500000000000e+00  2.39968007765726e-01
9.55000000000000e+00  2.27660606709429e-01
9.57500000000000e+00  2.15679749546153e-01
9.60000000000000e+00  2.04012321646783e-01
9.62500000000000e+00  1.92639107676971e-01
9.65000000000000e+00  1.81547019768910e-01
9.67500000000000e+00  1.70741325693112e-01
9.70000000000000e+00  1.60210303387514e-01
9.72500000000000e+00  1.49961336406790e-01
9.75000000000000e+00  1.40012918082575e-01
9.77500000000000e+00  1.30382122795130e-01
9.80000000000000e+00  1.21091664096921e-01
9.82500000000000e+00  1.12162662495957e-01
9.85000000000000e+00  1.03607413239134e-01
9.87500000000000e+00  9.54221540955800e-02
9.90000000000000e+00  8.75798331399930e-02
9.92500000000000e+00  8.00228765359891e-02
9.95000000000000e+00  7.26559563194417e-02
9.97500000000000e+00  6.53387581818244e-02
1.00000000000000e+01  5.78787492535589e-02
