0.00000000000000e+00  -6.31640805371433e-02
2.50000000000000e-02  -7.05592039486270e-02
5.00000000000000e-02  -7.81813556266628e-02
7.50000000000000e-02  -8.60574100074399e-02
1.00000000000000e-01  -9.42094782823176e-02
1.25000000000000e-01  -1.02655302000844e-01
1.50000000000000e-01  -1.11408646673774e-01
1.75000000000000e-01  -1.20479695376088e-01
2.00000000000000e-01  -1.29875442350017e-01
2.25000000000000e-01  -1.39600086608053e-01
2.50000000000000e-01  -1.49655425535977e-01
2.75000000000000e-01  -1.60041248495875e-01
3.00000000000000e-01  -1.70755730429154e-01
3.25000000000000e-01  -1.81794634143107e-01
3.50000000000000e-01  -1.93152250276104e-01
3.75000000000000e-01  -2.04821818131852e-01
4.00000000000000e-01  -2.16792918207814e-01
4.25000000000000e-01  -2.29053686281809e-01
4.50000000000000e-01  -2.41589915269047e-01
4.75000000000000e-01  -2.54384157079161e-01
5.00000000000000e-01  -2.67414824473237e-01
5.25000000000000e-01  -2.80655292920847e-01
5.50000000000000e-01  -2.94073002457079e-01
5.75000000000000e-01  -3.07628559539576e-01
6.00000000000000e-01  -3.21274838905558e-01
6.25000000000000e-01  -3.35014947304556e-01
6.50000000000000e-01  -3.48744352569103e-01
6.75000000000000e-01  -3.62467805672686e-01
7.00000000000000e-01  -3.76127842132079e-01
7.25000000000000e-01  -3.89665799911786e-01
7.50000000000000e-01  -4.03021634478216e-01
7.75000000000000e-01  -4.16133733853866e-01
8.00000000000000e-01  -4.28938733671495e-01
8.25000000000000e-01  -4.41371332228303e-01
8.50000000000000e-01  -4.53364105540111e-01
8.75000000000000e-01  -4.64847322395534e-01
9.00000000000000e-01  -4.75748759410165e-01
9.25000000000000e-01  -4.85993516080749e-01
9.50000000000000e-01  -4.95506170192557e-01
9.75000000000000e-01  -5.04209333360853e-01
1.00000000000000e+00  -5.12024499018753e-01
1.02500000000000e+00  -5.18873260175662e-01
1.05000000000000e+00  -5.24677243782343e-01
1.07500000000000e+00  -5.29358967186816e-01
1.10000000000000e+00  -5.32842694590251e-01
1.12500000000000e+00  -5.35055293502864e-01
1.15000000000000e+00  -5.35927091199814e-01
1.17500000000000e+00  -5.35392731177096e-01
1.20000000000000e+00  -5.33392029607439e-01
1.22500000000000e+00  -5.29870831796201e-01
1.25000000000000e+00  -5.24771119340036e-01
1.27500000000000e+00  -5.18037916742801e-01
1.30000000000000e+00  -5.09640509347834e-01
1.32500000000000e+00  -4.99545945584103e-01
1.35000000000000e+00  -4.87729932311340e-01
1.37500000000000e+00  -4.74177304572577e-01
1.40000000000000e+00  -4.58882495346691e-01
1.42500000000000e+00  -4.41850005300944e-01
1.45000000000000e+00  -4.23094872543516e-01
1.47500000000000e+00  -4.02643142376054e-01
1.50000000000000e+00  -3.80532337046208e-01
1.52500000000000e+00  -3.56811925500169e-01
1.55000000000000e+00  -3.31543793135213e-01
1.57500000000000e+00  -3.04801538120977e-01
1.60000000000000e+00  -2.76671454490221e-01
1.62500000000000e+00  -2.47252839665773e-01
1.65000000000000e+00  -2.16656060639963e-01
1.67500000000000e+00  -1.85004276766290e-01
1.70000000000000e+00  -1.52432740893036e-01
1.72500000000000e+00  -1.19088100496891e-01
1.75000000000000e+00  -8.51276988165670e-02
1.77500000000000e+00  -5.07188759864146e-02
1.80000000000000e+00  -1.60382701700464e-02
1.82500000000000e+00  1.87288813060521e-02
1.85000000000000e+00  5.33894408188963e-02
1.87500000000000e+00  8.77428313161362e-02
1.90000000000000e+00  1.21588802315366e-01
1.92500000000000e+00  1.54716912500424e-01
1.95000000000000e+00  1.86917673851393e-01
1.97500000000000e+00  2.17980693513459e-01
2.00000000000000e+00  2.47696480819067e-01
2.02500000000000e+00  2.75858254310066e-01
2.05000000000000e+00  3.02263748759863e-01
2.07500000000000e+00  3.26717022195571e-01
2.10000000000000e+00  3.49030262920163e-01
2.12500000000000e+00  3.69025596534620e-01
2.15000000000000e+00  3.86536892960080e-01
2.17500000000000e+00  4.01411573459993e-01
2.20000000000000e+00  4.13512502179178e-01
2.22500000000000e+00  4.22719525499249e-01
2.25000000000000e+00  4.28932155859407e-01
2.27500000000000e+00  4.32067958883889e-01
2.30000000000000e+00  4.32067114431905e-01
2.32500000000000e+00  4.28893032885071e-01
2.35000000000000e+00  4.22532971434828e-01
2.37500000000000e+00  4.12998650369876e-01
2.40000000000000e+00  4.00326869363596e-01
2.42500000000000e+00  3.84580123761480e-01
2.45000000000000e+00  3.65847220868557e-01
2.47500000000000e+00  3.44243896236818e-01
2.50000000000000e+00  3.19905146270627e-01
2.52500000000000e+00  2.93008787573293e-01
2.55000000000000e+00  2.63743801827801e-01
2.57500000000000e+00  2.32322745343969e-01
2.60000000000000e+00  1.98982280256868e-01
2.62500000000000e+00  1.63980744799788e-01
2.65000000000000e+00  1.27595723577192e-01
2.67500000000000e+00  9.01216178376812e-02
2.70000000000000e+00  5.18672157469416e-02
2.72500000000000e+00  1.31532626607151e-02
2.75000000000000e+00  -2.56899686022484e-02
2.77500000000000e+00  -6.43251074872309e-02
2.80000000000000e+00  -1.02410115430588e-01
2.82500000000000e+00  -1.39604715190976e-01
2.85000000000000e+00  -1.75570111089583e-01
2.87500000000000e+00  -2.09974713085110e-01
2.90000000000000e+00  -2.42494626358765e-01
2.92500000000000e+00  -2.72819593712662e-01
2.95000000000000e+00  -3.00655841433469e-01
2.97500000000000e+00  -3.25728925156048e-01
3.00000000000000e+00  -3.47786575727097e-01
3.02500000000000e+00  -3.66601545068788e-01
3.05000000000000e+00  -3.81974452042416e-01
3.07500000000000e+00  -3.93736628312033e-01
3.10000000000000e+00  -4.01752964208096e-01
3.12500000000000e+00  -4.05927241628273e-01
3.15000000000000e+00  -4.06185873982207e-01
3.17500000000000e+00  -4.02513465585558e-01
3.20000000000000e+00  -3.94918535976374e-01
3.22500000000000e+00  -3.83452185586352e-01
3.25000000000000e+00  -3.68206615016173e-01
3.27500000000000e+00  -3.49313644310830e-01
3.30000000000000e+00  -3.26943232234963e-01
3.32500000000000e+00  -3.01301995548184e-01
3.35000000000000e+00  -2.72631728280409e-01
3.37500000000000e+00  -2.41207921007192e-01
3.40000000000000e+00  -2.07338280125054e-01
3.42500000000000e+00  -1.71361247126816e-01
3.45000000000000e+00  -1.33636267057250e-01
3.47500000000000e+00  -9.45465000351001e-02
3.50000000000000e+00  -5.44931793263370e-02
3.52500000000000e+00  -1.38911955824410e-02
3.55000000000000e+00  2.68348893014120e-02
3.57500000000000e+00  6.72555063490994e-02
3.60000000000000e+00  1.06940743666300e-01
3.62500000000000e+00  1.45465010603245e-01
3.65000000000000e+00  1.82411701917461e-01
3.67500000000000e+00  2.17377861936526e-01
3.70000000000000e+00  2.49978848720812e-01
3.72500000000000e+00  2.79852998226239e-01
3.75000000000000e+00  3.06672094315357e-01
3.77500000000000e+00  3.30116360453532e-01
3.80000000000000e+00  3.49933634219004e-01
3.82500000000000e+00  3.65888729141768e-01
3.85000000000000e+00  3.77791752418401e-01
3.87500000000000e+00  3.85498696455993e-01
3.90000000000000e+00  3.88912030416062e-01
3.92500000000000e+00  3.87981291758487e-01
3.95000000000000e+00  3.82703677785432e-01
3.97500000000000e+00  3.73124637185266e-01
4.00000000000000e+00  3.59338461576492e-01
4.02500000000000e+00  3.41488877051671e-01
4.05000000000000e+00  3.19769635721345e-01
4.07500000000000e+00  2.94413850420649e-01
4.10000000000000e+00  2.65700044825203e-01
4.12500000000000e+00  2.33947845065031e-01
4.15000000000000e+00  1.99510709968243e-01
4.17500000000000e+00  1.62776096900296e-01
4.20000000000000e+00  1.24160218973021e-01
4.22500000000000e+00  8.41028022536700e-02
4.25000000000000e+00  4.30618429739413e-02
4.27500000000000e+00  1.50836473901273e-03
4.30000000000000e+00  -4.00788242634159e-02
4.32500000000000e+00  -8.12183740540969e-02
4.35000000000000e+00  -1.21431635653190e-01
4.37500000000000e+00  -1.60251902408011e-01
4.40000000000000e+00  -1.97216293345094e-01
4.42500000000000e+00  -2.31902182185801e-01
4.45000000000000e+00  -2.63895623957862e-01
4.47500000000000e+00  -2.92816828590787e-01
4.50000000000000e+00  -3.18322993597604e-01
4.52500000000000e+00  -3.40111136756604e-01
4.55000000000000e+00  -3.57920928793074e-01
4.57500000000000e+00  -3.71537526061045e-01
4.60000000000000e+00  -3.80794403225026e-01
4.62500000000000e+00  -3.85576185941747e-01
4.65000000000000e+00  -3.85821483541900e-01
4.67500000000000e+00  -3.81525721711877e-01
4.70000000000000e+00  -3.72732296992118e-01
4.72500000000000e+00  -3.59540834960213e-01
4.75000000000000e+00  -3.42105624311153e-01
4.77500000000000e+00  -3.20626907182025e-01
4.80000000000000e+00  -2.95355846336115e-01
4.82500000000000e+00  -2.66589992966660e-01
4.85000000000000e+00  -2.34668754500588e-01
4.87500000000000e+00  -1.99968862402275e-01
4.90000000000000e+00  -1.62899839977280e-01
4.92500000000000e+00  -1.23899470176100e-01
4.95000000000000e+00  -8.34292633979180e-02
4.97500000000000e+00  -4.19699252943406e-02
5.00000000000000e+00  -6.52455867249740e-06
5.02500000000000e+00  4.19467732994292e-02
5.05000000000000e+00  8.34067236787588e-02
5.07500000000000e+00  1.23877947232153e-01
5.10000000000000e+00  1.62879722721038e-01
5.12500000000000e+00  1.99950519507108e-01
5.15000000000000e+00  2.34652530044038e-01
5.17500000000000e+00  2.66576202369168e-01
5.20000000000000e+00  2.95344772595199e-01
5.22500000000000e+00  3.20618797401894e-01
5.25000000000000e+00  3.42100686527766e-01
5.27500000000000e+00  3.59539235261778e-01
5.30000000000000e+00  3.72734156935037e-01
5.32500000000000e+00  3.81531117307130e-01
5.35000000000000e+00  3.85830443835540e-01
5.37500000000000e+00  3.85588692462956e-01
5.40000000000000e+00  3.80810390226576e-01
5.42500000000000e+00  3.71556881293999e-01
5.45000000000000e+00  3.57943494988829e-01
5.47500000000000e+00  3.40136713816268e-01
5.50000000000000e+00  3.18351341488722e-01
5.52500000000000e+00  2.92847670951395e-01
5.55000000000000e+00  2.63928652407888e-01
5.57500000000000e+00  2.31937061345802e-01
5.60000000000000e+00  1.97252666562329e-01
5.62500000000000e+00  1.60285389279978e-01
5.65000000000000e+00  1.21469836548754e-01
5.67500000000000e+00  8.12568869047302e-02
5.70000000000000e+00  4.01172409406787e-02
5.72500000000000e+00  -1.47045121986590e-03
5.75000000000000e+00  -4.30248329995494e-02
5.77500000000000e+00  -8.40670844441671e-02
5.80000000000000e+00  -1.24126165299614e-01
5.82500000000000e+00  -1.62744058088837e-01
5.85000000000000e+00  -1.99481011188802e-01
5.87500000000000e+00  -2.33920781907435e-01
5.90000000000000e+00  -2.65675879560595e-01
5.92500000000000e+00  -2.94392808549017e-01
5.95000000000000e+00  -3.19751903889405e-01
5.97500000000000e+00  -3.41474600659204e-01
6.00000000000000e+00  -3.59327743288655e-01
6.02500000000000e+00  -3.73117535675545e-01
6.05000000000000e+00  -3.82700207400139e-01
6.07500000000000e+00  -3.87981422689178e-01
6.10000000000000e+00  -3.88915689379883e-01
6.12500000000000e+00  -3.85505767883956e-01
6.15000000000000e+00  -3.77802080151584e-01
6.17500000000000e+00  -3.65902118635439e-01
6.20000000000000e+00  -3.49949855254683e-01
6.22500000000000e+00  -3.30135150358969e-01
6.25000000000000e+00  -3.06687356535730e-01
6.27500000000000e+00  -2.79876026218567e-01
6.30000000000000e+00  -2.50003499280062e-01
6.32500000000000e+00  -2.17403780323755e-01
6.35000000000000e+00  -1.82438520892671e-01
6.37500000000000e+00  -1.45492355192350e-01
6.40000000000000e+00  -1.06968235813872e-01
6.42500000000000e+00  -6.72827694568907e-02
6.45000000000000e+00  -2.68615526526526e-02
6.47500000000000e+00  1.38654925129682e-02
6.50000000000000e+00  5.44687826764384e-02
6.52500000000000e+00  9.45237374735489e-02
6.55000000000000e+00  1.33615443816374e-01
6.57500000000000e+00  1.71342643173587e-01
6.60000000000000e+00  2.07322146899619e-01
6.62500000000000e+00  2.41194478811563e-01
6.65000000000000e+00  2.72621164013299e-01
6.67500000000000e+00  3.01294460934117e-01
6.70000000000000e+00  3.26938842491270e-01
6.72500000000000e+00  3.49312477252536e-01
6.75000000000000e+00  3.68208710598766e-01
6.77500000000000e+00  3.83457545886449e-01
6.80000000000000e+00  3.94927125610262e-01
6.82500000000000e+00  4.02525212565627e-01
6.85000000000000e+00  4.06200671011270e-01
6.87500000000000e+00  4.05942461137097e-01
6.90000000000000e+00  4.01773407027652e-01
6.92500000000000e+00  3.93759606047405e-01
6.95000000000000e+00  3.81999736199610e-01
6.97500000000000e+00  3.66628883208489e-01
7.00000000000000e+00  3.47815694711616e-01
7.02500000000000e+00  3.25759534452288e-01
7.05000000000000e+00  3.00687636471906e-01
7.07500000000000e+00  2.72852259302349e-01
7.10000000000000e+00  2.42527840158351e-01
7.12500000000000e+00  2.10008149129883e-01
7.15000000000000e+00  1.75603443374521e-01
7.17500000000000e+00  1.39637621309828e-01
7.20000000000000e+00  1.02442279426755e-01
7.22500000000000e+00  6.43562233742664e-02
7.25000000000000e+00  2.57197432046159e-02
7.27500000000000e+00  -1.31251069268552e-02
7.30000000000000e+00  -5.18409382535449e-02
7.32500000000000e+00  -9.00974574137386e-02
7.35000000000000e+00  -1.27573896466774e-01
7.37500000000000e+00  -1.63961442909182e-01
7.40000000000000e+00  -1.98965669690848e-01
7.42500000000000e+00  -2.32308965231161e-01
7.45000000000000e+00  -2.63732963435165e-01
7.47500000000000e+00  -2.93000973709718e-01
7.50000000000000e+00  -3.19908695386105e-01
7.52500000000000e+00  -3.44242265688918e-01
7.55000000000000e+00  -3.65848691657852e-01
7.57500000000000e+00  -3.84584665208919e-01
7.60000000000000e+00  -4.00334423788182e-01
7.62500000000000e+00  -4.13009134242913e-01
7.65000000000000e+00  -4.22546276692768e-01
7.67500000000000e+00  -4.28909028400945e-01
7.70000000000000e+00  -4.32085647645357e-01
7.72500000000000e+00  -4.32088857589796e-01
7.75000000000000e+00  -4.28955230155102e-01
7.77500000000000e+00  -4.22744569890325e-01
7.80000000000000e+00  -4.13539297843896e-01
7.82500000000000e+00  -4.01439890200182e-01
7.85000000000000e+00  -3.86566491537155e-01
7.87500000000000e+00  -3.69056230978377e-01
7.90000000000000e+00  -3.49061682595407e-01
7.92500000000000e+00  -3.26748974073581e-01
7.95000000000000e+00  -3.02295979583985e-01
7.97500000000000e+00  -2.75890512655430e-01
8.00000000000000e+00  -2.47728519046430e-01
8.02500000000000e+00  -2.18012269617173e-01
8.05000000000000e+00  -1.86948553201500e-01
8.07500000000000e+00  -1.54746869478886e-01
8.10000000000000e+00  -1.21617621846402e-01
8.12500000000000e+00  -8.77705486850540e-02
8.15000000000000e+00  -5.34153889469400e-02
8.17500000000000e+00  -1.87531224777295e-02
8.20000000000000e+00  1.60158968515743e-02
8.22500000000000e+00  5.06985158719804e-02
8.25000000000000e+00  8.51094811316318e-02
8.27500000000000e+00  1.19072137910897e-01
8.30000000000000e+00  1.52419129237488e-01
8.32500000000000e+00  1.84993094901575e-01
8.35000000000000e+00  2.16647370470883e-01
8.37500000000000e+00  2.47246686305817e-01
8.40000000000000e+00  2.76667866574557e-01
8.42500000000000e+00  3.04800528268172e-01
8.45000000000000e+00  3.31545358412690e-01
8.47500000000000e+00  3.56816048087853e-01
8.50000000000000e+00  3.80538985017235e-01
8.52500000000000e+00  4.02652270364662e-01
8.55000000000000e+00  4.23106422669624e-01
8.57500000000000e+00  4.41863908101343e-01
8.60000000000000e+00  4.58898670712844e-01
8.62500000000000e+00  4.74195662695033e-01
8.65000000000000e+00  4.87750374630762e-01
8.67500000000000e+00  4.99568365748904e-01
8.70000000000000e+00  5.09664794178424e-01
8.72500000000000e+00  5.18063947202452e-01
8.75000000000000e+00  5.24809510712397e-01
8.77500000000000e+00  5.29899981636302e-01
8.80000000000000e+00  5.33422548931710e-01
8.82500000000000e+00  5.35424483745727e-01
8.85000000000000e+00  5.35959942625303e-01
8.87500000000000e+00  5.35089111158913e-01
8.90000000000000e+00  5.32877347618227e-01
8.92500000000000e+00  5.29394326599792e-01
8.95000000000000e+00  5.24713182666711e-01
8.97500000000000e+00  5.18909653990314e-01
9.00000000000000e+00  5.12061225991840e-01
9.02500000000000e+00  5.04246274984112e-01
9.05000000000000e+00  4.95543211813218e-01
9.07500000000000e+00  4.86030547422337e-01
9.10000000000000e+00  4.75785675174823e-01
9.12500000000000e+00  4.64884023020502e-01
9.15000000000000e+00  4.53400497210696e-01
9.17500000000000e+00  4.41407327495024e-01
9.20000000000000e+00  4.28974251757624e-01
9.22500000000000e+00  4.16168700653375e-01
9.25000000000000e+00  4.03055982244107e-01
9.27500000000000e+00  3.89699466634836e-01
9.30000000000000e+00  3.76160770609969e-01
9.32500000000000e+00  3.62499942269536e-01
9.35000000000000e+00  3.48775645665398e-01
9.37500000000000e+00  3.34986516160103e-01
9.40000000000000e+00  3.21304333496029e-01
9.42500000000000e+00  3.07657104268872e-01
9.45000000000000e+00  2.94100580951717e-01
9.47500000000000e+00  2.80681888313352e-01
9.50000000000000e+00  2.67440421173767e-01
9.52500000000000e+00  2.54408742159676e-01
9.55000000000000e+00  2.41613479460016e-01
9.57500000000000e+00  2.29076224581460e-01
9.60000000000000e+00  2.16814430103925e-01
9.62500000000000e+00  2.04842307436085e-01
9.65000000000000e+00  1.93171724570868e-01
9.67500000000000e+00  1.81813103840981e-01
9.70000000000000e+00  1.70773208908356e-01
9.72500000000000e+00  1.60057751144061e-01
9.75000000000000e+00  1.49670969076579e-01
9.77500000000000e+00  1.39614688746514e-01
9.80000000000000e+00  1.29889121322195e-01
9.82500000000000e+00  1.20492469725444e-01
9.85000000000000e+00  1.11420535257341e-01
9.87500000000000e+00  1.02666324223992e-01
9.90000000000000e+00  9.42196545622964e-02
9.92500000000000e+00  8.60667624657139e-02
9.95000000000000e+00  7.81899090100327e-02
9.97500000000000e+00  7.05669867791341e-02
1.00000000000000e+01  6.31711264907660e-02
