0.00000000000000e+00  -6.32663101882074e-02
2.50000000000000e-02  -7.06115238973511e-02
5.00000000000000e-02  -7.82219360523789e-02
7.50000000000000e-02  -8.61068955048332e-02
1.00000000000000e-01  -9.42760353796161e-02
1.25000000000000e-01  -1.02738938661702e-01
1.50000000000000e-01  -1.11504803782849e-01
1.75000000000000e-01  -1.20582110208314e-01
2.00000000000000e-01  -1.29978284023567e-01
2.25000000000000e-01  -1.39699363521000e-01
2.50000000000000e-01  -1.49749664786648e-01
2.75000000000000e-01  -1.60131447286896e-01
3.00000000000000e-01  -1.70844579455193e-01
3.25000000000000e-01  -1.81886535080909e-01
3.50000000000000e-01  -1.93251945320052e-01
3.75000000000000e-01  -2.04932095818268e-01
4.00000000000000e-01  -2.16916177228792e-01
4.25000000000000e-01  -2.29189844295838e-01
4.50000000000000e-01  -2.41735516262077e-01
4.75000000000000e-01  -2.54532677276125e-01
5.00000000000000e-01  -2.67558176800020e-01
5.25000000000000e-01  -2.80786530016708e-01
5.50000000000000e-01  -2.94190218237526e-01
5.75000000000000e-01  -3.07739989309684e-01
6.00000000000000e-01  -3.21405158023743e-01
6.25000000000000e-01  -3.35121026922572e-01
6.50000000000000e-01  -3.48886325471721e-01
6.75000000000000e-01  -3.62619146138785e-01
7.00000000000000e-01  -3.76274624138138e-01
7.25000000000000e-01  -3.89802788072541e-01
7.50000000000000e-01  -4.03148992817052e-01
7.75000000000000e-01  -4.16254352402923e-01
8.00000000000000e-01  -4.29056172901504e-01
8.25000000000000e-01  -4.41488385308148e-01
8.50000000000000e-01  -4.53481978426105e-01
8.75000000000000e-01  -4.64965431750434e-01
9.00000000000000e-01  -4.75865148351896e-01
9.25000000000000e-01  -4.86105887760862e-01
9.50000000000000e-01  -4.95611198851214e-01
9.75000000000000e-01  -5.04303852724243e-01
1.00000000000000e+00  -5.12106275592557e-01
1.02500000000000e+00  -5.18940981663979e-01
1.05000000000000e+00  -5.24731006025450e-01
1.07500000000000e+00  -5.29400337526931e-01
1.10000000000000e+00  -5.32874351665307e-01
1.12500000000000e+00  -5.35080243468284e-01
1.15000000000000e+00  -5.35947460378297e-01
1.17500000000000e+00  -5.35408135136409e-01
1.20000000000000e+00  -5.33397518666211e-01
1.22500000000000e+00  -5.29854412957729e-01
1.25000000000000e+00  -5.24737109784910e-01
1.27500000000000e+00  -5.17992494298981e-01
1.30000000000000e+00  -5.09582186675579e-01
1.32500000000000e+00  -4.99473909331930e-01
1.35000000000000e+00  -4.87643859798523e-01
1.37500000000000e+00  -4.74077208148477e-01
1.40000000000000e+00  -4.58768594426920e-01
1.42500000000000e+00  -4.41722626080357e-01
1.45000000000000e+00  -4.22954375386041e-01
1.47500000000000e+00  -4.02489876881356e-01
1.50000000000000e+00  -3.80366624793177e-01
1.52500000000000e+00  -3.56634070467251e-01
1.55000000000000e+00  -3.31354119797570e-01
1.57500000000000e+00  -3.04600390459077e-01
1.60000000000000e+00  -2.76459232887998e-01
1.62500000000000e+00  -2.47030013625572e-01
1.65000000000000e+00  -2.16423212774254e-01
1.67500000000000e+00  -1.84762098315316e-01
1.70000000000000e+00  -1.52182015265423e-01
1.72500000000000e+00  -1.18829674833231e-01
1.75000000000000e+00  -8.48624435759578e-02
1.77500000000000e+00  -5.04476325559775e-02
1.80000000000000e+00  -1.57617864974044e-02
1.82500000000000e+00  1.90100270573269e-02
1.85000000000000e+00  5.36749285908695e-02
1.87500000000000e+00  8.80316733541817e-02
1.90000000000000e+00  1.21880025310983e-01
1.92500000000000e+00  1.55009793192834e-01
1.95000000000000e+00  1.87211483309227e-01
1.97500000000000e+00  2.18274706481032e-01
2.00000000000000e+00  2.47989983891787e-01
2.02500000000000e+00  2.76150552938969e-01
2.05000000000000e+00  3.02554173085276e-01
2.07500000000000e+00  3.27004931709908e-01
2.10000000000000e+00  3.49315049959845e-01
2.12500000000000e+00  3.69306688601126e-01
2.15000000000000e+00  3.86813753870130e-01
2.17500000000000e+00  4.01683703324853e-01
2.20000000000000e+00  4.13779408853919e-01
2.22500000000000e+00  4.22980786121495e-01
2.25000000000000e+00  4.29187367374862e-01
2.27500000000000e+00  4.32316748871897e-01
2.30000000000000e+00  4.32309139728704e-01
2.32500000000000e+00  4.29127977813028e-01
2.35000000000000e+00  4.22760545637661e-01
2.37500000000000e+00  4.13218586253859e-01
2.40000000000000e+00  4.00538919144749e-01
2.42500000000000e+00  3.84784056118742e-01
2.45000000000000e+00  3.66042817202943e-01
2.47500000000000e+00  3.44430946536566e-01
2.50000000000000e+00  3.20082658636165e-01
2.52500000000000e+00  2.93178164189150e-01
2.55000000000000e+00  2.63904204385810e-01
2.57500000000000e+00  2.32473577854746e-01
2.60000000000000e+00  1.99123106912351e-01
2.62500000000000e+00  1.64111217245931e-01
2.65000000000000e+00  1.27715517596822e-01
2.67500000000000e+00  9.02303794435097e-02
2.70000000000000e+00  5.19645166847463e-02
2.72500000000000e+00  1.32385653226732e-02
2.75000000000000e+00  -2.56173368540628e-02
2.77500000000000e+00  -6.42659705871893e-02
2.80000000000000e+00  -1.02365455465690e-01
2.82500000000000e+00  -1.39575484250490e-01
2.85000000000000e+00  -1.75557634974731e-01
2.87500000000000e+00  -2.09980340894292e-01
2.90000000000000e+00  -2.42519864830448e-01
2.92500000000000e+00  -2.72866075105606e-01
2.95000000000000e+00  -3.00725311982388e-01
2.97500000000000e+00  -3.25823254102723e-01
3.00000000000000e+00  -3.47907784926933e-01
3.02500000000000e+00  -3.66751859172821e-01
3.05000000000000e+00  -3.82156369254758e-01
3.07500000000000e+00  -3.93953011722771e-01
3.10000000000000e+00  -4.02007153701632e-01
3.12500000000000e+00  -4.06221234079702e-01
3.15000000000000e+00  -4.06524771253550e-01
3.17500000000000e+00  -4.02899946759940e-01
3.20000000000000e+00  -3.95355822650804e-01
3.22500000000000e+00  -3.83943903621235e-01
3.25000000000000e+00  -3.68756675055114e-01
3.27500000000000e+00  -3.49926141070748e-01
3.30000000000000e+00  -3.27622362566506e-01
3.32500000000000e+00  -3.02051995266455e-01
3.35000000000000e+00  -2.73456827765989e-01
3.37500000000000e+00  -2.42112319577469e-01
3.40000000000000e+00  -2.08326139175856e-01
3.42500000000000e+00  -1.72436702044350e-01
3.45000000000000e+00  -1.34803349647437e-01
3.47500000000000e+00  -9.58091831786608e-02
3.50000000000000e+00  -5.58553186870767e-02
3.52500000000000e+00  -1.53565294788607e-02
3.55000000000000e+00  2.52627610924643e-02
3.57500000000000e+00  6.55731495606600e-02
3.60000000000000e+00  1.05144922281403e-01
3.62500000000000e+00  1.43552725366918e-01
3.65000000000000e+00  1.80380234620605e-01
3.67500000000000e+00  2.15224825471674e-01
3.70000000000000e+00  2.47702242909775e-01
3.72500000000000e+00  2.77451271419630e-01
3.75000000000000e+00  3.04143425697813e-01
3.77500000000000e+00  3.27459788110457e-01
3.80000000000000e+00  3.47148097125791e-01
3.82500000000000e+00  3.62973521800898e-01
3.85000000000000e+00  3.74746492344048e-01
3.87500000000000e+00  3.82323293733288e-01
3.90000000000000e+00  3.85606659335027e-01
3.92500000000000e+00  3.84546364522625e-01
3.95000000000000e+00  3.79139820294975e-01
3.97500000000000e+00  3.69432666895093e-01
4.00000000000000e+00  3.55519367428704e-01
4.02500000000000e+00  3.37543801482827e-01
4.05000000000000e+00  3.15699858744365e-01
4.07500000000000e+00  2.90220737372788e-01
4.10000000000000e+00  2.61385062438679e-01
4.12500000000000e+00  2.29512517735115e-01
4.15000000000000e+00  1.94956597089460e-01
4.17500000000000e+00  1.58104771513814e-01
4.20000000000000e+00  1.19373248003919e-01
4.22500000000000e+00  7.92017283380709e-02
4.25000000000000e+00  3.80481678760258e-02
4.27500000000000e+00  -3.61646564209512e-03
4.30000000000000e+00  -4.53134332968894e-02
4.32500000000000e+00  -8.65614661907735e-02
4.35000000000000e+00  -1.26882006649064e-01
4.37500000000000e+00  -1.65805579672496e-01
4.40000000000000e+00  -2.02877357449548e-01
4.42500000000000e+00  -2.37668065831217e-01
4.45000000000000e+00  -2.69764566324313e-01
4.47500000000000e+00  -2.98787635288182e-01
4.50000000000000e+00  -3.24394833301458e-01
4.52500000000000e+00  -3.46283374528811e-01
4.55000000000000e+00  -3.64192996087681e-01
4.57500000000000e+00  -3.77908827415037e-01
4.60000000000000e+00  -3.87264259634107e-01
4.62500000000000e+00  -3.92143814921133e-01
4.65000000000000e+00  -3.92486015872112e-01
4.67500000000000e+00  -3.88286254869543e-01
4.70000000000000e+00  -3.79587750506710e-01
4.72500000000000e+00  -3.66490043136183e-01
4.75000000000000e+00  -3.49147330629370e-01
4.77500000000000e+00  -3.27759710936015e-01
4.80000000000000e+00  -3.02578220164848e-01
4.82500000000000e+00  -2.73900281277695e-01
4.85000000000000e+00  -2.42065152783595e-01
4.87500000000000e+00  -2.07449377432924e-01
4.90000000000000e+00  -1.70462230911502e-01
4.92500000000000e+00  -1.31541170534717e-01
4.95000000000000e+00  -9.11472839416453e-02
4.97500000000000e+00  -4.97607377891567e-02
5.00000000000000e+00  -7.86710255854885e-03
5.02500000000000e+00  3.40197714154092e-02
5.05000000000000e+00  7.54170641036742e-02
5.07500000000000e+00  1.15829598094071e-01
5.10000000000000e+00  1.54776847016222e-01
5.12500000000000e+00  1.91797465971883e-01
5.15000000000000e+00  2.26453821965296e-01
5.17500000000000e+00  2.58336524333533e-01
5.20000000000000e+00  2.87068955176837e-01
5.22500000000000e+00  3.12311799788975e-01
5.25000000000000e+00  3.33767577087577e-01
5.27500000000000e+00  3.51185170044486e-01
5.30000000000000e+00  3.64364356116098e-01
5.32500000000000e+00  3.73150855699738e-01
5.35000000000000e+00  3.77444995252287e-01
5.37500000000000e+00  3.77203324755975e-01
5.40000000000000e+00  3.72430339031991e-01
5.42500000000000e+00  3.63187323210165e-01
5.45000000000000e+00  3.49589523423348e-01
5.47500000000000e+00  3.31803317501787e-01
5.50000000000000e+00  3.10043385667505e-01
5.52500000000000e+00  2.84569881228672e-01
5.55000000000000e+00  2.55685601273990e-01
5.57500000000000e+00  2.23733157367063e-01
5.60000000000000e+00  1.89092146240776e-01
5.62500000000000e+00  1.52172476585554e-01
5.65000000000000e+00  1.13408042327160e-01
5.67500000000000e+00  7.32498490278718e-02
5.70000000000000e+00  3.21683408974222e-02
5.72500000000000e+00  -9.35808905919371e-03
5.75000000000000e+00  -5.08483409910524e-02
5.77500000000000e+00  -9.18238501506603e-02
5.80000000000000e+00  -1.31813828843295e-01
5.82500000000000e+00  -1.70360508376345e-01
5.85000000000000e+00  -2.07024381008670e-01
5.87500000000000e+00  -2.41389441899932e-01
5.90000000000000e+00  -2.73068431059957e-01
5.92500000000000e+00  -3.01708075298066e-01
5.95000000000000e+00  -3.26988918283763e-01
5.97500000000000e+00  -3.48632565882751e-01
6.00000000000000e+00  -3.66406063422871e-01
6.02500000000000e+00  -3.80115765019314e-01
6.05000000000000e+00  -3.89618041151932e-01
6.07500000000000e+00  -3.94818682767421e-01
6.10000000000000e+00  -3.95672305381518e-01
6.12500000000000e+00  -3.92181753181189e-01
6.15000000000000e+00  -3.84397503126816e-01
6.17500000000000e+00  -3.72417069054395e-01
6.20000000000000e+00  -3.56384405777723e-01
6.22500000000000e+00  -3.36489313190586e-01
6.25000000000000e+00  -3.12961206907924e-01
6.27500000000000e+00  -2.86069661475567e-01
6.30000000000000e+00  -2.56116763800054e-01
6.32500000000000e+00  -2.23436482930003e-01
6.35000000000000e+00  -1.88390404115084e-01
6.37500000000000e+00  -1.51363070924642e-01
6.40000000000000e+00  -1.12757327366291e-01
6.42500000000000e+00  -7.29896600045451e-02
6.45000000000000e+00  -3.24855400794140e-02
6.47500000000000e+00  8.32523437497863e-03
6.50000000000000e+00  4.90131964117782e-02
6.52500000000000e+00  8.91538680528003e-02
6.55000000000000e+00  1.28332418169907e-01
6.57500000000000e+00  1.66147700926090e-01
6.60000000000000e+00  2.02216572364404e-01
6.62500000000000e+00  2.36179608179251e-01
6.65000000000000e+00  2.67698375279239e-01
6.67500000000000e+00  2.96465151083623e-01
6.70000000000000e+00  3.22204405557169e-01
6.72500000000000e+00  3.44674283245025e-01
6.75000000000000e+00  3.63668085307584e-01
6.77500000000000e+00  3.79015751555361e-01
6.80000000000000e+00  3.90585342483847e-01
6.82500000000000e+00  3.98284521308388e-01
6.85000000000000e+00  4.02062035999045e-01
6.87500000000000e+00  4.01906518477168e-01
6.90000000000000e+00  3.97841131784392e-01
6.92500000000000e+00  3.89931388998170e-01
6.95000000000000e+00  3.78275846361457e-01
6.97500000000000e+00  3.63009438501443e-01
7.00000000000000e+00  3.44300638641708e-01
7.02500000000000e+00  3.22348618814358e-01
7.05000000000000e+00  2.97380410072181e-01
7.07500000000000e+00  2.69648062700788e-01
7.10000000000000e+00  2.39425806430757e-01
7.12500000000000e+00  2.07007210649788e-01
7.15000000000000e+00  1.72702344614840e-01
7.17500000000000e+00  1.36834937664283e-01
7.20000000000000e+00  9.97364806697086e-02
7.22500000000000e+00  6.17453837330325e-02
7.25000000000000e+00  2.32019727797596e-02
7.27500000000000e+00  -1.55518674580654e-02
7.30000000000000e+00  -5.41788906607933e-02
7.32500000000000e+00  -9.23489223103091e-02
7.35000000000000e+00  -1.29741293079188e-01
7.37500000000000e+00  -1.66047272219825e-01
7.40000000000000e+00  -2.00972500953593e-01
7.42500000000000e+00  -2.34239425859973e-01
7.45000000000000e+00  -2.65589732265708e-01
7.47500000000000e+00  -2.94786777633943e-01
7.50000000000000e+00  -3.21626393719325e-01
7.52500000000000e+00  -3.45894236096623e-01
7.55000000000000e+00  -3.67437701099971e-01
7.57500000000000e+00  -3.86113411561394e-01
7.60000000000000e+00  -4.01805533332011e-01
7.62500000000000e+00  -4.14425158739232e-01
7.65000000000000e+00  -4.23909690043973e-01
7.67500000000000e+00  -4.30222222897845e-01
7.70000000000000e+00  -4.33350929800372e-01
7.72500000000000e+00  -4.33308443556181e-01
7.75000000000000e+00  -4.30131240732215e-01
7.77500000000000e+00  -4.23879025114933e-01
7.80000000000000e+00  -4.14634111167511e-01
7.82500000000000e+00  -4.02496878072585e-01
7.85000000000000e+00  -3.87587319744564e-01
7.87500000000000e+00  -3.70042471506018e-01
7.90000000000000e+00  -3.50014786856892e-01
7.92500000000000e+00  -3.27670269497335e-01
7.95000000000000e+00  -3.03186669695944e-01
7.97500000000000e+00  -2.76751680658008e-01
8.00000000000000e+00  -2.48561134893756e-01
8.02500000000000e+00  -2.18817200586593e-01
8.05000000000000e+00  -1.87726577961359e-01
8.07500000000000e+00  -1.55498695652566e-01
8.10000000000000e+00  -1.22343907072639e-01
8.12500000000000e+00  -8.84726476236464e-02
8.15000000000000e+00  -5.40919129505998e-02
8.17500000000000e+00  -1.94050773174694e-02
8.20000000000000e+00  1.53878395905880e-02
8.22500000000000e+00  5.00939426107329e-02
8.25000000000000e+00  8.45281677996551e-02
8.27500000000000e+00  1.18513989130754e-01
8.30000000000000e+00  1.51884125191348e-01
8.32500000000000e+00  1.84481245879878e-01
8.35000000000000e+00  2.16158679103092e-01
8.37500000000000e+00  2.46781117473265e-01
8.40000000000000e+00  2.76225325005376e-01
8.42500000000000e+00  3.04380843814320e-01
8.45000000000000e+00  3.31148333584398e-01
8.47500000000000e+00  3.56441460036686e-01
8.50000000000000e+00  3.80186616302561e-01
8.52500000000000e+00  4.02321904648261e-01
8.55000000000000e+00  4.22797879437331e-01
8.57500000000000e+00  4.41577052057123e-01
8.60000000000000e+00  4.58633395845315e-01
8.62500000000000e+00  4.73951851016433e-01
8.65000000000000e+00  4.87527829588356e-01
8.67500000000000e+00  4.99366720308835e-01
8.70000000000000e+00  5.09483393582011e-01
8.72500000000000e+00  5.17901706394925e-01
8.75000000000000e+00  5.24638281498359e-01
8.77500000000000e+00  5.29778183386498e-01
8.80000000000000e+00  5.33327951422390e-01
8.82500000000000e+00  5.35344815101271e-01
8.85000000000000e+00  5.35889987855470e-01
8.87500000000000e+00  5.35028234149388e-01
8.90000000000000e+00  5.32827436574478e-01
8.92500000000000e+00  5.29358162944221e-01
8.95000000000000e+00  5.24693233389108e-01
8.97500000000000e+00  5.18907287451614e-01
9.00000000000000e+00  5.12076351181179e-01
9.02500000000000e+00  5.04277404229187e-01
9.05000000000000e+00  4.95587946943943e-01
9.07500000000000e+00  4.86085567465652e-01
9.10000000000000e+00  4.75847508821396e-01
9.12500000000000e+00  4.64950236020114e-01
9.15000000000000e+00  4.53469003147580e-01
9.17500000000000e+00  4.41477420461382e-01
9.20000000000000e+00  4.29047021485898e-01
9.22500000000000e+00  4.16246830107280e-01
9.25000000000000e+00  4.03142927668423e-01
9.27500000000000e+00  3.89798020063951e-01
9.30000000000000e+00  3.76271004835196e-01
9.32500000000000e+00  3.62616538265171e-01
9.35000000000000e+00  3.48884602473552e-01
9.37500000000000e+00  3.35152959514958e-01
9.40000000000000e+00  3.21404862543498e-01
9.42500000000000e+00  3.07740254997119e-01
9.45000000000000e+00  2.94190960213667e-01
9.47500000000000e+00  2.80787669502530e-01
9.50000000000000e+00  2.67559641557917e-01
9.52500000000000e+00  2.54534401872152e-01
9.55000000000000e+00  2.41737442148957e-01
9.57500000000000e+00  2.29191919716730e-01
9.60000000000000e+00  2.16918356941844e-01
9.62500000000000e+00  2.04934340641920e-01
9.65000000000000e+00  1.93254221499118e-01
9.67500000000000e+00  1.81888813473424e-01
9.70000000000000e+00  1.70846835489761e-01
9.72500000000000e+00  1.60133660100738e-01
9.75000000000000e+00  1.49751816563395e-01
9.77500000000000e+00  1.39701439178550e-01
9.80000000000000e+00  1.29980270629083e-01
9.82500000000000e+00  1.20583996517224e-01
9.85000000000000e+00  1.11506579901841e-01
9.87500000000000e+00  1.02740595835731e-01
9.90000000000000e+00  9.42775659029013e-02
9.92500000000000e+00  8.61082927558676e-02
9.95000000000000e+00  7.82231946529371e-02
9.97500000000000e+00  7.06126399954976e-02
1.00000000000000e+01  6.32672818653113e-02
