0.00000000000000e+00  -6.31998311968694e-02
2.50000000000000e-02  -7.05797393725205e-02
5.00000000000000e-02  -7.81985386285081e-02
7.50000000000000e-02  -8.60776238342623e-02
1.00000000000000e-01  -9.42352079828168e-02
1.25000000000000e-01  -1.02686487199956e-01
1.50000000000000e-01  -1.11443805753361e-01
1.75000000000000e-01  -1.20516821061755e-01
2.00000000000000e-01  -1.29912668704057e-01
2.25000000000000e-01  -1.39636127428520e-01
2.50000000000000e-01  -1.49689784161889e-01
2.75000000000000e-01  -1.60074199018537e-01
3.00000000000000e-01  -1.70788070309623e-01
3.25000000000000e-01  -1.81827703253071e-01
3.50000000000000e-01  -1.93187499854127e-01
3.75000000000000e-01  -2.04860083759783e-01
4.00000000000000e-01  -2.16834928989619e-01
4.25000000000000e-01  -2.29099405091441e-01
4.50000000000000e-01  -2.41638254451899e-01
4.75000000000000e-01  -2.54433069607103e-01
5.00000000000000e-01  -2.67461770553244e-01
5.25000000000000e-01  -2.80698082057211e-01
5.50000000000000e-01  -2.94111010967206e-01
5.75000000000000e-01  -3.07664323523368e-01
6.00000000000000e-01  -3.21316022668386e-01
6.25000000000000e-01  -3.35049111262391e-01
6.50000000000000e-01  -3.48787969413404e-01
6.75000000000000e-01  -3.62513308708163e-01
7.00000000000000e-01  -3.76171239745264e-01
7.25000000000000e-01  -3.89705545336122e-01
7.50000000000000e-01  -4.03057677035665e-01
7.75000000000000e-01  -4.16166751673024e-01
8.00000000000000e-01  -4.28969547882223e-01
8.25000000000000e-01  -4.41400502632874e-01
8.50000000000000e-01  -4.53391707760865e-01
8.75000000000000e-01  -4.64872906499053e-01
9.00000000000000e-01  -4.75771490007956e-01
9.25000000000000e-01  -4.86012493906441e-01
9.50000000000000e-01  -4.95520187999731e-01
9.75000000000000e-01  -5.04217232673468e-01
1.00000000000000e+00  -5.12025361745856e-01
1.02500000000000e+00  -5.18866435029452e-01
1.05000000000000e+00  -5.24662449297035e-01
1.07500000000000e+00  -5.29336291252192e-01
1.10000000000000e+00  -5.32812490499905e-01
1.12500000000000e+00  -5.35017972517139e-01
1.15000000000000e+00  -5.35882811623427e-01
1.17500000000000e+00  -5.35340983951458e-01
1.20000000000000e+00  -5.33331120417664e-01
1.22500000000000e+00  -5.29797259692804e-01
1.25000000000000e+00  -5.24685765328614e-01
1.27500000000000e+00  -5.17941814350968e-01
1.30000000000000e+00  -5.09532944008104e-01
1.32500000000000e+00  -4.99426351518012e-01
1.35000000000000e+00  -4.87597848387298e-01
1.37500000000000e+00  -4.74032337253744e-01
1.40000000000000e+00  -4.58724288728859e-01
1.42500000000000e+00  -4.41678218240442e-01
1.45000000000000e+00  -4.22909162875131e-01
1.47500000000000e+00  -4.02443158220965e-01
1.50000000000000e+00  -3.80317715209940e-01
1.52500000000000e+00  -3.56582296960561e-01
1.55000000000000e+00  -3.31298795620403e-01
1.57500000000000e+00  -3.04540796506180e-01
1.60000000000000e+00  -2.76394593902358e-01
1.62500000000000e+00  -2.46959485160247e-01
1.65000000000000e+00  -2.16345840930772e-01
1.67500000000000e+00  -1.84676819069480e-01
1.70000000000000e+00  -1.52087665918431e-01
1.72500000000000e+00  -1.18725017588108e-01
1.75000000000000e+00  -8.47462012393043e-02
1.77500000000000e+00  -5.03185363650315e-02
1.80000000000000e+00  -1.56186360724174e-02
1.82500000000000e+00  1.91682916354001e-02
1.85000000000000e+00  5.38491425773655e-02
1.87500000000000e+00  8.82233038929651e-02
1.90000000000000e+00  1.22090364722092e-01
1.92500000000000e+00  1.55240128553329e-01
1.95000000000000e+00  1.87463080621701e-01
1.97500000000000e+00  2.18548813387430e-01
2.00000000000000e+00  2.48287831561179e-01
2.02500000000000e+00  2.76473357129294e-01
2.05000000000000e+00  3.02903134379044e-01
2.07500000000000e+00  3.27381234923859e-01
2.10000000000000e+00  3.49719862728574e-01
2.12500000000000e+00  3.69741159134667e-01
2.15000000000000e+00  3.87279007885503e-01
2.17500000000000e+00  4.02180840151570e-01
2.20000000000000e+00  4.14309510194124e-01
2.22500000000000e+00  4.23544907945577e-01
2.25000000000000e+00  4.29786542485766e-01
2.27500000000000e+00  4.32951991767991e-01
2.30000000000000e+00  4.32981446284636e-01
2.32500000000000e+00  4.29838326102475e-01
2.35000000000000e+00  4.23509897897978e-01
2.37500000000000e+00  4.14007891992619e-01
2.40000000000000e+00  4.01369119388178e-01
2.42500000000000e+00  3.85656088802051e-01
2.45000000000000e+00  3.66957623702551e-01
2.47500000000000e+00  3.45389479344218e-01
2.50000000000000e+00  3.21086419611010e-01
2.52500000000000e+00  2.94226826577824e-01
2.55000000000000e+00  2.64999202870022e-01
2.57500000000000e+00  2.33616145388905e-01
2.60000000000000e+00  2.00314343457878e-01
2.62500000000000e+00  1.65352148831051e-01
2.65000000000000e+00  1.29007145701826e-01
2.67500000000000e+00  9.15737207115030e-02
2.70000000000000e+00  5.33606329578582e-02
2.72500000000000e+00  1.46885840037528e-02
2.75000000000000e+00  -2.41122121142796e-02
2.77500000000000e+00  -6.27044588774368e-02
2.80000000000000e+00  -1.00746207276054e-01
2.82500000000000e+00  -1.37897063242541e-01
2.85000000000000e+00  -1.73818531993491e-01
2.87500000000000e+00  -2.08179012956034e-01
2.90000000000000e+00  -2.40654680289596e-01
2.92500000000000e+00  -2.70935347134721e-01
2.95000000000000e+00  -2.98727314296886e-01
2.97500000000000e+00  -3.23756218930301e-01
3.00000000000000e+00  -3.45769883221727e-01
3.02500000000000e+00  -3.64541163074277e-01
3.05000000000000e+00  -3.79870796791232e-01
3.07500000000000e+00  -3.91590253759846e-01
3.10000000000000e+00  -3.99564583135155e-01
3.12500000000000e+00  -4.03697306494128e-01
3.15000000000000e+00  -4.03915688152725e-01
3.17500000000000e+00  -4.00203706525652e-01
3.20000000000000e+00  -3.92570073965533e-01
3.22500000000000e+00  -3.81066041348728e-01
3.25000000000000e+00  -3.65783922656503e-01
3.27500000000000e+00  -3.46855619556209e-01
3.30000000000000e+00  -3.24451145982451e-01
3.32500000000000e+00  -2.98777152718263e-01
3.35000000000000e+00  -2.70075451976286e-01
3.37500000000000e+00  -2.38621541979937e-01
3.40000000000000e+00  -2.04723131544586e-01
3.42500000000000e+00  -1.68718664658733e-01
3.45000000000000e+00  -1.30967572093803e-01
3.47500000000000e+00  -9.18530276817822e-02
3.50000000000000e+00  -5.17762278570729e-02
3.52500000000000e+00  -1.11520564269735e-02
3.55000000000000e+00  2.95949431699480e-02
3.57500000000000e+00  7.00352310971009e-02
3.60000000000000e+00  1.09738934353118e-01
3.62500000000000e+00  1.48280510005100e-01
3.65000000000000e+00  1.85243408421866e-01
3.67500000000000e+00  2.20224736507194e-01
3.70000000000000e+00  2.52839920933074e-01
3.72500000000000e+00  2.82727371372947e-01
3.75000000000000e+00  3.09558460584267e-01
3.77500000000000e+00  3.33014513029792e-01
3.80000000000000e+00  3.52842500317925e-01
3.82500000000000e+00  3.68807384116063e-01
3.85000000000000e+00  3.80719378527165e-01
3.87500000000000e+00  3.88434547876254e-01
3.90000000000000e+00  3.91855404496928e-01
3.92500000000000e+00  3.90931506517866e-01
3.95000000000000e+00  3.85660055649337e-01
3.97500000000000e+00  3.76086494969705e-01
4.00000000000000e+00  3.62305106711939e-01
4.02500000000000e+00  3.44459610050116e-01
4.05000000000000e+00  3.22743758885937e-01
4.07500000000000e+00  2.97390635169117e-01
4.10000000000000e+00  2.68678775221649e-01
4.12500000000000e+00  2.36927802538684e-01
4.15000000000000e+00  2.02491166692382e-01
4.17500000000000e+00  1.65756322380611e-01
4.20000000000000e+00  1.27139482272041e-01
4.22500000000000e+00  8.70803698512538e-02
4.25000000000000e+00  4.60369722638364e-02
4.27500000000000e+00  4.48029316147801e-03
4.30000000000000e+00  -3.71108944529207e-02
4.32500000000000e+00  -7.82552953801570e-02
4.35000000000000e+00  -1.18474339379616e-01
4.37500000000000e+00  -1.57298750179817e-01
4.40000000000000e+00  -1.94272646919478e-01
4.42500000000000e+00  -2.28967558498858e-01
4.45000000000000e+00  -2.60970207981944e-01
4.47500000000000e+00  -2.89901271784460e-01
4.50000000000000e+00  -3.15418246127365e-01
4.52500000000000e+00  -3.37218313490328e-01
4.55000000000000e+00  -3.55041209065207e-01
4.57500000000000e+00  -3.68672087209537e-01
4.60000000000000e+00  -3.77944387900004e-01
4.62500000000000e+00  -3.82742703185932e-01
4.65000000000000e+00  -3.83005643642763e-01
4.67500000000000e+00  -3.78728704825537e-01
4.70000000000000e+00  -3.69955257605952e-01
4.72500000000000e+00  -3.56784976577771e-01
4.75000000000000e+00  -3.39372210109554e-01
4.77500000000000e+00  -3.17917225679967e-01
4.80000000000000e+00  -2.92671241981563e-01
4.82500000000000e+00  -2.63931877504285e-01
4.85000000000000e+00  -2.32038599118973e-01
4.87500000000000e+00  -1.97368170660881e-01
4.90000000000000e+00  -1.60330101513173e-01
4.92500000000000e+00  -1.21362095190442e-01
4.95000000000000e+00  -8.09254979222198e-02
4.97500000000000e+00  -3.95007472364739e-02
5.00000000000000e+00  2.42608196471055e-03
5.02500000000000e+00  4.43420174793083e-02
5.05000000000000e+00  8.57629820512707e-02
5.07500000000000e+00  1.26193745075525e-01
5.10000000000000e+00  1.65153702711950e-01
5.12500000000000e+00  2.02181415063145e-01
5.15000000000000e+00  2.36839143352230e-01
5.17500000000000e+00  2.68717387100616e-01
5.20000000000000e+00  2.97439421305792e-01
5.22500000000000e+00  3.22665833619112e-01
5.25000000000000e+00  3.44099061523574e-01
5.27500000000000e+00  3.61487929511605e-01
5.30000000000000e+00  3.74632186262843e-01
5.32500000000000e+00  3.83377550155111e-01
5.35000000000000e+00  3.87624385334997e-01
5.37500000000000e+00  3.87329321942683e-01
5.40000000000000e+00  3.82496946219791e-01
5.42500000000000e+00  3.73188677051327e-01
5.45000000000000e+00  3.59519924269119e-01
5.47500000000000e+00  3.41657246955248e-01
5.50000000000000e+00  3.19815511745495e-01
5.52500000000000e+00  2.94255051132769e-01
5.55000000000000e+00  2.65278821770552e-01
5.57500000000000e+00  2.33229562776329e-01
5.60000000000000e+00  1.98486954035028e-01
5.62500000000000e+00  1.61461772366726e-01
5.65000000000000e+00  1.22587454299550e-01
5.67500000000000e+00  8.23157827214799e-02
5.70000000000000e+00  4.11174073084469e-02
5.72500000000000e+00  -5.29044340242700e-04
5.75000000000000e+00  -4.21422144354834e-02
5.77500000000000e+00  -8.32432627319705e-02
5.80000000000000e+00  -1.23361114261782e-01
5.82500000000000e+00  -1.62037707067961e-01
5.85000000000000e+00  -1.98833239938115e-01
5.87500000000000e+00  -2.33331420137990e-01
5.90000000000000e+00  -2.65144711145074e-01
5.92500000000000e+00  -2.93919580382168e-01
5.95000000000000e+00  -3.19336316106127e-01
5.97500000000000e+00  -3.41116296368762e-01
6.00000000000000e+00  -3.59026349824445e-01
6.02500000000000e+00  -3.72872634199360e-01
6.05000000000000e+00  -3.82511341297353e-01
6.07500000000000e+00  -3.87848099967153e-01
6.10000000000000e+00  -3.88837379069586e-01
6.12500000000000e+00  -3.85481890444794e-01
6.15000000000000e+00  -3.77831991879450e-01
6.17500000000000e+00  -3.65985090073981e-01
6.20000000000000e+00  -3.50085043609779e-01
6.22500000000000e+00  -3.30321565916421e-01
6.25000000000000e+00  -3.06924474117047e-01
6.27500000000000e+00  -2.80162142164285e-01
6.30000000000000e+00  -2.50337762471418e-01
6.32500000000000e+00  -2.17785151867463e-01
6.35000000000000e+00  -1.82865801170748e-01
6.37500000000000e+00  -1.45964208239799e-01
6.40000000000000e+00  -1.07483211024198e-01
6.42500000000000e+00  -6.78393206154702e-02
6.45000000000000e+00  -2.74580542979414e-02
6.47500000000000e+00  1.32307314003837e-02
6.50000000000000e+00  5.37975076569435e-02
6.52500000000000e+00  9.38177403037606e-02
6.55000000000000e+00  1.32876556776557e-01
6.57500000000000e+00  1.70572760626694e-01
6.60000000000000e+00  2.06523181835131e-01
6.62500000000000e+00  2.40368406139205e-01
6.65000000000000e+00  2.71769983502704e-01
6.67500000000000e+00  3.00420211015791e-01
6.70000000000000e+00  3.26043602670223e-01
6.72500000000000e+00  3.48398359134571e-01
6.75000000000000e+00  3.67277837529429e-01
6.77500000000000e+00  3.82512021202637e-01
6.80000000000000e+00  3.93968989504492e-01
6.82500000000000e+00  4.01556387562965e-01
6.85000000000000e+00  4.05222896058923e-01
6.87500000000000e+00  4.04958247274622e-01
6.90000000000000e+00  4.00783561071072e-01
6.92500000000000e+00  3.92766365863672e-01
6.95000000000000e+00  3.81005060643959e-01
6.97500000000000e+00  3.65634517014778e-01
7.00000000000000e+00  3.46823222859732e-01
7.02500000000000e+00  3.24770426012623e-01
7.05000000000000e+00  2.99703277926903e-01
7.07500000000000e+00  2.71873977345115e-01
7.10000000000000e+00  2.41556913968345e-01
7.12500000000000e+00  2.09045812125668e-01
7.15000000000000e+00  1.74650874443587e-01
7.17500000000000e+00  1.38695925515492e-01
7.20000000000000e+00  1.01512588242402e-01
7.22500000000000e+00  6.34393598041074e-02
7.25000000000000e+00  2.48166267320884e-02
7.27500000000000e+00  -1.40136620169713e-02
7.30000000000000e+00  -5.27142188349394e-02
7.32500000000000e+00  -9.09548434765323e-02
7.35000000000000e+00  -1.28414849073630e-01
7.37500000000000e+00  -1.64785488149564e-01
7.40000000000000e+00  -1.99772378633432e-01
7.42500000000000e+00  -2.33097929874393e-01
7.45000000000000e+00  -2.64503768655969e-01
7.47500000000000e+00  -2.93753165210354e-01
7.50000000000000e+00  -3.20642196894085e-01
7.52500000000000e+00  -3.44956843942533e-01
7.55000000000000e+00  -3.66544258409502e-01
7.57500000000000e+00  -3.85261169600394e-01
7.60000000000000e+00  -4.00991855093832e-01
7.62500000000000e+00  -4.13647523737472e-01
7.65000000000000e+00  -4.23165698643818e-01
7.67500000000000e+00  -4.29509600186028e-01
7.70000000000000e+00  -4.32667528993728e-01
7.72500000000000e+00  -4.32652248948827e-01
7.75000000000000e+00  -4.29500370181323e-01
7.77500000000000e+00  -4.23271732065117e-01
7.80000000000000e+00  -4.14048786213823e-01
7.82500000000000e+00  -4.01932051674932e-01
7.85000000000000e+00  -3.87041666043849e-01
7.87500000000000e+00  -3.69514802106177e-01
7.90000000000000e+00  -3.49504053522288e-01
7.92500000000000e+00  -3.27175560668856e-01
7.95000000000000e+00  -3.02707205188320e-01
7.97500000000000e+00  -2.76286804538327e-01
8.00000000000000e+00  -2.48110306541198e-01
8.02500000000000e+00  -2.18379983933378e-01
8.05000000000000e+00  -1.87302628914891e-01
8.07500000000000e+00  -1.55087747698801e-01
8.10000000000000e+00  -1.21945755060657e-01
8.12500000000000e+00  -8.80865505817013e-02
8.15000000000000e+00  -5.37192483956741e-02
8.17500000000000e+00  -1.90453487747176e-02
8.20000000000000e+00  1.57348597176952e-02
8.22500000000000e+00  5.04282802932964e-02
8.25000000000000e+00  8.48497076342066e-02
8.27500000000000e+00  1.18822527588089e-01
8.30000000000000e+00  1.52179416863331e-01
8.32500000000000e+00  1.84763042724221e-01
8.35000000000000e+00  2.16426762686106e-01
8.37500000000000e+00  2.47035324210583e-01
8.40000000000000e+00  2.76465564400651e-01
8.42500000000000e+00  3.04607109695895e-01
8.45000000000000e+00  3.31360657937397e-01
8.47500000000000e+00  3.56639912209016e-01
8.50000000000000e+00  3.80371285544802e-01
8.52500000000000e+00  4.02492883890895e-01
8.55000000000000e+00  4.22955242610544e-01
8.57500000000000e+00  4.41720849048714e-01
8.60000000000000e+00  4.58763665096699e-01
8.62500000000000e+00  4.74068649756747e-01
8.65000000000000e+00  4.87631281706658e-01
8.67500000000000e+00  4.99457081864408e-01
8.70000000000000e+00  5.09561135952758e-01
8.72500000000000e+00  5.17967617063874e-01
8.75000000000000e+00  5.24713204568690e-01
8.77500000000000e+00  5.29818792464058e-01
8.80000000000000e+00  5.33350736595077e-01
8.82500000000000e+00  5.35358829876963e-01
8.85000000000000e+00  5.35899026128887e-01
8.87500000000000e+00  5.35032687093450e-01
8.90000000000000e+00  5.32825829456150e-01
8.92500000000000e+00  5.29348371864848e-01
8.95000000000000e+00  5.24673381949237e-01
8.97500000000000e+00  5.18876323340317e-01
9.00000000000000e+00  5.12034302689852e-01
9.02500000000000e+00  5.04225316689849e-01
9.05000000000000e+00  4.95527499092022e-01
9.07500000000000e+00  4.86019109593481e-01
9.10000000000000e+00  4.75777481536097e-01
9.12500000000000e+00  4.64878339055336e-01
9.15000000000000e+00  4.53396640470633e-01
9.17500000000000e+00  4.41404988858440e-01
9.20000000000000e+00  4.28973635542612e-01
9.22500000000000e+00  4.16170483584794e-01
9.25000000000000e+00  4.03061091274797e-01
9.27500000000000e+00  3.89708675620996e-01
9.30000000000000e+00  3.76174115840706e-01
9.32500000000000e+00  3.62515956850568e-01
9.35000000000000e+00  3.48790412756938e-01
9.37500000000000e+00  3.35020083847954e-01
9.40000000000000e+00  3.21318110924347e-01
9.42500000000000e+00  3.07666256610822e-01
9.45000000000000e+00  2.94112801546482e-01
9.47500000000000e+00  2.80699740775850e-01
9.50000000000000e+00  2.67463306407243e-01
9.52500000000000e+00  2.54434490271164e-01
9.55000000000000e+00  2.41639566578671e-01
9.57500000000000e+00  2.29100614579761e-01
9.60000000000000e+00  2.16836041221751e-01
9.62500000000000e+00  2.04861103807659e-01
9.65000000000000e+00  1.93188432654576e-01
9.67500000000000e+00  1.81828553752059e-01
9.70000000000000e+00  1.70788843331119e-01
9.72500000000000e+00  1.60074899458708e-01
9.75000000000000e+00  1.49690417074485e-01
9.77500000000000e+00  1.39636697891763e-01
9.80000000000000e+00  1.29913181889974e-01
9.82500000000000e+00  1.20517282291242e-01
9.85000000000000e+00  1.11444220536973e-01
9.87500000000000e+00  1.02686861264423e-01
9.90000000000000e+00  9.42355472832859e-02
9.92500000000000e+00  8.60779345522695e-02
9.95000000000000e+00  7.81988271556767e-02
9.97500000000000e+00  7.05800122799829e-02
1.00000000000000e+01  6.32000951904216e-02
