0.00000000000000e+00  6.56533633192680e-05
2.50000000000000e-02  7.42846074773517e-05
5.00000000000000e-02  8.78561877527247e-05
7.50000000000000e-02  1.05781942903956e-04
1.00000000000000e-01  1.27830542497297e-04
1.25000000000000e-01  1.54101618765972e-04
1.50000000000000e-01  1.85001898469462e-04
1.75000000000000e-01  2.21221334752790e-04
2.00000000000000e-01  2.63709239005820e-04
2.25000000000000e-01  3.13650412722529e-04
2.50000000000000e-01  3.72441279360311e-04
2.75000000000000e-01  4.41666016199253e-04
3.00000000000000e-01  5.23072686201423e-04
3.25000000000000e-01  6.18684889328963e-04
3.50000000000000e-01  7.30714049024705e-04
3.75000000000000e-01  8.61533731489936e-04
4.00000000000000e-01  1.01398388139525e-03
4.25000000000000e-01  1.19114891865530e-03
4.50000000000000e-01  1.39647425327750e-03
4.75000000000000e-01  1.63388280021066e-03
5.00000000000000e-01  1.90789149419369e-03
5.25000000000000e-01  2.22372780460427e-03
5.50000000000000e-01  2.58744625030750e-03
5.75000000000000e-01  3.00604491450463e-03
6.00000000000000e-01  3.48758195958166e-03
6.25000000000000e-01  4.02760731769279e-03
6.50000000000000e-01  4.66699382740045e-03
6.75000000000000e-01  5.38620165843484e-03
7.00000000000000e-01  6.19940307737058e-03
7.25000000000000e-01  7.12071311697852e-03
7.50000000000000e-01  8.16436663846883e-03
7.75000000000000e-01  9.34489539373363e-03
8.00000000000000e-01  1.06773050875899e-02
8.25000000000000e-01  1.21772524400226e-02
8.50000000000000e-01  1.38612222484270e-02
8.75000000000000e-01  1.57467044498520e-02
9.00000000000000e-01  1.78523711832427e-02
9.25000000000000e-01  2.01982538516831e-02
9.50000000000000e-01  2.28051676355716e-02
9.75000000000000e-01  2.56952354074696e-02
1.00000000000000e+00  2.88919845343372e-02
1.02500000000000e+00  3.24189619153408e-02
1.05000000000000e+00  3.63007588565493e-02
1.07500000000000e+00  4.05624547421653e-02
1.10000000000000e+00  4.52290607057560e-02
1.12500000000000e+00  5.03249633014849e-02
1.15000000000000e+00  5.58733681753432e-02
1.17500000000000e+00  6.18957437363800e-02
1.20000000000000e+00  6.84112648279352e-02
1.22500000000000e+00  7.54362563988690e-02
1.25000000000000e+00  8.29925962241238e-02
1.27500000000000e+00  9.10932327988554e-02
1.30000000000000e+00  9.97462589208399e-02
1.32500000000000e+00  1.08958581282058e-01
1.35000000000000e+00  1.18730613048569e-01
1.37500000000000e+00  1.29056220159083e-01
1.40000000000000e+00  1.39922667623539e-01
1.42500000000000e+00  1.51310252300692e-01
1.45000000000000e+00  1.63191714660803e-01
1.47500000000000e+00  1.75531332995218e-01
1.50000000000000e+00  1.88283994922165e-01
1.52500000000000e+00  2.01393725817187e-01
1.55000000000000e+00  2.14792137047445e-01
1.57500000000000e+00  2.28402492020727e-01
1.60000000000000e+00  2.42134907237693e-01
1.62500000000000e+00  2.55886068248589e-01
1.65000000000000e+00  2.69543202767595e-01
1.67500000000000e+00  2.82980033056790e-01
1.70000000000000e+00  2.96057787690012e-01
1.72500000000000e+00  3.08626213316715e-01
1.75000000000000e+00  3.20524586425835e-01
1.77500000000000e+00  3.31582725109643e-01
1.80000000000000e+00  3.41622000827610e-01
1.82500000000000e+00  3.50456350170265e-01
1.85000000000000e+00  3.57893286623056e-01
1.87500000000000e+00  3.63734681825665e-01
1.90000000000000e+00  3.67787209679796e-01
1.92500000000000e+00  3.69859056518283e-01
1.95000000000000e+00  3.69754616820109e-01
1.97500000000000e+00  3.67290482673192e-01
2.00000000000000e+00  3.62296976128592e-01
2.02500000000000e+00  3.54619681554724e-01
2.05000000000000e+00  3.44121925000050e-01
2.07500000000000e+00  3.30687935912178e-01
2.10000000000000e+00  3.14227149068040e-01
2.12500000000000e+00  2.94678486026764e-01
2.15000000000000e+00  2.72016630337250e-01
2.17500000000000e+00  2.46258597931606e-01
2.20000000000000e+00  2.17453682719187e-01
2.22500000000000e+00  1.85698299049454e-01
2.25000000000000e+00  1.51131512703561e-01
2.27500000000000e+00  1.13947851961354e-01
2.30000000000000e+00  7.43871012641259e-02
2.32500000000000e+00  3.27366045097550e-02
2.35000000000000e+00  -1.06668441932103e-02
2.37500000000000e+00  -5.54379151763367e-02
2.40000000000000e+00  -1.01144459537444e-01
2.42500000000000e+00  -1.47311035958036e-01
2.45000000000000e+00  -1.93424476932997e-01
2.47500000000000e+00  -2.38942525880697e-01
2.50000000000000e+00  -2.83299660070742e-01
2.52500000000000e+00  -3.25868683901152e-01
2.55000000000000e+00  -3.66081610327479e-01
2.57500000000000e+00  -4.03314430219276e-01
2.60000000000000e+00  -4.36959477030876e-01
2.62500000000000e+00  -4.66431809473701e-01
2.65000000000000e+00  -4.91175594188594e-01
2.67500000000000e+00  -5.10672131118948e-01
2.70000000000000e+00  -5.24449096626233e-01
2.72500000000000e+00  -5.32091894156649e-01
2.75000000000000e+00  -5.33254943946045e-01
2.77500000000000e+00  -5.27676657072568e-01
2.80000000000000e+00  -5.15194953642927e-01
2.82500000000000e+00  -4.95727014132896e-01
2.85000000000000e+00  -4.69301103272659e-01
2.87500000000000e+00  -4.36049560782992e-01
2.90000000000000e+00  -3.96226925541380e-01
2.92500000000000e+00  -3.50196281845094e-01
2.95000000000000e+00  -2.98430479937440e-01
2.97500000000000e+00  -2.41512575791935e-01
3.00000000000000e+00  -1.80130925682003e-01
3.02500000000000e+00  -1.15072730672413e-01
3.05000000000000e+00  -4.72141060343839e-02
3.07500000000000e+00  2.24937135093494e-02
3.10000000000000e+00  9.30438581472790e-02
3.12500000000000e+00  1.63393800304376e-01
3.15000000000000e+00  2.32400225221069e-01
3.17500000000000e+00  2.99027256364072e-01
3.20000000000000e+00  3.62156666312312e-01
3.22500000000000e+00  4.20718184743247e-01
3.25000000000000e+00  4.73701500277921e-01
3.27500000000000e+00  5.20168262326028e-01
3.30000000000000e+00  5.59266003603260e-01
3.32500000000000e+00  5.90243496960765e-01
3.35000000000000e+00  6.12468300259708e-01
3.37500000000000e+00  6.25444412369398e-01
3.40000000000000e+00  6.28833659902941e-01
3.42500000000000e+00  6.22477631810474e-01
3.45000000000000e+00  6.06351301672646e-01
3.47500000000000e+00  5.80614978145912e-01
3.50000000000000e+00  5.45594535680711e-01
3.52500000000000e+00  5.01796707159971e-01
3.55000000000000e+00  4.49883389877750e-01
3.57500000000000e+00  3.90663656939950e-01
3.60000000000000e+00  3.25084717562877e-01
3.62500000000000e+00  2.54215661522416e-01
3.65000000000000e+00  1.79229922778600e-01
3.67500000000000e+00  1.01383234741382e-01
3.70000000000000e+00  2.19874825978245e-02
3.72500000000000e+00  -5.76212061793240e-02
3.75000000000000e+00  -1.36122889514572e-01
3.77500000000000e+00  -2.12093595596588e-01
3.80000000000000e+00  -2.84355524639261e-01
3.82500000000000e+00  -3.51652718683318e-01
3.85000000000000e+00  -4.12853052968228e-01
3.87500000000000e+00  -4.66955437903059e-01
3.90000000000000e+00  -5.13097021037308e-01
3.92500000000000e+00  -5.50561630427334e-01
3.95000000000000e+00  -5.78789110120173e-01
3.97500000000000e+00  -5.97385673479107e-01
4.00000000000000e+00  -6.06134508953285e-01
4.02500000000000e+00  -6.05008027240163e-01
4.05000000000000e+00  -5.94180348163777e-01
4.07500000000000e+00  -5.73951562451792e-01
4.10000000000000e+00  -5.44804464837953e-01
4.12500000000000e+00  -5.07372898413626e-01
4.15000000000000e+00  -4.62421761033537e-01
4.17500000000000e+00  -4.10833719056137e-01
4.20000000000000e+00  -3.53587219740223e-01
4.22500000000000e+00  -2.91734503641582e-01
4.25000000000000e+00  -2.26379617009620e-01
4.27500000000000e+00  -1.58656424183985e-01
4.30000000000000e+00  -8.97066199912154e-02
4.32500000000000e+00  -2.06577421413584e-02
4.35000000000000e+00  4.73988163753817e-02
4.37500000000000e+00  1.13440755423656e-01
4.40000000000000e+00  1.76455301650150e-01
4.42500000000000e+00  2.35614687081044e-01
4.45000000000000e+00  2.90110790678101e-01
4.47500000000000e+00  3.39258468243702e-01
4.50000000000000e+00  3.82492435217159e-01
4.52500000000000e+00  4.19364149471019e-01
4.55000000000000e+00  4.49538694107359e-01
4.57500000000000e+00  4.72791660254104e-01
4.60000000000000e+00  4.89006029861318e-01
4.62500000000000e+00  4.98169058497517e-01
4.65000000000000e+00  5.00369158145967e-01
4.67500000000000e+00  4.95792780000991e-01
4.70000000000000e+00  4.84684186224145e-01
4.72500000000000e+00  4.67365247226389e-01
4.75000000000000e+00  4.44211902170160e-01
4.77500000000000e+00  4.15658616854339e-01
4.80000000000000e+00  3.82173261379870e-01
4.82500000000000e+00  3.44252173618474e-01
4.85000000000000e+00  3.02415222681351e-01
4.87500000000000e+00  2.57200872387903e-01
4.90000000000000e+00  2.09161244734430e-01
4.92500000000000e+00  1.58857183362851e-01
4.95000000000000e+00  1.06853317029415e-01
4.97500000000000e+00  5.37131230734002e-02
5.00000000000000e+00  6.00911383027011e-06
5.02500000000000e+00  -5.37131230737240e-02
5.05000000000000e+00  -1.06853317029728e-01
5.07500000000000e+00  -1.58857183363149e-01
5.10000000000000e+00  -2.09161244734708e-01
5.12500000000000e+00  -2.57200872388155e-01
5.15000000000000e+00  -3.02415222681575e-01
5.17500000000000e+00  -3.44252173618667e-01
5.20000000000000e+00  -3.82173261380029e-01
5.22500000000000e+00  -4.15658616854462e-01
5.25000000000000e+00  -4.44211902170246e-01
5.27500000000000e+00  -4.67365247226438e-01
5.30000000000000e+00  -4.84684186224153e-01
5.32500000000000e+00  -4.95792780000961e-01
5.35000000000000e+00  -5.00369158145899e-01
5.37500000000000e+00  -4.98169058497412e-01
5.40000000000000e+00  -4.89006029861178e-01
5.42500000000000e+00  -4.72791660253930e-01
5.45000000000000e+00  -4.49538694107157e-01
5.47500000000000e+00  -4.19364149470790e-01
5.50000000000000e+00  -3.82492435216910e-01
5.52500000000000e+00  -3.39258468243433e-01
5.55000000000000e+00  -2.90110790677819e-01
5.57500000000000e+00  -2.35614687080753e-01
5.60000000000000e+00  -1.76455301649852e-01
5.62500000000000e+00  -1.13429794891736e-01
5.65000000000000e+00  -4.73988163750972e-02
5.67500000000000e+00  2.06577421416361e-02
5.70000000000000e+00  8.97066199914779e-02
5.72500000000000e+00  1.58656424184234e-01
5.75000000000000e+00  2.26379617009846e-01
5.77500000000000e+00  2.91734503641782e-01
5.80000000000000e+00  3.53587219740393e-01
5.82500000000000e+00  4.10833719056272e-01
5.85000000000000e+00  4.62421761033641e-01
5.87500000000000e+00  5.07372898413694e-01
5.90000000000000e+00  5.44804464837989e-01
5.92500000000000e+00  5.73951562451795e-01
5.95000000000000e+00  5.94180348163740e-01
5.97500000000000e+00  6.05008027240095e-01
6.00000000000000e+00  6.06134508953186e-01
6.02500000000000e+00  5.97385673478977e-01
6.05000000000000e+00  5.78789110120014e-01
6.07500000000000e+00  5.50561630427151e-01
6.10000000000000e+00  5.13097021037101e-01
6.12500000000000e+00  4.66955437902836e-01
6.15000000000000e+00  4.12853052967992e-01
6.17500000000000e+00  3.51652718683067e-01
6.20000000000000e+00  2.84355524639004e-01
6.22500000000000e+00  2.12093595596334e-01
6.25000000000000e+00  1.36114371322785e-01
6.27500000000000e+00  5.76212061790959e-02
6.30000000000000e+00  -2.19874825980721e-02
6.32500000000000e+00  -1.01383234741618e-01
6.35000000000000e+00  -1.79229922778816e-01
6.37500000000000e+00  -2.54215661522629e-01
6.40000000000000e+00  -3.25084717563070e-01
6.42500000000000e+00  -3.90663656940095e-01
6.45000000000000e+00  -4.49883389877895e-01
6.47500000000000e+00  -5.01796707160095e-01
6.50000000000000e+00  -5.45594535680799e-01
6.52500000000000e+00  -5.80614978145990e-01
6.55000000000000e+00  -6.06351301672701e-01
6.57500000000000e+00  -6.22477631810478e-01
6.60000000000000e+00  -6.28833659902908e-01
6.62500000000000e+00  -6.25444412369329e-01
6.65000000000000e+00  -6.12468300259622e-01
6.67500000000000e+00  -5.90243496960655e-01
6.70000000000000e+00  -5.59266003603118e-01
6.72500000000000e+00  -5.20168262325891e-01
6.75000000000000e+00  -4.73701500277775e-01
6.77500000000000e+00  -4.20718184743074e-01
6.80000000000000e+00  -3.62156666312128e-01
6.82500000000000e+00  -2.99027256363877e-01
6.85000000000000e+00  -2.32400225220853e-01
6.87500000000000e+00  -1.63393307341660e-01
6.90000000000000e+00  -9.30438581470350e-02
6.92500000000000e+00  -2.24937135091115e-02
6.95000000000000e+00  4.72141060346178e-02
6.97500000000000e+00  1.15072730672648e-01
7.00000000000000e+00  1.80130925682219e-01
7.02500000000000e+00  2.41512575792124e-01
7.05000000000000e+00  2.98430479937593e-01
7.07500000000000e+00  3.50196281845234e-01
7.10000000000000e+00  3.96226925541509e-01
7.12500000000000e+00  4.36049560783108e-01
7.15000000000000e+00  4.69301103272770e-01
7.17500000000000e+00  4.95727014133000e-01
7.20000000000000e+00  5.15194953642988e-01
7.22500000000000e+00  5.27676657072614e-01
7.25000000000000e+00  5.33254943946081e-01
7.27500000000000e+00  5.32091894156672e-01
7.30000000000000e+00  5.24449096626241e-01
7.32500000000000e+00  5.10672131118940e-01
7.35000000000000e+00  4.91175594188569e-01
7.37500000000000e+00  4.66431809473655e-01
7.40000000000000e+00  4.36959477030803e-01
7.42500000000000e+00  4.03314430219187e-01
7.45000000000000e+00  3.66081610327377e-01
7.47500000000000e+00  3.25868683901036e-01
7.50000000000000e+00  2.83302474253047e-01
7.52500000000000e+00  2.38942525880590e-01
7.55000000000000e+00  1.93424476932898e-01
7.57500000000000e+00  1.47311035957921e-01
7.60000000000000e+00  1.01144459537307e-01
7.62500000000000e+00  5.54379151762140e-02
7.65000000000000e+00  1.06668441930965e-02
7.67500000000000e+00  -3.27366045099038e-02
7.70000000000000e+00  -7.43871012642484e-02
7.72500000000000e+00  -1.13947851961478e-01
7.75000000000000e+00  -1.51131512703703e-01
7.77500000000000e+00  -1.85698299049596e-01
7.80000000000000e+00  -2.17453682719323e-01
7.82500000000000e+00  -2.46258597931740e-01
7.85000000000000e+00  -2.72016630337395e-01
7.87500000000000e+00  -2.94678486026912e-01
7.90000000000000e+00  -3.14227149068175e-01
7.92500000000000e+00  -3.30687935912309e-01
7.95000000000000e+00  -3.44121925000187e-01
7.97500000000000e+00  -3.54619681554838e-01
8.00000000000000e+00  -3.62296976128696e-01
8.02500000000000e+00  -3.67290482673294e-01
8.05000000000000e+00  -3.69754616820207e-01
8.07500000000000e+00  -3.69859056518378e-01
8.10000000000000e+00  -3.67787209679891e-01
8.12500000000000e+00  -3.63734912330283e-01
8.15000000000000e+00  -3.57893286623128e-01
8.17500000000000e+00  -3.50456350170332e-01
8.20000000000000e+00  -3.41622000827672e-01
8.22500000000000e+00  -3.31582725109700e-01
8.25000000000000e+00  -3.20524586425886e-01
8.27500000000000e+00  -3.08626213316761e-01
8.30000000000000e+00  -2.96057787690053e-01
8.32500000000000e+00  -2.82980033056826e-01
8.35000000000000e+00  -2.69543202767627e-01
8.37500000000000e+00  -2.55886068248616e-01
8.40000000000000e+00  -2.42134907237716e-01
8.42500000000000e+00  -2.28402492020745e-01
8.45000000000000e+00  -2.14792137047463e-01
8.47500000000000e+00  -2.01393725817202e-01
8.50000000000000e+00  -1.88283994922177e-01
8.52500000000000e+00  -1.75531332995227e-01
8.55000000000000e+00  -1.63191714660809e-01
8.57500000000000e+00  -1.51310252300695e-01
8.60000000000000e+00  -1.39922667623541e-01
8.62500000000000e+00  -1.29056220159082e-01
8.65000000000000e+00  -1.18730613048565e-01
8.67500000000000e+00  -1.08958581282052e-01
8.70000000000000e+00  -9.97462589208314e-02
8.72500000000000e+00  -9.10932327988443e-02
8.75000000000000e+00  -8.29836371747987e-02
8.77500000000000e+00  -7.54362563988725e-02
8.80000000000000e+00  -6.84112648279380e-02
8.82500000000000e+00  -6.18957437363823e-02
8.85000000000000e+00  -5.58733681753455e-02
8.87500000000000e+00  -5.03249633014869e-02
8.90000000000000e+00  -4.52290607057576e-02
8.92500000000000e+00  -4.05624547421669e-02
8.95000000000000e+00  -3.63007588565508e-02
8.97500000000000e+00  -3.24189619153425e-02
9.00000000000000e+00  -2.88919845343389e-02
9.02500000000000e+00  -2.56952354074714e-02
9.05000000000000e+00  -2.28051676355736e-02
9.07500000000000e+00  -2.01982538516855e-02
9.10000000000000e+00  -1.78523711832457e-02
9.12500000000000e+00  -1.57467044498555e-02
9.15000000000000e+00  -1.38612222484311e-02
9.17500000000000e+00  -1.21772524400273e-02
9.20000000000000e+00  -1.06773050875952e-02
9.22500000000000e+00  -9.34489539373971e-03
9.25000000000000e+00  -8.16436663847566e-03
9.27500000000000e+00  -7.12071311698612e-03
9.30000000000000e+00  -6.19940307737894e-03
9.32500000000000e+00  -5.38620165844401e-03
9.35000000000000e+00  -4.66699382741041e-03
9.37500000000000e+00  -4.04129214196863e-03
9.40000000000000e+00  -3.48758195959284e-03
9.42500000000000e+00  -3.00604491451644e-03
9.45000000000000e+00  -2.58744625031993e-03
9.47500000000000e+00  -2.22372780461730e-03
9.50000000000000e+00  -1.90789149420726e-03
9.52500000000000e+00  -1.63388280022471e-03
9.55000000000000e+00  -1.39647425329198e-03
9.57500000000000e+00  -1.19114891867014e-03
9.60000000000000e+00  -1.01398388141037e-03
9.62500000000000e+00  -8.61533731505295e-04
9.65000000000000e+00  -7.30714049040221e-04
9.67500000000000e+00  -6.18684889344582e-04
9.70000000000000e+00  -5.23072686217096e-04
9.72500000000000e+00  -4.41666016214931e-04
9.75000000000000e+00  -3.72441279375955e-04
9.77500000000000e+00  -3.13650412738111e-04
9.80000000000000e+00  -2.63709239021324e-04
9.82500000000000e+00  -2.21221334768220e-04
9.85000000000000e+00  -1.85001898484837e-04
9.87500000000000e+00  -1.54101618781335e-04
9.90000000000000e+00  -1.27830542512703e-04
9.92500000000000e+00  -1.05781942919487e-04
9.95000000000000e+00  -8.78561877684912e-05
9.97500000000000e+00  -7.42846074934897e-05
1.00000000000000e+01  -6.56533633359489e-05
