0.00000000000000e+00  -6.32256858986832e-02
2.50000000000000e-02  -7.02132847724640e-02
5.00000000000000e-02  -7.76938576097240e-02
7.50000000000000e-02  -8.55717838743452e-02
1.00000000000000e-01  -9.37821206843135e-02
1.25000000000000e-01  -1.02285855257453e-01
1.50000000000000e-01  -1.11065157357159e-01
1.75000000000000e-01  -1.20118631738136e-01
2.00000000000000e-01  -1.29456570592130e-01
2.25000000000000e-01  -1.39096205993663e-01
2.50000000000000e-01  -1.49056962345772e-01
2.75000000000000e-01  -1.59355708825742e-01
3.00000000000000e-01  -1.70002011830838e-01
3.25000000000000e-01  -1.81004000665901e-01
3.50000000000000e-01  -1.92358642120246e-01
3.75000000000000e-01  -2.04045336992489e-01
4.00000000000000e-01  -2.16051994284617e-01
4.25000000000000e-01  -2.28350189280380e-01
4.50000000000000e-01  -2.40902684517927e-01
4.75000000000000e-01  -2.53670950762441e-01
5.00000000000000e-01  -2.66622687978783e-01
5.25000000000000e-01  -2.79739346304120e-01
5.50000000000000e-01  -2.93023647020570e-01
5.75000000000000e-01  -3.06507103527837e-01
6.00000000000000e-01  -3.20257542315845e-01
6.25000000000000e-01  -3.33827788319138e-01
6.50000000000000e-01  -3.47765099761364e-01
6.75000000000000e-01  -3.61533370858970e-01
7.00000000000000e-01  -3.75155993229964e-01
7.25000000000000e-01  -3.88629912026155e-01
7.50000000000000e-01  -4.01929465197727e-01
7.75000000000000e-01  -4.15010222757822e-01
8.00000000000000e-01  -4.27812826047112e-01
8.25000000000000e-01  -4.40266826998382e-01
8.50000000000000e-01  -4.52294527401107e-01
8.75000000000000e-01  -4.63814818166026e-01
9.00000000000000e-01  -4.74747018589726e-01
9.25000000000000e-01  -4.85014715619211e-01
9.50000000000000e-01  -4.94535849421579e-01
9.75000000000000e-01  -5.03234314123747e-01
1.00000000000000e+00  -5.11036689634290e-01
1.02500000000000e+00  -5.17871008135606e-01
1.05000000000000e+00  -5.23667441796762e-01
1.07500000000000e+00  -5.28356839459672e-01
1.10000000000000e+00  -5.31869263325274e-01
1.12500000000000e+00  -5.34132525639703e-01
1.15000000000000e+00  -5.35070725380479e-01
1.17500000000000e+00  -5.34602784942670e-01
1.20000000000000e+00  -5.32640986825083e-01
1.22500000000000e+00  -5.29089510316433e-01
1.25000000000000e+00  -5.23983144012939e-01
1.27500000000000e+00  -5.17284970537780e-01
1.30000000000000e+00  -5.08912806561518e-01
1.32500000000000e+00  -4.98837477001201e-01
1.35000000000000e+00  -4.87036907128801e-01
1.37500000000000e+00  -4.73496910818404e-01
1.40000000000000e+00  -4.58211978793384e-01
1.42500000000000e+00  -4.41186066873595e-01
1.45000000000000e+00  -4.22433384222550e-01
1.47500000000000e+00  -4.01979181594602e-01
1.50000000000000e+00  -3.79860539582135e-01
1.52500000000000e+00  -3.56127156862737e-01
1.55000000000000e+00  -3.30842138446391e-01
1.57500000000000e+00  -3.04077690780162e-01
1.60000000000000e+00  -2.75919906567744e-01
1.62500000000000e+00  -2.46468686232015e-01
1.65000000000000e+00  -2.15832891832279e-01
1.67500000000000e+00  -1.84135072678958e-01
1.70000000000000e+00  -1.51510503864011e-01
1.72500000000000e+00  -1.18106224791362e-01
1.75000000000000e+00  -8.40800777073113e-02
1.77500000000000e+00  -4.95997462309626e-02
1.80000000000000e+00  -1.48417938846440e-02
1.82500000000000e+00  2.00092973756777e-02
1.85000000000000e+00  5.47620886299677e-02
1.87500000000000e+00  8.92087772851185e-02
1.90000000000000e+00  1.23155851409861e-01
1.92500000000000e+00  1.56389150083969e-01
1.95000000000000e+00  1.88699202077536e-01
1.97500000000000e+00  2.19875524130654e-01
2.00000000000000e+00  2.49708440706358e-01
2.02500000000000e+00  2.77990903743551e-01
2.05000000000000e+00  3.04520312409949e-01
2.07500000000000e+00  3.29100332855010e-01
2.10000000000000e+00  3.51542717962871e-01
2.12500000000000e+00  3.71669127105282e-01
2.15000000000000e+00  3.89312945894545e-01
2.17500000000000e+00  4.04321105936442e-01
2.20000000000000e+00  4.16556198632095e-01
2.22500000000000e+00  4.25897596062009e-01
2.25000000000000e+00  4.32244473227090e-01
2.27500000000000e+00  4.35514139820740e-01
2.30000000000000e+00  4.35646494836202e-01
2.32500000000000e+00  4.32604638394001e-01
2.35000000000000e+00  4.26375483569380e-01
2.37500000000000e+00  4.16970368219748e-01
2.40000000000000e+00  4.04425666812123e-01
2.42500000000000e+00  3.88803402250568e-01
2.45000000000000e+00  3.70191857703639e-01
2.47500000000000e+00  3.48706188431823e-01
2.50000000000000e+00  3.24481692409656e-01
2.52500000000000e+00  2.97694943193047e-01
2.55000000000000e+00  2.68535237215862e-01
2.57500000000000e+00  2.37214632296663e-01
2.60000000000000e+00  2.03969291684523e-01
2.62500000000000e+00  1.69057063810257e-01
2.65000000000000e+00  1.32755062037646e-01
2.67500000000000e+00  9.53572444146698e-02
2.70000000000000e+00  5.71719934247294e-02
2.72500000000000e+00  1.85196957378800e-02
2.75000000000000e+00  -2.02696780379433e-02
2.77500000000000e+00  -5.88589936056968e-02
2.80000000000000e+00  -9.69063732280004e-02
2.82500000000000e+00  -1.34071569659215e-01
2.85000000000000e+00  -1.70016157934788e-01
2.87500000000000e+00  -2.04408455834724e-01
2.90000000000000e+00  -2.36924684640391e-01
2.92500000000000e+00  -2.67254595052346e-01
2.95000000000000e+00  -2.95104315153666e-01
2.97500000000000e+00  -3.20199198373273e-01
3.00000000000000e+00  -3.42286671449263e-01
3.02500000000000e+00  -3.61139082392231e-01
3.05000000000000e+00  -3.76556548448602e-01
3.07500000000000e+00  -3.88369804063958e-01
3.10000000000000e+00  -3.96443048846363e-01
3.12500000000000e+00  -4.00680341612608e-01
3.15000000000000e+00  -4.01005286956681e-01
3.17500000000000e+00  -3.97404174207097e-01
3.20000000000000e+00  -3.89884507719295e-01
3.22500000000000e+00  -3.78496503547243e-01
3.25000000000000e+00  -3.63331607030051e-01
3.27500000000000e+00  -3.44521010378587e-01
3.30000000000000e+00  -3.22234170262089e-01
3.32500000000000e+00  -2.96677325394778e-01
3.35000000000000e+00  -2.68092014122471e-01
3.37500000000000e+00  -2.36753592009195e-01
3.40000000000000e+00  -2.02969749423801e-01
3.42500000000000e+00  -1.67079029126579e-01
3.45000000000000e+00  -1.29441017759752e-01
3.47500000000000e+00  -9.04390462644305e-02
3.50000000000000e+00  -5.04748375036453e-02
3.52500000000000e+00  -9.96366448254898e-03
3.55000000000000e+00  3.06693450440090e-02
3.57500000000000e+00  7.09938993987171e-02
3.60000000000000e+00  1.10579233809036e-01
3.62500000000000e+00  1.48998801234435e-01
3.65000000000000e+00  1.85834963193626e-01
3.67500000000000e+00  2.20683680591797e-01
3.70000000000000e+00  2.53159204547851e-01
3.72500000000000e+00  2.82898767221638e-01
3.75000000000000e+00  3.09577199224729e-01
3.77500000000000e+00  3.32861947100327e-01
3.80000000000000e+00  3.52510790759162e-01
3.82500000000000e+00  3.68286352798487e-01
3.85000000000000e+00  3.79997055181481e-01
3.87500000000000e+00  3.87497665412062e-01
3.90000000000000e+00  3.90689842709685e-01
3.92500000000000e+00  3.89522684184156e-01
3.95000000000000e+00  3.83993271010435e-01
3.97500000000000e+00  3.74147214603446e-01
4.00000000000000e+00  3.60079202792882e-01
4.02500000000000e+00  3.41933545998012e-01
4.05000000000000e+00  3.19904723402490e-01
4.07500000000000e+00  2.94226714053294e-01
4.10000000000000e+00  2.65178837028497e-01
4.12500000000000e+00  2.33081630624021e-01
4.15000000000000e+00  1.98289596145637e-01
4.17500000000000e+00  1.61191217894535e-01
4.20000000000000e+00  1.22203785005946e-01
4.22500000000000e+00  8.17682132877693e-02
4.25000000000000e+00  4.03438670592019e-02
4.27500000000000e+00  -1.59661901064507e-03
4.30000000000000e+00  -4.35725180641088e-02
4.32500000000000e+00  -8.51001892163584e-02
4.35000000000000e+00  -1.25698255716759e-01
4.37500000000000e+00  -1.64905639072360e-01
4.40000000000000e+00  -2.02243741282157e-01
4.42500000000000e+00  -2.37301733353342e-01
4.45000000000000e+00  -2.69662469540365e-01
4.47500000000000e+00  -2.98943694512219e-01
4.50000000000000e+00  -3.24800780218674e-01
4.52500000000000e+00  -3.46929462756510e-01
4.55000000000000e+00  -3.65068579235742e-01
4.57500000000000e+00  -3.79002804645852e-01
4.60000000000000e+00  -3.88565388722020e-01
4.62500000000000e+00  -3.93640892811353e-01
4.65000000000000e+00  -3.94167926739117e-01
4.67500000000000e+00  -3.90141885674963e-01
4.70000000000000e+00  -3.81606358846069e-01
4.72500000000000e+00  -3.68661011865103e-01
4.75000000000000e+00  -3.51460362193194e-01
4.77500000000000e+00  -3.30204822769916e-01
4.80000000000000e+00  -3.05145816398542e-01
4.82500000000000e+00  -2.76581274815497e-01
4.85000000000000e+00  -2.44851137759805e-01
4.87500000000000e+00  -2.10332852042552e-01
4.90000000000000e+00  -1.73436870616328e-01
4.92500000000000e+00  -1.34602151644689e-01
4.95000000000000e+00  -9.42916575716073e-02
4.97500000000000e+00  -5.29878541909211e-02
5.00000000000000e+00  -1.11706248752125e-02
5.02500000000000e+00  3.06331872766291e-02
5.05000000000000e+00  7.19493934046031e-02
5.07500000000000e+00  1.12280535432473e-01
5.10000000000000e+00  1.51144173526724e-01
5.12500000000000e+00  1.88077385021621e-01
5.15000000000000e+00  2.22641263344282e-01
5.17500000000000e+00  2.54425416939746e-01
5.20000000000000e+00  2.83052468196031e-01
5.22500000000000e+00  3.08182552369213e-01
5.25000000000000e+00  3.29517816508484e-01
5.27500000000000e+00  3.46806918381225e-01
5.30000000000000e+00  3.59849525398065e-01
5.32500000000000e+00  3.68491201747537e-01
5.35000000000000e+00  3.72632358891129e-01
5.37500000000000e+00  3.72229472735231e-01
5.40000000000000e+00  3.67287214047481e-01
5.42500000000000e+00  3.57867023391783e-01
5.45000000000000e+00  3.44084372773401e-01
5.47500000000000e+00  3.26106027284046e-01
5.50000000000000e+00  3.04147306746974e-01
5.52500000000000e+00  2.78469347362071e-01
5.55000000000000e+00  2.49376363350949e-01
5.57500000000000e+00  2.17212908602035e-01
5.60000000000000e+00  1.82361138315662e-01
5.62500000000000e+00  1.45225222995072e-01
5.65000000000000e+00  1.06254329242626e-01
5.67500000000000e+00  6.58883229885578e-02
5.70000000000000e+00  2.46008948420266e-02
5.72500000000000e+00  -1.71268590798330e-02
5.75000000000000e+00  -5.88116139692932e-02
5.77500000000000e+00  -9.99729931454402e-02
5.80000000000000e+00  -1.40138744871564e-01
5.82500000000000e+00  -1.78849919172549e-01
5.85000000000000e+00  -2.15666044652280e-01
5.87500000000000e+00  -2.50170305311024e-01
5.90000000000000e+00  -2.81974717362837e-01
5.92500000000000e+00  -3.10725306052953e-01
5.95000000000000e+00  -3.36102075195253e-01
5.97500000000000e+00  -3.57826260070288e-01
6.00000000000000e+00  -3.75664454253390e-01
6.02500000000000e+00  -3.89422753970341e-01
6.05000000000000e+00  -3.98957428468295e-01
6.07500000000000e+00  -4.04174368716577e-01
6.10000000000000e+00  -4.05028536107488e-01
6.12500000000000e+00  -4.01523411157104e-01
6.15000000000000e+00  -3.93710442206079e-01
6.17500000000000e+00  -3.81688494120444e-01
6.20000000000000e+00  -3.65603296992414e-01
6.22500000000000e+00  -3.45646894841185e-01
6.25000000000000e+00  -3.22046408507028e-01
6.27500000000000e+00  -2.95076796855787e-01
6.30000000000000e+00  -2.65038712763897e-01
6.32500000000000e+00  -2.32267932829423e-01
6.35000000000000e+00  -1.97127763398276e-01
6.37500000000000e+00  -1.60004365740564e-01
6.40000000000000e+00  -1.21302081226916e-01
6.42500000000000e+00  -8.14387565048404e-02
6.45000000000000e+00  -4.08410686750464e-02
6.47500000000000e+00  6.01495322057593e-05
6.50000000000000e+00  4.08345845807617e-02
6.52500000000000e+00  8.10571169522450e-02
6.55000000000000e+00  1.20312495969705e-01
6.57500000000000e+00  1.58199067873841e-01
6.60000000000000e+00  1.94333569543560e-01
6.62500000000000e+00  2.28356444758620e-01
6.65000000000000e+00  2.59929271598818e-01
6.67500000000000e+00  2.88744443340909e-01
6.70000000000000e+00  3.14526674547658e-01
6.72500000000000e+00  3.37034507156905e-01
6.75000000000000e+00  3.56061816570617e-01
6.77500000000000e+00  3.71439317743951e-01
6.80000000000000e+00  3.83036071274306e-01
6.82500000000000e+00  3.90760989490383e-01
6.85000000000000e+00  3.94564342541246e-01
6.87500000000000e+00  3.94432988667373e-01
6.90000000000000e+00  3.90396179246360e-01
6.92500000000000e+00  3.82515537515781e-01
6.95000000000000e+00  3.70891271556142e-01
6.97500000000000e+00  3.55659689415859e-01
7.00000000000000e+00  3.36990384248231e-01
7.02500000000000e+00  3.15083419448394e-01
7.05000000000000e+00  2.90166513790296e-01
7.07500000000000e+00  2.62492226563649e-01
7.10000000000000e+00  2.32335142710898e-01
7.12500000000000e+00  1.99989057964192e-01
7.15000000000000e+00  1.65764163982331e-01
7.17500000000000e+00  1.29984233487747e-01
7.20000000000000e+00  9.29808454738735e-02
7.22500000000000e+00  5.50923843549670e-02
7.25000000000000e+00  1.66590789305606e-02
7.27500000000000e+00  -2.19772410154142e-02
7.30000000000000e+00  -6.04794759679616e-02
7.32500000000000e+00  -9.85176921725910e-02
7.35000000000000e+00  -1.35771557126903e-01
7.37500000000000e+00  -1.71932775072148e-01
7.40000000000000e+00  -2.06707522484819e-01
7.42500000000000e+00  -2.39818883568207e-01
7.45000000000000e+00  -2.71009285743985e-01
7.47500000000000e+00  -3.00042935143785e-01
7.50000000000000e+00  -3.26714711671565e-01
7.52500000000000e+00  -3.50812922057840e-01
7.55000000000000e+00  -3.72183682022206e-01
7.57500000000000e+00  -3.90684385867772e-01
7.60000000000000e+00  -4.06199913324675e-01
7.62500000000000e+00  -4.18642015702947e-01
7.65000000000000e+00  -4.27948702045397e-01
7.67500000000000e+00  -4.34083625280477e-01
7.70000000000000e+00  -4.37035468375156e-01
7.72500000000000e+00  -4.36817330487797e-01
7.75000000000000e+00  -4.33466113121025e-01
7.77500000000000e+00  -4.27041906274604e-01
7.80000000000000e+00  -4.17627374598308e-01
7.82500000000000e+00  -4.05323306927791e-01
7.85000000000000e+00  -3.90250279558048e-01
7.87500000000000e+00  -3.72545632768929e-01
7.90000000000000e+00  -3.52362359039681e-01
7.92500000000000e+00  -3.29866981115585e-01
7.95000000000000e+00  -3.05237735472528e-01
7.97500000000000e+00  -2.78662755781569e-01
8.00000000000000e+00  -2.50338256373513e-01
8.02500000000000e+00  -2.20466715703470e-01
8.05000000000000e+00  -1.89255059815438e-01
8.07500000000000e+00  -1.56912845806862e-01
8.10000000000000e+00  -1.23650445293203e-01
8.12500000000000e+00  -8.96872105506662e-02
8.15000000000000e+00  -5.52068778611087e-02
8.17500000000000e+00  -2.04331326396956e-02
8.20000000000000e+00  1.44366407244819e-02
8.22500000000000e+00  4.92110891916890e-02
8.25000000000000e+00  8.37058461860674e-02
8.27500000000000e+00  1.17744486710125e-01
8.30000000000000e+00  1.51159482459253e-01
8.32500000000000e+00  1.83793156936237e-01
8.35000000000000e+00  2.15498640565754e-01
8.37500000000000e+00  2.46140825808895e-01
8.40000000000000e+00  2.75597322277655e-01
8.42500000000000e+00  3.03759411849452e-01
8.45000000000000e+00  3.30527339229231e-01
8.47500000000000e+00  3.55815139933464e-01
8.50000000000000e+00  3.79550723506059e-01
8.52500000000000e+00  4.01671092353840e-01
8.55000000000000e+00  4.22126645500909e-01
8.57500000000000e+00  4.40880393157119e-01
8.60000000000000e+00  4.57907171286560e-01
8.62500000000000e+00  4.73192856176040e-01
8.65000000000000e+00  4.86733579003562e-01
8.67500000000000e+00  4.98534940406806e-01
8.70000000000000e+00  5.08611225051614e-01
8.72500000000000e+00  5.16984616200465e-01
8.75000000000000e+00  5.23543980537448e-01
8.77500000000000e+00  5.28792172783682e-01
8.80000000000000e+00  5.32345612842761e-01
8.82500000000000e+00  5.34309705366484e-01
8.85000000000000e+00  5.34780284745786e-01
8.87500000000000e+00  5.33845078414802e-01
8.90000000000000e+00  5.31585170154933e-01
8.92500000000000e+00  5.28076463398912e-01
8.95000000000000e+00  5.23391144534867e-01
8.97500000000000e+00  5.17599146210390e-01
9.00000000000000e+00  5.10769610636598e-01
9.02500000000000e+00  5.02972352892202e-01
9.05000000000000e+00  4.94279324227572e-01
9.07500000000000e+00  4.84763926100408e-01
9.10000000000000e+00  4.74502242242626e-01
9.12500000000000e+00  4.63576306393059e-01
9.15000000000000e+00  4.52062506258881e-01
9.17500000000000e+00  4.40041494100399e-01
9.20000000000000e+00  4.27594348832919e-01
9.22500000000000e+00  4.14798738128615e-01
9.25000000000000e+00  4.01725080518394e-01
9.27500000000000e+00  3.88432707493765e-01
9.30000000000000e+00  3.74966025608706e-01
9.32500000000000e+00  3.61350678581532e-01
9.35000000000000e+00  3.47589709396759e-01
9.37500000000000e+00  3.34218466575518e-01
9.40000000000000e+00  3.20096664117117e-01
9.42500000000000e+00  3.06353408062374e-01
9.45000000000000e+00  2.92877035658056e-01
9.47500000000000e+00  2.79599714345193e-01
9.50000000000000e+00  2.66489921693927e-01
9.52500000000000e+00  2.53544925338362e-01
9.55000000000000e+00  2.40783262911417e-01
9.57500000000000e+00  2.28237221979667e-01
9.60000000000000e+00  2.15945319978202e-01
9.62500000000000e+00  2.03944784145471e-01
9.65000000000000e+00  1.92264031458128e-01
9.67500000000000e+00  1.80915148565892e-01
9.70000000000000e+00  1.69918729734485e-01
9.72500000000000e+00  1.59277806639974e-01
9.75000000000000e+00  1.48984250573281e-01
9.77500000000000e+00  1.39028496810150e-01
9.80000000000000e+00  1.29393679377607e-01
9.82500000000000e+00  1.20060378066987e-01
9.85000000000000e+00  1.11011365446963e-01
9.87500000000000e+00  1.02236353876575e-01
9.90000000000000e+00  9.37367425182526e-02
9.92500000000000e+00  8.55303643508468e-02
9.95000000000000e+00  7.76562331826576e-02
9.97500000000000e+00  7.01792906644589e-02
1.00000000000000e+01  6.31951533025320e-02
