0.00000000000000e+00  -6.32276103559142e-02
2.50000000000000e-02  -7.06021454350201e-02
5.00000000000000e-02  -7.82207007487808e-02
7.50000000000000e-02  -8.61023312551836e-02
1.00000000000000e-01  -9.42635838023485e-02
1.25000000000000e-01  -1.02718564761168e-01
1.50000000000000e-01  -1.11479007657942e-01
1.75000000000000e-01  -1.20554340807021e-01
2.00000000000000e-01  -1.29951754943444e-01
2.25000000000000e-01  -1.39676270855577e-01
2.50000000000000e-01  -1.49730807017753e-01
2.75000000000000e-01  -1.60116247222911e-01
3.00000000000000e-01  -1.70831508215234e-01
3.25000000000000e-01  -1.81873118680157e-01
3.50000000000000e-01  -1.93235520701803e-01
3.75000000000000e-01  -2.04911070403236e-01
4.00000000000000e-01  -2.16889187184222e-01
4.25000000000000e-01  -2.29156905666692e-01
4.50000000000000e-01  -2.41698513099170e-01
4.75000000000000e-01  -2.54495186761204e-01
5.00000000000000e-01  -2.67524631367791e-01
5.25000000000000e-01  -2.80760716473808e-01
5.50000000000000e-01  -2.94173113878439e-01
5.75000000000000e-01  -3.07726935029606e-01
6.00000000000000e-01  -3.21382368428395e-01
6.25000000000000e-01  -3.35113837101175e-01
6.50000000000000e-01  -3.48858053741248e-01
6.75000000000000e-01  -3.62585488184713e-01
7.00000000000000e-01  -3.76243780859240e-01
7.25000000000000e-01  -3.89777763229688e-01
7.50000000000000e-01  -4.03129531991127e-01
7.75000000000000e-01  -4.16238523261861e-01
8.00000000000000e-01  -4.29041586776448e-01
8.25000000000000e-01  -4.41473060078725e-01
8.50000000000000e-01  -4.53464842714828e-01
8.75000000000000e-01  -4.64946470426215e-01
9.00000000000000e-01  -4.75845189342689e-01
9.25000000000000e-01  -4.86086030175415e-01
9.50000000000000e-01  -4.95593145180023e-01
9.75000000000000e-01  -5.04289229782718e-01
1.00000000000000e+00  -5.12096136455086e-01
1.02500000000000e+00  -5.18935843532163e-01
1.05000000000000e+00  -5.24730513717905e-01
1.07500000000000e+00  -5.29403202480355e-01
1.10000000000000e+00  -5.32878566446791e-01
1.12500000000000e+00  -5.35083571798891e-01
1.15000000000000e+00  -5.35948202667887e-01
1.17500000000000e+00  -5.35406169529723e-01
1.20000000000000e+00  -5.33395617600214e-01
1.22500000000000e+00  -5.29859835230204e-01
1.25000000000000e+00  -5.24746982096597e-01
1.27500000000000e+00  -5.18002583144928e-01
1.30000000000000e+00  -5.09593214271586e-01
1.32500000000000e+00  -4.99486188845609e-01
1.35000000000000e+00  -4.87657408512130e-01
1.37500000000000e+00  -4.74091843933438e-01
1.40000000000000e+00  -4.58784015530037e-01
1.42500000000000e+00  -4.41738474221716e-01
1.45000000000000e+00  -4.22970282168602e-01
1.47500000000000e+00  -4.02505493512233e-01
1.50000000000000e+00  -3.80381635116611e-01
1.52500000000000e+00  -3.56648187309272e-01
1.55000000000000e+00  -3.31367064622344e-01
1.57500000000000e+00  -3.04611876343252e-01
1.60000000000000e+00  -2.76468947608371e-01
1.62500000000000e+00  -2.47037609048831e-01
1.65000000000000e+00  -2.16428272867431e-01
1.67500000000000e+00  -1.84764135048123e-01
1.70000000000000e+00  -1.52180474800785e-01
1.72500000000000e+00  -1.18823954006023e-01
1.75000000000000e+00  -8.48519166599363e-02
1.77500000000000e+00  -5.04316883189101e-02
1.80000000000000e+00  -1.57398755444008e-02
1.82500000000000e+00  1.90383346522878e-02
1.85000000000000e+00  5.37098753652121e-02
1.87500000000000e+00  8.80740511343986e-02
1.90000000000000e+00  1.21930454874779e-01
1.92500000000000e+00  1.55068930765869e-01
1.95000000000000e+00  1.87279971451372e-01
1.97500000000000e+00  2.18353178848233e-01
2.00000000000000e+00  2.48079068894354e-01
2.02500000000000e+00  2.76250876296287e-01
2.05000000000000e+00  3.02666359276946e-01
2.07500000000000e+00  3.27129604323310e-01
2.10000000000000e+00  3.49452830934124e-01
2.12500000000000e+00  3.69458196367608e-01
2.15000000000000e+00  3.86979600389156e-01
2.17500000000000e+00  4.01864490019047e-01
2.20000000000000e+00  4.13975727622744e-01
2.22500000000000e+00  4.23193221865018e-01
2.25000000000000e+00  4.29416491340204e-01
2.27500000000000e+00  4.32563122676975e-01
2.30000000000000e+00  4.32573314519209e-01
2.32500000000000e+00  4.29410494461447e-01
2.35000000000000e+00  4.23061935984337e-01
2.37500000000000e+00  4.13539375390092e-01
2.40000000000000e+00  4.00879628737939e-01
2.42500000000000e+00  3.85145208779572e-01
2.45000000000000e+00  3.66424941894600e-01
2.47500000000000e+00  3.44834585026002e-01
2.50000000000000e+00  3.20508591350406e-01
2.52500000000000e+00  2.93626345721612e-01
2.55000000000000e+00  2.64375407793897e-01
2.57500000000000e+00  2.32968489814400e-01
2.60000000000000e+00  1.99642362809874e-01
2.62500000000000e+00  1.64655431278772e-01
2.65000000000000e+00  1.28285307883317e-01
2.67500000000000e+00  9.08263881415904e-02
2.70000000000000e+00  5.25874251196014e-02
2.72500000000000e+00  1.38891041233722e-02
2.75000000000000e+00  -2.49383826089855e-02
2.77500000000000e+00  -6.35577612151917e-02
2.80000000000000e+00  -1.01627101516719e-01
2.82500000000000e+00  -1.38806033479293e-01
2.85000000000000e+00  -1.74756079777027e-01
2.87500000000000e+00  -2.09145640667939e-01
2.90000000000000e+00  -2.41650914263763e-01
2.92500000000000e+00  -2.71961721972586e-01
2.95000000000000e+00  -2.99784366773061e-01
2.97500000000000e+00  -3.24844491488622e-01
3.00000000000000e+00  -3.46889937061702e-01
3.02500000000000e+00  -3.65693600827947e-01
3.05000000000000e+00  -3.81056294790431e-01
3.07500000000000e+00  -3.92809603893874e-01
3.10000000000000e+00  -4.00818744298854e-01
3.12500000000000e+00  -4.04986632493741e-01
3.15000000000000e+00  -4.05241810204284e-01
3.17500000000000e+00  -4.01567217079229e-01
3.20000000000000e+00  -3.93971770077760e-01
3.22500000000000e+00  -3.82506871980040e-01
3.25000000000000e+00  -3.67264943627912e-01
3.27500000000000e+00  -3.48377956165602e-01
3.30000000000000e+00  -3.26015963280425e-01
3.32500000000000e+00  -3.00385633443483e-01
3.35000000000000e+00  -2.71728782150365e-01
3.37500000000000e+00  -2.40320904161859e-01
3.40000000000000e+00  -2.06469705744644e-01
3.42500000000000e+00  -1.70513636911999e-01
3.45000000000000e+00  -1.32812105864108e-01
3.47500000000000e+00  -9.37482789091749e-02
3.50000000000000e+00  -5.37233330703614e-02
3.52500000000000e+00  -1.31521269709011e-02
3.55000000000000e+00  2.75408273182475e-02
3.57500000000000e+00  6.79260308364876e-02
3.60000000000000e+00  1.07573664291669e-01
3.62500000000000e+00  1.46058254618174e-01
3.65000000000000e+00  1.82963341535002e-01
3.67500000000000e+00  2.17886144103858e-01
3.70000000000000e+00  2.50442227287235e-01
3.72500000000000e+00  2.80270168506500e-01
3.75000000000000e+00  3.07041298090153e-01
3.77500000000000e+00  3.30437014262884e-01
3.80000000000000e+00  3.50204454468811e-01
3.82500000000000e+00  3.66108688816320e-01
3.85000000000000e+00  3.77960037950280e-01
3.87500000000000e+00  3.85614670005782e-01
3.90000000000000e+00  3.88975197561878e-01
3.92500000000000e+00  3.87991274595325e-01
3.95000000000000e+00  3.82660193434327e-01
3.97500000000000e+00  3.73027481712270e-01
4.00000000000000e+00  3.59187499321472e-01
4.02500000000000e+00  3.41284035366915e-01
4.05000000000000e+00  3.19510905119994e-01
4.07500000000000e+00  2.94101241699071e-01
4.10000000000000e+00  2.65333629593372e-01
4.12500000000000e+00  2.33527725520696e-01
4.15000000000000e+00  1.99037007181440e-01
4.17500000000000e+00  1.62248947109467e-01
4.20000000000000e+00  1.23579766884972e-01
4.22500000000000e+00  8.34691913473669e-02
4.25000000000000e+00  4.23752028081430e-02
4.27500000000000e+00  7.68795263745962e-04
4.30000000000000e+00  -4.08712713915452e-02
4.32500000000000e+00  -8.20637171527530e-02
4.35000000000000e+00  -1.22329987691319e-01
4.37500000000000e+00  -1.61202638492523e-01
4.40000000000000e+00  -1.98220619017605e-01
4.42500000000000e+00  -2.32959895728438e-01
4.45000000000000e+00  -2.65006720189961e-01
4.47500000000000e+00  -2.93981450323160e-01
4.50000000000000e+00  -3.19541389440106e-01
4.52500000000000e+00  -3.41383625278991e-01
4.55000000000000e+00  -3.59247869039153e-01
4.57500000000000e+00  -3.72919294416123e-01
4.60000000000000e+00  -3.82231376636650e-01
4.62500000000000e+00  -3.87068731493736e-01
4.65000000000000e+00  -3.87369954381677e-01
4.67500000000000e+00  -3.83130459331089e-01
4.70000000000000e+00  -3.74393603450685e-01
4.72500000000000e+00  -3.61259000840084e-01
4.75000000000000e+00  -3.43880890072821e-01
4.77500000000000e+00  -3.22459469567270e-01
4.80000000000000e+00  -2.97245850452942e-01
4.82500000000000e+00  -2.68537521510535e-01
4.85000000000000e+00  -2.36673814111975e-01
4.87500000000000e+00  -2.02031367160477e-01
4.90000000000000e+00  -1.65019592030584e-01
4.92500000000000e+00  -1.26076137508219e-01
4.95000000000000e+00  -8.56623547307396e-02
4.97500000000000e+00  -4.42587621269780e-02
5.00000000000000e+00  -2.35084654875250e-03
5.02500000000000e+00  3.95486215587160e-02
5.05000000000000e+00  8.09553855249876e-02
5.07500000000000e+00  1.21374348901918e-01
5.10000000000000e+00  1.60325028614359e-01
5.12500000000000e+00  1.97346092555558e-01
5.15000000000000e+00  2.31999897182580e-01
5.17500000000000e+00  2.63877025111714e-01
5.20000000000000e+00  2.92600822713877e-01
5.22500000000000e+00  3.17831937710038e-01
5.25000000000000e+00  3.39272856766618e-01
5.27500000000000e+00  3.56672443090908e-01
5.30000000000000e+00  3.69830474026472e-01
5.32500000000000e+00  3.78592682313722e-01
5.35000000000000e+00  3.82859427941790e-01
5.37500000000000e+00  3.82587335113799e-01
5.40000000000000e+00  3.77780959572449e-01
5.42500000000000e+00  3.68501681414463e-01
5.45000000000000e+00  3.54864861738934e-01
5.47500000000000e+00  3.37036999295661e-01
5.50000000000000e+00  3.15232887133494e-01
5.52500000000000e+00  2.89712769248672e-01
5.55000000000000e+00  2.60779497233167e-01
5.57500000000000e+00  2.28775686923021e-01
5.60000000000000e+00  1.94080875046688e-01
5.62500000000000e+00  1.57105849470355e-01
5.65000000000000e+00  1.18283829895458e-01
5.67500000000000e+00  7.80664407384270e-02
5.70000000000000e+00  3.69242041649250e-02
5.72500000000000e+00  -4.66438887780605e-03
5.75000000000000e+00  -4.62181242827002e-02
5.77500000000000e+00  -8.72583104046471e-02
5.80000000000000e+00  -1.27314023682253e-01
5.82500000000000e+00  -1.65927354259604e-01
5.85000000000000e+00  -2.02658651608042e-01
5.87500000000000e+00  -2.37091770147920e-01
5.90000000000000e+00  -2.68839314870386e-01
5.92500000000000e+00  -2.97547886959129e-01
5.95000000000000e+00  -3.22897909165165e-01
5.97500000000000e+00  -3.44610875857512e-01
6.00000000000000e+00  -3.62453734252113e-01
6.02500000000000e+00  -3.76232747912736e-01
6.05000000000000e+00  -3.85804206122156e-01
6.07500000000000e+00  -3.91073826337647e-01
6.10000000000000e+00  -3.91996156646498e-01
6.12500000000000e+00  -3.88573978221504e-01
6.15000000000000e+00  -3.80857707776477e-01
6.17500000000000e+00  -3.68944800021745e-01
6.20000000000000e+00  -3.52979150119657e-01
6.22500000000000e+00  -3.33150496140085e-01
6.25000000000000e+00  -3.09688573689077e-01
6.27500000000000e+00  -2.82862103342749e-01
6.30000000000000e+00  -2.52973944304639e-01
6.32500000000000e+00  -2.20357961725794e-01
6.35000000000000e+00  -1.85375672886864e-01
6.37500000000000e+00  -1.48411584237559e-01
6.40000000000000e+00  -1.09868528436088e-01
6.42500000000000e+00  -7.01630013886152e-02
6.45000000000000e+00  -2.97204992887018e-02
6.47500000000000e+00  1.10291443432433e-02
6.50000000000000e+00  5.16564216205091e-02
6.52500000000000e+00  9.17368132506458e-02
6.55000000000000e+00  1.30855451496005e-01
6.57500000000000e+00  1.68611155081806e-01
6.60000000000000e+00  2.04620748747742e-01
6.62500000000000e+00  2.38524803529235e-01
6.65000000000000e+00  2.69984863509531e-01
6.67500000000000e+00  2.98693204861694e-01
6.70000000000000e+00  3.24374309442053e-01
6.72500000000000e+00  3.46786338383668e-01
6.75000000000000e+00  3.65722605689776e-01
6.77500000000000e+00  3.81013051827252e-01
6.80000000000000e+00  3.92525717320057e-01
6.82500000000000e+00  4.00168216342697e-01
6.85000000000000e+00  4.03889210313678e-01
6.87500000000000e+00  4.03678054196493e-01
6.90000000000000e+00  3.99556502650355e-01
6.92500000000000e+00  3.91591403629498e-01
6.95000000000000e+00  3.79881174089010e-01
6.97500000000000e+00  3.64560675237311e-01
7.00000000000000e+00  3.45798361926504e-01
7.02500000000000e+00  3.23793432042731e-01
7.05000000000000e+00  2.98772975896526e-01
7.07500000000000e+00  2.70989125613168e-01
7.10000000000000e+00  2.40716204523036e-01
7.12500000000000e+00  2.08247876551965e-01
7.15000000000000e+00  1.73894295611593e-01
7.17500000000000e+00  1.37979254989723e-01
7.20000000000000e+00  1.00834330143067e-01
7.22500000000000e+00  6.27979916913932e-02
7.25000000000000e+00  2.42106120693414e-02
7.27500000000000e+00  -1.45858772046328e-02
7.30000000000000e+00  -5.32541941588437e-02
7.32500000000000e+00  -9.14641353712799e-02
7.35000000000000e+00  -1.28895004972526e-01
7.37500000000000e+00  -1.65238043648656e-01
7.40000000000000e+00  -2.00198857644161e-01
7.42500000000000e+00  -2.33499847764840e-01
7.45000000000000e+00  -2.64882638380720e-01
7.47500000000000e+00  -2.94110506428966e-01
7.50000000000000e+00  -3.20979462566556e-01
7.52500000000000e+00  -3.45275267220253e-01
7.55000000000000e+00  -3.66845205064081e-01
7.57500000000000e+00  -3.85545939961780e-01
7.60000000000000e+00  -4.01261684106153e-01
7.62500000000000e+00  -4.13903580945228e-01
7.65000000000000e+00  -4.23409088108434e-01
7.67500000000000e+00  -4.29741360332777e-01
7.70000000000000e+00  -4.32888632389005e-01
7.72500000000000e+00  -4.32863602007788e-01
7.75000000000000e+00  -4.29702812805881e-01
7.77500000000000e+00  -4.23466037212305e-01
7.80000000000000e+00  -4.14235659394514e-01
7.82500000000000e+00  -4.02112131699317e-01
7.85000000000000e+00  -3.87215516265969e-01
7.87500000000000e+00  -3.69682921233186e-01
7.90000000000000e+00  -3.49666871215679e-01
7.92500000000000e+00  -3.27333438098276e-01
7.95000000000000e+00  -3.02860436919906e-01
7.97500000000000e+00  -2.76435621757566e-01
8.00000000000000e+00  -2.48254881610305e-01
8.02500000000000e+00  -2.18520436283193e-01
8.05000000000000e+00  -1.87439032271303e-01
8.07500000000000e+00  -1.55220138643686e-01
8.10000000000000e+00  -1.22074142927342e-01
8.12500000000000e+00  -8.82109081333037e-02
8.15000000000000e+00  -5.38394146966573e-02
8.17500000000000e+00  -1.91612279921956e-02
8.20000000000000e+00  1.56233940186044e-02
8.22500000000000e+00  5.03213793487457e-02
8.25000000000000e+00  8.47475413664082e-02
8.27500000000000e+00  1.18725278175614e-01
8.30000000000000e+00  1.52087271996923e-01
8.32500000000000e+00  1.84676188548119e-01
8.35000000000000e+00  2.16345376424883e-01
8.37500000000000e+00  2.46959566481493e-01
8.40000000000000e+00  2.76395571211492e-01
8.42500000000000e+00  3.04542984128382e-01
8.45000000000000e+00  3.31302481045510e-01
8.47500000000000e+00  3.56587740542481e-01
8.50000000000000e+00  3.80325155583954e-01
8.52500000000000e+00  4.02452812815348e-01
8.55000000000000e+00  4.22921232522990e-01
8.57500000000000e+00  4.41692888560026e-01
8.60000000000000e+00  4.58741728272339e-01
8.62500000000000e+00  4.74052692424478e-01
8.65000000000000e+00  4.87621235125564e-01
8.67500000000000e+00  4.99452843755215e-01
8.70000000000000e+00  5.09562558889468e-01
8.72500000000000e+00  5.17974494226693e-01
8.75000000000000e+00  5.24722269676331e-01
8.77500000000000e+00  5.29836427046302e-01
8.80000000000000e+00  5.33374355181961e-01
8.82500000000000e+00  5.35386919761329e-01
8.85000000000000e+00  5.35930837675862e-01
8.87500000000000e+00  5.35067968680990e-01
8.90000000000000e+00  5.32864607046664e-01
8.92500000000000e+00  5.29390773207890e-01
8.95000000000000e+00  5.24719505415267e-01
8.97500000000000e+00  5.18926151385536e-01
9.00000000000000e+00  5.12087659952112e-01
9.02500000000000e+00  5.04281872715626e-01
9.05000000000000e+00  4.95586815694469e-01
9.07500000000000e+00  4.86080640837800e-01
9.10000000000000e+00  4.75840657141449e-01
9.12500000000000e+00  4.64942716784537e-01
9.15000000000000e+00  4.53461793535614e-01
9.17500000000000e+00  4.41470645676057e-01
9.20000000000000e+00  4.29039741767657e-01
9.22500000000000e+00  4.16237186420207e-01
9.25000000000000e+00  4.03128646059080e-01
9.27500000000000e+00  3.89777274692830e-01
9.30000000000000e+00  3.76243639680768e-01
9.32500000000000e+00  3.62585647500554e-01
9.35000000000000e+00  3.48858469515780e-01
9.37500000000000e+00  3.35094947668410e-01
9.40000000000000e+00  3.21383183610217e-01
9.42500000000000e+00  3.07727899593706e-01
9.45000000000000e+00  2.94174196737280e-01
9.47500000000000e+00  2.80761890148195e-01
9.50000000000000e+00  2.67525871572211e-01
9.52500000000000e+00  2.54496472043249e-01
9.55000000000000e+00  2.41699824533041e-01
9.57500000000000e+00  2.29158226600778e-01
9.60000000000000e+00  2.16890503042771e-01
9.62500000000000e+00  2.04912368542096e-01
9.65000000000000e+00  1.93236790318250e-01
9.67500000000000e+00  1.81874350776802e-01
9.70000000000000e+00  1.70832695298866e-01
9.72500000000000e+00  1.60117383277611e-01
9.75000000000000e+00  1.49731887387302e-01
9.77500000000000e+00  1.39677292075584e-01
9.80000000000000e+00  1.29952714599920e-01
9.82500000000000e+00  1.20555237372671e-01
9.85000000000000e+00  1.11479840306186e-01
9.87500000000000e+00  1.02719333157882e-01
9.90000000000000e+00  9.42642878753284e-02
9.92500000000000e+00  8.61029709413367e-02
9.95000000000000e+00  7.82212757190414e-02
9.97500000000000e+00  7.06026547969844e-02
1.00000000000000e+01  6.32280523342054e-02
