0.00000000000000e+00  -6.32458345368794e-02
2.50000000000000e-02  -7.05531055963018e-02
5.00000000000000e-02  -7.81488558622909e-02
7.50000000000000e-02  -8.60317242089262e-02
1.00000000000000e-01  -9.42037277071032e-02
1.25000000000000e-01  -1.02669480055326e-01
1.50000000000000e-01  -1.11435410010498e-01
1.75000000000000e-01  -1.20508979818716e-01
2.00000000000000e-01  -1.29897903646067e-01
2.25000000000000e-01  -1.39609366009415e-01
2.50000000000000e-01  -1.49649240207198e-01
2.75000000000000e-01  -1.60021306750222e-01
3.00000000000000e-01  -1.70726471792450e-01
3.25000000000000e-01  -1.81763287328028e-01
3.50000000000000e-01  -1.93126621623018e-01
3.75000000000000e-01  -2.04806577141038e-01
4.00000000000000e-01  -2.16792160473165e-01
4.25000000000000e-01  -2.29067555968985e-01
4.50000000000000e-01  -2.41613159922449e-01
4.75000000000000e-01  -2.54406614757731e-01
5.00000000000000e-01  -2.67423843215085e-01
5.25000000000000e-01  -2.80640082536706e-01
5.50000000000000e-01  -2.94030918652584e-01
5.75000000000000e-01  -3.07573320366364e-01
6.00000000000000e-01  -3.21246673541205e-01
6.25000000000000e-01  -3.34950437716045e-01
6.50000000000000e-01  -3.48729397918961e-01
6.75000000000000e-01  -3.62464296803406e-01
7.00000000000000e-01  -3.76116233432450e-01
7.25000000000000e-01  -3.89639277473874e-01
7.50000000000000e-01  -4.02981219777042e-01
7.75000000000000e-01  -4.16084322949766e-01
8.00000000000000e-01  -4.28886071935176e-01
8.25000000000000e-01  -4.41319924588588e-01
8.50000000000000e-01  -4.53316062254374e-01
8.75000000000000e-01  -4.64802140342829e-01
9.00000000000000e-01  -4.75704038907039e-01
9.25000000000000e-01  -4.85946613219749e-01
9.50000000000000e-01  -4.95452920192413e-01
9.75000000000000e-01  -5.04145871168607e-01
1.00000000000000e+00  -5.11948236614765e-01
1.02500000000000e+00  -5.18782991993929e-01
1.05000000000000e+00  -5.24573672521509e-01
1.07500000000000e+00  -5.29244694314454e-01
1.10000000000000e+00  -5.32721675540423e-01
1.12500000000000e+00  -5.34931757566964e-01
1.15000000000000e+00  -5.35803926110686e-01
1.17500000000000e+00  -5.35269332386431e-01
1.20000000000000e+00  -5.33261614256447e-01
1.22500000000000e+00  -5.29717217379568e-01
1.25000000000000e+00  -5.24599557438994e-01
1.27500000000000e+00  -5.17857913308617e-01
1.30000000000000e+00  -5.09449224024235e-01
1.32500000000000e+00  -4.99341618731594e-01
1.35000000000000e+00  -4.87511548209445e-01
1.37500000000000e+00  -4.73944307901943e-01
1.40000000000000e+00  -4.58634560951054e-01
1.42500000000000e+00  -4.41586861228954e-01
1.45000000000000e+00  -4.22816176370438e-01
1.47500000000000e+00  -4.02348410805320e-01
1.50000000000000e+00  -3.80220928790837e-01
1.52500000000000e+00  -3.56483077444055e-01
1.55000000000000e+00  -3.31196709774271e-01
1.57500000000000e+00  -3.04435317317783e-01
1.60000000000000e+00  -2.76285187620924e-01
1.62500000000000e+00  -2.46845665509613e-01
1.65000000000000e+00  -2.16227171879798e-01
1.67500000000000e+00  -1.84552949016671e-01
1.70000000000000e+00  -1.51958333225188e-01
1.72500000000000e+00  -1.18590027460605e-01
1.75000000000000e+00  -8.46053739590015e-02
1.77500000000000e+00  -5.01716268678108e-02
1.80000000000000e+00  -1.54652248763495e-02
1.82500000000000e+00  1.93289361536593e-02
1.85000000000000e+00  5.40182305575499e-02
1.87500000000000e+00  8.84007783094267e-02
1.90000000000000e+00  1.22276633319299e-01
1.92500000000000e+00  1.55435567074626e-01
1.95000000000000e+00  1.87668092003684e-01
1.97500000000000e+00  2.18763814032605e-01
2.00000000000000e+00  2.48513239329439e-01
2.02500000000000e+00  2.76709581048201e-01
2.05000000000000e+00  3.03150566072926e-01
2.07500000000000e+00  3.27640241761721e-01
2.10000000000000e+00  3.49990782690818e-01
2.12500000000000e+00  3.70024297398627e-01
2.15000000000000e+00  3.87574635129787e-01
2.17500000000000e+00  4.02489192579220e-01
2.20000000000000e+00  4.14630794376324e-01
2.22500000000000e+00  4.23879273478864e-01
2.25000000000000e+00  4.30134100255485e-01
2.27500000000000e+00  4.33312803404479e-01
2.30000000000000e+00  4.33355522158343e-01
2.32500000000000e+00  4.30225623079155e-01
2.35000000000000e+00  4.23910316853935e-01
2.37500000000000e+00  4.14421275090016e-01
2.40000000000000e+00  4.01795247110416e-01
2.42500000000000e+00  3.86094676749202e-01
2.45000000000000e+00  3.67408319146862e-01
2.47500000000000e+00  3.45851857545672e-01
2.50000000000000e+00  3.21560105997874e-01
2.52500000000000e+00  2.94711152549415e-01
2.55000000000000e+00  2.65493653767863e-01
2.57500000000000e+00  2.34120135934140e-01
2.60000000000000e+00  2.00827226270144e-01
2.62500000000000e+00  1.65873223581454e-01
2.65000000000000e+00  1.29535668900045e-01
2.67500000000000e+00  9.21089161269902e-02
2.70000000000000e+00  5.39017026751688e-02
2.72500000000000e+00  1.52347201119774e-02
2.75000000000000e+00  -2.35618151979645e-02
2.77500000000000e+00  -6.21505914501061e-02
2.80000000000000e+00  -1.00189630757257e-01
2.82500000000000e+00  -1.37338518203616e-01
2.85000000000000e+00  -1.73258729301428e-01
2.87500000000000e+00  -2.07618620208982e-01
2.90000000000000e+00  -2.40094333281258e-01
2.92500000000000e+00  -2.70375643685651e-01
2.95000000000000e+00  -2.98168807674779e-01
2.97500000000000e+00  -3.23199410859290e-01
3.00000000000000e+00  -3.45215216480662e-01
3.02500000000000e+00  -3.63989013684010e-01
3.05000000000000e+00  -3.79321465790891e-01
3.07500000000000e+00  -3.91043958572109e-01
3.10000000000000e+00  -3.99021448520518e-01
3.12500000000000e+00  -4.03157613697375e-01
3.15000000000000e+00  -4.03379173431188e-01
3.17500000000000e+00  -3.99670550228869e-01
3.20000000000000e+00  -3.92040342372087e-01
3.22500000000000e+00  -3.80539718944227e-01
3.25000000000000e+00  -3.65260940908641e-01
3.27500000000000e+00  -3.46335882186912e-01
3.30000000000000e+00  -3.23934550737112e-01
3.32500000000000e+00  -2.98263609632062e-01
3.35000000000000e+00  -2.69564898137584e-01
3.37500000000000e+00  -2.38113952790773e-01
3.40000000000000e+00  -2.04218528478241e-01
3.42500000000000e+00  -1.68217119514391e-01
3.45000000000000e+00  -1.30469207604719e-01
3.47500000000000e+00  -9.13580046835005e-02
3.50000000000000e+00  -5.12847751270383e-02
3.52500000000000e+00  -1.06644467687377e-02
3.55000000000000e+00  3.00783845328673e-02
3.57500000000000e+00  7.05141197432980e-02
3.60000000000000e+00  1.10212821501315e-01
3.62500000000000e+00  1.48748878968103e-01
3.65000000000000e+00  1.85705672676454e-01
3.67500000000000e+00  2.20680239379950e-01
3.70000000000000e+00  2.53287936902150e-01
3.72500000000000e+00  2.83167108985775e-01
3.75000000000000e+00  3.09989575123248e-01
3.77500000000000e+00  3.33435307373878e-01
3.80000000000000e+00  3.53252448409358e-01
3.82500000000000e+00  3.69205788434255e-01
3.85000000000000e+00  3.81105421901816e-01
3.87500000000000e+00  3.88807338602681e-01
3.90000000000000e+00  3.92214014753584e-01
3.92500000000000e+00  3.91275004086070e-01
3.95000000000000e+00  3.85987528935203e-01
3.97500000000000e+00  3.76397071328271e-01
4.00000000000000e+00  3.62597964073498e-01
4.02500000000000e+00  3.44733981848755e-01
4.05000000000000e+00  3.22998932290266e-01
4.07500000000000e+00  2.97625962598582e-01
4.10000000000000e+00  2.68893645996087e-01
4.12500000000000e+00  2.37121647340053e-01
4.15000000000000e+00  2.02663460423864e-01
4.17500000000000e+00  1.65906573908106e-01
4.20000000000000e+00  1.27267232216400e-01
4.22500000000000e+00  8.71851964312471e-02
4.25000000000000e+00  4.61185051898624e-02
4.27500000000000e+00  4.53823558001049e-03
4.30000000000000e+00  -3.70767359641478e-02
4.32500000000000e+00  -7.82449727662260e-02
4.35000000000000e+00  -1.18487717011763e-01
4.37500000000000e+00  -1.57337988875004e-01
4.40000000000000e+00  -1.94333738765738e-01
4.42500000000000e+00  -2.29051670659431e-01
4.45000000000000e+00  -2.61077818227980e-01
4.47500000000000e+00  -2.90032374924234e-01
4.50000000000000e+00  -3.15572526066670e-01
4.52500000000000e+00  -3.37395280924061e-01
4.55000000000000e+00  -3.55240304800151e-01
4.57500000000000e+00  -3.68892751118323e-01
4.60000000000000e+00  -3.78186093506277e-01
4.62500000000000e+00  -3.83004957880696e-01
4.65000000000000e+00  -3.83287954531921e-01
4.67500000000000e+00  -3.79030510208621e-01
4.70000000000000e+00  -3.70276040170490e-01
4.72500000000000e+00  -3.57124196247897e-01
4.75000000000000e+00  -3.39729290754644e-01
4.77500000000000e+00  -3.18291604472347e-01
4.80000000000000e+00  -2.93062342267726e-01
4.82500000000000e+00  -2.64339099815811e-01
4.85000000000000e+00  -2.32461330323139e-01
4.87500000000000e+00  -1.97805811250968e-01
4.90000000000000e+00  -1.60782111038466e-01
4.92500000000000e+00  -1.21828055825924e-01
4.95000000000000e+00  -8.14051961779590e-02
4.97500000000000e+00  -3.99942738067084e-02
5.00000000000000e+00  1.91966945544794e-03
5.02500000000000e+00  4.38222310834607e-02
5.05000000000000e+00  8.52302653411819e-02
5.07500000000000e+00  1.25648361492019e-01
5.10000000000000e+00  1.64595773757704e-01
5.12500000000000e+00  2.01610954372371e-01
5.15000000000000e+00  2.36256086636673e-01
5.17500000000000e+00  2.68121617971864e-01
5.20000000000000e+00  2.96830792973898e-01
5.22500000000000e+00  3.22044186467527e-01
5.25000000000000e+00  3.43464236560394e-01
5.27500000000000e+00  3.60839777697134e-01
5.30000000000000e+00  3.73970573713463e-01
5.32500000000000e+00  3.82702345747885e-01
5.35000000000000e+00  3.86935476598381e-01
5.37500000000000e+00  3.86626586097937e-01
5.40000000000000e+00  3.81780270755804e-01
5.42500000000000e+00  3.72457946370706e-01
5.45000000000000e+00  3.58775016308578e-01
5.47500000000000e+00  3.40898039780305e-01
5.50000000000000e+00  3.19041900119461e-01
5.52500000000000e+00  2.93466973060041e-01
5.55000000000000e+00  2.64476295014210e-01
5.57500000000000e+00  2.32412731350031e-01
5.60000000000000e+00  1.97656144669206e-01
5.62500000000000e+00  1.60616590224707e-01
5.65000000000000e+00  1.21729030714216e-01
5.67500000000000e+00  8.14439708031051e-02
5.70000000000000e+00  4.02322938434465e-02
5.72500000000000e+00  -1.42719670192569e-03
5.75000000000000e+00  -4.30530161328546e-02
5.77500000000000e+00  -8.41662373853216e-02
5.80000000000000e+00  -1.24295729904891e-01
5.82500000000000e+00  -1.62983398520152e-01
5.85000000000000e+00  -1.99789422316183e-01
5.87500000000000e+00  -2.34297493507986e-01
5.90000000000000e+00  -2.66120056313947e-01
5.92500000000000e+00  -2.94903545829278e-01
5.95000000000000e+00  -3.20328224115435e-01
5.97500000000000e+00  -3.42115442592774e-01
6.00000000000000e+00  -3.60031975405366e-01
6.02500000000000e+00  -3.73883935352811e-01
6.05000000000000e+00  -3.83527466840648e-01
6.07500000000000e+00  -3.88868155529806e-01
6.10000000000000e+00  -3.89860437986056e-01
6.12500000000000e+00  -3.86507011329462e-01
6.15000000000000e+00  -3.78858242883834e-01
6.17500000000000e+00  -3.67011579826181e-01
6.20000000000000e+00  -3.51110958836164e-01
6.22500000000000e+00  -3.31346215745544e-01
6.25000000000000e+00  -3.07946749195269e-01
6.27500000000000e+00  -2.81181559768563e-01
6.30000000000000e+00  -2.51353418640369e-01
6.32500000000000e+00  -2.18796239345628e-01
6.35000000000000e+00  -1.83871604241886e-01
6.37500000000000e+00  -1.46964097615672e-01
6.40000000000000e+00  -1.08476638788851e-01
6.42500000000000e+00  -6.88258152250026e-02
6.45000000000000e+00  -2.84372156357750e-02
6.47500000000000e+00  1.22592369127452e-02
6.50000000000000e+00  5.28339518936612e-02
6.52500000000000e+00  9.28623382129137e-02
6.55000000000000e+00  1.31929471102902e-01
6.57500000000000e+00  1.69634082699194e-01
6.60000000000000e+00  2.05592957989083e-01
6.62500000000000e+00  2.39446617601901e-01
6.65000000000000e+00  2.70856557503037e-01
6.67500000000000e+00  2.99515018517229e-01
6.70000000000000e+00  3.25146462447026e-01
6.72500000000000e+00  3.47509048191263e-01
6.75000000000000e+00  3.66396107863526e-01
6.77500000000000e+00  3.81637622910621e-01
6.80000000000000e+00  3.93101700231040e-01
6.82500000000000e+00  4.00696048293431e-01
6.85000000000000e+00  4.04369453255066e-01
6.87500000000000e+00  4.04111271002229e-01
6.90000000000000e+00  3.99943427119507e-01
6.92500000000000e+00  3.91932786969444e-01
6.95000000000000e+00  3.80177904635532e-01
6.97500000000000e+00  3.64813777849962e-01
7.00000000000000e+00  3.46008995573165e-01
7.02500000000000e+00  3.23962885573341e-01
7.05000000000000e+00  2.98902662006002e-01
7.07500000000000e+00  2.71080572993504e-01
7.10000000000000e+00  2.40771048204579e-01
7.12500000000000e+00  2.08267846433880e-01
7.15000000000000e+00  1.73881203181506e-01
7.17500000000000e+00  1.37934978232547e-01
7.20000000000000e+00  1.00760828771111e-01
7.22500000000000e+00  6.26972821259287e-02
7.25000000000000e+00  2.40847506706324e-02
7.27500000000000e+00  -1.47347874895083e-02
7.30000000000000e+00  -5.34240248817968e-02
7.32500000000000e+00  -9.16527520081934e-02
7.35000000000000e+00  -1.29100284687416e-01
7.37500000000000e+00  -1.65457891397015e-01
7.40000000000000e+00  -2.00431220615477e-01
7.42500000000000e+00  -2.33742728164298e-01
7.45000000000000e+00  -2.65134104550083e-01
7.47500000000000e+00  -2.94368702306631e-01
7.50000000000000e+00  -3.21242474030288e-01
7.52500000000000e+00  -3.45541597518528e-01
7.55000000000000e+00  -3.67113171369341e-01
7.57500000000000e+00  -3.85813988381562e-01
7.60000000000000e+00  -4.01528386131948e-01
7.62500000000000e+00  -4.14167630183910e-01
7.65000000000000e+00  -4.23669297296264e-01
7.67500000000000e+00  -4.29996658631968e-01
7.70000000000000e+00  -4.33138062966868e-01
7.72500000000000e+00  -4.33106319898436e-01
7.75000000000000e+00  -4.29938083054517e-01
7.77500000000000e+00  -4.23693233302069e-01
7.80000000000000e+00  -4.14454261955907e-01
7.82500000000000e+00  -4.02321718222034e-01
7.85000000000000e+00  -3.87415788544038e-01
7.87500000000000e+00  -3.69873667640881e-01
7.90000000000000e+00  -3.49847977193619e-01
7.92500000000000e+00  -3.27504886147547e-01
7.95000000000000e+00  -3.03022303706958e-01
7.97500000000000e+00  -2.76588072329901e-01
8.00000000000000e+00  -2.48398160722937e-01
8.02500000000000e+00  -2.18654856835889e-01
8.05000000000000e+00  -1.87564960856613e-01
8.07500000000000e+00  -1.55337978205742e-01
8.10000000000000e+00  -1.22184312531447e-01
8.12500000000000e+00  -8.83157523477509e-02
8.15000000000000e+00  -5.39356894583795e-02
8.17500000000000e+00  -1.92509230016443e-02
8.20000000000000e+00  1.55389205694171e-02
8.22500000000000e+00  5.02412138344216e-02
8.25000000000000e+00  8.46710563803152e-02
8.27500000000000e+00  1.18652002776016e-01
8.30000000000000e+00  1.52016790547086e-01
8.32500000000000e+00  1.84608068150397e-01
8.35000000000000e+00  2.16279122948781e-01
8.37500000000000e+00  2.46894609185706e-01
8.40000000000000e+00  2.76331275959924e-01
8.42500000000000e+00  3.04478695200138e-01
8.45000000000000e+00  3.31237514266512e-01
8.47500000000000e+00  3.56521439383791e-01
8.50000000000000e+00  3.80256973678533e-01
8.52500000000000e+00  4.02382259168677e-01
8.55000000000000e+00  4.22847944285187e-01
8.57500000000000e+00  4.41616660504926e-01
8.60000000000000e+00  4.58662498983526e-01
8.62500000000000e+00  4.73970487188274e-01
8.65000000000000e+00  4.87536065530971e-01
8.67500000000000e+00  4.99364564000816e-01
8.70000000000000e+00  5.09470678797277e-01
8.72500000000000e+00  5.17877948962967e-01
8.75000000000000e+00  5.24594427867390e-01
8.77500000000000e+00  5.29734662972132e-01
8.80000000000000e+00  5.33277866136424e-01
8.82500000000000e+00  5.35284458786386e-01
8.85000000000000e+00  5.35817991531017e-01
8.87500000000000e+00  5.34944823002095e-01
8.90000000000000e+00  5.32733798694092e-01
8.92500000000000e+00  5.29255929804072e-01
8.95000000000000e+00  5.24584072071606e-01
8.97500000000000e+00  5.18792604618671e-01
9.00000000000000e+00  5.11957108789558e-01
9.02500000000000e+00  5.04154046990784e-01
9.05000000000000e+00  4.95460441530993e-01
9.07500000000000e+00  4.85953519783915e-01
9.10000000000000e+00  4.75710368401894e-01
9.12500000000000e+00  4.64807928618287e-01
9.15000000000000e+00  4.53321343321813e-01
9.17500000000000e+00  4.41324730777600e-01
9.20000000000000e+00  4.28890434024020e-01
9.22500000000000e+00  4.16088270269539e-01
9.25000000000000e+00  4.02984780289544e-01
9.27500000000000e+00  3.89642477823197e-01
9.30000000000000e+00  3.76119098970267e-01
9.32500000000000e+00  3.62466851587975e-01
9.35000000000000e+00  3.48731664687829e-01
9.37500000000000e+00  3.35035815449747e-01
9.40000000000000e+00  3.21248429203384e-01
9.42500000000000e+00  3.07574850811358e-01
9.45000000000000e+00  2.94032242413399e-01
9.47500000000000e+00  2.80641217366919e-01
9.50000000000000e+00  2.67424806067092e-01
9.52500000000000e+00  2.54407421766950e-01
9.55000000000000e+00  2.41613826397465e-01
9.57500000000000e+00  2.29068096387642e-01
9.60000000000000e+00  2.16792588484604e-01
9.62500000000000e+00  2.04806905573682e-01
9.65000000000000e+00  1.93126862498498e-01
9.67500000000000e+00  1.81763451881063e-01
9.70000000000000e+00  1.70726570560270e-01
9.72500000000000e+00  1.60021349575730e-01
9.75000000000000e+00  1.49649236272186e-01
9.77500000000000e+00  1.39609323908927e-01
9.80000000000000e+00  1.29897831420505e-01
9.82500000000000e+00  1.20508884984331e-01
9.85000000000000e+00  1.11435299588279e-01
9.87500000000000e+00  1.02669360598286e-01
9.90000000000000e+00  9.42036053259501e-02
9.92500000000000e+00  8.60316045961362e-02
9.95000000000000e+00  7.81487443145750e-02
9.97500000000000e+00  7.05530070354628e-02
1.00000000000000e+01  6.32457535290675e-02
