0.00000000000000e+00  -6.31796250333168e-02
2.50000000000000e-02  -7.05470964057938e-02
5.00000000000000e-02  -7.81599620272950e-02
7.50000000000000e-02  -8.60366602504154e-02
1.00000000000000e-01  -9.41932671551037e-02
1.25000000000000e-01  -1.02643550500836e-01
1.50000000000000e-01  -1.11399023678788e-01
1.75000000000000e-01  -1.20468999664010e-01
2.00000000000000e-01  -1.29860644967601e-01
2.25000000000000e-01  -1.39579033588882e-01
2.50000000000000e-01  -1.49627200967571e-01
2.75000000000000e-01  -1.60006197935956e-01
3.00000000000000e-01  -1.70715144671070e-01
3.25000000000000e-01  -1.81750656300916e-01
3.50000000000000e-01  -1.93107239479258e-01
3.75000000000000e-01  -2.04777199005516e-01
4.00000000000000e-01  -2.16749959054240e-01
4.25000000000000e-01  -2.29012422287330e-01
4.50000000000000e-01  -2.41548683116354e-01
4.75000000000000e-01  -2.54339740964854e-01
5.00000000000000e-01  -2.67363213530664e-01
5.25000000000000e-01  -2.80593050048220e-01
5.50000000000000e-01  -2.93999244550875e-01
5.75000000000000e-01  -3.07547549133209e-01
6.00000000000000e-01  -3.21199187213342e-01
6.25000000000000e-01  -3.34894374685632e-01
6.50000000000000e-01  -3.48669445544420e-01
6.75000000000000e-01  -3.62403756062445e-01
7.00000000000000e-01  -3.76055952608380e-01
7.25000000000000e-01  -3.89578757781450e-01
7.50000000000000e-01  -4.02919483402537e-01
7.75000000000000e-01  -4.16020543505286e-01
8.00000000000000e-01  -4.28819967327213e-01
8.25000000000000e-01  -4.41251912300812e-01
8.50000000000000e-01  -4.53247177044659e-01
8.75000000000000e-01  -4.64733714354519e-01
9.00000000000000e-01  -4.75637144194454e-01
9.25000000000000e-01  -4.85881266687927e-01
9.50000000000000e-01  -4.95389097109872e-01
9.75000000000000e-01  -5.04082990220532e-01
1.00000000000000e+00  -5.11886201206418e-01
1.02500000000000e+00  -5.18720677109777e-01
1.05000000000000e+00  -5.24510151701803e-01
1.07500000000000e+00  -5.29179985980822e-01
1.10000000000000e+00  -5.32657008670462e-01
1.12500000000000e+00  -5.34869356717842e-01
1.15000000000000e+00  -5.35746315791744e-01
1.17500000000000e+00  -5.35218160780796e-01
1.20000000000000e+00  -5.33215996291651e-01
1.22500000000000e+00  -5.29671597147164e-01
1.25000000000000e+00  -5.24618758103540e-01
1.27500000000000e+00  -5.17810210924498e-01
1.30000000000000e+00  -5.09386872330242e-01
1.32500000000000e+00  -4.99291511208850e-01
1.35000000000000e+00  -4.87483207420689e-01
1.37500000000000e+00  -4.73936584301563e-01
1.40000000000000e+00  -4.58641041165862e-01
1.42500000000000e+00  -4.41599985809711e-01
1.45000000000000e+00  -4.22830067014119e-01
1.47500000000000e+00  -4.02360407048130e-01
1.50000000000000e+00  -3.80231834171969e-01
1.52500000000000e+00  -3.56496115140192e-01
1.55000000000000e+00  -3.31215187704838e-01
1.57500000000000e+00  -3.04464673593614e-01
1.60000000000000e+00  -2.76330406558015e-01
1.62500000000000e+00  -2.46909848056627e-01
1.65000000000000e+00  -2.16311701502725e-01
1.67500000000000e+00  -1.84656653989141e-01
1.70000000000000e+00  -1.52077403872042e-01
1.72500000000000e+00  -1.18718688354728e-01
1.75000000000000e+00  -8.47373110714084e-02
1.77500000000000e+00  -5.03021696709898e-02
1.80000000000000e+00  -1.55942834008662e-02
1.82500000000000e+00  1.91931793093027e-02
1.85000000000000e+00  5.38548732637974e-02
1.87500000000000e+00  8.82189212534400e-02
1.90000000000000e+00  1.22089260847740e-01
1.92500000000000e+00  1.55240606796389e-01
1.95000000000000e+00  1.87464910362846e-01
1.97500000000000e+00  2.18552808528913e-01
2.00000000000000e+00  2.48295495831623e-01
2.02500000000000e+00  2.76486596200112e-01
2.05000000000000e+00  3.02924034792501e-01
2.07500000000000e+00  3.27411909832767e-01
2.10000000000000e+00  3.49762364447629e-01
2.12500000000000e+00  3.69797458503419e-01
2.15000000000000e+00  3.87351040442963e-01
2.17500000000000e+00  4.02270619122460e-01
2.20000000000000e+00  4.14419000108256e-01
2.22500000000000e+00  4.23676179620141e-01
2.25000000000000e+00  4.29941818564086e-01
2.27500000000000e+00  4.33133640265801e-01
2.30000000000000e+00  4.33192016281577e-01
2.32500000000000e+00  4.30080545193610e-01
2.35000000000000e+00  4.23786631405328e-01
2.37500000000000e+00  4.14322063936712e-01
2.40000000000000e+00  4.01723595219625e-01
2.42500000000000e+00  3.86053519893136e-01
2.45000000000000e+00  3.67400253598842e-01
2.47500000000000e+00  3.45878911776198e-01
2.50000000000000e+00  3.21626312867875e-01
2.52500000000000e+00  2.94819225580260e-01
2.55000000000000e+00  2.65647090382240e-01
2.57500000000000e+00  2.34322333491754e-01
2.60000000000000e+00  2.01081515514825e-01
2.62500000000000e+00  1.66182894336725e-01
2.65000000000000e+00  1.29903988013147e-01
2.67500000000000e+00  9.25391376613803e-02
2.70000000000000e+00  5.43970703514683e-02
2.72500000000000e+00  1.57984619973914e-02
2.75000000000000e+00  -2.29264997517693e-02
2.77500000000000e+00  -6.14405526206599e-02
2.80000000000000e+00  -9.94017968164841e-02
2.82500000000000e+00  -1.36469865821284e-01
2.85000000000000e+00  -1.72306307086941e-01
2.87500000000000e+00  -2.06579600246786e-01
2.90000000000000e+00  -2.38965944378693e-01
2.92500000000000e+00  -2.69155203138858e-01
2.95000000000000e+00  -2.96853739408927e-01
2.97500000000000e+00  -3.21787249943129e-01
3.00000000000000e+00  -3.43703600015410e-01
3.02500000000000e+00  -3.62375658066564e-01
3.05000000000000e+00  -3.77604130351368e-01
3.07500000000000e+00  -3.89220395585710e-01
3.10000000000000e+00  -3.97089339593727e-01
3.12500000000000e+00  -4.01115202872021e-01
3.15000000000000e+00  -4.01223955875642e-01
3.17500000000000e+00  -3.97400577481590e-01
3.20000000000000e+00  -3.89653583649333e-01
3.22500000000000e+00  -3.78034066100986e-01
3.25000000000000e+00  -3.62634210317548e-01
3.27500000000000e+00  -3.43585813535138e-01
3.30000000000000e+00  -3.21058802741227e-01
3.32500000000000e+00  -2.95259752670874e-01
3.35000000000000e+00  -2.66430403802961e-01
3.37500000000000e+00  -2.34846180356427e-01
3.40000000000000e+00  -2.00814708286501e-01
3.42500000000000e+00  -1.64674333280944e-01
3.45000000000000e+00  -1.26784429545037e-01
3.47500000000000e+00  -8.75281165319471e-02
3.50000000000000e+00  -4.73065095517120e-02
3.52500000000000e+00  -6.53445956321386e-03
3.55000000000000e+00  3.43635197116646e-02
3.57500000000000e+00  7.49579067813806e-02
3.60000000000000e+00  1.14818827378071e-01
3.62500000000000e+00  1.53520709450895e-01
3.65000000000000e+00  1.90646938159368e-01
3.67500000000000e+00  2.25794510866710e-01
3.70000000000000e+00  2.58578692133181e-01
3.72500000000000e+00  2.88637668709421e-01
3.75000000000000e+00  3.15642210256086e-01
3.77500000000000e+00  3.39275305915659e-01
3.80000000000000e+00  3.59282037238439e-01
3.82500000000000e+00  3.75427346814120e-01
3.85000000000000e+00  3.87521354555545e-01
3.87500000000000e+00  3.95419966389928e-01
3.90000000000000e+00  3.99025482950068e-01
3.92500000000000e+00  3.98287208265575e-01
3.95000000000000e+00  3.93202058454087e-01
3.97500000000000e+00  3.83815170412490e-01
4.00000000000000e+00  3.70220510508141e-01
4.02500000000000e+00  3.52561483270080e-01
4.05000000000000e+00  3.31031540080262e-01
4.07500000000000e+00  3.05863457619277e-01
4.10000000000000e+00  2.77335511860947e-01
4.12500000000000e+00  2.45767082129249e-01
4.15000000000000e+00  2.11511372186457e-01
4.17500000000000e+00  1.74955624888792e-01
4.20000000000000e+00  1.36515861608437e-01
4.22500000000000e+00  9.66316216555622e-02
4.25000000000000e+00  5.57607017003402e-02
4.27500000000000e+00  1.43738951949621e-02
4.30000000000000e+00  -2.70502682043344e-02
4.32500000000000e+00  -6.80307832152545e-02
4.35000000000000e+00  -1.08089429507417e-01
4.37500000000000e+00  -1.46757659511957e-01
4.40000000000000e+00  -1.83577320950874e-01
4.42500000000000e+00  -2.18122012422637e-01
4.45000000000000e+00  -2.49978444768529e-01
4.47500000000000e+00  -2.78767339195172e-01
4.50000000000000e+00  -3.04146281713027e-01
4.52500000000000e+00  -3.25812577574886e-01
4.55000000000000e+00  -3.43506105714366e-01
4.57500000000000e+00  -3.57012173184408e-01
4.60000000000000e+00  -3.66164369595766e-01
4.62500000000000e+00  -3.70847421555505e-01
4.65000000000000e+00  -3.71000047105495e-01
4.67500000000000e+00  -3.66617810160905e-01
4.70000000000000e+00  -3.57744247811785e-01
4.72500000000000e+00  -3.44479172645955e-01
4.75000000000000e+00  -3.26977021244824e-01
4.77500000000000e+00  -3.05438235967034e-01
4.80000000000000e+00  -2.80114169750289e-01
4.82500000000000e+00  -2.51302542448576e-01
4.85000000000000e+00  -2.19342897169373e-01
4.87500000000000e+00  -1.84612056610876e-01
4.90000000000000e+00  -1.47519579399208e-01
4.92500000000000e+00  -1.08503216425643e-01
4.95000000000000e+00  -6.80243671838229e-02
4.97500000000000e+00  -2.65635361069669e-02
5.00000000000000e+00  1.53923543951454e-02
5.02500000000000e+00  5.73330452360135e-02
5.05000000000000e+00  9.87718991094038e-02
5.07500000000000e+00  1.39214032089676e-01
5.10000000000000e+00  1.78179107587318e-01
5.12500000000000e+00  2.15205885474935e-01
5.15000000000000e+00  2.49856771213253e-01
5.17500000000000e+00  2.81722364977107e-01
5.20000000000000e+00  3.10426010781440e-01
5.22500000000000e+00  3.35628345607302e-01
5.25000000000000e+00  3.57031848527839e-01
5.27500000000000e+00  3.74385389834295e-01
5.30000000000000e+00  3.87488780162004e-01
5.32500000000000e+00  3.96187816401387e-01
5.35000000000000e+00  4.00382951820249e-01
5.37500000000000e+00  4.00030971923533e-01
5.40000000000000e+00  3.95136576683309e-01
5.42500000000000e+00  3.85761346242624e-01
5.45000000000000e+00  3.72020872722871e-01
5.47500000000000e+00  3.54081892031162e-01
5.50000000000000e+00  3.32159415667696e-01
5.52500000000000e+00  3.06513862533131e-01
5.55000000000000e+00  2.77448190735958e-01
5.57500000000000e+00  2.45305029399868e-01
5.60000000000000e+00  2.10463810471120e-01
5.62500000000000e+00  1.73337046833080e-01
5.65000000000000e+00  1.34355912178231e-01
5.67500000000000e+00  9.39741299150416e-02
5.70000000000000e+00  5.26622084629800e-02
5.72500000000000e+00  1.08987112855373e-02
5.75000000000000e+00  -3.08350027019727e-02
5.77500000000000e+00  -7.20600387246406e-02
5.80000000000000e+00  -1.12305225740169e-01
5.82500000000000e+00  -1.51112376031083e-01
5.85000000000000e+00  -1.88041544796952e-01
5.87500000000000e+00  -2.22676289746595e-01
5.90000000000000e+00  -2.54628930690305e-01
5.92500000000000e+00  -2.83545809132050e-01
5.95000000000000e+00  -3.09107079837717e-01
5.97500000000000e+00  -3.31033993657157e-01
6.00000000000000e+00  -3.49093280408652e-01
6.02500000000000e+00  -3.63090994164263e-01
6.05000000000000e+00  -3.72883226152037e-01
6.07500000000000e+00  -3.78375500080348e-01
6.10000000000000e+00  -3.79522167462242e-01
6.12500000000000e+00  -3.76325802939785e-01
6.15000000000000e+00  -3.68836599608405e-01
6.17500000000000e+00  -3.57151764341243e-01
6.20000000000000e+00  -3.41414913113494e-01
6.22500000000000e+00  -3.21815466326753e-01
6.25000000000000e+00  -2.98583904600305e-01
6.27500000000000e+00  -2.71986803748188e-01
6.30000000000000e+00  -2.42328656203533e-01
6.32500000000000e+00  -2.09942909008746e-01
6.35000000000000e+00  -1.75190733468320e-01
6.37500000000000e+00  -1.38456352050715e-01
6.40000000000000e+00  -1.00142365290233e-01
6.42500000000000e+00  -6.06650786889006e-02
6.45000000000000e+00  -2.04498296183418e-02
6.47500000000000e+00  2.00736857783410e-02
6.50000000000000e+00  6.04760856846829e-02
6.52500000000000e+00  1.00332975708991e-01
6.55000000000000e+00  1.39229621982451e-01
6.57500000000000e+00  1.76764982089516e-01
6.60000000000000e+00  2.12556022085095e-01
6.62500000000000e+00  2.46243505852637e-01
6.65000000000000e+00  2.77489127240275e-01
6.67500000000000e+00  3.05985349820217e-01
6.70000000000000e+00  3.31456859204150e-01
6.72500000000000e+00  3.53662015358658e-01
6.75000000000000e+00  3.72394304920631e-01
6.77500000000000e+00  3.87483793512680e-01
6.80000000000000e+00  3.98798578058542e-01
6.82500000000000e+00  4.06246239098496e-01
6.85000000000000e+00  4.09775293104776e-01
6.87500000000000e+00  4.09376869011601e-01
6.90000000000000e+00  4.05069384472168e-01
6.92500000000000e+00  3.96922891222952e-01
6.95000000000000e+00  3.85035456499947e-01
6.97500000000000e+00  3.69541727961383e-01
7.00000000000000e+00  3.50610059124442e-01
7.02500000000000e+00  3.28439634801969e-01
7.05000000000000e+00  3.03257596539185e-01
7.07500000000000e+00  2.75316168050401e-01
7.10000000000000e+00  2.44889780655726e-01
7.12500000000000e+00  2.12272198717787e-01
7.15000000000000e+00  1.77773645078435e-01
7.17500000000000e+00  1.41717926495460e-01
7.20000000000000e+00  1.04436665357856e-01
7.22500000000000e+00  6.62683236414555e-02
7.25000000000000e+00  2.75532320594691e-02
7.27500000000000e+00  -1.13667279493612e-02
7.30000000000000e+00  -5.01543463682425e-02
7.32500000000000e+00  -8.84795023352347e-02
7.35000000000000e+00  -1.26021581876173e-01
7.37500000000000e+00  -1.62471895637562e-01
7.40000000000000e+00  -1.97536096619502e-01
7.42500000000000e+00  -2.30936597908583e-01
7.45000000000000e+00  -2.62414990410805e-01
7.47500000000000e+00  -2.91734460584482e-01
7.50000000000000e+00  -3.18688810563707e-01
7.52500000000000e+00  -3.43072547862591e-01
7.55000000000000e+00  -3.64725028621537e-01
7.57500000000000e+00  -3.83504018280881e-01
7.60000000000000e+00  -3.99294558496644e-01
7.62500000000000e+00  -4.12008389018984e-01
7.65000000000000e+00  -4.21583369570671e-01
7.67500000000000e+00  -4.27982901725547e-01
7.70000000000000e+00  -4.31195350786992e-01
7.72500000000000e+00  -4.31233467666385e-01
7.75000000000000e+00  -4.28133810761575e-01
7.77500000000000e+00  -4.21956167835342e-01
7.80000000000000e+00  -4.12782977893861e-01
7.82500000000000e+00  -4.00714741632418e-01
7.85000000000000e+00  -3.85871626549578e-01
7.87500000000000e+00  -3.68390993500992e-01
7.90000000000000e+00  -3.48425494540122e-01
7.92500000000000e+00  -3.26141443016538e-01
7.95000000000000e+00  -3.01716938578249e-01
7.97500000000000e+00  -2.75339992174010e-01
8.00000000000000e+00  -2.47206651055661e-01
8.02500000000000e+00  -2.17519123780436e-01
8.05000000000000e+00  -1.86483905213296e-01
8.07500000000000e+00  -1.54309901529248e-01
8.10000000000000e+00  -1.21206555215662e-01
8.12500000000000e+00  -8.73367434449864e-02
8.15000000000000e+00  -5.30618970290665e-02
8.17500000000000e+00  -1.84420645001912e-02
8.20000000000000e+00  1.63052413833462e-02
8.22500000000000e+00  5.09746779783263e-02
8.25000000000000e+00  8.53730513110011e-02
8.27500000000000e+00  1.19319294631460e-01
8.30000000000000e+00  1.52644446968026e-01
8.32500000000000e+00  1.85191631681644e-01
8.35000000000000e+00  2.16816035020251e-01
8.37500000000000e+00  2.47384884673184e-01
8.40000000000000e+00  2.76777428325540e-01
8.42500000000000e+00  3.04884912212577e-01
8.45000000000000e+00  3.31609820282269e-01
8.47500000000000e+00  3.56866279333712e-01
8.50000000000000e+00  3.80578636668100e-01
8.52500000000000e+00  4.02684928873316e-01
8.55000000000000e+00  4.23133367601768e-01
8.57500000000000e+00  4.41883103592725e-01
8.60000000000000e+00  4.58904990694655e-01
8.62500000000000e+00  4.74182349887571e-01
8.65000000000000e+00  4.87711733305361e-01
8.67500000000000e+00  4.99503688258136e-01
8.70000000000000e+00  5.09583521254566e-01
8.72500000000000e+00  5.17992062024222e-01
8.75000000000000e+00  5.24685274340044e-01
8.77500000000000e+00  5.29826436552075e-01
8.80000000000000e+00  5.33358430478083e-01
8.82500000000000e+00  5.35348935107563e-01
8.85000000000000e+00  5.35866142297012e-01
8.87500000000000e+00  5.34978916032077e-01
8.90000000000000e+00  5.32756951689689e-01
8.92500000000000e+00  5.29270935300209e-01
8.95000000000000e+00  5.24592702809564e-01
8.97500000000000e+00  5.18795399341394e-01
9.00000000000000e+00  5.11953638459182e-01
9.02500000000000e+00  5.04143661428406e-01
9.05000000000000e+00  4.95443496478671e-01
9.07500000000000e+00  4.85929863648276e-01
9.10000000000000e+00  4.75680383842791e-01
9.12500000000000e+00  4.64772017952082e-01
9.15000000000000e+00  4.53280941743548e-01
9.17500000000000e+00  4.41281511966305e-01
9.20000000000000e+00  4.28845753437153e-01
9.22500000000000e+00  4.16042846126526e-01
9.25000000000000e+00  4.02938612244458e-01
9.27500000000000e+00  3.89595003326542e-01
9.30000000000000e+00  3.76069587319891e-01
9.32500000000000e+00  3.62415035669094e-01
9.35000000000000e+00  3.48678610402177e-01
9.37500000000000e+00  3.34917839452232e-01
9.40000000000000e+00  3.21204761324249e-01
9.42500000000000e+00  3.07551617101092e-01
9.45000000000000e+00  2.94001982779295e-01
9.47500000000000e+00  2.80594620314772e-01
9.50000000000000e+00  2.67363764246011e-01
9.52500000000000e+00  2.54339408317275e-01
9.55000000000000e+00  2.41547592101787e-01
9.57500000000000e+00  2.29010687624921e-01
9.60000000000000e+00  2.16747685987405e-01
9.62500000000000e+00  2.04774483988502e-01
9.65000000000000e+00  1.93104170749209e-01
9.67500000000000e+00  1.81747314335450e-01
9.70000000000000e+00  1.70711602992304e-01
9.72500000000000e+00  1.60002523487204e-01
9.75000000000000e+00  1.49623454580362e-01
9.77500000000000e+00  1.39575270561803e-01
9.80000000000000e+00  1.29856915529423e-01
9.82500000000000e+00  1.20465349468110e-01
9.85000000000000e+00  1.11395494328847e-01
9.87500000000000e+00  1.02640180107829e-01
9.90000000000000e+00  9.41900909255697e-02
9.92500000000000e+00  8.60337111060180e-02
9.95000000000000e+00  7.81572712556682e-02
9.97500000000000e+00  7.05446943426698e-02
1.00000000000000e+01  6.31775417759451e-02
