0.00000000000000e+00  -6.32628537796506e-02
2.50000000000000e-02  -7.05984625112697e-02
5.00000000000000e-02  -7.82053180242279e-02
7.50000000000000e-02  -8.60899795498679e-02
1.00000000000000e-01  -9.42601096437620e-02
1.25000000000000e-01  -1.02724018012683e-01
1.50000000000000e-01  -1.11490205341576e-01
1.75000000000000e-01  -1.20566907120529e-01
2.00000000000000e-01  -1.29961637471747e-01
2.25000000000000e-01  -1.39680732976521e-01
2.50000000000000e-01  -1.49728896502206e-01
2.75000000000000e-01  -1.60108741029186e-01
3.00000000000000e-01  -1.70820333477850e-01
3.25000000000000e-01  -1.81861436417556e-01
3.50000000000000e-01  -1.93226737968435e-01
3.75000000000000e-01  -2.04907163234117e-01
4.00000000000000e-01  -2.16891921799921e-01
4.25000000000000e-01  -2.29166322383756e-01
4.50000000000000e-01  -2.41712269126596e-01
4.75000000000000e-01  -2.54508757882941e-01
5.00000000000000e-01  -2.67532372511295e-01
5.25000000000000e-01  -2.80757781164634e-01
5.50000000000000e-01  -2.94158232580874e-01
5.75000000000000e-01  -3.07706052373345e-01
6.00000000000000e-01  -3.21373139321257e-01
6.25000000000000e-01  -3.35089160308483e-01
6.50000000000000e-01  -3.48853351639723e-01
6.75000000000000e-01  -3.62585016556932e-01
7.00000000000000e-01  -3.76239284239953e-01
7.25000000000000e-01  -3.89766178630800e-01
7.50000000000000e-01  -4.03111051100995e-01
7.75000000000000e-01  -4.16215013118889e-01
8.00000000000000e-01  -4.29015368917000e-01
8.25000000000000e-01  -4.41446048159341e-01
8.50000000000000e-01  -4.53438038608744e-01
8.75000000000000e-01  -4.64919818794202e-01
9.00000000000000e-01  -4.75817790678184e-01
9.25000000000000e-01  -4.86056712323979e-01
9.50000000000000e-01  -4.95560130563016e-01
9.75000000000000e-01  -5.04250813662200e-01
1.00000000000000e+00  -5.12051183991239e-01
1.02500000000000e+00  -5.18883750689975e-01
1.05000000000000e+00  -5.24671542335711e-01
1.07500000000000e+00  -5.29338539610549e-01
1.10000000000000e+00  -5.32810107968710e-01
1.12500000000000e+00  -5.35013430303871e-01
1.15000000000000e+00  -5.35877939616491e-01
1.17500000000000e+00  -5.35335751681145e-01
1.20000000000000e+00  -5.33322097713850e-01
1.22500000000000e+00  -5.29775757039397e-01
1.25000000000000e+00  -5.24654121049467e-01
1.27500000000000e+00  -5.17906346806736e-01
1.30000000000000e+00  -5.09492117149441e-01
1.32500000000000e+00  -4.99379360006831e-01
1.35000000000000e+00  -4.87544382947081e-01
1.37500000000000e+00  -4.73972391341399e-01
1.40000000000000e+00  -4.58658006528145e-01
1.42500000000000e+00  -4.41605783976936e-01
1.45000000000000e+00  -4.22830731452764e-01
1.47500000000000e+00  -4.02358827180105e-01
1.50000000000000e+00  -3.80227538007032e-01
1.52500000000000e+00  -3.56486337569326e-01
1.55000000000000e+00  -3.31197224454592e-01
1.57500000000000e+00  -3.04433717554597e-01
1.60000000000000e+00  -2.76282155469596e-01
1.62500000000000e+00  -2.46841953974472e-01
1.65000000000000e+00  -2.16223482600360e-01
1.67500000000000e+00  -1.84549965169312e-01
1.70000000000000e+00  -1.51956750246201e-01
1.72500000000000e+00  -1.18590581590648e-01
1.75000000000000e+00  -8.46088686089240e-02
1.77500000000000e+00  -5.01789568058708e-02
1.80000000000000e+00  -1.54773982368136e-02
1.82500000000000e+00  1.93107780405297e-02
1.85000000000000e+00  5.39927955141275e-02
1.87500000000000e+00  8.83669806368350e-02
1.90000000000000e+00  1.22233454076556e-01
1.92500000000000e+00  1.55381869764652e-01
1.95000000000000e+00  1.87602726194910e-01
1.97500000000000e+00  2.18685626512214e-01
2.00000000000000e+00  2.48421084396999e-01
2.02500000000000e+00  2.76602329949700e-01
2.05000000000000e+00  3.03027115575201e-01
2.07500000000000e+00  3.27499521867284e-01
2.10000000000000e+00  3.49831763493085e-01
2.12500000000000e+00  3.69845995077537e-01
2.15000000000000e+00  3.87376117087824e-01
2.17500000000000e+00  4.02269581717828e-01
2.20000000000000e+00  4.14389278792463e-01
2.22500000000000e+00  4.23615110470790e-01
2.25000000000000e+00  4.29846614098859e-01
2.27500000000000e+00  4.33001394653176e-01
2.30000000000000e+00  4.33019665229194e-01
2.32500000000000e+00  4.29864863402018e-01
2.35000000000000e+00  4.23524267587103e-01
2.37500000000000e+00  4.14009613400956e-01
2.40000000000000e+00  4.01357710021843e-01
2.42500000000000e+00  3.85631056550483e-01
2.45000000000000e+00  3.66918458370756e-01
2.47500000000000e+00  3.45335643510403e-01
2.50000000000000e+00  3.21017200676130e-01
2.52500000000000e+00  2.94142080608329e-01
2.55000000000000e+00  2.64898167348350e-01
2.57500000000000e+00  2.33498097548724e-01
2.60000000000000e+00  2.00178569799743e-01
2.62500000000000e+00  1.65197919977393e-01
2.65000000000000e+00  1.28833696591284e-01
2.67500000000000e+00  9.13802361325908e-02
2.70000000000000e+00  5.31462384219703e-02
2.72500000000000e+00  1.44523419575092e-02
2.75000000000000e+00  -2.43713007373510e-02
2.77500000000000e+00  -6.29874477658792e-02
2.80000000000000e+00  -1.01054192510123e-01
2.82500000000000e+00  -1.38231200842037e-01
2.85000000000000e+00  -1.74180026652400e-01
2.87500000000000e+00  -2.08569090487671e-01
2.90000000000000e+00  -2.41074622371644e-01
2.92500000000000e+00  -2.71386472837979e-01
2.95000000000000e+00  -2.99210968243371e-01
2.97500000000000e+00  -3.24273766080723e-01
3.00000000000000e+00  -3.46322710292316e-01
3.02500000000000e+00  -3.65130686582982e-01
3.05000000000000e+00  -3.80498477733272e-01
3.07500000000000e+00  -3.92257618912632e-01
3.10000000000000e+00  -4.00273252992573e-01
3.12500000000000e+00  -4.04448639131075e-01
3.15000000000000e+00  -4.04711486959432e-01
3.17500000000000e+00  -4.01045504353490e-01
3.20000000000000e+00  -3.93459472028379e-01
3.22500000000000e+00  -3.82004696774068e-01
3.25000000000000e+00  -3.66773537785308e-01
3.27500000000000e+00  -3.47897932991583e-01
3.30000000000000e+00  -3.25547925387059e-01
3.32500000000000e+00  -2.99930189360530e-01
3.35000000000000e+00  -2.71286557025361e-01
3.37500000000000e+00  -2.39892544549443e-01
3.40000000000000e+00  -2.06055878485136e-01
3.42500000000000e+00  -1.70115022099220e-01
3.45000000000000e+00  -1.32429394602394e-01
3.47500000000000e+00  -9.33821441652675e-02
3.50000000000000e+00  -5.33744610175688e-02
3.52500000000000e+00  -1.28211801551357e-02
3.55000000000000e+00  2.78532074923224e-02
3.57500000000000e+00  6.82192219701295e-02
3.60000000000000e+00  1.07847061207547e-01
3.62500000000000e+00  1.46311267926675e-01
3.65000000000000e+00  1.83195396551362e-01
3.67500000000000e+00  2.18096680116102e-01
3.70000000000000e+00  2.50630697174942e-01
3.72500000000000e+00  2.80436038710388e-01
3.75000000000000e+00  3.07184627030655e-01
3.77500000000000e+00  3.30556573458627e-01
3.80000000000000e+00  3.50300283178649e-01
3.82500000000000e+00  3.66180736663311e-01
3.85000000000000e+00  3.78008212080772e-01
3.87500000000000e+00  3.85638874398462e-01
3.90000000000000e+00  3.88975364486790e-01
3.92500000000000e+00  3.87967388222852e-01
3.95000000000000e+00  3.82612305594134e-01
3.97500000000000e+00  3.72955719802225e-01
4.00000000000000e+00  3.59092066366514e-01
4.02500000000000e+00  3.41165202227906e-01
4.05000000000000e+00  3.19368994852526e-01
4.07500000000000e+00  2.93936633905225e-01
4.10000000000000e+00  2.65146712347090e-01
4.12500000000000e+00  2.33318893979075e-01
4.15000000000000e+00  1.98806654372330e-01
4.17500000000000e+00  1.61997444021626e-01
4.20000000000000e+00  1.23307451945213e-01
4.22500000000000e+00  8.31763692846976e-02
4.25000000000000e+00  4.20621529049028e-02
4.27500000000000e+00  4.35788993731544e-04
4.30000000000000e+00  -4.12239433379585e-02
4.32500000000000e+00  -8.24357084564971e-02
4.35000000000000e+00  -1.22720850605525e-01
4.37500000000000e+00  -1.61612158363306e-01
4.40000000000000e+00  -1.98648648363591e-01
4.42500000000000e+00  -2.33406315516855e-01
4.45000000000000e+00  -2.65471372633039e-01
4.47500000000000e+00  -2.94464150203560e-01
4.50000000000000e+00  -3.20041932999711e-01
4.52500000000000e+00  -3.41901796671048e-01
4.55000000000000e+00  -3.59783444343780e-01
4.57500000000000e+00  -3.73472043219167e-01
4.60000000000000e+00  -3.82801061171908e-01
4.62500000000000e+00  -3.87655103348529e-01
4.65000000000000e+00  -3.87972748765785e-01
4.67500000000000e+00  -3.83749386909042e-01
4.70000000000000e+00  -3.75028357234291e-01
4.72500000000000e+00  -3.61909233228111e-01
4.75000000000000e+00  -3.44546230696862e-01
4.77500000000000e+00  -3.23139515531926e-01
4.80000000000000e+00  -2.97940168107646e-01
4.82500000000000e+00  -2.69245650252143e-01
4.85000000000000e+00  -2.37395272218123e-01
4.87500000000000e+00  -2.02765659653708e-01
4.90000000000000e+00  -1.65766220573233e-01
4.92500000000000e+00  -1.26834612328076e-01
4.95000000000000e+00  -8.64322085774693e-02
4.97500000000000e+00  -4.50395662593088e-02
5.00000000000000e+00  -3.14175606248165e-03
5.02500000000000e+00  3.87476083273006e-02
5.05000000000000e+00  8.01448066494636e-02
5.07500000000000e+00  1.20554655546231e-01
5.10000000000000e+00  1.59496634552319e-01
5.12500000000000e+00  1.96509409653754e-01
5.15000000000000e+00  2.31155356846712e-01
5.17500000000000e+00  2.63025085696336e-01
5.20000000000000e+00  2.91741962895565e-01
5.22500000000000e+00  3.16966635823969e-01
5.25000000000000e+00  3.38401556106566e-01
5.27500000000000e+00  3.55795503172657e-01
5.30000000000000e+00  3.68948107814648e-01
5.32500000000000e+00  3.77705150853973e-01
5.35000000000000e+00  3.81967011156915e-01
5.37500000000000e+00  3.81690177201162e-01
5.40000000000000e+00  3.76879388811884e-01
5.42500000000000e+00  3.67596101616737e-01
5.45000000000000e+00  3.53955671737589e-01
5.47500000000000e+00  3.36124540482246e-01
5.50000000000000e+00  3.14317419036181e-01
5.52500000000000e+00  2.88794473154258e-01
5.55000000000000e+00  2.59858507852464e-01
5.57500000000000e+00  2.27852152099630e-01
5.60000000000000e+00  1.93155043509160e-01
5.62500000000000e+00  1.56177123905495e-01
5.65000000000000e+00  1.17353660665928e-01
5.67500000000000e+00  7.71345020346130e-02
5.70000000000000e+00  3.59903139571438e-02
5.72500000000000e+00  -5.60032177727300e-03
5.75000000000000e+00  -4.71561442371723e-02
5.77500000000000e+00  -8.81984500502145e-02
5.80000000000000e+00  -1.28256330104549e-01
5.82500000000000e+00  -1.66871906250181e-01
5.85000000000000e+00  -2.03605568000350e-01
5.87500000000000e+00  -2.38041209232890e-01
5.90000000000000e+00  -2.69791464891611e-01
5.92500000000000e+00  -2.98502947687657e-01
5.95000000000000e+00  -3.23856084477859e-01
5.97500000000000e+00  -3.45572371793097e-01
6.00000000000000e+00  -3.63418714561247e-01
6.02500000000000e+00  -3.77201338888042e-01
6.05000000000000e+00  -3.86776482843830e-01
6.07500000000000e+00  -3.92049806520167e-01
6.10000000000000e+00  -3.92975802086430e-01
6.12500000000000e+00  -3.89557203846420e-01
6.15000000000000e+00  -3.81844398294965e-01
6.17500000000000e+00  -3.69934834174530e-01
6.20000000000000e+00  -3.53972432531818e-01
6.22500000000000e+00  -3.34146996774377e-01
6.25000000000000e+00  -3.10687704077236e-01
6.27500000000000e+00  -2.83864061302802e-01
6.30000000000000e+00  -2.53978221896187e-01
6.32500000000000e+00  -2.21364097850518e-01
6.35000000000000e+00  -1.86383241467969e-01
6.37500000000000e+00  -1.49420183739715e-01
6.40000000000000e+00  -1.10877772725872e-01
6.42500000000000e+00  -7.11725119354551e-02
6.45000000000000e+00  -3.07298987063114e-02
6.47500000000000e+00  1.00202374149257e-02
6.50000000000000e+00  5.06483962928851e-02
6.52500000000000e+00  9.07300688235233e-02
6.55000000000000e+00  1.29850398554165e-01
6.57500000000000e+00  1.67608184309055e-01
6.60000000000000e+00  2.03620259418689e-01
6.62500000000000e+00  2.37527167403803e-01
6.65000000000000e+00  2.68990433928203e-01
6.67500000000000e+00  2.97702304370023e-01
6.70000000000000e+00  3.23387226297142e-01
6.72500000000000e+00  3.45803331942609e-01
6.75000000000000e+00  3.64743920680052e-01
6.77500000000000e+00  3.80038941499104e-01
6.80000000000000e+00  3.91556475480813e-01
6.82500000000000e+00  3.99204218273066e-01
6.85000000000000e+00  4.02930962566006e-01
6.87500000000000e+00  4.02725505641971e-01
6.90000000000000e+00  3.98610698226724e-01
6.92500000000000e+00  3.90652417530070e-01
6.95000000000000e+00  3.78949248802607e-01
6.97500000000000e+00  3.63636173432245e-01
7.00000000000000e+00  3.44881725079214e-01
7.02500000000000e+00  3.22885145811072e-01
7.05000000000000e+00  2.97873542237718e-01
7.07500000000000e+00  2.70099041646396e-01
7.10000000000000e+00  2.39835948136707e-01
7.12500000000000e+00  2.07377898755624e-01
7.15000000000000e+00  1.73035019632488e-01
7.17500000000000e+00  1.37131082114031e-01
7.20000000000000e+00  9.99976393088388e-02
7.22500000000000e+00  6.19731396099744e-02
7.25000000000000e+00  2.33979336681130e-02
7.27500000000000e+00  -1.53860604581927e-02
7.30000000000000e+00  -5.40415790167378e-02
7.32500000000000e+00  -9.22384430287212e-02
7.35000000000000e+00  -1.29655988755818e-01
7.37500000000000e+00  -1.65985498167225e-01
7.40000000000000e+00  -2.00932629406739e-01
7.42500000000000e+00  -2.34219847259802e-01
7.45000000000000e+00  -2.65588853620569e-01
7.47500000000000e+00  -2.94803017958970e-01
7.50000000000000e+00  -3.21658178373518e-01
7.52500000000000e+00  -3.45940251579303e-01
7.55000000000000e+00  -3.67496475838258e-01
7.57500000000000e+00  -3.86183539179893e-01
7.60000000000000e+00  -4.01885671097623e-01
7.62500000000000e+00  -4.14514025949135e-01
7.65000000000000e+00  -4.24006066356765e-01
7.67500000000000e+00  -4.30324946607860e-01
7.70000000000000e+00  -4.33458896055153e-01
7.72500000000000e+00  -4.33420602517129e-01
7.75000000000000e+00  -4.30246595678399e-01
7.77500000000000e+00  -4.23996630490065e-01
7.80000000000000e+00  -4.14753070570092e-01
7.82500000000000e+00  -4.02616348390497e-01
7.85000000000000e+00  -3.87706532128909e-01
7.87500000000000e+00  -3.70160702391796e-01
7.90000000000000e+00  -3.50131379752843e-01
7.92500000000000e+00  -3.27784636804982e-01
7.95000000000000e+00  -3.03298293002050e-01
7.97500000000000e+00  -2.76860109500435e-01
8.00000000000000e+00  -2.48665984000742e-01
8.02500000000000e+00  -2.18918145589439e-01
8.05000000000000e+00  -1.87823349580517e-01
8.07500000000000e+00  -1.55591072357143e-01
8.10000000000000e+00  -1.22431706213317e-01
8.12500000000000e+00  -8.85565725401466e-02
8.15000000000000e+00  -5.41704560034823e-02
8.17500000000000e+00  -1.94787658706199e-02
8.20000000000000e+00  1.53186967191347e-02
8.22500000000000e+00  5.00291534262250e-02
8.25000000000000e+00  8.44675775249408e-02
8.27500000000000e+00  1.18457422717485e-01
8.30000000000000e+00  1.51831351948067e-01
8.32500000000000e+00  1.84431966216995e-01
8.35000000000000e+00  2.16112533394742e-01
8.37500000000000e+00  2.46737717036055e-01
8.40000000000000e+00  2.76184305194017e-01
8.42500000000000e+00  3.04341939234142e-01
8.45000000000000e+00  3.31111212562937e-01
8.47500000000000e+00  3.56405794957049e-01
8.50000000000000e+00  3.80152175522648e-01
8.52500000000000e+00  4.02288361239641e-01
8.55000000000000e+00  4.22764884678101e-01
8.57500000000000e+00  4.41544286163930e-01
8.60000000000000e+00  4.58600595944527e-01
8.62500000000000e+00  4.73918816354463e-01
8.65000000000000e+00  4.87494403981142e-01
8.67500000000000e+00  4.99332751830472e-01
8.70000000000000e+00  5.09448671492534e-01
8.72500000000000e+00  5.17865875307252e-01
8.75000000000000e+00  5.24601765877925e-01
8.77500000000000e+00  5.29740626259131e-01
8.80000000000000e+00  5.33289379797060e-01
8.82500000000000e+00  5.35305277755459e-01
8.85000000000000e+00  5.35849551729553e-01
8.87500000000000e+00  5.34986980978616e-01
8.90000000000000e+00  5.32785459758545e-01
8.92500000000000e+00  5.29315564654430e-01
8.95000000000000e+00  5.24650121913126e-01
8.97500000000000e+00  5.18863774775827e-01
9.00000000000000e+00  5.12032550810633e-01
9.02500000000000e+00  5.04233429245131e-01
9.05000000000000e+00  4.95543908298957e-01
9.07500000000000e+00  4.86041572516376e-01
9.10000000000000e+00  4.75803660098848e-01
9.12500000000000e+00  4.64906630237604e-01
9.15000000000000e+00  4.53425730446217e-01
9.17500000000000e+00  4.41434563893172e-01
9.20000000000000e+00  4.29004656734442e-01
9.22500000000000e+00  4.16205025446057e-01
9.25000000000000e+00  4.03101744156673e-01
9.27500000000000e+00  3.89757511980153e-01
9.30000000000000e+00  3.76231220348132e-01
9.32500000000000e+00  3.62577520342590e-01
9.35000000000000e+00  3.48846390028425e-01
9.37500000000000e+00  3.35125016895419e-01
9.40000000000000e+00  3.21367154669357e-01
9.42500000000000e+00  3.07700511350673e-01
9.45000000000000e+00  2.94153114757848e-01
9.47500000000000e+00  2.80753063673879e-01
9.50000000000000e+00  2.67528031309804e-01
9.52500000000000e+00  2.54504768768224e-01
9.55000000000000e+00  2.41708608506828e-01
9.57500000000000e+00  2.29162967801912e-01
9.60000000000000e+00  2.16888852211909e-01
9.62500000000000e+00  2.04904359040908e-01
9.65000000000000e+00  1.93224180802175e-01
9.67500000000000e+00  1.81859108681684e-01
9.70000000000000e+00  1.70818218717804e-01
9.72500000000000e+00  1.60106823410466e-01
9.75000000000000e+00  1.49727160486399e-01
9.77500000000000e+00  1.39679163386324e-01
9.80000000000000e+00  1.29960219274792e-01
9.82500000000000e+00  1.20565625379022e-01
9.85000000000000e+00  1.11489045327749e-01
9.87500000000000e+00  1.02722965490067e-01
9.90000000000000e+00  9.42591513142735e-02
9.92500000000000e+00  8.60891036667162e-02
9.95000000000000e+00  7.82045151706359e-02
9.97500000000000e+00  7.05977265450097e-02
1.00000000000000e+01  6.32621829434020e-02
