0.00000000000000e+00  -6.45359751312553e-02
2.50000000000000e-02  -7.02053366324273e-02
5.00000000000000e-02  -7.72948793663354e-02
7.50000000000000e-02  -8.52839453470414e-02
1.00000000000000e-01  -9.38049099526660e-02
1.25000000000000e-01  -1.02620820604955e-01
1.50000000000000e-01  -1.11603035448844e-01
1.75000000000000e-01  -1.20708862032024e-01
2.00000000000000e-01  -1.29959195984506e-01
2.25000000000000e-01  -1.39416159698191e-01
2.50000000000000e-01  -1.49160741006433e-01
2.75000000000000e-01  -1.59270431863601e-01
3.00000000000000e-01  -1.69796867024653e-01
3.25000000000000e-01  -1.80789886860719e-01
3.50000000000000e-01  -1.92255070321280e-01
3.75000000000000e-01  -2.04125267913289e-01
4.00000000000000e-01  -2.16378622370326e-01
4.25000000000000e-01  -2.28926531762687e-01
4.50000000000000e-01  -2.41650200060484e-01
4.75000000000000e-01  -2.54437187696737e-01
5.00000000000000e-01  -2.67217962130484e-01
5.25000000000000e-01  -2.80002448409866e-01
5.50000000000000e-01  -2.92916579735240e-01
5.75000000000000e-01  -3.06238848022268e-01
6.00000000000000e-01  -3.20436854465020e-01
6.25000000000000e-01  -3.33501381305025e-01
6.50000000000000e-01  -3.48231059543615e-01
6.75000000000000e-01  -3.62218941544764e-01
7.00000000000000e-01  -3.75769038040220e-01
7.25000000000000e-01  -3.89070800103092e-01
7.50000000000000e-01  -4.02217105276417e-01
7.75000000000000e-01  -4.15222243701717e-01
8.00000000000000e-01  -4.28039904247563e-01
8.25000000000000e-01  -4.40581160638134e-01
8.50000000000000e-01  -4.52732457581776e-01
8.75000000000000e-01  -4.64373596899568e-01
9.00000000000000e-01  -4.75395723653876e-01
9.25000000000000e-01  -4.85719312276919e-01
9.50000000000000e-01  -4.95239835210567e-01
9.75000000000000e-01  -5.03885994863862e-01
1.00000000000000e+00  -5.11604291318620e-01
1.02500000000000e+00  -5.18343553555022e-01
1.05000000000000e+00  -5.24062806260657e-01
1.07500000000000e+00  -5.28721709493525e-01
1.10000000000000e+00  -5.32270998345055e-01
1.12500000000000e+00  -5.34642922603105e-01
1.15000000000000e+00  -5.35741686414980e-01
1.17500000000000e+00  -5.35433887950438e-01
1.20000000000000e+00  -5.33538959064701e-01
1.22500000000000e+00  -5.29819604961462e-01
1.25000000000000e+00  -5.24634141902722e-01
1.27500000000000e+00  -5.18012474184272e-01
1.30000000000000e+00  -5.09681972569739e-01
1.32500000000000e+00  -4.99630568331697e-01
1.35000000000000e+00  -4.87848319517567e-01
1.37500000000000e+00  -4.74328912325694e-01
1.40000000000000e+00  -4.59071162481422e-01
1.42500000000000e+00  -4.42080516613175e-01
1.45000000000000e+00  -4.23370553628527e-01
1.47500000000000e+00  -4.02964486090286e-01
1.50000000000000e+00  -3.80896661592563e-01
1.52500000000000e+00  -3.57214064136858e-01
1.55000000000000e+00  -3.31977815508128e-01
1.57500000000000e+00  -3.05259418540818e-01
1.60000000000000e+00  -2.77144957922666e-01
1.62500000000000e+00  -2.47734701559712e-01
1.65000000000000e+00  -2.17139978019835e-01
1.67500000000000e+00  -1.85485575836237e-01
1.70000000000000e+00  -1.52908457910219e-01
1.72500000000000e+00  -1.19556475913989e-01
1.75000000000000e+00  -8.55870846934383e-02
1.77500000000000e+00  -5.11660566709395e-02
1.80000000000000e+00  -1.64661962481387e-02
1.82500000000000e+00  1.83339457912598e-02
1.85000000000000e+00  5.30513578786951e-02
1.87500000000000e+00  8.74592592959610e-02
1.90000000000000e+00  1.21362129878661e-01
1.92500000000000e+00  1.54554942122239e-01
1.95000000000000e+00  1.86827744228453e-01
1.97500000000000e+00  2.17969723892740e-01
2.00000000000000e+00  2.47771001271941e-01
2.02500000000000e+00  2.76024421952009e-01
2.05000000000000e+00  3.02527349915725e-01
2.07500000000000e+00  3.27083460510411e-01
2.10000000000000e+00  3.49504533415645e-01
2.12500000000000e+00  3.69612245610973e-01
2.15000000000000e+00  3.87239964343625e-01
2.17500000000000e+00  4.02234540096228e-01
2.20000000000000e+00  4.14458279632869e-01
2.22500000000000e+00  4.23790299478182e-01
2.25000000000000e+00  4.30129456074003e-01
2.27500000000000e+00  4.33392562727023e-01
2.30000000000000e+00  4.33519034876112e-01
2.32500000000000e+00  4.30471519746795e-01
2.35000000000000e+00  4.24236526005719e-01
2.37500000000000e+00  4.14825053415126e-01
2.40000000000000e+00  4.02273222487326e-01
2.42500000000000e+00  3.86642904139170e-01
2.45000000000000e+00  3.68022349346520e-01
2.47500000000000e+00  3.46526818798720e-01
2.50000000000000e+00  3.22292465722452e-01
2.52500000000000e+00  2.95490751105470e-01
2.55000000000000e+00  2.66314772482106e-01
2.57500000000000e+00  2.34976283389889e-01
2.60000000000000e+00  2.01711291193334e-01
2.62500000000000e+00  1.66777623535986e-01
2.65000000000000e+00  1.30452494792460e-01
2.67500000000000e+00  9.30300725204842e-02
2.70000000000000e+00  5.48190439129289e-02
2.72500000000000e+00  1.61401822498593e-02
2.75000000000000e+00  -2.26760866494308e-02
2.77500000000000e+00  -6.12921179743775e-02
2.80000000000000e+00  -9.93654814711066e-02
2.82500000000000e+00  -1.36557504128341e-01
2.85000000000000e+00  -1.72528469583114e-01
2.87500000000000e+00  -2.06945062421603e-01
2.90000000000000e+00  -2.39483285278257e-01
2.92500000000000e+00  -2.69832598512126e-01
2.95000000000000e+00  -2.97698793485052e-01
2.97500000000000e+00  -3.22806865839851e-01
3.00000000000000e+00  -3.44903888778503e-01
3.02500000000000e+00  -3.63761886340337e-01
3.05000000000000e+00  -3.79180706680219e-01
3.07500000000000e+00  -3.90990895346734e-01
3.10000000000000e+00  -3.99056568560379e-01
3.12500000000000e+00  -4.03281548073855e-01
3.15000000000000e+00  -4.03589882143858e-01
3.17500000000000e+00  -3.99966916154736e-01
3.20000000000000e+00  -3.92420403152563e-01
3.22500000000000e+00  -3.81000727635020e-01
3.25000000000000e+00  -3.65799443619483e-01
3.27500000000000e+00  -3.46947812711110e-01
3.30000000000000e+00  -3.24615342170933e-01
3.32500000000000e+00  -2.99008322983944e-01
3.35000000000000e+00  -2.70368367927181e-01
3.37500000000000e+00  -2.38970949637824e-01
3.40000000000000e+00  -2.05123938681275e-01
3.42500000000000e+00  -1.69166141619256e-01
3.45000000000000e+00  -1.31453727340210e-01
3.47500000000000e+00  -9.23740373630521e-02
3.50000000000000e+00  -5.23272299534316e-02
3.52500000000000e+00  -1.17284626522330e-02
3.55000000000000e+00  2.89973456096879e-02
3.57500000000000e+00  6.94201894134591e-02
3.60000000000000e+00  1.09109651754148e-01
3.62500000000000e+00  1.47639578942715e-01
3.65000000000000e+00  1.84592755507972e-01
3.67500000000000e+00  2.19565579098534e-01
3.70000000000000e+00  2.52172735384776e-01
3.72500000000000e+00  2.82051872960788e-01
3.75000000000000e+00  3.08873477985003e-01
3.77500000000000e+00  3.32318931643695e-01
3.80000000000000e+00  3.52134323814922e-01
3.82500000000000e+00  3.68083927147222e-01
3.85000000000000e+00  3.79977316501698e-01
3.87500000000000e+00  3.87669979258356e-01
3.90000000000000e+00  3.91063925622434e-01
3.92500000000000e+00  3.90108298930739e-01
3.95000000000000e+00  3.84799985957978e-01
3.97500000000000e+00  3.75184227223091e-01
4.00000000000000e+00  3.61355227295585e-01
4.02500000000000e+00  3.43456765101867e-01
4.05000000000000e+00  3.21682804231576e-01
4.07500000000000e+00  2.96266057587479e-01
4.10000000000000e+00  2.67485589744311e-01
4.12500000000000e+00  2.35661260315244e-01
4.15000000000000e+00  2.01146863206186e-01
4.17500000000000e+00  1.64330265507722e-01
4.20000000000000e+00  1.25628161042607e-01
4.22500000000000e+00  8.54808239132717e-02
4.25000000000000e+00  4.43468620493091e-02
4.27500000000000e+00  2.69797075497100e-03
4.30000000000000e+00  -3.89863137433287e-02
4.32500000000000e+00  -8.02238607495270e-02
4.35000000000000e+00  -1.20535191550405e-01
4.37500000000000e+00  -1.59450092397854e-01
4.40000000000000e+00  -1.96512804464613e-01
4.42500000000000e+00  -2.31292822818007e-01
4.45000000000000e+00  -2.63376476326279e-01
4.47500000000000e+00  -2.92383905960809e-01
4.50000000000000e+00  -3.17971978338247e-01
4.52500000000000e+00  -3.39837199262638e-01
4.55000000000000e+00  -3.57718627267546e-01
4.57500000000000e+00  -3.71400787158186e-01
4.60000000000000e+00  -3.80716583553547e-01
4.62500000000000e+00  -3.85550214428523e-01
4.65000000000000e+00  -3.85840084656036e-01
4.67500000000000e+00  -3.81581719549168e-01
4.70000000000000e+00  -3.72818224899492e-01
4.72500000000000e+00  -3.59649296031981e-01
4.75000000000000e+00  -3.42229587412776e-01
4.77500000000000e+00  -3.20759417102193e-01
4.80000000000000e+00  -2.95490280241335e-01
4.82500000000000e+00  -2.66720254971922e-01
4.85000000000000e+00  -2.34789408356122e-01
4.87500000000000e+00  -2.00075202296396e-01
4.90000000000000e+00  -1.62987899455321e-01
4.92500000000000e+00  -1.23965969175436e-01
4.95000000000000e+00  -8.34714933990717e-02
4.97500000000000e+00  -4.19855725881836e-02
5.00000000000000e+00  2.18279360393262e-06
5.02500000000000e+00  4.19840309272483e-02
5.05000000000000e+00  8.34699730879069e-02
5.07500000000000e+00  1.23964484184311e-01
5.10000000000000e+00  1.62986463407732e-01
5.12500000000000e+00  2.00073828321878e-01
5.15000000000000e+00  2.34788108952820e-01
5.17500000000000e+00  2.66719041878897e-01
5.20000000000000e+00  2.95489164320628e-01
5.22500000000000e+00  3.20758408230625e-01
5.25000000000000e+00  3.42228694383505e-01
5.27500000000000e+00  3.59648526465801e-01
5.30000000000000e+00  3.72817585165875e-01
5.32500000000000e+00  3.81581214708694e-01
5.35000000000000e+00  3.85839718408566e-01
5.37500000000000e+00  3.85549989086551e-01
5.40000000000000e+00  3.80716500005611e-01
5.42500000000000e+00  3.71400844869670e-01
5.45000000000000e+00  3.57718824293241e-01
5.47500000000000e+00  3.39837532271044e-01
5.50000000000000e+00  3.17972442647639e-01
5.52500000000000e+00  2.92384495587046e-01
5.55000000000000e+00  2.63377184042372e-01
5.57500000000000e+00  2.31293640225438e-01
5.60000000000000e+00  1.96513722076398e-01
5.62500000000000e+00  1.59449733279432e-01
5.65000000000000e+00  1.20536277426925e-01
5.67500000000000e+00  8.02250130392651e-02
5.70000000000000e+00  3.89875197502868e-02
5.72500000000000e+00  -2.69672423208255e-03
5.75000000000000e+00  -4.43455885792021e-02
5.77500000000000e+00  -8.54795372951249e-02
5.80000000000000e+00  -1.25626875169987e-01
5.82500000000000e+00  -1.64328994233396e-01
5.85000000000000e+00  -2.01145620207837e-01
5.87500000000000e+00  -2.35660058962057e-01
5.90000000000000e+00  -2.67484442964466e-01
5.92500000000000e+00  -2.96264977736524e-01
5.95000000000000e+00  -3.21681802988731e-01
5.97500000000000e+00  -3.43455853354058e-01
6.00000000000000e+00  -3.61354415032994e-01
6.02500000000000e+00  -3.75183523451880e-01
6.05000000000000e+00  -3.84799398616754e-01
6.07500000000000e+00  -3.90107834819474e-01
6.10000000000000e+00  -3.91063590343849e-01
6.12500000000000e+00  -3.87669777171759e-01
6.15000000000000e+00  -3.79977250689287e-01
6.17500000000000e+00  -3.68083999392845e-01
6.20000000000000e+00  -3.52134534595297e-01
6.22500000000000e+00  -3.32319280132087e-01
6.25000000000000e+00  -3.08868762348686e-01
6.27500000000000e+00  -2.82052489281407e-01
6.30000000000000e+00  -2.52173479328810e-01
6.32500000000000e+00  -2.19566444896448e-01
6.35000000000000e+00  -1.84593736282775e-01
6.37500000000000e+00  -1.47640666783498e-01
6.40000000000000e+00  -1.09110837795894e-01
6.42500000000000e+00  -6.94214639231683e-02
6.45000000000000e+00  -2.89986980787689e-02
6.47500000000000e+00  1.17270434092659e-02
6.50000000000000e+00  5.23257556939689e-02
6.52500000000000e+00  9.23725203051197e-02
6.55000000000000e+00  1.31452180044897e-01
6.57500000000000e+00  1.69164576890145e-01
6.60000000000000e+00  2.05122369439663e-01
6.62500000000000e+00  2.38969388812661e-01
6.65000000000000e+00  2.70366828348946e-01
6.67500000000000e+00  2.99006817271303e-01
6.70000000000000e+00  3.24613882623816e-01
6.72500000000000e+00  3.46946411210193e-01
6.75000000000000e+00  3.65798111532073e-01
6.77500000000000e+00  3.80999475727356e-01
6.80000000000000e+00  3.92419241508508e-01
6.82500000000000e+00  3.99965854100888e-01
6.85000000000000e+00  4.03588928181063e-01
6.87500000000000e+00  4.03277448202948e-01
6.90000000000000e+00  3.99055852652250e-01
6.92500000000000e+00  3.90990307495973e-01
6.95000000000000e+00  3.79180251555346e-01
6.97500000000000e+00  3.63761567576707e-01
7.00000000000000e+00  3.44903708961876e-01
7.02500000000000e+00  3.22806826498512e-01
7.05000000000000e+00  2.97698895090477e-01
7.07500000000000e+00  2.69832840488194e-01
7.10000000000000e+00  2.39483666019012e-01
7.12500000000000e+00  2.06945579317573e-01
7.15000000000000e+00  1.72529119056159e-01
7.17500000000000e+00  1.36558281675073e-01
7.20000000000000e+00  9.93663816927149e-02
7.22500000000000e+00  6.12931346479758e-02
7.25000000000000e+00  2.26772127819549e-02
7.27500000000000e+00  -1.61389543690997e-02
7.30000000000000e+00  -5.48177226437490e-02
7.32500000000000e+00  -9.30286668025540e-02
7.35000000000000e+00  -1.30451014075284e-01
7.37500000000000e+00  -1.66776077708096e-01
7.40000000000000e+00  -2.01709690510751e-01
7.42500000000000e+00  -2.34974638403789e-01
7.45000000000000e+00  -2.66313093965737e-01
7.47500000000000e+00  -2.95489049980306e-01
7.50000000000000e+00  -3.22297499777981e-01
7.52500000000000e+00  -3.46525105392081e-01
7.55000000000000e+00  -3.68020646233518e-01
7.57500000000000e+00  -3.86641222118352e-01
7.60000000000000e+00  -4.02271572165983e-01
7.62500000000000e+00  -4.14823445148809e-01
7.65000000000000e+00  -4.24234969841892e-01
7.67500000000000e+00  -4.30470025372619e-01
7.70000000000000e+00  -4.33517611570370e-01
7.72500000000000e+00  -4.33391219316178e-01
7.75000000000000e+00  -4.30128200892391e-01
7.77500000000000e+00  -4.23789140332338e-01
7.80000000000000e+00  -4.14457223769993e-01
7.82500000000000e+00  -4.02233594179308e-01
7.85000000000000e+00  -3.87239134428837e-01
7.87500000000000e+00  -3.69611537131236e-01
7.90000000000000e+00  -3.49503951165350e-01
7.92500000000000e+00  -3.27083008637666e-01
7.95000000000000e+00  -3.02527031918030e-01
7.97500000000000e+00  -2.76024240675343e-01
8.00000000000000e+00  -2.47770958913277e-01
8.02500000000000e+00  -2.17969822005978e-01
8.05000000000000e+00  -1.86827983733779e-01
8.07500000000000e+00  -1.54555323318904e-01
8.10000000000000e+00  -1.21362652461176e-01
8.12500000000000e+00  -8.75005161779070e-02
8.15000000000000e+00  -5.30521600130383e-02
8.17500000000000e+00  -1.83348850281182e-02
8.20000000000000e+00  1.64651224835968e-02
8.22500000000000e+00  5.11648514032631e-02
8.25000000000000e+00  8.55857513807510e-02
8.27500000000000e+00  1.19555018428914e-01
8.30000000000000e+00  1.52906880517889e-01
8.32500000000000e+00  1.85483883169386e-01
8.35000000000000e+00  2.17138175050965e-01
8.37500000000000e+00  2.47732793570343e-01
8.40000000000000e+00  2.77142950469661e-01
8.42500000000000e+00  3.05257317419786e-01
8.45000000000000e+00  3.31975626721846e-01
8.47500000000000e+00  3.57211793857323e-01
8.50000000000000e+00  3.80894316121011e-01
8.52500000000000e+00  4.02962071831242e-01
8.55000000000000e+00  4.23368077051780e-01
8.57500000000000e+00  4.42077984220922e-01
8.60000000000000e+00  4.59068580780594e-01
8.62500000000000e+00  4.74326287805468e-01
8.65000000000000e+00  4.87845658632053e-01
8.67500000000000e+00  4.99627877487806e-01
8.70000000000000e+00  5.09679258120228e-01
8.72500000000000e+00  5.18009742425978e-01
8.75000000000000e+00  5.23969503399576e-01
8.77500000000000e+00  5.29816856281559e-01
8.80000000000000e+00  5.33536209880088e-01
8.82500000000000e+00  5.35431144892896e-01
8.85000000000000e+00  5.35738955270916e-01
8.87500000000000e+00  5.34640208520293e-01
8.90000000000000e+00  5.32268306004397e-01
8.92500000000000e+00  5.28719043245840e-01
8.95000000000000e+00  5.24060170228480e-01
8.97500000000000e+00  5.18340951699444e-01
9.00000000000000e+00  5.11601727471137e-01
9.02500000000000e+00  5.03883472723252e-01
9.05000000000000e+00  4.95237358304790e-01
9.07500000000000e+00  4.85716883953460e-01
9.10000000000000e+00  4.75393347013206e-01
9.12500000000000e+00  4.64371274672206e-01
9.15000000000000e+00  4.52730192217218e-01
9.17500000000000e+00  4.40578954195303e-01
9.20000000000000e+00  4.28037758350328e-01
9.22500000000000e+00  4.15220159559461e-01
9.25000000000000e+00  4.02215083769672e-01
9.27500000000000e+00  3.89068841934229e-01
9.30000000000000e+00  3.75767143949203e-01
9.32500000000000e+00  3.62217112589960e-01
9.35000000000000e+00  3.48229297447662e-01
9.37500000000000e+00  3.36202156672466e-01
9.40000000000000e+00  3.20435225938377e-01
9.42500000000000e+00  3.06237287788395e-01
9.45000000000000e+00  2.92915084161781e-01
9.47500000000000e+00  2.80001015868503e-01
9.50000000000000e+00  2.67216592183047e-01
9.52500000000000e+00  2.54435880438241e-01
9.55000000000000e+00  2.41648955619071e-01
9.57500000000000e+00  2.28925349956498e-01
9.60000000000000e+00  2.16377502521278e-01
9.62500000000000e+00  2.04124208817783e-01
9.65000000000000e+00  1.92254070377812e-01
9.67500000000000e+00  1.80788944354416e-01
9.70000000000000e+00  1.69795979937918e-01
9.72500000000000e+00  1.59269598186010e-01
9.75000000000000e+00  1.49159958924207e-01
9.77500000000000e+00  1.39415427606200e-01
9.80000000000000e+00  1.29958512596494e-01
9.82500000000000e+00  1.20708226395524e-01
9.85000000000000e+00  1.11602446864772e-01
9.87500000000000e+00  1.02620278451883e-01
9.90000000000000e+00  9.38044134157822e-02
9.92500000000000e+00  8.52834930517911e-02
9.95000000000000e+00  7.72944689167459e-02
9.97500000000000e+00  7.02049640541120e-02
1.00000000000000e+01  6.45356342191053e-02
