0.00000000000000e+00  -6.30970094497804e-02
2.50000000000000e-02  -7.05994838460270e-02
5.00000000000000e-02  -7.82559521873475e-02
7.50000000000000e-02  -8.61265249923017e-02
1.00000000000000e-01  -9.42570618242691e-02
1.25000000000000e-01  -1.02680914985705e-01
1.50000000000000e-01  -1.11420673212396e-01
1.75000000000000e-01  -1.20489905367719e-01
2.00000000000000e-01  -1.29894904136899e-01
2.25000000000000e-01  -1.39636429721263e-01
2.50000000000000e-01  -1.49711453532502e-01
2.75000000000000e-01  -1.60114901886924e-01
3.00000000000000e-01  -1.70841399699716e-01
3.25000000000000e-01  -1.81883343509474e-01
3.50000000000000e-01  -1.93234201027091e-01
3.75000000000000e-01  -2.04891015777494e-01
4.00000000000000e-01  -2.16843858650537e-01
4.25000000000000e-01  -2.29085653748951e-01
4.50000000000000e-01  -2.41608861247866e-01
4.75000000000000e-01  -2.54402160254324e-01
5.00000000000000e-01  -2.67447131666808e-01
5.25000000000000e-01  -2.80714941034754e-01
5.50000000000000e-01  -2.94163021418073e-01
5.75000000000000e-01  -3.07731756246673e-01
6.00000000000000e-01  -3.21341162179976e-01
6.25000000000000e-01  -3.35240267936569e-01
6.50000000000000e-01  -3.48774720520181e-01
6.75000000000000e-01  -3.62438520622258e-01
7.00000000000000e-01  -3.76111342832270e-01
7.25000000000000e-01  -3.89690002820625e-01
7.50000000000000e-01  -4.03085582830985e-01
7.75000000000000e-01  -4.16220557172594e-01
8.00000000000000e-01  -4.29025917712596e-01
8.25000000000000e-01  -4.41438299368363e-01
8.50000000000000e-01  -4.53397105599812e-01
8.75000000000000e-01  -4.64841633901733e-01
9.00000000000000e-01  -4.75708201296108e-01
9.25000000000000e-01  -4.85927269824435e-01
9.50000000000000e-01  -4.95429427887122e-01
9.75000000000000e-01  -5.04138220550795e-01
1.00000000000000e+00  -5.11968590293965e-01
1.02500000000000e+00  -5.18840271591798e-01
1.05000000000000e+00  -5.24666394294805e-01
1.07500000000000e+00  -5.29358270179369e-01
1.10000000000000e+00  -5.32830179498273e-01
1.12500000000000e+00  -5.35004157531231e-01
1.15000000000000e+00  -5.35814781135413e-01
1.17500000000000e+00  -5.35213955295976e-01
1.20000000000000e+00  -5.33175699676592e-01
1.22500000000000e+00  -5.29700935169976e-01
1.25000000000000e+00  -5.24377662376193e-01
1.27500000000000e+00  -5.17889980715125e-01
1.30000000000000e+00  -5.09546031569200e-01
1.32500000000000e+00  -4.99406688412035e-01
1.35000000000000e+00  -4.87512098906222e-01
1.37500000000000e+00  -4.73886854406116e-01
1.40000000000000e+00  -4.58545159460641e-01
1.42500000000000e+00  -4.41496001316091e-01
1.45000000000000e+00  -4.22748319418931e-01
1.47500000000000e+00  -4.02316174918592e-01
1.50000000000000e+00  -3.80223920170280e-01
1.52500000000000e+00  -3.56511368237769e-01
1.55000000000000e+00  -3.31238962396208e-01
1.57500000000000e+00  -3.04472879427056e-01
1.60000000000000e+00  -2.76300994001588e-01
1.62500000000000e+00  -2.46829017733201e-01
1.65000000000000e+00  -2.16174628895567e-01
1.67500000000000e+00  -1.84470819530282e-01
1.70000000000000e+00  -1.51862520922500e-01
1.72500000000000e+00  -1.18503229076605e-01
1.75000000000000e+00  -8.45516301918476e-02
1.77500000000000e+00  -5.01682261380065e-02
1.80000000000000e+00  -1.55119599310382e-02
1.82500000000000e+00  1.92631587912743e-02
1.85000000000000e+00  5.40114282936625e-02
1.87500000000000e+00  8.84239482151447e-02
1.90000000000000e+00  1.22279434571725e-01
1.92500000000000e+00  1.55429425514361e-01
1.95000000000000e+00  1.87658972540903e-01
1.97500000000000e+00  2.18753931688178e-01
2.00000000000000e+00  2.48502500056607e-01
2.02500000000000e+00  2.76696752334812e-01
2.05000000000000e+00  3.03134177324236e-01
2.07500000000000e+00  3.27619214463753e-01
2.10000000000000e+00  3.49964790354282e-01
2.12500000000000e+00  3.69993855283403e-01
2.15000000000000e+00  3.87540919749965e-01
2.17500000000000e+00  4.02453590988705e-01
2.20000000000000e+00  4.14595224084563e-01
2.22500000000000e+00  4.23845712987514e-01
2.25000000000000e+00  4.30104292230456e-01
2.27500000000000e+00  4.33288204808246e-01
2.30000000000000e+00  4.33337157694679e-01
2.32500000000000e+00  4.30214088457331e-01
2.35000000000000e+00  4.23905931872398e-01
2.37500000000000e+00  4.14424386539535e-01
2.40000000000000e+00  4.01806681496697e-01
2.42500000000000e+00  3.86116342834978e-01
2.45000000000000e+00  3.67443960313453e-01
2.47500000000000e+00  3.45907953974017e-01
2.50000000000000e+00  3.21636548180198e-01
2.52500000000000e+00  2.94808668752195e-01
2.55000000000000e+00  2.65614689386439e-01
2.57500000000000e+00  2.34267100455498e-01
2.60000000000000e+00  2.01002509019914e-01
2.62500000000000e+00  1.66079204716827e-01
2.65000000000000e+00  1.29774725648598e-01
2.67500000000000e+00  9.23834242714375e-02
2.70000000000000e+00  5.42140332840195e-02
2.72500000000000e+00  1.55872315161169e-02
2.75000000000000e+00  -2.31667901827796e-02
2.77500000000000e+00  -6.17107630548366e-02
2.80000000000000e+00  -9.97027745452532e-02
2.82500000000000e+00  -1.36802460510574e-01
2.85000000000000e+00  -1.72671367243834e-01
2.87500000000000e+00  -2.06977959274805e-01
2.90000000000000e+00  -2.39398447710936e-01
2.92500000000000e+00  -2.69622702167693e-01
2.95000000000000e+00  -2.97357089596476e-01
2.97500000000000e+00  -3.22327313112542e-01
3.00000000000000e+00  -3.44281250822923e-01
3.02500000000000e+00  -3.62991794654348e-01
3.05000000000000e+00  -3.78259689181161e-01
3.07500000000000e+00  -3.89916370453245e-01
3.10000000000000e+00  -3.97826804823938e-01
3.12500000000000e+00  -4.01895142108475e-01
3.15000000000000e+00  -4.02047552583208e-01
3.17500000000000e+00  -3.98269007592722e-01
3.20000000000000e+00  -3.90568098268855e-01
3.22500000000000e+00  -3.78995995375018e-01
3.25000000000000e+00  -3.63644966312277e-01
3.27500000000000e+00  -3.44646892125440e-01
3.30000000000000e+00  -3.22171784509140e-01
3.32500000000000e+00  -2.96426302813918e-01
3.35000000000000e+00  -2.67652271052305e-01
3.37500000000000e+00  -2.36125194904908e-01
3.40000000000000e+00  -2.02152778726491e-01
3.42500000000000e+00  -1.66073442552066e-01
3.45000000000000e+00  -1.28246610739436e-01
3.47500000000000e+00  -8.90554310972676e-02
3.50000000000000e+00  -4.89010590961075e-02
3.52500000000000e+00  -8.19834586159156e-03
3.55000000000000e+00  3.26282058715045e-02
3.57500000000000e+00  7.31490993881770e-02
3.60000000000000e+00  1.12934501622105e-01
3.62500000000000e+00  1.51558900784563e-01
3.65000000000000e+00  1.88605763993331e-01
3.67500000000000e+00  2.23672194901605e-01
3.70000000000000e+00  2.56373591326915e-01
3.72500000000000e+00  2.86348302880025e-01
3.75000000000000e+00  3.13267702329006e-01
3.77500000000000e+00  3.36813534960537e-01
3.80000000000000e+00  3.56732345888495e-01
3.82500000000000e+00  3.72789114119428e-01
3.85000000000000e+00  3.84794045939384e-01
3.87500000000000e+00  3.92603174482189e-01
3.90000000000000e+00  3.96118959297731e-01
3.92500000000000e+00  3.95290885920236e-01
3.95000000000000e+00  3.90116065436556e-01
3.97500000000000e+00  3.80639834054443e-01
4.00000000000000e+00  3.66956352670833e-01
4.02500000000000e+00  3.49209206440128e-01
4.05000000000000e+00  3.27592004342476e-01
4.07500000000000e+00  3.02337672414265e-01
4.10000000000000e+00  2.73724587456199e-01
4.12500000000000e+00  2.42072208070065e-01
4.15000000000000e+00  2.07733805943632e-01
4.17500000000000e+00  1.71096658341515e-01
4.20000000000000e+00  1.32576798796908e-01
4.22500000000000e+00  9.26137678033378e-02
4.25000000000000e+00  5.16653635064026e-02
4.27500000000000e+00  1.02023923955134e-02
4.30000000000000e+00  -3.12965800043536e-02
4.32500000000000e+00  -7.23504784409215e-02
4.35000000000000e+00  -1.12480967242858e-01
4.37500000000000e+00  -1.51220697832923e-01
4.40000000000000e+00  -1.88108701303304e-01
4.42500000000000e+00  -2.22721131570907e-01
4.45000000000000e+00  -2.54644401661003e-01
4.47500000000000e+00  -2.83499017112937e-01
4.50000000000000e+00  -3.08942417148582e-01
4.52500000000000e+00  -3.30671815840784e-01
4.55000000000000e+00  -3.48427043281795e-01
4.57500000000000e+00  -3.61993386751724e-01
4.60000000000000e+00  -3.71204431886981e-01
4.62500000000000e+00  -3.75944903848713e-01
4.65000000000000e+00  -3.76153508491254e-01
4.67500000000000e+00  -3.71825773530567e-01
4.70000000000000e+00  -3.63005160724655e-01
4.72500000000000e+00  -3.49791389494216e-01
4.75000000000000e+00  -3.32338807811711e-01
4.77500000000000e+00  -3.10847718034020e-01
4.80000000000000e+00  -2.85569329136575e-01
4.82500000000000e+00  -2.56801221760686e-01
4.85000000000000e+00  -2.24882813260857e-01
4.87500000000000e+00  -1.90190822752114e-01
4.90000000000000e+00  -1.53134736157324e-01
4.92500000000000e+00  -1.14152271254514e-01
4.95000000000000e+00  -7.37048427242043e-02
4.97500000000000e+00  -3.22730271967132e-02
5.00000000000000e+00  9.65774409093212e-03
5.02500000000000e+00  5.15739784671161e-02
5.05000000000000e+00  9.29922242383327e-02
5.07500000000000e+00  1.33417281986465e-01
5.10000000000000e+00  1.72368580574409e-01
5.12500000000000e+00  2.09384718478417e-01
5.15000000000000e+00  2.44028005120463e-01
5.17500000000000e+00  2.75889002200595e-01
5.20000000000000e+00  3.04591065029284e-01
5.22500000000000e+00  3.29794883859787e-01
5.25000000000000e+00  3.51203025220496e-01
5.27500000000000e+00  3.68564473247299e-01
5.30000000000000e+00  3.81679171015927e-01
5.32500000000000e+00  3.90392876821357e-01
5.35000000000000e+00  3.94606011748027e-01
5.37500000000000e+00  3.94275359559460e-01
5.40000000000000e+00  3.89405419531785e-01
5.42500000000000e+00  3.80057572960339e-01
5.45000000000000e+00  3.66347231149904e-01
5.47500000000000e+00  3.48440983404939e-01
5.50000000000000e+00  3.26553745019828e-01
5.52500000000000e+00  3.00945905269106e-01
5.55000000000000e+00  2.71920475397708e-01
5.57500000000000e+00  2.39820236611196e-01
5.60000000000000e+00  2.05024888066002e-01
5.62500000000000e+00  1.67945083021903e-01
5.65000000000000e+00  1.29013499391728e-01
5.67500000000000e+00  8.86826361119521e-02
5.70000000000000e+00  4.74230278816824e-02
5.72500000000000e+00  5.71320747840306e-03
5.75000000000000e+00  -3.59655428408955e-02
5.77500000000000e+00  -7.71344399386138e-02
5.80000000000000e+00  -1.17322448395422e-01
5.82500000000000e+00  -1.56071529109138e-01
5.85000000000000e+00  -1.92941887893626e-01
5.87500000000000e+00  -2.27517224077662e-01
5.90000000000000e+00  -2.59409979103838e-01
5.92500000000000e+00  -2.88266585127429e-01
5.95000000000000e+00  -3.13767278261005e-01
5.97500000000000e+00  -3.35633368603821e-01
6.00000000000000e+00  -3.53631601993847e-01
6.02500000000000e+00  -3.67568039005821e-01
6.05000000000000e+00  -3.77298756686087e-01
6.07500000000000e+00  -3.82729252033985e-01
6.10000000000000e+00  -3.83813845483239e-01
6.12500000000000e+00  -3.80555084383358e-01
6.15000000000000e+00  -3.73003146481020e-01
6.17500000000000e+00  -3.61255243401468e-01
6.20000000000000e+00  -3.45455024129905e-01
6.22500000000000e+00  -3.25791978492880e-01
6.25000000000000e+00  -3.02496011609111e-01
6.27500000000000e+00  -2.75834570448778e-01
6.30000000000000e+00  -2.46111341521985e-01
6.32500000000000e+00  -2.13659849525427e-01
6.35000000000000e+00  -1.78841329561910e-01
6.37500000000000e+00  -1.42040056940455e-01
6.40000000000000e+00  -1.03658676976389e-01
6.42500000000000e+00  -6.41135347914496e-02
6.45000000000000e+00  -2.38300051138760e-02
6.47500000000000e+00  1.67621779214905e-02
6.50000000000000e+00  5.72335909731025e-02
6.52500000000000e+00  9.71597916926213e-02
6.55000000000000e+00  1.36125988924807e-01
6.57500000000000e+00  1.73731052056694e-01
6.60000000000000e+00  2.09591868352807e-01
6.62500000000000e+00  2.43349087704495e-01
6.65000000000000e+00  2.74664291746173e-01
6.67500000000000e+00  3.03229813863935e-01
6.70000000000000e+00  3.28770202323901e-01
6.72500000000000e+00  3.51043683400582e-01
6.75000000000000e+00  3.69843624505217e-01
6.77500000000000e+00  3.84999997314140e-01
6.80000000000000e+00  3.96380840897119e-01
6.82500000000000e+00  4.03893724845715e-01
6.85000000000000e+00  4.07487212401632e-01
6.87500000000000e+00  4.07151660720958e-01
6.90000000000000e+00  4.02906784649442e-01
6.92500000000000e+00  3.94821322377419e-01
6.95000000000000e+00  3.82993471798395e-01
6.97500000000000e+00  3.67557960849574e-01
7.00000000000000e+00  3.48683181685113e-01
7.02500000000000e+00  3.26568324849364e-01
7.05000000000000e+00  3.01440513450137e-01
7.07500000000000e+00  2.73551937331945e-01
7.10000000000000e+00  2.43176987249251e-01
7.12500000000000e+00  2.10609389039732e-01
7.15000000000000e+00  1.76159337797515e-01
7.17500000000000e+00  1.40150632046441e-01
7.20000000000000e+00  1.02914890710473e-01
7.22500000000000e+00  6.47905850186524e-02
7.25000000000000e+00  2.61180652824240e-02
7.27500000000000e+00  -1.27607513595062e-02
7.30000000000000e+00  -5.15086160889805e-02
7.32500000000000e+00  -8.97953692981666e-02
7.35000000000000e+00  -1.27300361479352e-01
7.37500000000000e+00  -1.63714874114711e-01
7.40000000000000e+00  -1.98744540566104e-01
7.42500000000000e+00  -2.32111766964843e-01
7.45000000000000e+00  -2.63558153101484e-01
7.47500000000000e+00  -2.92846913315607e-01
7.50000000000000e+00  -3.19784773940413e-01
7.52500000000000e+00  -3.44125406987232e-01
7.55000000000000e+00  -3.65745856608324e-01
7.57500000000000e+00  -3.84499202834810e-01
7.60000000000000e+00  -4.00267120620612e-01
7.62500000000000e+00  -4.12959113828763e-01
7.65000000000000e+00  -4.22511749217722e-01
7.67500000000000e+00  -4.28887890427678e-01
7.70000000000000e+00  -4.32075931966868e-01
7.72500000000000e+00  -4.32089033197884e-01
7.75000000000000e+00  -4.28964352323982e-01
7.77500000000000e+00  -4.22762280375398e-01
7.80000000000000e+00  -4.13565675195654e-01
7.82500000000000e+00  -4.01475402565397e-01
7.85000000000000e+00  -3.86611671269024e-01
7.87500000000000e+00  -3.69111231910298e-01
7.90000000000000e+00  -3.49126579111662e-01
7.92500000000000e+00  -3.26823305879366e-01
7.95000000000000e+00  -3.02378564831489e-01
7.97500000000000e+00  -2.75979529425961e-01
8.00000000000000e+00  -2.47821855188593e-01
8.02500000000000e+00  -2.18108140941098e-01
8.05000000000000e+00  -1.87046390029117e-01
8.07500000000000e+00  -1.54848471550245e-01
8.10000000000000e+00  -1.21728581582052e-01
8.12500000000000e+00  -8.80772783554761e-02
8.15000000000000e+00  -5.35166570215271e-02
8.17500000000000e+00  -1.87943028004480e-02
8.20000000000000e+00  1.59558959400573e-02
8.22500000000000e+00  5.05883120072370e-02
8.25000000000000e+00  8.49489633374972e-02
8.27500000000000e+00  1.18878896950576e-01
8.30000000000000e+00  1.52217572903746e-01
8.32500000000000e+00  1.84806248246011e-01
8.35000000000000e+00  2.16491360972290e-01
8.37500000000000e+00  2.47127913977620e-01
8.40000000000000e+00  2.76582859011336e-01
8.42500000000000e+00  3.04738480631276e-01
8.45000000000000e+00  3.31489018404287e-01
8.47500000000000e+00  3.56746569342008e-01
8.50000000000000e+00  3.80444939471273e-01
8.52500000000000e+00  4.02523671703308e-01
8.55000000000000e+00  4.22942945318528e-01
8.57500000000000e+00  4.41678401389938e-01
8.60000000000000e+00  4.58715968206551e-01
8.62500000000000e+00  4.74046686696804e-01
8.65000000000000e+00  4.87661535851954e-01
8.67500000000000e+00  4.99546258149504e-01
8.70000000000000e+00  5.09676184976605e-01
8.72500000000000e+00  5.18011062053473e-01
8.75000000000000e+00  5.24934852959466e-01
8.77500000000000e+00  5.29805508991377e-01
8.80000000000000e+00  5.33272680497327e-01
8.82500000000000e+00  5.35303756586618e-01
8.85000000000000e+00  5.35897809512417e-01
8.87500000000000e+00  5.35080808975176e-01
8.90000000000000e+00  5.32900836426047e-01
8.92500000000000e+00  5.29423299370299e-01
8.95000000000000e+00  5.24726145670733e-01
8.97500000000000e+00  5.18895077851101e-01
9.00000000000000e+00  5.12018767399518e-01
9.02500000000000e+00  5.04184069071883e-01
9.05000000000000e+00  4.95471235195290e-01
9.07500000000000e+00  4.85965307883357e-01
9.10000000000000e+00  4.75742729215874e-01
9.12500000000000e+00  4.64872899509157e-01
9.15000000000000e+00  4.53425344551825e-01
9.17500000000000e+00  4.41463736522726e-01
9.20000000000000e+00  4.29048767865975e-01
9.22500000000000e+00  4.16241025165981e-01
9.25000000000000e+00  4.03103863022477e-01
9.27500000000000e+00  3.89706277925560e-01
9.30000000000000e+00  3.76125782130716e-01
9.32500000000000e+00  3.62451277533856e-01
9.35000000000000e+00  3.48785929546344e-01
9.37500000000000e+00  3.34897400299600e-01
9.40000000000000e+00  3.21349705188047e-01
9.42500000000000e+00  3.07739150552968e-01
9.45000000000000e+00  2.94169388024261e-01
9.47500000000000e+00  2.80720387939020e-01
9.50000000000000e+00  2.67451756115300e-01
9.52500000000000e+00  2.54406050625894e-01
9.55000000000000e+00  2.41612098572100e-01
9.57500000000000e+00  2.29088312857486e-01
9.60000000000000e+00  2.16846008961668e-01
9.62500000000000e+00  2.04892721714075e-01
9.65000000000000e+00  1.93235522067717e-01
9.67500000000000e+00  1.81884333872961e-01
9.70000000000000e+00  1.70842109390806e-01
9.72500000000000e+00  1.60115376293086e-01
9.75000000000000e+00  1.49711733381104e-01
9.77500000000000e+00  1.39636551581434e-01
9.80000000000000e+00  1.29894900539630e-01
9.82500000000000e+00  1.20489805154324e-01
9.85000000000000e+00  1.11420502111314e-01
9.87500000000000e+00  1.02680696417659e-01
9.90000000000000e+00  9.42568179357711e-02
9.92500000000000e+00  8.61262779175122e-02
9.95000000000000e+00  7.82557255382844e-02
9.97500000000000e+00  7.05993044311233e-02
1.00000000000000e+01  6.30969092207962e-02
