0.00000000000000e+00  -6.31419697545025e-02
2.50000000000000e-02  -7.05481128071115e-02
5.00000000000000e-02  -7.81726044417276e-02
7.50000000000000e-02  -8.60461660190601e-02
1.00000000000000e-01  -9.41936795377247e-02
1.25000000000000e-01  -1.02634730030597e-01
1.50000000000000e-01  -1.11384147961166e-01
1.75000000000000e-01  -1.20452551619885e-01
2.00000000000000e-01  -1.29846889520532e-01
2.25000000000000e-01  -1.39570982796560e-01
2.50000000000000e-01  -1.49626067597452e-01
2.75000000000000e-01  -1.60011337485073e-01
3.00000000000000e-01  -1.70724485830028e-01
3.25000000000000e-01  -1.81760880152632e-01
3.50000000000000e-01  -1.93114697133794e-01
3.75000000000000e-01  -2.04779640195006e-01
4.00000000000000e-01  -2.16745334888278e-01
4.25000000000000e-01  -2.29000517853485e-01
4.50000000000000e-01  -2.41531831245734e-01
4.75000000000000e-01  -2.54322617162726e-01
5.00000000000000e-01  -2.67351712072125e-01
5.25000000000000e-01  -2.80592241238918e-01
5.50000000000000e-01  -2.94010413152786e-01
5.75000000000000e-01  -3.07564313955466e-01
6.00000000000000e-01  -3.21202701868117e-01
6.25000000000000e-01  -3.34981515562810e-01
6.50000000000000e-01  -3.48659091009780e-01
6.75000000000000e-01  -3.62364322606269e-01
7.00000000000000e-01  -3.76024419623433e-01
7.25000000000000e-01  -3.89569771828149e-01
7.50000000000000e-01  -4.02933141797624e-01
7.75000000000000e-01  -4.16048857234016e-01
8.00000000000000e-01  -4.28852003279046e-01
8.25000000000000e-01  -4.41277614828620e-01
8.50000000000000e-01  -4.53259868847436e-01
8.75000000000000e-01  -4.64731276683611e-01
9.00000000000000e-01  -4.75621876383288e-01
9.25000000000000e-01  -4.85858425005257e-01
9.50000000000000e-01  -4.95367035956767e-01
9.75000000000000e-01  -5.04070703590487e-01
1.00000000000000e+00  -5.11889198681320e-01
1.02500000000000e+00  -5.18743858777215e-01
1.05000000000000e+00  -5.24554111627041e-01
1.07500000000000e+00  -5.29239433260409e-01
1.10000000000000e+00  -5.32721306067501e-01
1.12500000000000e+00  -5.34925176878886e-01
1.15000000000000e+00  -5.35782415045354e-01
1.17500000000000e+00  -5.35232270517729e-01
1.20000000000000e+00  -5.33223831926703e-01
1.22500000000000e+00  -5.29717984662655e-01
1.25000000000000e+00  -5.24551137096016e-01
1.27500000000000e+00  -5.17899994426222e-01
1.30000000000000e+00  -5.09524669191275e-01
1.32500000000000e+00  -4.99421741602439e-01
1.35000000000000e+00  -4.87587197305904e-01
1.37500000000000e+00  -4.74018377212120e-01
1.40000000000000e+00  -4.58715927325145e-01
1.42500000000000e+00  -4.41685748571982e-01
1.45000000000000e+00  -4.22940946631916e-01
1.47500000000000e+00  -4.02503781765861e-01
1.50000000000000e+00  -3.80407618645697e-01
1.52500000000000e+00  -3.56698876183611e-01
1.55000000000000e+00  -3.31438977361437e-01
1.57500000000000e+00  -3.04699150852856e-01
1.60000000000000e+00  -2.76566158486850e-01
1.62500000000000e+00  -2.47141293099883e-01
1.65000000000000e+00  -2.16537173325844e-01
1.67500000000000e+00  -1.84880014393115e-01
1.70000000000000e+00  -1.52308086082462e-01
1.72500000000000e+00  -1.18970170684953e-01
1.75000000000000e+00  -8.50240209598475e-02
1.77500000000000e+00  -5.06348180925075e-02
1.80000000000000e+00  -1.59736296523015e-02
1.82500000000000e+00  1.87841324494985e-02
1.85000000000000e+00  5.34602540018060e-02
1.87500000000000e+00  8.78199309048408e-02
1.90000000000000e+00  1.21656669463360e-01
1.92500000000000e+00  1.54779169245890e-01
1.95000000000000e+00  1.86976231582117e-01
1.97500000000000e+00  2.18036268510474e-01
2.00000000000000e+00  2.47749026818046e-01
2.02500000000000e+00  2.75907312080458e-01
2.05000000000000e+00  3.02308712701769e-01
2.07500000000000e+00  3.26757323954366e-01
2.10000000000000e+00  3.49065472018860e-01
2.12500000000000e+00  3.69055438023975e-01
2.15000000000000e+00  3.86561182086444e-01
2.17500000000000e+00  4.01430067350902e-01
2.20000000000000e+00  4.13524972534677e-01
2.22500000000000e+00  4.22725651771303e-01
2.25000000000000e+00  4.28931392480148e-01
2.27500000000000e+00  4.32059524046912e-01
2.30000000000000e+00  4.32049941386981e-01
2.32500000000000e+00  4.28865768108892e-01
2.35000000000000e+00  4.22494019677804e-01
2.37500000000000e+00  4.12946266578975e-01
2.40000000000000e+00  4.00259297481225e-01
2.42500000000000e+00  3.84495782400413e-01
2.45000000000000e+00  3.65744935862904e-01
2.47500000000000e+00  3.44123180069042e-01
2.50000000000000e+00  3.19762331886768e-01
2.52500000000000e+00  2.92843584627792e-01
2.55000000000000e+00  2.63553269144205e-01
2.57500000000000e+00  2.32104178252528e-01
2.60000000000000e+00  1.98733118718513e-01
2.62500000000000e+00  1.63698494723304e-01
2.65000000000000e+00  1.27277891329582e-01
2.67500000000000e+00  8.97656579477232e-02
2.70000000000000e+00  5.14704918019479e-02
2.72500000000000e+00  1.27130213964773e-02
2.75000000000000e+00  -2.61766100183155e-02
2.77500000000000e+00  -6.48611609797525e-02
2.80000000000000e+00  -1.02998708346697e-01
2.82500000000000e+00  -1.40248899256559e-01
2.85000000000000e+00  -1.76273245555720e-01
2.87500000000000e+00  -2.10740083816363e-01
2.90000000000000e+00  -2.43325595711969e-01
2.92500000000000e+00  -2.73719543413139e-01
2.95000000000000e+00  -3.01628144869816e-01
2.97500000000000e+00  -3.26776949093518e-01
3.00000000000000e+00  -3.48913711439553e-01
3.02500000000000e+00  -3.67811268889255e-01
3.05000000000000e+00  -3.83270415332198e-01
3.07500000000000e+00  -3.95122776848429e-01
3.10000000000000e+00  -4.03233686990692e-01
3.12500000000000e+00  -4.07505033847616e-01
3.15000000000000e+00  -4.07867021856770e-01
3.17500000000000e+00  -4.04301051854061e-01
3.20000000000000e+00  -3.96816187804950e-01
3.22500000000000e+00  -3.85463915784941e-01
3.25000000000000e+00  -3.70336687854353e-01
3.27500000000000e+00  -3.51566465933099e-01
3.30000000000000e+00  -3.29323265675455e-01
3.32500000000000e+00  -3.03813700344836e-01
3.35000000000000e+00  -2.75279524688564e-01
3.37500000000000e+00  -2.43996178812650e-01
3.40000000000000e+00  -2.10271332056560e-01
3.42500000000000e+00  -1.74443426867997e-01
3.45000000000000e+00  -1.36871825884544e-01
3.47500000000000e+00  -9.79396739766140e-02
3.50000000000000e+00  -5.80481554784043e-02
3.52500000000000e+00  -1.76121094974602e-02
3.55000000000000e+00  2.29439594671526e-02
3.57500000000000e+00  6.31905570723441e-02
3.60000000000000e+00  1.02697874678495e-01
3.62500000000000e+00  1.41040464896952e-01
3.65000000000000e+00  1.77801917137524e-01
3.67500000000000e+00  2.12579533155974e-01
3.70000000000000e+00  2.44989002601518e-01
3.72500000000000e+00  2.74669078564321e-01
3.75000000000000e+00  3.01291357707683e-01
3.77500000000000e+00  3.24536072427628e-01
3.80000000000000e+00  3.44151633951914e-01
3.82500000000000e+00  3.59903083002825e-01
3.85000000000000e+00  3.71600761138201e-01
3.87500000000000e+00  3.79100901321582e-01
3.90000000000000e+00  3.82306218492360e-01
3.92500000000000e+00  3.81166500135930e-01
3.95000000000000e+00  3.75679196853838e-01
3.97500000000000e+00  3.65890012933931e-01
4.00000000000000e+00  3.51893496920507e-01
4.02500000000000e+00  3.33833632184463e-01
4.05000000000000e+00  3.11904427493449e-01
4.07500000000000e+00  2.86339216461225e-01
4.10000000000000e+00  2.57416763629298e-01
4.12500000000000e+00  2.25456900973462e-01
4.15000000000000e+00  1.90813289106978e-01
4.17500000000000e+00  1.53873567199704e-01
4.20000000000000e+00  1.15054115758101e-01
4.22500000000000e+00  7.47948194052373e-02
4.25000000000000e+00  3.35538296607929e-02
4.27500000000000e+00  -8.19767227894160e-03
4.30000000000000e+00  -4.99807127610520e-02
4.32500000000000e+00  -9.13137628960054e-02
4.35000000000000e+00  -1.31717975777635e-01
4.37500000000000e+00  -1.70726440282497e-01
4.40000000000000e+00  -2.07876537874564e-01
4.42500000000000e+00  -2.42745365227179e-01
4.45000000000000e+00  -2.74918826037666e-01
4.47500000000000e+00  -3.04016992471701e-01
4.50000000000000e+00  -3.29696934886735e-01
4.52500000000000e+00  -3.51655551555395e-01
4.55000000000000e+00  -3.69632398388891e-01
4.57500000000000e+00  -3.83412518660425e-01
4.60000000000000e+00  -3.92829272728600e-01
4.62500000000000e+00  -3.97767167760823e-01
4.65000000000000e+00  -3.98164687456717e-01
4.67500000000000e+00  -3.94017121771528e-01
4.70000000000000e+00  -3.85367716006540e-01
4.72500000000000e+00  -3.72315954309897e-01
4.75000000000000e+00  -3.55015949438016e-01
4.77500000000000e+00  -3.33667769690483e-01
4.80000000000000e+00  -3.08522398698578e-01
4.82500000000000e+00  -2.79877206526360e-01
4.85000000000000e+00  -2.48071420771748e-01
4.87500000000000e+00  -2.13481597667613e-01
4.90000000000000e+00  -1.76517093182857e-01
4.92500000000000e+00  -1.37615534123501e-01
4.95000000000000e+00  -9.72382892337747e-02
4.97500000000000e+00  -5.58659402971893e-02
5.00000000000000e+00  -1.39831010187046e-02
5.02500000000000e+00  2.78956518503855e-02
5.05000000000000e+00  6.92876680562686e-02
5.07500000000000e+00  1.09697632457706e-01
5.10000000000000e+00  1.48644891769340e-01
5.12500000000000e+00  1.85667984416463e-01
5.15000000000000e+00  2.20329170389806e-01
5.17500000000000e+00  2.52218961100313e-01
5.20000000000000e+00  2.80960649233915e-01
5.22500000000000e+00  3.06214838606321e-01
5.25000000000000e+00  3.27683974017783e-01
5.27500000000000e+00  3.45116871107888e-01
5.30000000000000e+00  3.58313246210326e-01
5.32500000000000e+00  3.67118768980289e-01
5.35000000000000e+00  3.71433726396943e-01
5.37500000000000e+00  3.71214625004794e-01
5.40000000000000e+00  3.66465940877080e-01
5.42500000000000e+00  3.57248942507231e-01
5.45000000000000e+00  3.43678865439860e-01
5.47500000000000e+00  3.25922086901749e-01
5.50000000000000e+00  3.04193300432836e-01
5.52500000000000e+00  2.78752690517198e-01
5.55000000000000e+00  2.49903107214046e-01
5.57500000000000e+00  2.17987240788702e-01
5.60000000000000e+00  1.83384796343593e-01
5.62500000000000e+00  1.46505463877034e-01
5.65000000000000e+00  1.07783960719724e-01
5.67500000000000e+00  6.76705916888162e-02
5.70000000000000e+00  2.66359850855432e-02
5.72500000000000e+00  -1.48413207799246e-02
5.75000000000000e+00  -5.62801156580436e-02
5.77500000000000e+00  -9.72017554294895e-02
5.80000000000000e+00  -1.37135400174730e-01
5.82500000000000e+00  -1.75623252243599e-01
5.85000000000000e+00  -2.12225794324887e-01
5.87500000000000e+00  -2.46527027515907e-01
5.90000000000000e+00  -2.78139709392087e-01
5.92500000000000e+00  -3.06710592076537e-01
5.95000000000000e+00  -3.31920267465059e-01
5.97500000000000e+00  -3.53490400946168e-01
6.00000000000000e+00  -3.71188108069312e-01
6.02500000000000e+00  -3.84819829554836e-01
6.05000000000000e+00  -3.94242040570281e-01
6.07500000000000e+00  -3.99360656321953e-01
6.10000000000000e+00  -4.00130437646511e-01
6.12500000000000e+00  -3.96554396602542e-01
6.15000000000000e+00  -3.88683202062140e-01
6.17500000000000e+00  -3.76614585302486e-01
6.20000000000000e+00  -3.60492745597428e-01
6.22500000000000e+00  -3.40507755809058e-01
6.25000000000000e+00  -3.16888933961046e-01
6.27500000000000e+00  -2.89906684179835e-01
6.30000000000000e+00  -2.59862775463321e-01
6.32500000000000e+00  -2.27091481883903e-01
6.35000000000000e+00  -1.91954667347587e-01
6.37500000000000e+00  -1.54837128894037e-01
6.40000000000000e+00  -1.16141939996588e-01
6.42500000000000e+00  -7.62857938622946e-02
6.45000000000000e+00  -3.56943467319538e-02
6.47500000000000e+00  5.20243881985942e-03
6.50000000000000e+00  4.59749505847527e-02
6.52500000000000e+00  8.61985834204961e-02
6.55000000000000e+00  1.25458395950976e-01
6.57500000000000e+00  1.63353145781155e-01
6.60000000000000e+00  1.99499612881313e-01
6.62500000000000e+00  2.33538300439217e-01
6.65000000000000e+00  2.65130733285588e-01
6.67500000000000e+00  2.93969154683576e-01
6.70000000000000e+00  3.19778013583593e-01
6.72500000000000e+00  3.42315451878166e-01
6.75000000000000e+00  3.61374791656765e-01
6.77500000000000e+00  3.76786022460654e-01
6.80000000000000e+00  3.88417288537726e-01
6.82500000000000e+00  3.96176376097344e-01
6.85000000000000e+00  4.00012200565187e-01
6.87500000000000e+00  3.99912967815465e-01
6.90000000000000e+00  3.95903033151076e-01
6.92500000000000e+00  3.88047032743496e-01
6.95000000000000e+00  3.76443776020910e-01
6.97500000000000e+00  3.61228407687450e-01
7.00000000000000e+00  3.42569573890092e-01
7.02500000000000e+00  3.20666588385541e-01
7.05000000000000e+00  2.95746598707136e-01
7.07500000000000e+00  2.68061752331734e-01
7.10000000000000e+00  2.37886362846609e-01
7.12500000000000e+00  2.05514076116348e-01
7.15000000000000e+00  1.71255036449737e-01
7.17500000000000e+00  1.35433052766664e-01
7.20000000000000e+00  9.83796757197474e-02
7.22500000000000e+00  6.04333782731834e-02
7.25000000000000e+00  2.19345447071503e-02
7.27500000000000e+00  -1.67748908957060e-02
7.30000000000000e+00  -5.53576416545609e-02
7.32500000000000e+00  -9.34835045951611e-02
7.35000000000000e+00  -1.30831797354591e-01
7.37500000000000e+00  -1.67093794886015e-01
7.40000000000000e+00  -2.01975166163444e-01
7.42500000000000e+00  -2.35198410886479e-01
7.45000000000000e+00  -2.66505296185073e-01
7.47500000000000e+00  -2.95659293324287e-01
7.50000000000000e+00  -3.22459417677398e-01
7.52500000000000e+00  -3.46681247749632e-01
7.55000000000000e+00  -3.68181661922834e-01
7.57500000000000e+00  -3.86816218703022e-01
7.60000000000000e+00  -4.02468351519295e-01
7.62500000000000e+00  -4.15048704535689e-01
7.65000000000000e+00  -4.24494468463047e-01
7.67500000000000e+00  -4.30768716370877e-01
7.70000000000000e+00  -4.33859739499222e-01
7.72500000000000e+00  -4.33780383070522e-01
7.75000000000000e+00  -4.30567382101477e-01
7.77500000000000e+00  -4.24280697214913e-01
7.80000000000000e+00  -4.15002850451645e-01
7.82500000000000e+00  -4.02834405925461e-01
7.85000000000000e+00  -3.87895457435463e-01
7.87500000000000e+00  -3.70322969776059e-01
7.90000000000000e+00  -3.50269428424960e-01
7.92500000000000e+00  -3.27900719398786e-01
7.95000000000000e+00  -3.03394408739659e-01
7.97500000000000e+00  -2.76938022001782e-01
8.00000000000000e+00  -2.48727323738036e-01
8.02500000000000e+00  -2.18964596986556e-01
8.05000000000000e+00  -1.87856922757330e-01
8.07500000000000e+00  -1.55614459518780e-01
8.10000000000000e+00  -1.22448722684348e-01
8.12500000000000e+00  -8.86257163583310e-02
8.15000000000000e+00  -5.41716772473551e-02
8.17500000000000e+00  -1.94580387060129e-02
8.20000000000000e+00  1.53356801150096e-02
8.22500000000000e+00  5.00312570785352e-02
8.25000000000000e+00  8.44533025231737e-02
8.27500000000000e+00  1.18430794725568e-01
8.30000000000000e+00  1.51798615362672e-01
8.32500000000000e+00  1.84399084974017e-01
8.35000000000000e+00  2.16083498423968e-01
8.37500000000000e+00  2.46713660364002e-01
8.40000000000000e+00  2.76163420694960e-01
8.42500000000000e+00  3.04320210029321e-01
8.45000000000000e+00  3.31082789752363e-01
8.47500000000000e+00  3.56364435964937e-01
8.50000000000000e+00  3.80093948748731e-01
8.52500000000000e+00  4.02209928561842e-01
8.55000000000000e+00  4.22665975344827e-01
8.57500000000000e+00  4.41428742396976e-01
8.60000000000000e+00  4.58475990252599e-01
8.62500000000000e+00  4.73794640557317e-01
8.65000000000000e+00  4.87378829944337e-01
8.67500000000000e+00  4.99227963910739e-01
8.70000000000000e+00  5.09344770693766e-01
8.72500000000000e+00  5.17733355147103e-01
8.75000000000000e+00  5.24535115966631e-01
8.77500000000000e+00  5.29575573593751e-01
8.80000000000000e+00  5.33092574692167e-01
8.82500000000000e+00  5.35111511308763e-01
8.85000000000000e+00  5.35671527835366e-01
8.87500000000000e+00  5.34823563232125e-01
8.90000000000000e+00  5.32628393250897e-01
8.92500000000000e+00  5.29154672658637e-01
8.95000000000000e+00  5.24476977460779e-01
8.97500000000000e+00  5.18673847124624e-01
9.00000000000000e+00  5.11825826802722e-01
9.02500000000000e+00  5.04013509556261e-01
9.05000000000000e+00  4.95315578578450e-01
9.07500000000000e+00  4.85812283680641e-01
9.10000000000000e+00  4.75580650899303e-01
9.12500000000000e+00  4.64694586875195e-01
9.15000000000000e+00  4.53227354883407e-01
9.17500000000000e+00  4.41248936599881e-01
9.20000000000000e+00  4.28826839713282e-01
9.22500000000000e+00  4.16026905536859e-01
9.25000000000000e+00  4.02914116620304e-01
9.27500000000000e+00  3.89553404361625e-01
9.30000000000000e+00  3.76010456619007e-01
9.32500000000000e+00  3.62352525322671e-01
9.35000000000000e+00  3.48649234086745e-01
9.37500000000000e+00  3.34855674219312e-01
9.40000000000000e+00  3.21196128097472e-01
9.42500000000000e+00  3.07559111101708e-01
9.45000000000000e+00  2.94006414810585e-01
9.47500000000000e+00  2.80589295882012e-01
9.50000000000000e+00  2.67349681758307e-01
9.52500000000000e+00  2.54321376371280e-01
9.55000000000000e+00  2.41531265847293e-01
9.57500000000000e+00  2.29000524212337e-01
9.60000000000000e+00  2.16745819097098e-01
9.62500000000000e+00  2.04780517442038e-01
9.65000000000000e+00  1.93115891202449e-01
9.67500000000000e+00  1.81762323053543e-01
9.70000000000000e+00  1.70726116822313e-01
9.72500000000000e+00  1.60013102737308e-01
9.75000000000000e+00  1.49627919659292e-01
9.77500000000000e+00  1.39572879899865e-01
9.80000000000000e+00  1.29848794996445e-01
9.82500000000000e+00  1.20454433250566e-01
9.85000000000000e+00  1.11385977266170e-01
9.87500000000000e+00  1.02636481487901e-01
9.90000000000000e+00  9.41953297393967e-02
9.92500000000000e+00  8.60476927615894e-02
9.95000000000000e+00  7.81739857509937e-02
9.97500000000000e+00  7.05493258980025e-02
1.00000000000000e+01  6.31429899251855e-02
