0.00000000000000e+00  -6.32011330483332e-02
2.50000000000000e-02  -7.05591659776682e-02
5.00000000000000e-02  -7.81702690848726e-02
7.50000000000000e-02  -8.60492675521200e-02
1.00000000000000e-01  -9.42097246829107e-02
1.25000000000000e-01  -1.02663824699987e-01
1.50000000000000e-01  -1.11422255543247e-01
1.75000000000000e-01  -1.20494091667664e-01
2.00000000000000e-01  -1.29886676841201e-01
2.25000000000000e-01  -1.39605506942727e-01
2.50000000000000e-01  -1.49654112759935e-01
2.75000000000000e-01  -1.60033942787256e-01
3.00000000000000e-01  -1.70744246023778e-01
3.25000000000000e-01  -1.81781954771159e-01
3.50000000000000e-01  -1.93141567431548e-01
3.75000000000000e-01  -2.04815031305497e-01
4.00000000000000e-01  -2.16791625389880e-01
4.25000000000000e-01  -2.29057843175808e-01
4.50000000000000e-01  -2.41597275446545e-01
4.75000000000000e-01  -2.54390493075427e-01
5.00000000000000e-01  -2.67414929823777e-01
5.25000000000000e-01  -2.80644765138819e-01
5.50000000000000e-01  -2.94050806951597e-01
5.75000000000000e-01  -3.07600374474893e-01
6.00000000000000e-01  -3.21257181001137e-01
6.25000000000000e-01  -3.34980862913307e-01
6.50000000000000e-01  -3.48730721860436e-01
6.75000000000000e-01  -3.62458404752014e-01
7.00000000000000e-01  -3.76114360914613e-01
7.25000000000000e-01  -3.89645356101975e-01
7.50000000000000e-01  -4.02994687155348e-01
7.75000000000000e-01  -4.16102396663797e-01
8.00000000000000e-01  -4.28905487624538e-01
8.25000000000000e-01  -4.41338138103262e-01
8.50000000000000e-01  -4.53331915894453e-01
8.75000000000000e-01  -4.64815993181720e-01
9.00000000000000e-01  -4.75717361198116e-01
9.25000000000000e-01  -4.85961044886465e-01
9.50000000000000e-01  -4.95470984518654e-01
9.75000000000000e-01  -5.04169936400081e-01
1.00000000000000e+00  -5.11979963152895e-01
1.02500000000000e+00  -5.18823247469138e-01
1.05000000000000e+00  -5.24622239104892e-01
1.07500000000000e+00  -5.29300281361499e-01
1.10000000000000e+00  -5.32782237566772e-01
1.12500000000000e+00  -5.34995117556213e-01
1.15000000000000e+00  -5.35868704154232e-01
1.17500000000000e+00  -5.35336179655358e-01
1.20000000000000e+00  -5.33334752305458e-01
1.22500000000000e+00  -5.29806282782953e-01
1.25000000000000e+00  -5.24702184471013e-01
1.27500000000000e+00  -5.17968406239793e-01
1.30000000000000e+00  -5.09569831557938e-01
1.32500000000000e+00  -4.99473882693009e-01
1.35000000000000e+00  -4.87656528284377e-01
1.37500000000000e+00  -4.74102770008468e-01
1.40000000000000e+00  -4.58807129244001e-01
1.42500000000000e+00  -4.41774133737238e-01
1.45000000000000e+00  -4.23018804267218e-01
1.47500000000000e+00  -4.02567141311014e-01
1.50000000000000e+00  -3.80456611708962e-01
1.52500000000000e+00  -3.56736635329913e-01
1.55000000000000e+00  -3.31469071736476e-01
1.57500000000000e+00  -3.04727483276769e-01
1.60000000000000e+00  -2.76598159375890e-01
1.62500000000000e+00  -2.47180403750847e-01
1.65000000000000e+00  -2.16584616905631e-01
1.67500000000000e+00  -1.84933985948539e-01
1.70000000000000e+00  -1.52363781319220e-01
1.72500000000000e+00  -1.19020653515733e-01
1.75000000000000e+00  -8.50619298215885e-02
1.77500000000000e+00  -5.06549110328103e-02
1.80000000000000e+00  -1.59761681849815e-02
1.82500000000000e+00  1.87891607197072e-02
1.85000000000000e+00  5.34480739853987e-02
1.87500000000000e+00  8.77996656992319e-02
1.90000000000000e+00  1.21643642283753e-01
1.92500000000000e+00  1.54769744777537e-01
1.95000000000000e+00  1.86968449222622e-01
1.97500000000000e+00  2.18029328877166e-01
2.00000000000000e+00  2.47742860111655e-01
2.02500000000000e+00  2.75902228305109e-01
2.05000000000000e+00  3.02305133741283e-01
2.07500000000000e+00  3.26755597504877e-01
2.10000000000000e+00  3.49065767377744e-01
2.12500000000000e+00  3.69057723735087e-01
2.15000000000000e+00  3.86565285441672e-01
2.17500000000000e+00  4.01435815748032e-01
2.20000000000000e+00  4.13532083843397e-01
2.22500000000000e+00  4.22733912746996e-01
2.25000000000000e+00  4.28940727134934e-01
2.27500000000000e+00  4.32070018955689e-01
2.30000000000000e+00  4.32061892801343e-01
2.32500000000000e+00  4.28879683162027e-01
2.35000000000000e+00  4.22510571680360e-01
2.37500000000000e+00  4.12966204405882e-01
2.40000000000000e+00  4.00283309049496e-01
2.42500000000000e+00  3.84524312237907e-01
2.45000000000000e+00  3.65777956768058e-01
2.47500000000000e+00  3.44159918861568e-01
2.50000000000000e+00  3.19804188158276e-01
2.52500000000000e+00  2.92891434255350e-01
2.55000000000000e+00  2.63607882971668e-01
2.57500000000000e+00  2.32166360404009e-01
2.60000000000000e+00  1.98803714521430e-01
2.62500000000000e+00  1.63778396517967e-01
2.65000000000000e+00  1.27368042165318e-01
2.67500000000000e+00  8.98670531655491e-02
2.70000000000000e+00  5.15841785037745e-02
2.72500000000000e+00  1.28400958008604e-02
2.75000000000000e+00  -2.60350073338861e-02
2.77500000000000e+00  -6.47038519500222e-02
2.80000000000000e+00  -1.02824486403276e-01
2.82500000000000e+00  -1.40056517423686e-01
2.85000000000000e+00  -1.76061424350576e-01
2.87500000000000e+00  -2.10507528897394e-01
2.90000000000000e+00  -2.43070975095023e-01
2.92500000000000e+00  -2.73441499711611e-01
2.95000000000000e+00  -3.01325304601134e-01
2.97500000000000e+00  -3.26447929051955e-01
3.00000000000000e+00  -3.48557122135385e-01
3.02500000000000e+00  -3.67425715054240e-01
3.05000000000000e+00  -3.82854493491404e-01
3.07500000000000e+00  -3.94675069958389e-01
3.10000000000000e+00  -4.02752756143891e-01
3.12500000000000e+00  -4.06989536378779e-01
3.15000000000000e+00  -4.07315493363057e-01
3.17500000000000e+00  -4.03712099445249e-01
3.20000000000000e+00  -3.96188418150753e-01
3.22500000000000e+00  -3.84795938471231e-01
3.25000000000000e+00  -3.69627117972197e-01
3.27500000000000e+00  -3.50813925900591e-01
3.30000000000000e+00  -3.28526386292367e-01
3.32500000000000e+00  -3.02971121080071e-01
3.35000000000000e+00  -2.74389893200422e-01
3.37500000000000e+00  -2.43058149701895e-01
3.40000000000000e+00  -2.09283564852299e-01
3.42500000000000e+00  -1.73404583246368e-01
3.45000000000000e+00  -1.35780583710047e-01
3.47500000000000e+00  -9.67947355558294e-02
3.50000000000000e+00  -5.68482263468470e-02
3.52500000000000e+00  -1.63559250510868e-02
3.55000000000000e+00  2.42576382567533e-02
3.57500000000000e+00  6.45629452159974e-02
3.60000000000000e+00  1.04130162000725e-01
3.62500000000000e+00  1.42533812140506e-01
3.65000000000000e+00  1.79357449341129e-01
3.67500000000000e+00  2.14198330305340e-01
3.70000000000000e+00  2.46672087553575e-01
3.72500000000000e+00  2.76417402244690e-01
3.75000000000000e+00  3.03105417250373e-01
3.77500000000000e+00  3.26417537519222e-01
3.80000000000000e+00  3.46100972261149e-01
3.82500000000000e+00  3.61920820460474e-01
3.85000000000000e+00  3.73687436414633e-01
3.87500000000000e+00  3.81257026845767e-01
3.90000000000000e+00  3.84532248012290e-01
3.92500000000000e+00  3.83462802820478e-01
3.95000000000000e+00  3.78046037936045e-01
3.97500000000000e+00  3.68327540895722e-01
4.00000000000000e+00  3.54401737218840e-01
4.02500000000000e+00  3.36412487518906e-01
4.05000000000000e+00  3.14553684615186e-01
4.07500000000000e+00  2.89058541780690e-01
4.10000000000000e+00  2.60205733057407e-01
4.12500000000000e+00  2.28315007238041e-01
4.15000000000000e+00  1.93739939460663e-01
4.17500000000000e+00  1.56868103615569e-01
4.20000000000000e+00  1.18115826594570e-01
4.22500000000000e+00  7.79229425402852e-02
4.25000000000000e+00  3.67475470954293e-02
4.27500000000000e+00  -4.93924834789998e-03
4.30000000000000e+00  -4.66585623989236e-02
4.32500000000000e+00  -8.79289894188998e-02
4.35000000000000e+00  -1.28271845271823e-01
4.37500000000000e+00  -1.67222722588800e-01
4.40000000000000e+00  -2.04311234663684e-01
4.42500000000000e+00  -2.39121143031995e-01
4.45000000000000e+00  -2.71237694868947e-01
4.47500000000000e+00  -3.00280509877004e-01
4.50000000000000e+00  -3.25906377681671e-01
4.52500000000000e+00  -3.47812055227276e-01
4.55000000000000e+00  -3.65737064172754e-01
4.57500000000000e+00  -3.79466488287436e-01
4.60000000000000e+00  -3.88833770846830e-01
4.62500000000000e+00  -3.93723512028407e-01
4.65000000000000e+00  -3.94074266307385e-01
4.67500000000000e+00  -3.89881339852517e-01
4.70000000000000e+00  -3.81188069615904e-01
4.72500000000000e+00  -3.68093976683877e-01
4.75000000000000e+00  -3.50753163817963e-01
4.77500000000000e+00  -3.29365718695607e-01
4.80000000000000e+00  -3.04182624616304e-01
4.82500000000000e+00  -2.75501248642475e-01
4.85000000000000e+00  -2.43660829740320e-01
4.87500000000000e+00  -2.09037966920699e-01
4.90000000000000e+00  -1.72042107379985e-01
4.92500000000000e+00  -1.33111034640941e-01
4.95000000000000e+00  -9.27063566935848e-02
4.97500000000000e+00  -5.13089941360489e-02
5.00000000000000e+00  -9.40315920524369e-03
5.02500000000000e+00  3.24971141511844e-02
5.05000000000000e+00  7.39082999273262e-02
5.07500000000000e+00  1.14335115742015e-01
5.10000000000000e+00  1.53296921790233e-01
5.12500000000000e+00  1.90332254392825e-01
5.15000000000000e+00  2.25003359546235e-01
5.17500000000000e+00  2.56900726472223e-01
5.20000000000000e+00  2.85647621167590e-01
5.22500000000000e+00  3.10904619953909e-01
5.25000000000000e+00  3.32374143027240e-01
5.27500000000000e+00  3.49804988007864e-01
5.30000000000000e+00  3.62996863490003e-01
5.32500000000000e+00  3.71795449711575e-01
5.35000000000000e+00  3.76101041075114e-01
5.37500000000000e+00  3.75870184512350e-01
5.40000000000000e+00  3.71107389151511e-01
5.42500000000000e+00  3.61873978035225e-01
5.45000000000000e+00  3.48285254422420e-01
5.47500000000000e+00  3.30507668090235e-01
5.50000000000000e+00  3.08755981635924e-01
5.52500000000000e+00  2.83290436778767e-01
5.55000000000000e+00  2.54413920661973e-01
5.57500000000000e+00  2.22469132154587e-01
5.60000000000000e+00  1.87835748153396e-01
5.62500000000000e+00  1.50924085018891e-01
5.65000000000000e+00  1.12167669992429e-01
5.67500000000000e+00  7.20180884488034e-02
5.70000000000000e+00  3.09458670341063e-02
5.72500000000000e+00  -1.05705035226473e-02
5.75000000000000e+00  -5.20498151921570e-02
5.77500000000000e+00  -9.30133894275006e-02
5.80000000000000e+00  -1.32990323946779e-01
5.82500000000000e+00  -1.71522739515759e-01
5.85000000000000e+00  -2.08171026730540e-01
5.87500000000000e+00  -2.42519092800187e-01
5.90000000000000e+00  -2.74179608329396e-01
5.92500000000000e+00  -3.02799254101131e-01
5.95000000000000e+00  -3.28058545052988e-01
5.97500000000000e+00  -3.49679075405885e-01
6.00000000000000e+00  -3.67427915150055e-01
6.02500000000000e+00  -3.81111455345192e-01
6.05000000000000e+00  -3.90586127114872e-01
6.07500000000000e+00  -3.95757801847697e-01
6.10000000000000e+00  -3.96581191398447e-01
6.12500000000000e+00  -3.93059248289220e-01
6.15000000000000e+00  -3.85242565910581e-01
6.17500000000000e+00  -3.73228778722709e-01
6.20000000000000e+00  -3.57161962456543e-01
6.22500000000000e+00  -3.37232034314926e-01
6.25000000000000e+00  -3.13668688777140e-01
6.27500000000000e+00  -2.86741605486097e-01
6.30000000000000e+00  -2.56753059235222e-01
6.32500000000000e+00  -2.24037197458731e-01
6.35000000000000e+00  -1.88955779662907e-01
6.37500000000000e+00  -1.51893518639573e-01
6.40000000000000e+00  -1.13253421679544e-01
6.42500000000000e+00  -7.34521317861077e-02
6.45000000000000e+00  -3.29152688884742e-02
6.47500000000000e+00  7.92722894475466e-03
6.50000000000000e+00  4.86457642921140e-02
6.52500000000000e+00  8.88157391658254e-02
6.55000000000000e+00  1.28022213798319e-01
6.57500000000000e+00  1.65863959021923e-01
6.60000000000000e+00  2.01957749363520e-01
6.62500000000000e+00  2.35944104279777e-01
6.65000000000000e+00  2.67484549844510e-01
6.67500000000000e+00  2.96271340266020e-01
6.70000000000000e+00  3.22028938450717e-01
6.72500000000000e+00  3.44515496566742e-01
6.75000000000000e+00  3.63524336607578e-01
6.77500000000000e+00  3.78885430955680e-01
6.80000000000000e+00  3.90466882946084e-01
6.82500000000000e+00  3.98176407430033e-01
6.85000000000000e+00  4.01962811338594e-01
6.87500000000000e+00  4.01814828574538e-01
6.90000000000000e+00  3.97755713762728e-01
6.92500000000000e+00  3.89851086582805e-01
6.95000000000000e+00  3.78199607088550e-01
6.97500000000000e+00  3.62936319611858e-01
7.00000000000000e+00  3.44229811793784e-01
7.02500000000000e+00  3.22279373615567e-01
7.05000000000000e+00  2.97312156429676e-01
7.07500000000000e+00  2.69580331990836e-01
7.10000000000000e+00  2.39358251487067e-01
7.12500000000000e+00  2.06939604570724e-01
7.15000000000000e+00  1.72634578389520e-01
7.17500000000000e+00  1.36767016617575e-01
7.20000000000000e+00  9.96685108545989e-02
7.22500000000000e+00  6.16775685933758e-02
7.25000000000000e+00  2.31346055890363e-02
7.27500000000000e+00  -1.56184165498818e-02
7.30000000000000e+00  -5.42441830493019e-02
7.32500000000000e+00  -9.24124598752902e-02
7.35000000000000e+00  -1.29802527639754e-01
7.37500000000000e+00  -1.66105615506113e-01
7.40000000000000e+00  -2.01027335095003e-01
7.42500000000000e+00  -2.34290114389946e-01
7.45000000000000e+00  -2.65635631643045e-01
7.47500000000000e+00  -2.94827249280670e-01
7.50000000000000e+00  -3.21660856203998e-01
7.52500000000000e+00  -3.45922034945471e-01
7.55000000000000e+00  -3.67458302079750e-01
7.57500000000000e+00  -3.86126317305391e-01
7.60000000000000e+00  -4.01810294572311e-01
7.62500000000000e+00  -4.14421384101550e-01
7.65000000000000e+00  -4.23897054405046e-01
7.67500000000000e+00  -4.30200474305409e-01
7.70000000000000e+00  -4.33319894955689e-01
7.72500000000000e+00  -4.33268031859149e-01
7.75000000000000e+00  -4.30081446889038e-01
7.77500000000000e+00  -4.23819930308359e-01
7.80000000000000e+00  -4.14565882789645e-01
7.82500000000000e+00  -4.02419772879392e-01
7.85000000000000e+00  -3.87501668954558e-01
7.87500000000000e+00  -3.69948690818712e-01
7.90000000000000e+00  -3.49913368530764e-01
7.92500000000000e+00  -3.27561775570746e-01
7.95000000000000e+00  -3.03071725551923e-01
7.97500000000000e+00  -2.76630968932896e-01
8.00000000000000e+00  -2.48435389729726e-01
8.02500000000000e+00  -2.18687202228035e-01
8.05000000000000e+00  -1.87593147695126e-01
8.07500000000000e+00  -1.55362691092089e-01
8.10000000000000e+00  -1.22206217785916e-01
8.12500000000000e+00  -8.83336147459845e-02
8.15000000000000e+00  -5.39536165374941e-02
8.17500000000000e+00  -1.92679750452255e-02
8.20000000000000e+00  1.55230994899382e-02
8.22500000000000e+00  5.02265849053895e-02
8.25000000000000e+00  8.46573454844144e-02
8.27500000000000e+00  1.18638830323779e-01
8.30000000000000e+00  1.52003771701345e-01
8.32500000000000e+00  1.84594883443678e-01
8.35000000000000e+00  2.16265559293640e-01
8.37500000000000e+00  2.46880571278014e-01
8.40000000000000e+00  2.76316768075086e-01
8.42500000000000e+00  3.04463773382268e-01
8.45000000000000e+00  3.31222312290473e-01
8.47500000000000e+00  3.56506112519803e-01
8.50000000000000e+00  3.80241622645258e-01
8.52500000000000e+00  4.02366990883343e-01
8.55000000000000e+00  4.22832802411483e-01
8.57500000000000e+00  4.41601595499656e-01
8.60000000000000e+00  4.58647377642055e-01
8.62500000000000e+00  4.73955141688732e-01
8.65000000000000e+00  4.87520381977243e-01
8.67500000000000e+00  4.99348610464305e-01
8.70000000000000e+00  5.09454872857437e-01
8.72500000000000e+00  5.17863264746616e-01
8.75000000000000e+00  5.24601902185121e-01
8.77500000000000e+00  5.29718955739818e-01
8.80000000000000e+00  5.33255554281319e-01
8.82500000000000e+00  5.35264581231306e-01
8.85000000000000e+00  5.35804197846707e-01
8.87500000000000e+00  5.34937216886074e-01
8.90000000000000e+00  5.32730476275972e-01
8.92500000000000e+00  5.29254212777351e-01
8.95000000000000e+00  5.24581435651932e-01
8.97500000000000e+00  5.18787300328586e-01
9.00000000000000e+00  5.11948482069715e-01
9.02500000000000e+00  5.04142549637634e-01
9.05000000000000e+00  4.95447338960951e-01
9.07500000000000e+00  4.85940806219539e-01
9.10000000000000e+00  4.75700213800958e-01
9.12500000000000e+00  4.64801639900815e-01
9.15000000000000e+00  4.53320078356181e-01
9.17500000000000e+00  4.41328556187927e-01
9.20000000000000e+00  4.28897918861583e-01
9.22500000000000e+00  4.16096615548181e-01
9.25000000000000e+00  4.02990484385101e-01
9.27500000000000e+00  3.89642537736926e-01
9.30000000000000e+00  3.76112747456284e-01
9.32500000000000e+00  3.62457830144700e-01
9.35000000000000e+00  3.48731032413441e-01
9.37500000000000e+00  3.34982275802827e-01
9.40000000000000e+00  3.21258866602726e-01
9.42500000000000e+00  3.07602573858995e-01
9.45000000000000e+00  2.94053419118322e-01
9.47500000000000e+00  2.80647700058589e-01
9.50000000000000e+00  2.67418107706191e-01
9.52500000000000e+00  2.54393843653385e-01
9.55000000000000e+00  2.41600737275615e-01
9.57500000000000e+00  2.29061362948848e-01
9.60000000000000e+00  2.16795157266908e-01
9.62500000000000e+00  2.04818536258811e-01
9.65000000000000e+00  1.93145012606097e-01
9.67500000000000e+00  1.81785312860166e-01
9.70000000000000e+00  1.70747494659611e-01
9.72500000000000e+00  1.60037063947554e-01
9.75000000000000e+00  1.49657092188974e-01
9.77500000000000e+00  1.39608333588050e-01
9.80000000000000e+00  1.29889342305486e-01
9.82500000000000e+00  1.20496589675853e-01
9.85000000000000e+00  1.11424581424915e-01
9.87500000000000e+00  1.02665974886972e-01
9.90000000000000e+00  9.42116962221846e-02
9.92500000000000e+00  8.60510576339154e-02
9.95000000000000e+00  7.81718745860599e-02
9.97500000000000e+00  7.05605830203794e-02
1.00000000000000e+01  6.32023565738412e-02
