0.00000000000000e+00  -6.33479108570634e-02
2.50000000000000e-02  -7.05408735384573e-02
5.00000000000000e-02  -7.81019369704918e-02
7.50000000000000e-02  -8.59932253995831e-02
1.00000000000000e-01  -9.41907645159255e-02
1.25000000000000e-01  -1.02682181496978e-01
1.50000000000000e-01  -1.11464405050950e-01
1.75000000000000e-01  -1.20541365460288e-01
2.00000000000000e-01  -1.29921694625164e-01
2.25000000000000e-01  -1.39616426106960e-01
2.50000000000000e-01  -1.49636695171759e-01
2.75000000000000e-01  -1.59991438833826e-01
3.00000000000000e-01  -1.70685095899102e-01
3.25000000000000e-01  -1.81719811586602e-01
3.50000000000000e-01  -1.93091198464675e-01
3.75000000000000e-01  -2.04785322722846e-01
4.00000000000000e-01  -2.16790459673413e-01
4.25000000000000e-01  -2.29085695356517e-01
4.50000000000000e-01  -2.41644460628994e-01
4.75000000000000e-01  -2.54438065253212e-01
5.00000000000000e-01  -2.67439231985932e-01
5.25000000000000e-01  -2.80625630667144e-01
5.50000000000000e-01  -2.93983412308924e-01
5.75000000000000e-01  -3.07510743184277e-01
6.00000000000000e-01  -3.21221338915984e-01
6.25000000000000e-01  -3.34880569270021e-01
6.50000000000000e-01  -3.48726443819148e-01
6.75000000000000e-01  -3.62479308924706e-01
7.00000000000000e-01  -3.76124320920448e-01
7.25000000000000e-01  -3.89632060778925e-01
7.50000000000000e-01  -4.02960496053008e-01
7.75000000000000e-01  -4.16056942817402e-01
8.00000000000000e-01  -4.28860027610170e-01
8.25000000000000e-01  -4.41301649374253e-01
8.50000000000000e-01  -4.53308941398988e-01
8.75000000000000e-01  -4.64806233261628e-01
9.00000000000000e-01  -4.75717012768860e-01
9.25000000000000e-01  -4.85965887898328e-01
9.50000000000000e-01  -4.95474000338433e-01
9.75000000000000e-01  -5.04164693856333e-01
1.00000000000000e+00  -5.11962432872959e-01
1.02500000000000e+00  -5.18791998062224e-01
1.05000000000000e+00  -5.24579422249072e-01
1.07500000000000e+00  -5.29251616625047e-01
1.10000000000000e+00  -5.32735996963849e-01
1.12500000000000e+00  -5.34960109836903e-01
1.15000000000000e+00  -5.35851258828921e-01
1.17500000000000e+00  -5.35336130753466e-01
1.20000000000000e+00  -5.33340421868515e-01
1.22500000000000e+00  -5.29788464092027e-01
1.25000000000000e+00  -5.24672289096898e-01
1.27500000000000e+00  -5.17944094458525e-01
1.30000000000000e+00  -5.09547386699561e-01
1.32500000000000e+00  -4.99451436461635e-01
1.35000000000000e+00  -4.87633490903129e-01
1.37500000000000e+00  -4.74079352319446e-01
1.40000000000000e+00  -4.58783956763284e-01
1.42500000000000e+00  -4.41751952664914e-01
1.45000000000000e+00  -4.22998279452444e-01
1.47500000000000e+00  -4.02548746172101e-01
1.50000000000000e+00  -3.80440610108500e-01
1.52500000000000e+00  -3.56723155404919e-01
1.55000000000000e+00  -3.31458271683569e-01
1.57500000000000e+00  -3.04719388857009e-01
1.60000000000000e+00  -2.76592836527204e-01
1.62500000000000e+00  -2.47178022500912e-01
1.65000000000000e+00  -2.16585473911991e-01
1.67500000000000e+00  -1.84938521253421e-01
1.70000000000000e+00  -1.52372558603849e-01
1.72500000000000e+00  -1.19034303854162e-01
1.75000000000000e+00  -8.50810589340315e-02
1.77500000000000e+00  -5.06799700384826e-02
1.80000000000000e+00  -1.60072878544476e-02
1.82500000000000e+00  1.87523722126789e-02
1.85000000000000e+00  5.34067698124745e-02
1.87500000000000e+00  8.77536765613803e-02
1.90000000000000e+00  1.21591876692866e-01
1.92500000000000e+00  1.54712902848430e-01
1.95000000000000e+00  1.86907160888756e-01
1.97500000000000e+00  2.17964230259014e-01
2.00000000000000e+00  2.47674658440806e-01
2.02500000000000e+00  2.75831755404084e-01
2.05000000000000e+00  3.02233388059084e-01
2.07500000000000e+00  3.26683774708254e-01
2.10000000000000e+00  3.48995279498186e-01
2.12500000000000e+00  3.68990206871542e-01
2.15000000000000e+00  3.86502596018987e-01
2.17500000000000e+00  4.01380015331116e-01
2.20000000000000e+00  4.13485408012467e-01
2.22500000000000e+00  4.22698865889247e-01
2.25000000000000e+00  4.28919978554779e-01
2.27500000000000e+00  4.32066441149111e-01
2.30000000000000e+00  4.32078546162597e-01
2.32500000000000e+00  4.28919806673797e-01
2.35000000000000e+00  4.22577579587371e-01
2.37500000000000e+00  4.13063688871974e-01
2.40000000000000e+00  4.00415048798157e-01
2.42500000000000e+00  3.84694287176258e-01
2.45000000000000e+00  3.65990368594302e-01
2.47500000000000e+00  3.44419217655893e-01
2.50000000000000e+00  3.20115460579025e-01
2.52500000000000e+00  2.93257393099669e-01
2.55000000000000e+00  2.64033807080805e-01
2.57500000000000e+00  2.32657308342137e-01
2.60000000000000e+00  1.99364615668439e-01
2.62500000000000e+00  1.64414125623966e-01
2.65000000000000e+00  1.28083477366847e-01
2.67500000000000e+00  9.06671174635014e-02
2.70000000000000e+00  5.24738647030281e-02
2.72500000000000e+00  1.38244749116196e-02
2.75000000000000e+00  -2.49507942330396e-02
2.77500000000000e+00  -6.35146183873679e-02
2.80000000000000e+00  -1.01525041727484e-01
2.82500000000000e+00  -1.38641584528960e-01
2.85000000000000e+00  -1.74525679603371e-01
2.87500000000000e+00  -2.08845712505775e-01
2.90000000000000e+00  -2.41277716720011e-01
2.92500000000000e+00  -2.71511394173855e-01
2.95000000000000e+00  -2.99252956428438e-01
2.97500000000000e+00  -3.24227965867668e-01
3.00000000000000e+00  -3.46184176887646e-01
3.02500000000000e+00  -3.64894377086087e-01
3.05000000000000e+00  -3.80159228451738e-01
3.07500000000000e+00  -3.91810108553797e-01
3.10000000000000e+00  -3.99711951731335e-01
3.12500000000000e+00  -4.03768278690581e-01
3.15000000000000e+00  -4.03906414327971e-01
3.17500000000000e+00  -4.00109925727531e-01
3.20000000000000e+00  -3.92387524032819e-01
3.22500000000000e+00  -3.80790444688559e-01
3.25000000000000e+00  -3.65410973316972e-01
3.27500000000000e+00  -3.46380971594106e-01
3.30000000000000e+00  -3.23870403126164e-01
3.32500000000000e+00  -2.98085859325838e-01
3.35000000000000e+00  -2.69269085288631e-01
3.37500000000000e+00  -2.37695505669196e-01
3.40000000000000e+00  -2.03672750557659e-01
3.42500000000000e+00  -1.67539181355955e-01
3.45000000000000e+00  -1.29654196955110e-01
3.47500000000000e+00  -9.04009938391778e-02
3.50000000000000e+00  -5.01806649069158e-02
3.52500000000000e+00  -9.40812550964043e-03
3.55000000000000e+00  3.14920832108591e-02
3.57500000000000e+00  7.20904463414623e-02
3.60000000000000e+00  1.11957127216859e-01
3.62500000000000e+00  1.50666619438691e-01
3.65000000000000e+00  1.87802398894695e-01
3.67500000000000e+00  2.22961575777842e-01
3.70000000000000e+00  2.55759546605481e-01
3.72500000000000e+00  2.85834646238480e-01
3.75000000000000e+00  3.12855827859934e-01
3.77500000000000e+00  3.36511652851002e-01
3.80000000000000e+00  3.56542314311629e-01
3.82500000000000e+00  3.72713493304170e-01
3.85000000000000e+00  3.84835863274108e-01
3.87500000000000e+00  3.92765721911131e-01
3.90000000000000e+00  3.96405623010193e-01
3.92500000000000e+00  3.95705008332595e-01
3.95000000000000e+00  3.90660839467043e-01
3.97500000000000e+00  3.81318229690725e-01
4.00000000000000e+00  3.67771075830380e-01
4.02500000000000e+00  3.50162690123361e-01
4.05000000000000e+00  3.28686432078717e-01
4.07500000000000e+00  3.03574945064379e-01
4.10000000000000e+00  2.75106464228920e-01
4.12500000000000e+00  2.43600319358065e-01
4.15000000000000e+00  2.09409619186075e-01
4.17500000000000e+00  1.72921559853357e-01
4.20000000000000e+00  1.34552125174483e-01
4.22500000000000e+00  9.47407869062170e-02
4.25000000000000e+00  5.39452050155366e-02
4.27500000000000e+00  1.26359279476474e-02
4.30000000000000e+00  -2.87089071059836e-02
4.32500000000000e+00  -6.96088739396156e-02
4.35000000000000e+00  -1.09586557065201e-01
4.37500000000000e+00  -1.48168099556926e-01
4.40000000000000e+00  -1.84908475769186e-01
4.42500000000000e+00  -2.19370071638816e-01
4.45000000000000e+00  -2.51141278269967e-01
4.47500000000000e+00  -2.79844025161594e-01
4.50000000000000e+00  -3.05136706949364e-01
4.52500000000000e+00  -3.26717110147558e-01
4.55000000000000e+00  -3.44325339890963e-01
4.57500000000000e+00  -3.57746746676783e-01
4.60000000000000e+00  -3.66814853106533e-01
4.62500000000000e+00  -3.71414280627940e-01
4.65000000000000e+00  -3.71483676276848e-01
4.67500000000000e+00  -3.67018639419114e-01
4.70000000000000e+00  -3.58062581771909e-01
4.72500000000000e+00  -3.44715446622122e-01
4.75000000000000e+00  -3.27131781985684e-01
4.77500000000000e+00  -3.05512210697158e-01
4.80000000000000e+00  -2.80108267283669e-01
4.82500000000000e+00  -2.51217822154998e-01
4.85000000000000e+00  -2.19180505793662e-01
4.87500000000000e+00  -1.84373132945022e-01
4.90000000000000e+00  -1.47205126807356e-01
4.92500000000000e+00  -1.08113943221962e-01
4.95000000000000e+00  -6.75604948632522e-02
4.97500000000000e+00  -2.60245754288288e-02
5.00000000000000e+00  1.60037556782835e-02
5.02500000000000e+00  5.80191508652793e-02
5.05000000000000e+00  9.95311852240653e-02
5.07500000000000e+00  1.40045502465557e-01
5.10000000000000e+00  1.79082177048265e-01
5.12500000000000e+00  2.16180277766621e-01
5.15000000000000e+00  2.50902431339316e-01
5.17500000000000e+00  2.82839385997635e-01
5.20000000000000e+00  3.11614575073786e-01
5.22500000000000e+00  3.36888680589242e-01
5.25000000000000e+00  3.58364196843063e-01
5.27500000000000e+00  3.75789994000243e-01
5.30000000000000e+00  3.88965881680033e-01
5.32500000000000e+00  3.97737714960594e-01
5.35000000000000e+00  4.02005942683856e-01
5.37500000000000e+00  4.01727455193172e-01
5.40000000000000e+00  3.96906989959161e-01
5.42500000000000e+00  3.87606215722035e-01
5.45000000000000e+00  3.73940824829852e-01
5.47500000000000e+00  3.56077625576782e-01
5.50000000000000e+00  3.34231634541370e-01
5.52500000000000e+00  3.08663168924787e-01
5.55000000000000e+00  2.79674938889104e-01
5.57500000000000e+00  2.47609139895545e-01
5.60000000000000e+00  2.12844545042749e-01
5.62500000000000e+00  1.75796289578439e-01
5.65000000000000e+00  1.36889372921469e-01
5.67500000000000e+00  9.65829158603884e-02
5.70000000000000e+00  5.53463864882940e-02
5.72500000000000e+00  1.36575475217319e-02
5.75000000000000e+00  -2.80028393714395e-02
5.77500000000000e+00  -6.91563092442114e-02
5.80000000000000e+00  -1.09331989542569e-01
5.82500000000000e+00  -1.48071895777633e-01
5.85000000000000e+00  -1.84936227197824e-01
5.87500000000000e+00  -2.19508662460999e-01
5.90000000000000e+00  -2.51401655306607e-01
5.92500000000000e+00  -2.80261730227837e-01
5.95000000000000e+00  -3.05769186572798e-01
5.97500000000000e+00  -3.27645409552563e-01
6.00000000000000e+00  -3.45657352604128e-01
6.02500000000000e+00  -3.59611252472531e-01
6.05000000000000e+00  -3.69363378650021e-01
6.07500000000000e+00  -3.74819404917007e-01
6.10000000000000e+00  -3.75933780883020e-01
6.12500000000000e+00  -3.72709103527665e-01
6.15000000000000e+00  -3.65195488741578e-01
6.17500000000000e+00  -3.53489942867381e-01
6.20000000000000e+00  -3.37735734240639e-01
6.22500000000000e+00  -3.18121764730813e-01
6.25000000000000e+00  -2.94880022739053e-01
6.27500000000000e+00  -2.68275271188982e-01
6.30000000000000e+00  -2.38613083159299e-01
6.32500000000000e+00  -2.06226643195380e-01
6.35000000000000e+00  -1.71476889210375e-01
6.37500000000000e+00  -1.34747839081249e-01
6.40000000000000e+00  -9.64419172447864e-02
6.42500000000000e+00  -5.69752812936383e-02
6.45000000000000e+00  -1.67731485723311e-02
6.47500000000000e+00  2.37348772267011e-02
6.50000000000000e+00  6.41194794670851e-02
6.52500000000000e+00  1.03956301972496e-01
6.55000000000000e+00  1.42830622430619e-01
6.57500000000000e+00  1.80341490930659e-01
6.60000000000000e+00  2.16105877791600e-01
6.62500000000000e+00  2.49764622146484e-01
6.65000000000000e+00  2.80979481075289e-01
6.67500000000000e+00  3.09443006146323e-01
6.70000000000000e+00  3.34879979824752e-01
6.72500000000000e+00  3.57048851881136e-01
6.75000000000000e+00  3.75743175799945e-01
6.77500000000000e+00  3.90793045188095e-01
6.80000000000000e+00  4.02066530183470e-01
6.82500000000000e+00  4.09471113863450e-01
6.85000000000000e+00  4.12955128653440e-01
6.87500000000000e+00  4.12510979764009e-01
6.90000000000000e+00  4.08154769611404e-01
6.92500000000000e+00  3.99958844889251e-01
6.95000000000000e+00  3.88021026738822e-01
6.97500000000000e+00  3.72475819627449e-01
7.00000000000000e+00  3.53491521594703e-01
7.02500000000000e+00  3.31267334498561e-01
7.05000000000000e+00  3.06030474261580e-01
7.07500000000000e+00  2.78033281117063e-01
7.10000000000000e+00  2.47550329855233e-01
7.12500000000000e+00  2.14875540069407e-01
7.15000000000000e+00  1.80319286402160e-01
7.17500000000000e+00  1.44205508791503e-01
7.20000000000000e+00  1.06865916447917e-01
7.22500000000000e+00  6.86390531708999e-02
7.25000000000000e+00  2.98653189687692e-02
7.27500000000000e+00  -9.11338607097761e-03
7.30000000000000e+00  -4.79598338715961e-02
7.32500000000000e+00  -8.63438791825143e-02
7.35000000000000e+00  -1.23944870394771e-01
7.37500000000000e+00  -1.60454060356425e-01
7.40000000000000e+00  -1.95577017188000e-01
7.42500000000000e+00  -2.29036035097889e-01
7.45000000000000e+00  -2.60572545197795e-01
7.47500000000000e+00  -2.89949526318152e-01
7.50000000000000e+00  -3.16964080888916e-01
7.52500000000000e+00  -3.41401555991402e-01
7.55000000000000e+00  -3.63109571556225e-01
7.57500000000000e+00  -3.81944810080208e-01
7.60000000000000e+00  -3.97791529223863e-01
7.62500000000000e+00  -4.10560939947207e-01
7.65000000000000e+00  -4.20190584645595e-01
7.67500000000000e+00  -4.26643715285534e-01
7.70000000000000e+00  -4.29908671540513e-01
7.72500000000000e+00  -4.29998258926822e-01
7.75000000000000e+00  -4.26949126939379e-01
7.77500000000000e+00  -4.20821147187552e-01
7.80000000000000e+00  -4.11696791530982e-01
7.82500000000000e+00  -3.99676635648803e-01
7.85000000000000e+00  -3.84880755610832e-01
7.87500000000000e+00  -3.67446380031059e-01
7.90000000000000e+00  -3.47526105047265e-01
7.92500000000000e+00  -3.25286057981421e-01
7.95000000000000e+00  -3.00904098872339e-01
7.97500000000000e+00  -2.74568022008324e-01
8.00000000000000e+00  -2.46473757459832e-01
8.02500000000000e+00  -2.16823572612120e-01
8.05000000000000e+00  -1.85824273697901e-01
8.07500000000000e+00  -1.53685407330002e-01
8.10000000000000e+00  -1.20617462034009e-01
8.12500000000000e+00  -8.68337301907665e-02
8.15000000000000e+00  -5.25322722676699e-02
8.17500000000000e+00  -1.79248221497283e-02
8.20000000000000e+00  1.67895645419695e-02
8.22500000000000e+00  5.14186742628689e-02
8.25000000000000e+00  8.57778829953111e-02
8.27500000000000e+00  1.19690903698863e-01
8.30000000000000e+00  1.52990533760674e-01
8.32500000000000e+00  1.85519402445833e-01
8.35000000000000e+00  2.17130718347697e-01
8.37500000000000e+00  2.47689016838262e-01
8.40000000000000e+00  2.77070907518494e-01
8.42500000000000e+00  3.05165821668683e-01
8.45000000000000e+00  3.31874303558156e-01
8.47500000000000e+00  3.57109994476435e-01
8.50000000000000e+00  3.80799445688243e-01
8.52500000000000e+00  4.02880754469899e-01
8.55000000000000e+00  4.23304628362548e-01
8.57500000000000e+00  4.42033802171033e-01
8.60000000000000e+00  4.59042454962778e-01
8.62500000000000e+00  4.74315627066681e-01
8.65000000000000e+00  4.87848637071984e-01
8.67500000000000e+00  4.99646498827162e-01
8.70000000000000e+00  5.09723338438806e-01
8.72500000000000e+00  5.18101811270502e-01
8.75000000000000e+00  5.24743509853710e-01
8.77500000000000e+00  5.29912870238238e-01
8.80000000000000e+00  5.33449549786362e-01
8.82500000000000e+00  5.35430921979104e-01
8.85000000000000e+00  5.35932623933473e-01
8.87500000000000e+00  5.35028929883022e-01
8.90000000000000e+00  5.32793124658402e-01
8.92500000000000e+00  5.29297877167921e-01
8.95000000000000e+00  5.24615613878095e-01
8.97500000000000e+00  5.18818892294208e-01
9.00000000000000e+00  5.11980774440864e-01
9.02500000000000e+00  5.04175200342546e-01
9.05000000000000e+00  4.95477361504170e-01
9.07500000000000e+00  4.85962764970117e-01
9.10000000000000e+00  4.75708038033853e-01
9.12500000000000e+00  4.64792009805840e-01
9.15000000000000e+00  4.53290042167836e-01
9.17500000000000e+00  4.41278617366021e-01
9.20000000000000e+00  4.28833376240664e-01
9.22500000000000e+00  4.16027156455791e-01
9.25000000000000e+00  4.02928030728850e-01
9.27500000000000e+00  3.89597345060384e-01
9.30000000000000e+00  3.76087756963696e-01
9.32500000000000e+00  3.62441273694517e-01
9.35000000000000e+00  3.48687290480672e-01
9.37500000000000e+00  3.35108058073466e-01
9.40000000000000e+00  3.21180882494817e-01
9.42500000000000e+00  3.07470051828130e-01
9.45000000000000e+00  2.93942738654105e-01
9.47500000000000e+00  2.80585201349474e-01
9.50000000000000e+00  2.67399249791276e-01
9.52500000000000e+00  2.54398711061124e-01
9.55000000000000e+00  2.41605895149482e-01
9.57500000000000e+00  2.29048060659927e-01
9.60000000000000e+00  2.16753880513430e-01
9.62500000000000e+00  2.04749907652620e-01
9.65000000000000e+00  1.93057040746053e-01
9.67500000000000e+00  1.81686989892491e-01
9.70000000000000e+00  1.70653676003540e-01
9.72500000000000e+00  1.59961474262641e-01
9.75000000000000e+00  1.49608228082418e-01
9.77500000000000e+00  1.39589488664321e-01
9.80000000000000e+00  1.29896309968908e-01
9.82500000000000e+00  1.20517548815122e-01
9.85000000000000e+00  1.11442164979561e-01
9.87500000000000e+00  1.02661521295761e-01
9.90000000000000e+00  9.41716837534628e-02
9.92500000000000e+00  8.59757215978924e-02
9.95000000000000e+00  7.80860074290354e-02
9.97500000000000e+00  7.05265173009098e-02
1.00000000000000e+01  6.33351308208472e-02
