0.00000000000000e+00  -6.37687048746209e-02
2.50000000000000e-02  -7.06195744010247e-02
5.00000000000000e-02  -7.80844724248033e-02
7.50000000000000e-02  -8.60127246825020e-02
1.00000000000000e-01  -9.43000629256493e-02
1.25000000000000e-01  -1.02881637816197e-01
1.50000000000000e-01  -1.11725031821955e-01
1.75000000000000e-01  -1.20823272112036e-01
2.00000000000000e-01  -1.30187843452292e-01
2.25000000000000e-01  -1.39841701100752e-01
2.50000000000000e-01  -1.49812283703069e-01
2.75000000000000e-01  -1.60124526187949e-01
3.00000000000000e-01  -1.70793872662599e-01
3.25000000000000e-01  -1.81833594847570e-01
3.50000000000000e-01  -1.93241608783659e-01
3.75000000000000e-01  -2.04991504096477e-01
4.00000000000000e-01  -2.17069144564640e-01
4.25000000000000e-01  -2.29437760437541e-01
4.50000000000000e-01  -2.42049194144950e-01
4.75000000000000e-01  -2.54855146006608e-01
5.00000000000000e-01  -2.67818419941829e-01
5.25000000000000e-01  -2.80924169179099e-01
5.50000000000000e-01  -2.94191141965670e-01
5.75000000000000e-01  -3.07682927277164e-01
6.00000000000000e-01  -3.21519200527168e-01
6.25000000000000e-01  -3.35051177164188e-01
6.50000000000000e-01  -3.49113740174678e-01
6.75000000000000e-01  -3.62931389358566e-01
7.00000000000000e-01  -3.76563558180919e-01
7.25000000000000e-01  -3.90031806398141e-01
7.50000000000000e-01  -4.03325517701182e-01
7.75000000000000e-01  -4.16407597358764e-01
8.00000000000000e-01  -4.29220169860597e-01
8.25000000000000e-01  -4.41690276560597e-01
8.50000000000000e-01  -4.53735573320109e-01
8.75000000000000e-01  -4.65270028151121e-01
9.00000000000000e-01  -4.76209618859487e-01
9.25000000000000e-01  -4.86478030688143e-01
9.50000000000000e-01  -4.95990497356316e-01
9.75000000000000e-01  -5.04671706283152e-01
1.00000000000000e+00  -5.12451363314173e-01
1.02500000000000e+00  -5.19260001325515e-01
1.05000000000000e+00  -5.25031495324378e-01
1.07500000000000e+00  -5.29700548871613e-01
1.10000000000000e+00  -5.33200180504307e-01
1.12500000000000e+00  -5.35459210158372e-01
1.15000000000000e+00  -5.36399745591133e-01
1.17500000000000e+00  -5.35934668803913e-01
1.20000000000000e+00  -5.33965122464621e-01
1.22500000000000e+00  -5.30377996330342e-01
1.25000000000000e+00  -5.25251737318492e-01
1.27500000000000e+00  -5.18554048917506e-01
1.30000000000000e+00  -5.10181033861765e-01
1.32500000000000e+00  -5.00106207661937e-01
1.35000000000000e+00  -4.88309793453393e-01
1.37500000000000e+00  -4.74779499212854e-01
1.40000000000000e+00  -4.59511294975039e-01
1.42500000000000e+00  -4.42510190049315e-01
1.45000000000000e+00  -4.23791010236339e-01
1.47500000000000e+00  -4.03379175044709e-01
1.50000000000000e+00  -3.81311474907612e-01
1.52500000000000e+00  -3.57636848399471e-01
1.55000000000000e+00  -3.32417159452589e-01
1.57500000000000e+00  -3.05725561323891e-01
1.60000000000000e+00  -2.77648471582466e-01
1.62500000000000e+00  -2.48285542223942e-01
1.65000000000000e+00  -2.17747649834936e-01
1.67500000000000e+00  -1.86158530356591e-01
1.70000000000000e+00  -1.53653948223610e-01
1.72500000000000e+00  -1.20380865503297e-01
1.75000000000000e+00  -8.64966110345896e-02
1.77500000000000e+00  -5.21680495670993e-02
1.80000000000000e+00  -1.75707509001488e-02
1.82500000000000e+00  1.71118409781960e-02
1.85000000000000e+00  5.16892387520817e-02
1.87500000000000e+00  8.59551307186368e-02
1.90000000000000e+00  1.19707839957321e-01
1.92500000000000e+00  1.52740937538623e-01
1.95000000000000e+00  1.84844639571200e-01
1.97500000000000e+00  2.15808393831786e-01
2.00000000000000e+00  2.45422664470503e-01
2.02500000000000e+00  2.73480716716151e-01
2.05000000000000e+00  2.99780401581516e-01
2.07500000000000e+00  3.24125940568658e-01
2.10000000000000e+00  3.46329710374218e-01
2.12500000000000e+00  3.66214027594716e-01
2.15000000000000e+00  3.83612933431844e-01
2.17500000000000e+00  3.98373978397772e-01
2.20000000000000e+00  4.10360028055264e-01
2.22500000000000e+00  4.19451257914593e-01
2.25000000000000e+00  4.25547199543511e-01
2.27500000000000e+00  4.28565541645996e-01
2.30000000000000e+00  4.28446571828490e-01
2.32500000000000e+00  4.25153805790988e-01
2.35000000000000e+00  4.18674616518142e-01
2.37500000000000e+00  4.09020863470349e-01
2.40000000000000e+00  3.96229521774853e-01
2.42500000000000e+00  3.80363311416838e-01
2.45000000000000e+00  3.61511326430527e-01
2.47500000000000e+00  3.39789664090276e-01
2.50000000000000e+00  3.15331238148049e-01
2.52500000000000e+00  2.88319610955001e-01
2.55000000000000e+00  2.58938968061343e-01
2.57500000000000e+00  2.27402622534318e-01
2.60000000000000e+00  1.93947857706297e-01
2.62500000000000e+00  1.58833509713242e-01
2.65000000000000e+00  1.22337550033172e-01
2.67500000000000e+00  8.47546680246289e-02
2.70000000000000e+00  4.63938534651412e-02
2.72500000000000e+00  7.57597908969316e-03
2.75000000000000e+00  -3.13686168708122e-02
2.77500000000000e+00  -7.01025481510865e-02
2.80000000000000e+00  -1.08283797912990e-01
2.82500000000000e+00  -1.45571804796845e-01
2.85000000000000e+00  -1.81627887140793e-01
2.87500000000000e+00  -2.16120277689114e-01
2.90000000000000e+00  -2.48724900010562e-01
2.92500000000000e+00  -2.79131283268796e-01
2.95000000000000e+00  -3.07045450400661e-01
2.97500000000000e+00  -3.32192806294469e-01
3.00000000000000e+00  -3.54321025968271e-01
3.02500000000000e+00  -3.73202942748142e-01
3.05000000000000e+00  -3.88639436446456e-01
3.07500000000000e+00  -4.00462321540163e-01
3.10000000000000e+00  -4.08537235349071e-01
3.12500000000000e+00  -4.12764172201064e-01
3.15000000000000e+00  -4.13077801106041e-01
3.17500000000000e+00  -4.09455192594587e-01
3.20000000000000e+00  -4.01906138498277e-01
3.22500000000000e+00  -3.90482642073789e-01
3.25000000000000e+00  -3.75277491366265e-01
3.27500000000000e+00  -3.56422832572673e-01
3.30000000000000e+00  -3.34088743405172e-01
3.32500000000000e+00  -3.08481806454467e-01
3.35000000000000e+00  -2.79843682553173e-01
3.37500000000000e+00  -2.48449684139174e-01
3.40000000000000e+00  -2.14607348618988e-01
3.42500000000000e+00  -1.78655011731128e-01
3.45000000000000e+00  -1.40951916015315e-01
3.47500000000000e+00  -1.01881274067141e-01
3.50000000000000e+00  -6.18440249628243e-02
3.52500000000000e+00  -2.12550240992505e-02
3.55000000000000e+00  1.94612929509913e-02
3.57500000000000e+00  5.98755741608537e-02
3.60000000000000e+00  9.95582147700737e-02
3.62500000000000e+00  1.38084021006417e-01
3.65000000000000e+00  1.75036873806919e-01
3.67500000000000e+00  2.10014392539133e-01
3.70000000000000e+00  2.42632598722369e-01
3.72500000000000e+00  2.72530579748938e-01
3.75000000000000e+00  2.99374070814343e-01
3.77500000000000e+00  3.22860410381043e-01
3.80000000000000e+00  3.42722744973189e-01
3.82500000000000e+00  3.58728120343748e-01
3.85000000000000e+00  3.70688276369562e-01
3.87500000000000e+00  3.78460317730278e-01
3.90000000000000e+00  3.81947384587272e-01
3.92500000000000e+00  3.81099323262567e-01
3.95000000000000e+00  3.75913356917766e-01
3.97500000000000e+00  3.66434756232969e-01
4.00000000000000e+00  3.52757510085703e-01
4.02500000000000e+00  3.35024996229841e-01
4.05000000000000e+00  3.13430651974529e-01
4.07500000000000e+00  2.88207061284395e-01
4.10000000000000e+00  2.59632569596412e-01
4.12500000000000e+00  2.28026597929869e-01
4.15000000000000e+00  1.93742235265719e-01
4.17500000000000e+00  1.57166720265961e-01
4.20000000000000e+00  1.18716087543387e-01
4.22500000000000e+00  7.88298139313462e-02
4.25000000000000e+00  3.79654647534980e-02
4.27500000000000e+00  -3.40665990643653e-03
4.30000000000000e+00  -4.48088789349095e-02
4.32500000000000e+00  -8.57614839187989e-02
4.35000000000000e+00  -1.25788092875642e-01
4.37500000000000e+00  -1.64411792058860e-01
4.40000000000000e+00  -2.01192933463595e-01
4.42500000000000e+00  -2.35689376415629e-01
4.45000000000000e+00  -2.67490597885673e-01
4.47500000000000e+00  -2.96219276853099e-01
4.50000000000000e+00  -3.21534274636371e-01
4.52500000000000e+00  -3.43133615223467e-01
4.55000000000000e+00  -3.60757465602300e-01
4.57500000000000e+00  -3.74191116091145e-01
4.60000000000000e+00  -3.83267960669064e-01
4.62500000000000e+00  -3.87872477306324e-01
4.65000000000000e+00  -3.87943208294830e-01
4.67500000000000e+00  -3.83475740578540e-01
4.70000000000000e+00  -3.74513240758676e-01
4.72500000000000e+00  -3.61155545242489e-01
4.75000000000000e+00  -3.43556986322838e-01
4.77500000000000e+00  -3.21917919877545e-01
4.80000000000000e+00  -2.96489633599302e-01
4.82500000000000e+00  -2.67569749403167e-01
4.85000000000000e+00  -2.35497625834049e-01
4.87500000000000e+00  -2.00649760474211e-01
4.90000000000000e+00  -1.63435192350759e-01
4.92500000000000e+00  -1.24290904343134e-01
4.95000000000000e+00  -8.36772255906143e-02
4.97500000000000e+00  -4.20732338997978e-02
5.00000000000000e+00  2.76688296938601e-05
5.02500000000000e+00  4.21287765990951e-02
5.05000000000000e+00  8.37328652190188e-02
5.07500000000000e+00  1.24346707518779e-01
5.10000000000000e+00  1.63491228694233e-01
5.12500000000000e+00  2.00706103637320e-01
5.15000000000000e+00  2.35554354265625e-01
5.17500000000000e+00  2.67626946851931e-01
5.20000000000000e+00  2.96547389353762e-01
5.22500000000000e+00  3.21976328742948e-01
5.25000000000000e+00  3.43616148335166e-01
5.27500000000000e+00  3.61215565119505e-01
5.30000000000000e+00  3.74574227088006e-01
5.32500000000000e+00  3.83537803701843e-01
5.35000000000000e+00  3.88006458734345e-01
5.37500000000000e+00  3.87937023574162e-01
5.40000000000000e+00  3.83333907037609e-01
5.42500000000000e+00  3.74258559777518e-01
5.45000000000000e+00  3.60826493945508e-01
5.47500000000000e+00  3.43204302854249e-01
5.50000000000000e+00  3.21606680639726e-01
5.52500000000000e+00  2.96293441923506e-01
5.55000000000000e+00  2.67566541475005e-01
5.57500000000000e+00  2.35767093873747e-01
5.60000000000000e+00  2.01272393171634e-01
5.62500000000000e+00  1.64502145953609e-01
5.65000000000000e+00  1.25870826096089e-01
5.67500000000000e+00  8.58456853502631e-02
5.70000000000000e+00  4.48943926008045e-02
5.72500000000000e+00  3.49329651162473e-03
5.75000000000000e+00  -3.78779275986272e-02
5.77500000000000e+00  -7.87416308810878e-02
5.80000000000000e+00  -1.18627544081184e-01
5.82500000000000e+00  -1.57078130663139e-01
5.85000000000000e+00  -1.93653939934497e-01
5.87500000000000e+00  -2.27938960170615e-01
5.90000000000000e+00  -2.59545971739194e-01
5.92500000000000e+00  -2.88121900224772e-01
5.95000000000000e+00  -3.13347334533571e-01
5.97500000000000e+00  -3.34943933855413e-01
6.00000000000000e+00  -3.52679112824490e-01
6.02500000000000e+00  -3.66359427967893e-01
6.05000000000000e+00  -3.75841488879430e-01
6.07500000000000e+00  -3.81031287810459e-01
6.10000000000000e+00  -3.81883529260721e-01
6.12500000000000e+00  -3.78400959569182e-01
6.15000000000000e+00  -3.70633696504859e-01
6.17500000000000e+00  -3.58678558857663e-01
6.20000000000000e+00  -3.42678396029232e-01
6.22500000000000e+00  -3.22821417623761e-01
6.25000000000000e+00  -2.99341608748175e-01
6.27500000000000e+00  -2.72502510931530e-01
6.30000000000000e+00  -2.42609981279843e-01
6.32500000000000e+00  -2.09997140917397e-01
6.35000000000000e+00  -1.75024840464082e-01
6.37500000000000e+00  -1.38076997091261e-01
6.40000000000000e+00  -9.95559315776280e-02
6.42500000000000e+00  -5.98777053650797e-02
6.45000000000000e+00  -1.94674576145710e-02
6.47500000000000e+00  2.12452577380174e-02
6.50000000000000e+00  6.18311349260102e-02
6.52500000000000e+00  1.01865779296085e-01
6.55000000000000e+00  1.40934370252399e-01
6.57500000000000e+00  1.78635997285317e-01
6.60000000000000e+00  2.14587469213369e-01
6.62500000000000e+00  2.48429557135547e-01
6.65000000000000e+00  2.79823932057692e-01
6.67500000000000e+00  3.08463054930609e-01
6.70000000000000e+00  3.34071603477684e-01
6.72500000000000e+00  3.56407899022491e-01
6.75000000000000e+00  3.75265333316400e-01
6.77500000000000e+00  3.90473795366191e-01
6.80000000000000e+00  4.01901098261657e-01
6.82500000000000e+00  4.09454406003217e-01
6.85000000000000e+00  4.13081660329527e-01
6.87500000000000e+00  4.12775371351812e-01
6.90000000000000e+00  4.08551326957335e-01
6.92500000000000e+00  4.00481866574356e-01
6.95000000000000e+00  3.88664568519314e-01
6.97500000000000e+00  3.73233720632804e-01
7.00000000000000e+00  3.54357432905147e-01
7.02500000000000e+00  3.32234750101960e-01
7.05000000000000e+00  3.07092764389728e-01
7.07500000000000e+00  2.79183727961372e-01
7.10000000000000e+00  2.48782165661822e-01
7.12500000000000e+00  2.16181987613589e-01
7.15000000000000e+00  1.81693601842327e-01
7.17500000000000e+00  1.45641026902415e-01
7.20000000000000e+00  1.08355977848802e-01
7.22500000000000e+00  7.01770903702620e-02
7.25000000000000e+00  3.14448871008841e-02
7.27500000000000e+00  -7.49864745009636e-03
7.30000000000000e+00  -4.63161511544443e-02
7.32500000000000e+00  -8.46773017358288e-02
7.35000000000000e+00  -1.22261234240744e-01
7.37500000000000e+00  -1.58758958509404e-01
7.40000000000000e+00  -1.93875776646664e-01
7.42500000000000e+00  -2.27333700492921e-01
7.45000000000000e+00  -2.58873869095023e-01
7.47500000000000e+00  -2.88258966177185e-01
7.50000000000000e+00  -3.15286457533101e-01
7.52500000000000e+00  -3.39739665638315e-01
7.55000000000000e+00  -3.61467422860565e-01
7.57500000000000e+00  -3.80325943048229e-01
7.60000000000000e+00  -3.96199067720475e-01
7.62500000000000e+00  -4.08997637671258e-01
7.65000000000000e+00  -4.18658864573329e-01
7.67500000000000e+00  -4.25145702582232e-01
7.70000000000000e+00  -4.28446219940313e-01
7.72500000000000e+00  -4.28572970580714e-01
7.75000000000000e+00  -4.25562365731385e-01
7.77500000000000e+00  -4.19474045519079e-01
7.80000000000000e+00  -4.10390250573359e-01
7.82500000000000e+00  -3.98411380887800e-01
7.85000000000000e+00  -3.83657195503015e-01
7.87500000000000e+00  -3.66264767342761e-01
7.90000000000000e+00  -3.46386487805132e-01
7.92500000000000e+00  -3.24188262674112e-01
7.95000000000000e+00  -2.99847727628592e-01
7.97500000000000e+00  -2.73552463751392e-01
8.00000000000000e+00  -2.45498213038287e-01
8.02500000000000e+00  -2.15887093907022e-01
8.05000000000000e+00  -1.84925816706342e-01
8.07500000000000e+00  -1.52823899225009e-01
8.10000000000000e+00  -1.19791882200823e-01
8.12500000000000e+00  -8.60491590796642e-02
8.15000000000000e+00  -5.17733165299840e-02
8.17500000000000e+00  -1.71948810815672e-02
8.20000000000000e+00  1.74894356901741e-02
8.22500000000000e+00  5.20891286677164e-02
8.25000000000000e+00  8.64207305357855e-02
8.27500000000000e+00  1.20308643125686e-01
8.30000000000000e+00  1.53585968759660e-01
8.32500000000000e+00  1.86095341595237e-01
8.35000000000000e+00  2.17689758969574e-01
8.37500000000000e+00  2.48233412743814e-01
8.40000000000000e+00  2.77602520647424e-01
8.42500000000000e+00  3.05686157622546e-01
8.45000000000000e+00  3.32384621777800e-01
8.47500000000000e+00  3.57611444520699e-01
8.50000000000000e+00  3.81293421175719e-01
8.52500000000000e+00  4.03368635877164e-01
8.55000000000000e+00  4.23788098650709e-01
8.57500000000000e+00  4.42514968487137e-01
8.60000000000000e+00  4.59523776416079e-01
8.62500000000000e+00  4.74799648579772e-01
8.65000000000000e+00  4.88337529306789e-01
8.67500000000000e+00  5.00141404185792e-01
8.70000000000000e+00  5.10223523139276e-01
8.72500000000000e+00  5.18603623497312e-01
8.75000000000000e+00  5.25099810420987e-01
8.77500000000000e+00  5.30440985083648e-01
8.80000000000000e+00  5.34034381009229e-01
8.82500000000000e+00  5.36009855831476e-01
8.85000000000000e+00  5.36480501975972e-01
8.87500000000000e+00  5.35545160484621e-01
8.90000000000000e+00  5.33290934840122e-01
8.92500000000000e+00  5.29795704790453e-01
8.95000000000000e+00  5.25130640173346e-01
8.97500000000000e+00  5.19362714740769e-01
9.00000000000000e+00  5.12557219983404e-01
9.02500000000000e+00  5.04780278955129e-01
9.05000000000000e+00  4.96101360097493e-01
9.07500000000000e+00  4.86590761127031e-01
9.10000000000000e+00  4.76323801343178e-01
9.12500000000000e+00  4.65385257100373e-01
9.15000000000000e+00  4.53851454349051e-01
9.17500000000000e+00  4.41806429317815e-01
9.20000000000000e+00  4.29336230107670e-01
9.22500000000000e+00  4.16523218286257e-01
9.25000000000000e+00  4.03440370482084e-01
9.27500000000000e+00  3.90145579978769e-01
9.30000000000000e+00  3.76675958309266e-01
9.32500000000000e+00  3.63042136850105e-01
9.35000000000000e+00  3.49222568415624e-01
9.37500000000000e+00  3.35993692490425e-01
9.40000000000000e+00  3.21623514181380e-01
9.42500000000000e+00  3.07784673159639e-01
9.45000000000000e+00  2.94290164465650e-01
9.47500000000000e+00  2.81020320410915e-01
9.50000000000000e+00  2.67911563885113e-01
9.52500000000000e+00  2.54945161663233e-01
9.55000000000000e+00  2.42135977712695e-01
9.57500000000000e+00  2.29521226500472e-01
9.60000000000000e+00  2.17149226300221e-01
9.62500000000000e+00  2.05068152499406e-01
9.65000000000000e+00  1.93314790906419e-01
9.67500000000000e+00  1.81903291057714e-01
9.70000000000000e+00  1.70860077254958e-01
9.72500000000000e+00  1.60187244355029e-01
9.75000000000000e+00  1.49871529335159e-01
9.77500000000000e+00  1.39897495966609e-01
9.80000000000000e+00  1.30240215358732e-01
9.82500000000000e+00  1.20872253627636e-01
9.85000000000000e+00  1.11770659564844e-01
9.87500000000000e+00  1.02923952305954e-01
9.90000000000000e+00  9.43391089992986e-02
9.92500000000000e+00  8.60485524746103e-02
9.95000000000000e+00  7.81171389116783e-02
9.97500000000000e+00  7.06491455090096e-02
1.00000000000000e+01  6.37952581524948e-02
