0.00000000000000e+00  -6.47457518624049e-02
2.50000000000000e-02  -7.21132061813404e-02
5.00000000000000e-02  -7.98213386082415e-02
7.50000000000000e-02  -8.78457697329148e-02
1.00000000000000e-01  -9.61719863825493e-02
1.25000000000000e-01  -1.04793621818570e-01
1.50000000000000e-01  -1.13710735933490e-01
1.75000000000000e-01  -1.22928095447767e-01
2.00000000000000e-01  -1.32453454106654e-01
2.25000000000000e-01  -1.42295832877058e-01
2.50000000000000e-01  -1.52463800144390e-01
2.75000000000000e-01  -1.62963751909423e-01
3.00000000000000e-01  -1.73798191985143e-01
3.25000000000000e-01  -1.84967337973433e-01
3.50000000000000e-01  -1.96465927000091e-01
3.75000000000000e-01  -2.08280557207037e-01
4.00000000000000e-01  -2.20399410255258e-01
4.25000000000000e-01  -2.32802759426347e-01
4.50000000000000e-01  -2.45465699888032e-01
4.75000000000000e-01  -2.58360878959707e-01
5.00000000000000e-01  -2.71461226377962e-01
5.25000000000000e-01  -2.84742684562114e-01
5.50000000000000e-01  -2.98186938879737e-01
5.75000000000000e-01  -3.11784147912193e-01
6.00000000000000e-01  -3.25535673720163e-01
6.25000000000000e-01  -3.39157155959603e-01
6.50000000000000e-01  -3.53113657480462e-01
6.75000000000000e-01  -3.66910397837579e-01
7.00000000000000e-01  -3.80555870543596e-01
7.25000000000000e-01  -3.94037586670129e-01
7.50000000000000e-01  -4.07324886403714e-01
7.75000000000000e-01  -4.20371750601752e-01
8.00000000000000e-01  -4.33119612348455e-01
8.25000000000000e-01  -4.45500168510794e-01
8.50000000000000e-01  -4.57438191294439e-01
8.75000000000000e-01  -4.68854339799714e-01
9.00000000000000e-01  -4.79667971577533e-01
9.25000000000000e-01  -4.89799954185354e-01
9.50000000000000e-01  -4.99168468306674e-01
9.75000000000000e-01  -5.07695543661831e-01
1.00000000000000e+00  -5.15309298348128e-01
1.02500000000000e+00  -5.21933584135603e-01
1.05000000000000e+00  -5.27498273314505e-01
1.07500000000000e+00  -5.31936479469401e-01
1.10000000000000e+00  -5.35181778253287e-01
1.12500000000000e+00  -5.37165428161700e-01
1.15000000000000e+00  -5.37813591306822e-01
1.17500000000000e+00  -5.37044554191597e-01
1.20000000000000e+00  -5.34765948483835e-01
1.22500000000000e+00  -5.30871971790325e-01
1.25000000000000e+00  -5.25602050277118e-01
1.27500000000000e+00  -5.18330319319602e-01
1.30000000000000e+00  -5.09528513161654e-01
1.32500000000000e+00  -4.99092488852242e-01
1.35000000000000e+00  -4.86949588346296e-01
1.37500000000000e+00  -4.73055441722674e-01
1.40000000000000e+00  -4.57390770402135e-01
1.42500000000000e+00  -4.39958190365306e-01
1.45000000000000e+00  -4.20779015370650e-01
1.47500000000000e+00  -3.99890060172437e-01
1.50000000000000e+00  -3.77340443738715e-01
1.52500000000000e+00  -3.53188392469271e-01
1.55000000000000e+00  -3.27498043413610e-01
1.57500000000000e+00  -3.00350825390815e-01
1.60000000000000e+00  -2.71833584019786e-01
1.62500000000000e+00  -2.42042201570964e-01
1.65000000000000e+00  -2.11083653227479e-01
1.67500000000000e+00  -1.79075625949873e-01
1.70000000000000e+00  -1.46147837440866e-01
1.72500000000000e+00  -1.12443355110133e-01
1.75000000000000e+00  -7.81199150390728e-02
1.77500000000000e+00  -4.33512409455817e-02
1.80000000000000e+00  -8.32836314882843e-03
1.82500000000000e+00  2.67390624659798e-02
1.85000000000000e+00  6.16214354828170e-02
1.87500000000000e+00  9.62002144171646e-02
1.90000000000000e+00  1.30291694890213e-01
1.92500000000000e+00  1.63636545488379e-01
1.95000000000000e+00  1.96030473094522e-01
1.97500000000000e+00  2.27267228406839e-01
2.00000000000000e+00  2.57140613596685e-01
2.02500000000000e+00  2.85446489966378e-01
2.05000000000000e+00  3.11984785607022e-01
2.07500000000000e+00  3.36561503056313e-01
2.10000000000000e+00  3.58990726956357e-01
2.12500000000000e+00  3.79096631711482e-01
2.15000000000000e+00  3.96715489146050e-01
2.17500000000000e+00  4.11697676162276e-01
2.20000000000000e+00  4.23911869300727e-01
2.22500000000000e+00  4.33237755252482e-01
2.25000000000000e+00  4.39579947512224e-01
2.27500000000000e+00  4.42859729012852e-01
2.30000000000000e+00  4.43021091195514e-01
2.32500000000000e+00  4.40031154930471e-01
2.35000000000000e+00  4.33880591437972e-01
2.37500000000000e+00  4.24584043209125e-01
2.40000000000000e+00  4.12180544926765e-01
2.42500000000000e+00  3.96733944386329e-01
2.45000000000000e+00  3.78333323416724e-01
2.47500000000000e+00  3.57093418801196e-01
2.50000000000000e+00  3.33161943345733e-01
2.52500000000000e+00  3.06697658965774e-01
2.55000000000000e+00  2.77905324146101e-01
2.57500000000000e+00  2.46994988347171e-01
2.60000000000000e+00  2.14200704394107e-01
2.62500000000000e+00  1.79778085042091e-01
2.65000000000000e+00  1.44001859541743e-01
2.67500000000000e+00  1.07163430204517e-01
2.70000000000000e+00  6.95684289680748e-02
2.72500000000000e+00  3.15342739616793e-02
2.75000000000000e+00  -6.61227392842005e-03
2.77500000000000e+00  -4.45375544936030e-02
2.80000000000000e+00  -8.19034516374916e-02
2.82500000000000e+00  -1.18377178831663e-01
2.85000000000000e+00  -1.53619606150926e-01
2.87500000000000e+00  -1.87307489135406e-01
2.90000000000000e+00  -2.19122107623085e-01
2.92500000000000e+00  -2.48758622263453e-01
2.95000000000000e+00  -2.75928725933537e-01
2.97500000000000e+00  -3.00363295153933e-01
3.00000000000000e+00  -3.21815041504829e-01
3.02500000000000e+00  -3.40061163042043e-01
3.05000000000000e+00  -3.54905995713046e-01
3.07500000000000e+00  -3.66183664772990e-01
3.10000000000000e+00  -3.73760736200743e-01
3.12500000000000e+00  -3.77555926781952e-01
3.15000000000000e+00  -3.77475645244878e-01
3.17500000000000e+00  -3.73528783359937e-01
3.20000000000000e+00  -3.65723065652258e-01
3.22500000000000e+00  -3.54109373925016e-01
3.25000000000000e+00  -3.38780113938070e-01
3.27500000000000e+00  -3.19867582086600e-01
3.30000000000000e+00  -2.97542332079750e-01
3.32500000000000e+00  -2.72011541619264e-01
3.35000000000000e+00  -2.43517379078125e-01
3.37500000000000e+00  -2.12335370179194e-01
3.40000000000000e+00  -1.78772764673847e-01
3.42500000000000e+00  -1.43166903020621e-01
3.45000000000000e+00  -1.05873510702731e-01
3.47500000000000e+00  -6.72752030710662e-02
3.50000000000000e+00  -2.77697236602171e-02
3.52500000000000e+00  1.22318538651485e-02
3.55000000000000e+00  5.23091218687317e-02
3.57500000000000e+00  9.20369504429532e-02
3.60000000000000e+00  1.30990099109306e-01
3.62500000000000e+00  1.68747828518706e-01
3.65000000000000e+00  2.04898512151845e-01
3.67500000000000e+00  2.39044248019543e-01
3.70000000000000e+00  2.70805470363098e-01
3.72500000000000e+00  2.99825561354639e-01
3.75000000000000e+00  3.25796624401503e-01
3.77500000000000e+00  3.48370117296764e-01
3.80000000000000e+00  3.67331461629059e-01
3.82500000000000e+00  3.82447557996737e-01
3.85000000000000e+00  3.93531566141342e-01
3.87500000000000e+00  4.00443257665446e-01
3.90000000000000e+00  4.03089368750464e-01
3.92500000000000e+00  4.01423952874483e-01
3.95000000000000e+00  3.95448733530083e-01
3.97500000000000e+00  3.85213456942158e-01
4.00000000000000e+00  3.70816244785744e-01
4.02500000000000e+00  3.52403946903837e-01
4.05000000000000e+00  3.30172494025223e-01
4.07500000000000e+00  3.04356318173336e-01
4.10000000000000e+00  2.75234303412952e-01
4.12500000000000e+00  2.43124932399958e-01
4.15000000000000e+00  2.08380345896283e-01
4.17500000000000e+00  1.71385458647078e-01
4.20000000000000e+00  1.32553042646287e-01
4.22500000000000e+00  9.23188104022336e-02
4.25000000000000e+00  5.11364982031888e-02
4.27500000000000e+00  9.47294938294709e-03
4.30000000000000e+00  -3.21968024135897e-02
4.32500000000000e+00  -7.33944499648450e-02
4.35000000000000e+00  -1.13643329206980e-01
4.37500000000000e+00  -1.52503745563573e-01
4.40000000000000e+00  -1.89478165319371e-01
4.42500000000000e+00  -2.24183865433299e-01
4.45000000000000e+00  -2.56207447101205e-01
4.47500000000000e+00  -2.85170999537292e-01
4.50000000000000e+00  -3.10734610325204e-01
4.52500000000000e+00  -3.32598875769119e-01
4.55000000000000e+00  -3.50507411244828e-01
4.57500000000000e+00  -3.64249361550830e-01
4.60000000000000e+00  -3.73661911259409e-01
4.62500000000000e+00  -3.78632795067733e-01
4.65000000000000e+00  -3.79102808148930e-01
4.67500000000000e+00  -3.75068316503184e-01
4.70000000000000e+00  -3.66574164199844e-01
4.72500000000000e+00  -3.53719411564803e-01
4.75000000000000e+00  -3.36657827204153e-01
4.77500000000000e+00  -3.15588306134524e-01
4.80000000000000e+00  -2.90760003669756e-01
4.82500000000000e+00  -2.62467968765167e-01
4.85000000000000e+00  -2.31048777361828e-01
4.87500000000000e+00  -1.96876165730840e-01
4.90000000000000e+00  -1.60356663817600e-01
4.92500000000000e+00  -1.21925228586082e-01
4.95000000000000e+00  -8.20408773631108e-02
4.97500000000000e+00  -4.11823211826247e-02
5.00000000000000e+00  1.84339620857616e-04
5.02500000000000e+00  4.15203449922298e-02
5.05000000000000e+00  8.23708025739686e-02
5.07500000000000e+00  1.22241772497479e-01
5.10000000000000e+00  1.60654716200309e-01
5.12500000000000e+00  1.97150857869331e-01
5.15000000000000e+00  2.31295545883954e-01
5.17500000000000e+00  2.62682614259312e-01
5.20000000000000e+00  2.90938744089454e-01
5.22500000000000e+00  3.15727824990555e-01
5.25000000000000e+00  3.36755316544096e-01
5.27500000000000e+00  3.53772609740073e-01
5.30000000000000e+00  3.66581388420185e-01
5.32500000000000e+00  3.75028477877121e-01
5.35000000000000e+00  3.79015428506539e-01
5.37500000000000e+00  3.78498010780049e-01
5.40000000000000e+00  3.73480475808060e-01
5.42500000000000e+00  3.64022633071132e-01
5.45000000000000e+00  3.50237333568648e-01
5.47500000000000e+00  3.32287952967500e-01
5.50000000000000e+00  3.10385874750769e-01
5.52500000000000e+00  2.84787973366401e-01
5.55000000000000e+00  2.55794097375898e-01
5.57500000000000e+00  2.23744552602988e-01
5.60000000000000e+00  1.89017585282310e-01
5.62500000000000e+00  1.51996454586535e-01
5.65000000000000e+00  1.13155341215289e-01
5.67500000000000e+00  7.29006796175607e-02
5.70000000000000e+00  3.17026608336395e-02
5.72500000000000e+00  -9.96203865844204e-03
5.75000000000000e+00  -5.16151704673529e-02
5.77500000000000e+00  -9.27818278129341e-02
5.80000000000000e+00  -1.32995359050651e-01
5.82500000000000e+00  -1.71802281196045e-01
5.85000000000000e+00  -2.08767193449207e-01
5.87500000000000e+00  -2.43477690719216e-01
5.90000000000000e+00  -2.75549277148614e-01
5.92500000000000e+00  -3.04630279637853e-01
5.95000000000000e+00  -3.30402714269654e-01
5.97500000000000e+00  -3.52588231435698e-01
6.00000000000000e+00  -3.70952958074676e-01
6.02500000000000e+00  -3.85301542749264e-01
6.05000000000000e+00  -3.95487724796047e-01
6.07500000000000e+00  -4.01413974714210e-01
6.10000000000000e+00  -4.03031134554222e-01
6.12500000000000e+00  -4.00338058306529e-01
6.15000000000000e+00  -3.93381252290242e-01
6.17500000000000e+00  -3.82254515541823e-01
6.20000000000000e+00  -3.67098580203776e-01
6.22500000000000e+00  -3.48100751913335e-01
6.25000000000000e+00  -3.25473377998725e-01
6.27500000000000e+00  -2.99494933820731e-01
6.30000000000000e+00  -2.70450767860468e-01
6.32500000000000e+00  -2.38670215470405e-01
6.35000000000000e+00  -2.04510107589599e-01
6.37500000000000e+00  -1.68350159850011e-01
6.40000000000000e+00  -1.30588361682800e-01
6.42500000000000e+00  -9.16363654246376e-02
6.45000000000000e+00  -5.19148754240059e-02
6.47500000000000e+00  -1.18490371475021e-02
6.50000000000000e+00  2.81361737138483e-02
6.52500000000000e+00  6.76205621383004e-02
6.55000000000000e+00  1.06193324667072e-01
6.57500000000000e+00  1.43457031050981e-01
6.60000000000000e+00  1.79029426907448e-01
6.62500000000000e+00  2.12555190993545e-01
6.65000000000000e+00  2.43697421841065e-01
6.67500000000000e+00  2.72149339396276e-01
6.70000000000000e+00  2.97635912346443e-01
6.72500000000000e+00  3.19915485446355e-01
6.75000000000000e+00  3.38781406844842e-01
6.77500000000000e+00  3.54063655411300e-01
6.80000000000000e+00  3.65630468062210e-01
6.82500000000000e+00  3.73389967087663e-01
6.85000000000000e+00  3.77291787477878e-01
6.87500000000000e+00  3.77311633634912e-01
6.90000000000000e+00  3.73492291302782e-01
6.92500000000000e+00  3.65876596943720e-01
6.95000000000000e+00  3.54563315694692e-01
6.97500000000000e+00  3.39686263494605e-01
7.00000000000000e+00  3.21411654173656e-01
7.02500000000000e+00  2.99935446542688e-01
7.05000000000000e+00  2.75480691482546e-01
7.07500000000000e+00  2.48294879033422e-01
7.10000000000000e+00  2.18647285484216e-01
7.12500000000000e+00  1.86826320461893e-01
7.15000000000000e+00  1.53136874020822e-01
7.17500000000000e+00  1.17897663732147e-01
7.20000000000000e+00  8.14318870073069e-02
7.22500000000000e+00  4.40785771288936e-02
7.25000000000000e+00  6.17037540173302e-03
7.27500000000000e+00  -3.19547886360769e-02
7.30000000000000e+00  -6.99634840051404e-02
7.32500000000000e+00  -1.07529217787673e-01
7.35000000000000e+00  -1.44334874630425e-01
7.37500000000000e+00  -1.80075156247585e-01
7.40000000000000e+00  -2.14459020923704e-01
7.42500000000000e+00  -2.47212123016596e-01
7.45000000000000e+00  -2.78079252460263e-01
7.47500000000000e+00  -3.06826774267803e-01
7.50000000000000e+00  -3.33238154624252e-01
7.52500000000000e+00  -3.57129785409378e-01
7.55000000000000e+00  -3.78322624974974e-01
7.57500000000000e+00  -3.96676292631860e-01
7.60000000000000e+00  -4.12076474080255e-01
7.62500000000000e+00  -4.24434497590050e-01
7.65000000000000e+00  -4.33686910181087e-01
7.67500000000000e+00  -4.39795053803435e-01
7.70000000000000e+00  -4.42744641517670e-01
7.72500000000000e+00  -4.42545333675151e-01
7.75000000000000e+00  -4.39230314098295e-01
7.77500000000000e+00  -4.32855866260858e-01
7.80000000000000e+00  -4.23500949468209e-01
7.82500000000000e+00  -4.11261163345018e-01
7.85000000000000e+00  -3.96256999971118e-01
7.87500000000000e+00  -3.78619925294566e-01
7.90000000000000e+00  -3.58499673710671e-01
7.92500000000000e+00  -3.36060048689103e-01
7.95000000000000e+00  -3.11476916392510e-01
7.97500000000000e+00  -2.84936199295130e-01
8.00000000000000e+00  -2.56631869801417e-01
8.02500000000000e+00  -2.26763943864643e-01
8.05000000000000e+00  -1.95536474605531e-01
8.07500000000000e+00  -1.63155545930862e-01
8.10000000000000e+00  -1.29827266152092e-01
8.12500000000000e+00  -9.56234398193345e-02
8.15000000000000e+00  -6.12001783720714e-02
8.17500000000000e+00  -2.63440145984364e-02
8.20000000000000e+00  8.69441182714537e-03
8.22500000000000e+00  4.36857391119255e-02
8.25000000000000e+00  7.84205619875134e-02
8.27500000000000e+00  1.12708110352526e-01
8.30000000000000e+00  1.46374927915268e-01
8.32500000000000e+00  1.79263550836403e-01
8.35000000000000e+00  2.11231186371611e-01
8.37500000000000e+00  2.42148391514273e-01
8.40000000000000e+00  2.71897751638123e-01
8.42500000000000e+00  3.00372559139927e-01
8.45000000000000e+00  3.27477193985064e-01
8.47500000000000e+00  3.53125064367955e-01
8.50000000000000e+00  3.77234984835115e-01
8.52500000000000e+00  3.99743052224182e-01
8.55000000000000e+00  4.20591260666838e-01
8.57500000000000e+00  4.39730697751355e-01
8.60000000000000e+00  4.57124740685150e-01
8.62500000000000e+00  4.72752252457342e-01
8.65000000000000e+00  4.86610778001300e-01
8.67500000000000e+00  4.98719740357196e-01
8.70000000000000e+00  5.09123636834564e-01
8.72500000000000e+00  5.17895235174846e-01
8.75000000000000e+00  5.24777331630608e-01
8.77500000000000e+00  5.30382589846054e-01
8.80000000000000e+00  5.34252615147461e-01
8.82500000000000e+00  5.36509466808464e-01
8.85000000000000e+00  5.37258975220495e-01
8.87500000000000e+00  5.36593521923711e-01
8.90000000000000e+00  5.34594819637905e-01
8.92500000000000e+00  5.31336692293439e-01
8.95000000000000e+00  5.26887855062156e-01
8.97500000000000e+00  5.21314694388305e-01
9.00000000000000e+00  5.14684048019460e-01
9.02500000000000e+00  5.07065985037442e-01
9.05000000000000e+00  4.98536585889242e-01
9.07500000000000e+00  4.89167657380886e-01
9.10000000000000e+00  4.79037087516230e-01
9.12500000000000e+00  4.68226607585094e-01
9.15000000000000e+00  4.56815256688521e-01
9.17500000000000e+00  4.44883580163117e-01
9.20000000000000e+00  4.32510818850376e-01
9.22500000000000e+00  4.19772098365997e-01
9.25000000000000e+00  4.06735618369204e-01
9.27500000000000e+00  3.93459841832073e-01
9.30000000000000e+00  3.79990684308848e-01
9.32500000000000e+00  3.66358703205267e-01
9.35000000000000e+00  3.52576287047876e-01
9.37500000000000e+00  3.38934494853555e-01
9.40000000000000e+00  3.25029050756258e-01
9.42500000000000e+00  3.11293759849221e-01
9.45000000000000e+00  2.97713237185272e-01
9.47500000000000e+00  2.84286035484584e-01
9.50000000000000e+00  2.71021915058165e-01
9.52500000000000e+00  2.57939113731379e-01
9.55000000000000e+00  2.45061616767438e-01
9.57500000000000e+00  2.32416426790908e-01
9.60000000000000e+00  2.20030833711217e-01
9.62500000000000e+00  2.07929684646156e-01
9.65000000000000e+00  1.96132653845383e-01
9.67500000000000e+00  1.84651512613927e-01
9.70000000000000e+00  1.73499620380733e-01
9.72500000000000e+00  1.62682202945040e-01
9.75000000000000e+00  1.52199010687456e-01
9.77500000000000e+00  1.42047512648439e-01
9.80000000000000e+00  1.32221290512460e-01
9.82500000000000e+00  1.22711758249209e-01
9.85000000000000e+00  1.13509881754806e-01
9.87500000000000e+00  1.04607898493009e-01
9.90000000000000e+00  9.60010371364203e-02
9.92500000000000e+00  8.76892372077008e-02
9.95000000000000e+00  7.96788687207762e-02
9.97500000000000e+00  7.19844518220449e-02
1.00000000000000e+01  6.46303764315930e-02
