0.00000000000000e+00  9.61824113282837e-07
5.00000000000000e-02  1.18341095901910e-06
1.00000000000000e-01  1.37777971036949e-06
1.50000000000000e-01  1.55310764205050e-06
2.00000000000000e-01  1.71670638930830e-06
2.50000000000000e-01  1.87509417196787e-06
3.00000000000000e-01  2.03406801848219e-06
3.50000000000000e-01  2.19877598998140e-06
4.00000000000000e-01  2.37378940432206e-06
4.50000000000000e-01  2.56317506013624e-06
5.00000000000000e-01  2.77056746088079e-06
5.50000000000000e-01  2.99924103888650e-06
6.00000000000000e-01  3.25218237940726e-06
6.50000000000000e-01  3.53216244466932e-06
7.00000000000000e-01  3.84180879792040e-06
7.50000000000000e-01  4.18367782747896e-06
8.00000000000000e-01  4.56032697078331e-06
8.50000000000000e-01  4.97438693844083e-06
9.00000000000000e-01  5.42863393827722e-06
9.50000000000000e-01  5.92606189938557e-06
1.00000000000000e+00  6.46995469617568e-06
1.05000000000000e+00  7.06395837242312e-06
1.10000000000000e+00  7.71215336531850e-06
1.15000000000000e+00  8.41912672951669e-06
1.20000000000000e+00  9.19004436118588e-06
1.25000000000000e+00  1.00307232220569e-05
1.30000000000000e+00  1.09477035634725e-05
1.35000000000000e+00  1.19483211504360e-05
1.40000000000000e+00  1.30407794856614e-05
1.45000000000000e+00  1.42342220336215e-05
1.50000000000000e+00  1.55388044445982e-05
1.55000000000000e+00  1.69657667787308e-05
1.60000000000000e+00  1.85275057300654e-05
1.65000000000000e+00  2.02376468506045e-05
1.70000000000000e+00  2.21111167743557e-05
1.75000000000000e+00  2.41642154413813e-05
1.80000000000000e+00  2.64146883218471e-05
1.85000000000000e+00  2.88817986400716e-05
1.90000000000000e+00  3.15863995985757e-05
1.95000000000000e+00  3.45510066021314e-05
2.00000000000000e+00  3.77998694818111e-05
2.05000000000000e+00  4.13590447190369e-05
2.10000000000000e+00  4.52564676696294e-05
2.15000000000000e+00  4.95220247878579e-05
2.20000000000000e+00  5.41876258504880e-05
2.25000000000000e+00  5.92872761808324e-05
2.30000000000000e+00  6.48571488727991e-05
2.35000000000000e+00  7.09356570149405e-05
2.40000000000000e+00  7.75635259145037e-05
2.45000000000000e+00  8.47838653214784e-05
2.50000000000000e+00  9.28056775189322e-05
2.55000000000000e+00  1.01566896290868e-04
2.60000000000000e+00  1.11128481016143e-04
2.65000000000000e+00  1.21584557801286e-04
2.70000000000000e+00  1.33031271552827e-04
2.75000000000000e+00  1.45568507880244e-04
2.80000000000000e+00  1.59301614998904e-04
2.85000000000000e+00  1.74343125633004e-04
2.90000000000000e+00  1.90814478918510e-04
2.95000000000000e+00  2.08847742306101e-04
3.00000000000000e+00  2.28587333464109e-04
3.05000000000000e+00  2.50191742181462e-04
3.10000000000000e+00  2.73835252270621e-04
3.15000000000000e+00  2.99709663470527e-04
3.20000000000000e+00  3.28026013349539e-04
3.25000000000000e+00  3.59016299208372e-04
3.30000000000000e+00  3.92935199983048e-04
3.35000000000000e+00  4.30061798147824e-04
3.40000000000000e+00  4.70701301618149e-04
3.45000000000000e+00  5.15186765653589e-04
3.50000000000000e+00  5.63880814760779e-04
3.55000000000000e+00  6.17177364596364e-04
3.60000000000000e+00  6.75503343869930e-04
3.65000000000000e+00  7.39320416246963e-04
3.70000000000000e+00  8.09126702251771e-04
3.75000000000000e+00  8.85179978832718e-04
3.80000000000000e+00  9.69143232804196e-04
3.85000000000000e+00  1.06070026492934e-03
3.90000000000000e+00  1.16071056275771e-03
3.95000000000000e+00  1.27006030506277e-03
4.00000000000000e+00  1.38967585271462e-03
4.05000000000000e+00  1.52053723955263e-03
4.10000000000000e+00  1.66369166325815e-03
4.15000000000000e+00  1.82026697622717e-03
4.20000000000000e+00  1.99148517644300e-03
4.25000000000000e+00  2.17867589834894e-03
4.30000000000000e+00  2.38328990372096e-03
4.35000000000000e+00  2.60691257254042e-03
4.40000000000000e+00  2.85127739386664e-03
4.45000000000000e+00  3.11827945670969e-03
4.50000000000000e+00  3.40998894090300e-03
4.55000000000000e+00  3.72866460797608e-03
4.60000000000000e+00  4.07676729202716e-03
4.65000000000000e+00  4.45697339059586e-03
4.70000000000000e+00  4.87218835553590e-03
4.75000000000000e+00  5.32556018388780e-03
4.80000000000000e+00  5.82049290875147e-03
4.85000000000000e+00  6.36066009015896e-03
4.90000000000000e+00  6.95001830594710e-03
4.95000000000000e+00  7.59282064263021e-03
5.00000000000000e+00  8.27254046092210e-03
5.05000000000000e+00  9.06106015759029e-03
5.10000000000000e+00  9.90190802341280e-03
5.15000000000000e+00  1.08085796609647e-02
5.20000000000000e+00  1.17928938448487e-02
5.25000000000000e+00  1.28653364655579e-02
5.30000000000000e+00  1.40354044733387e-02
5.35000000000000e+00  1.53119498220537e-02
5.40000000000000e+00  1.67035234130446e-02
5.45000000000000e+00  1.82187190389949e-02
5.50000000000000e+00  1.98665173277930e-02
5.55000000000000e+00  2.16566296863948e-02
5.60000000000000e+00  2.35998422446868e-02
5.65000000000000e+00  2.57077117466487e-02
5.70000000000000e+00  2.79932158938628e-02
5.75000000000000e+00  3.04714109985774e-02
5.80000000000000e+00  3.31571958835150e-02
5.85000000000000e+00  3.60675180793366e-02
5.90000000000000e+00  3.92207980257718e-02
5.95000000000000e+00  4.26363532727480e-02
6.00000000000000e+00  4.63338226815201e-02
6.05000000000000e+00  5.03325906258001e-02
6.10000000000000e+00  5.46512111928863e-02
6.15000000000000e+00  5.93068323847930e-02
6.20000000000000e+00  6.43146203193801e-02
6.25000000000000e+00  6.97132501438167e-02
6.30000000000000e+00  7.55274641336860e-02
6.35000000000000e+00  8.17783917447061e-02
6.40000000000000e+00  8.84912648038409e-02
6.45000000000000e+00  9.56920612651011e-02
6.50000000000000e+00  1.03407131571199e-01
6.55000000000000e+00  1.11662825015200e-01
6.60000000000000e+00  1.20485116102178e-01
6.65000000000000e+00  1.29899230910870e-01
6.70000000000000e+00  1.39929273455327e-01
6.75000000000000e+00  1.50597852046569e-01
6.80000000000000e+00  1.61925705654239e-01
6.85000000000000e+00  1.73931330268256e-01
6.90000000000000e+00  1.86629365914671e-01
6.95000000000000e+00  2.00030808890649e-01
7.00000000000000e+00  2.14142104445096e-01
7.05000000000000e+00  2.28963450460794e-01
7.10000000000000e+00  2.44488709577799e-01
7.15000000000000e+00  2.60704120886633e-01
7.20000000000000e+00  2.77587011621477e-01
7.25000000000000e+00  2.95104508853366e-01
7.30000000000000e+00  3.13212251183381e-01
7.35000000000000e+00  3.31853100435839e-01
7.40000000000000e+00  3.50955853351492e-01
7.45000000000000e+00  3.70433953280713e-01
7.50000000000000e+00  3.90179760941734e-01
7.55000000000000e+00  4.10085997352336e-01
7.60000000000000e+00  4.29996288762366e-01
7.65000000000000e+00  4.49756053375511e-01
7.70000000000000e+00  4.69185518150854e-01
7.75000000000000e+00  4.88081237751511e-01
7.80000000000000e+00  5.06217613493260e-01
7.85000000000000e+00  5.23348412293175e-01
7.90000000000000e+00  5.39208285618265e-01
7.95000000000000e+00  5.53514288434104e-01
8.00000000000000e+00  5.65967398153465e-01
8.05000000000000e+00  5.76254033584954e-01
8.10000000000000e+00  5.84047573881641e-01
8.15000000000000e+00  5.89024328028133e-01
8.20000000000000e+00  5.90859010587515e-01
8.25000000000000e+00  5.89236856610035e-01
8.30000000000000e+00  5.83858202235915e-01
8.35000000000000e+00  5.74449536438140e-01
8.40000000000000e+00  5.60773843015415e-01
8.45000000000000e+00  5.42640942585133e-01
8.50000000000000e+00  5.19917834576334e-01
8.55000000000000e+00  4.92539039222668e-01
8.60000000000000e+00  4.60516939555359e-01
8.65000000000000e+00  4.23952123396162e-01
8.70000000000000e+00  3.83043725350337e-01
8.75000000000000e+00  3.38098921763968e-01
8.80000000000000e+00  2.89518156200921e-01
8.85000000000000e+00  2.37824298976085e-01
8.90000000000000e+00  1.83637388913001e-01
8.95000000000000e+00  1.27677226179846e-01
9.00000000000000e+00  7.07477768224749e-02
9.05000000000000e+00  1.37215772974728e-02
9.10000000000000e+00  -4.24824454332333e-02
9.15000000000000e+00  -9.69263564744714e-02
9.20000000000000e+00  -1.48682511245865e-01
9.25000000000000e+00  -1.96867193997663e-01
9.30000000000000e+00  -2.40675307868810e-01
9.35000000000000e+00  -2.79415128455632e-01
9.40000000000000e+00  -3.12542317127684e-01
9.45000000000000e+00  -3.39689642192655e-01
9.50000000000000e+00  -3.60687656047475e-01
9.55000000000000e+00  -3.75587671965457e-01
9.60000000000000e+00  -3.84666874984262e-01
9.65000000000000e+00  -3.88428106292916e-01
9.70000000000000e+00  -3.87597389704325e-01
9.75000000000000e+00  -3.83103660284466e-01
9.80000000000000e+00  -3.76068561052068e-01
9.85000000000000e+00  -3.67786461668188e-01
9.90000000000000e+00  -3.59713520915047e-01
9.95000000000000e+00  -3.53488042935758e-01
1.00000000000000e+01  -3.50950833474063e-01
1.00500000000000e+01  -3.53488042935760e-01
1.01000000000000e+01  -3.59713520915050e-01
1.01500000000000e+01  -3.67786461668191e-01
1.02000000000000e+01  -3.76068561052071e-01
1.02500000000000e+01  -3.83103660284469e-01
1.03000000000000e+01  -3.87597389704329e-01
1.03500000000000e+01  -3.88428106292920e-01
1.04000000000000e+01  -3.84666874984266e-01
1.04500000000000e+01  -3.75587671965461e-01
1.05000000000000e+01  -3.60687656047479e-01
1.05500000000000e+01  -3.39689642192659e-01
1.06000000000000e+01  -3.12542317127687e-01
1.06500000000000e+01  -2.79415128455633e-01
1.07000000000000e+01  -2.40675307868811e-01
1.07500000000000e+01  -1.96867193997666e-01
1.08000000000000e+01  -1.48682511245865e-01
1.08500000000000e+01  -9.69263564744710e-02
1.09000000000000e+01  -4.24824454332334e-02
1.09500000000000e+01  1.37215772974757e-02
1.10000000000000e+01  7.07477768224758e-02
1.10500000000000e+01  1.27677226179850e-01
1.11000000000000e+01  1.83637388913004e-01
1.11500000000000e+01  2.37824298976087e-01
1.12000000000000e+01  2.89518156200925e-01
1.12500000000000e+01  3.38099768799599e-01
1.13000000000000e+01  3.83043725350341e-01
1.13500000000000e+01  4.23952123396168e-01
1.14000000000000e+01  4.60516939555363e-01
1.14500000000000e+01  4.92539039222674e-01
1.15000000000000e+01  5.19917834576340e-01
1.15500000000000e+01  5.42640942585139e-01
1.16000000000000e+01  5.60773843015422e-01
1.16500000000000e+01  5.74449536438147e-01
1.17000000000000e+01  5.83858202235923e-01
1.17500000000000e+01  5.89236856610042e-01
1.18000000000000e+01  5.90859010587523e-01
1.18500000000000e+01  5.89024328028141e-01
1.19000000000000e+01  5.84047573881648e-01
1.19500000000000e+01  5.76254033584960e-01
1.20000000000000e+01  5.65967398153472e-01
1.20500000000000e+01  5.53514288434111e-01
1.21000000000000e+01  5.39208285618272e-01
1.21500000000000e+01  5.23348412293181e-01
1.22000000000000e+01  5.06217613493266e-01
1.22500000000000e+01  4.88081237751518e-01
1.23000000000000e+01  4.69185518150861e-01
1.23500000000000e+01  4.49756053375516e-01
1.24000000000000e+01  4.29996288762371e-01
1.24500000000000e+01  4.10085997352341e-01
1.25000000000000e+01  3.90184201876700e-01
1.25500000000000e+01  3.70433953280719e-01
1.26000000000000e+01  3.50955853351497e-01
1.26500000000000e+01  3.31853100435844e-01
1.27000000000000e+01  3.13212251183385e-01
1.27500000000000e+01  2.95104508853370e-01
1.28000000000000e+01  2.77587011621480e-01
1.28500000000000e+01  2.60704120886636e-01
1.29000000000000e+01  2.44488709577802e-01
1.29500000000000e+01  2.28963450460797e-01
1.30000000000000e+01  2.14142104445098e-01
1.30500000000000e+01  2.00030808890651e-01
1.31000000000000e+01  1.86629365914672e-01
1.31500000000000e+01  1.73931330268258e-01
1.32000000000000e+01  1.61925705654240e-01
1.32500000000000e+01  1.50597852046570e-01
1.33000000000000e+01  1.39929273455328e-01
1.33500000000000e+01  1.29899230910871e-01
1.34000000000000e+01  1.20485116102179e-01
1.34500000000000e+01  1.11662825015200e-01
1.35000000000000e+01  1.03407131571199e-01
1.35500000000000e+01  9.56920612651015e-02
1.36000000000000e+01  8.84912648038409e-02
1.36500000000000e+01  8.17783917447061e-02
1.37000000000000e+01  7.55274641336861e-02
1.37500000000000e+01  6.96871834314832e-02
1.38000000000000e+01  6.43146203193805e-02
1.38500000000000e+01  5.93068323847933e-02
1.39000000000000e+01  5.46512111928867e-02
1.39500000000000e+01  5.03325906258005e-02
1.40000000000000e+01  4.63338226815207e-02
1.40500000000000e+01  4.26363532727485e-02
1.41000000000000e+01  3.92207980257724e-02
1.41500000000000e+01  3.60675180793374e-02
1.42000000000000e+01  3.31571958835158e-02
1.42500000000000e+01  3.04714109985784e-02
1.43000000000000e+01  2.79932158938637e-02
1.43500000000000e+01  2.57077117466496e-02
1.44000000000000e+01  2.35998422446878e-02
1.44500000000000e+01  2.16566296863958e-02
1.45000000000000e+01  1.98665173277940e-02
1.45500000000000e+01  1.82187190389959e-02
1.46000000000000e+01  1.67035234130454e-02
1.46500000000000e+01  1.53119498220545e-02
1.47000000000000e+01  1.40354044733394e-02
1.47500000000000e+01  1.28653364655585e-02
1.48000000000000e+01  1.17928938448491e-02
1.48500000000000e+01  1.08085796609648e-02
1.49000000000000e+01  9.90190802341268e-03
1.49500000000000e+01  9.06106015758987e-03
1.50000000000000e+01  8.29363018627257e-03
1.50500000000000e+01  7.59282064263015e-03
1.51000000000000e+01  6.95001830594714e-03
1.51500000000000e+01  6.36066009015911e-03
1.52000000000000e+01  5.82049290875168e-03
1.52500000000000e+01  5.32556018388809e-03
1.53000000000000e+01  4.87218835553623e-03
1.53500000000000e+01  4.45697339059622e-03
1.54000000000000e+01  4.07676729202755e-03
1.54500000000000e+01  3.72866460797648e-03
1.55000000000000e+01  3.40998894090341e-03
1.55500000000000e+01  3.11827945671008e-03
1.56000000000000e+01  2.85127739386700e-03
1.56500000000000e+01  2.60691257254077e-03
1.57000000000000e+01  2.38328990372129e-03
1.57500000000000e+01  2.17867589834923e-03
1.58000000000000e+01  1.99148517644326e-03
1.58500000000000e+01  1.82026697622740e-03
1.59000000000000e+01  1.66369166325834e-03
1.59500000000000e+01  1.52053723955278e-03
1.60000000000000e+01  1.38967585271473e-03
1.60500000000000e+01  1.27006030506284e-03
1.61000000000000e+01  1.16071056275773e-03
1.61500000000000e+01  1.06070026492933e-03
1.62000000000000e+01  9.69143232804137e-04
1.62500000000000e+01  8.85458501170342e-04
1.63000000000000e+01  8.09126702251634e-04
1.63500000000000e+01  7.39320416246787e-04
1.64000000000000e+01  6.75503343869719e-04
1.64500000000000e+01  6.17177364596123e-04
1.65000000000000e+01  5.63880814760508e-04
1.65500000000000e+01  5.15186765653288e-04
1.66000000000000e+01  4.70701301617823e-04
1.66500000000000e+01  4.30061798147475e-04
1.67000000000000e+01  3.92935199982678e-04
1.67500000000000e+01  3.59016299207983e-04
1.68000000000000e+01  3.28026013349132e-04
1.68500000000000e+01  2.99709663470105e-04
1.69000000000000e+01  2.73835252270185e-04
1.69500000000000e+01  2.50191742181016e-04
1.70000000000000e+01  2.28587333463654e-04
1.70500000000000e+01  2.08847742305637e-04
1.71000000000000e+01  1.90814478918039e-04
1.71500000000000e+01  1.74343125632527e-04
1.72000000000000e+01  1.59301614998424e-04
1.72500000000000e+01  1.45568507879759e-04
1.73000000000000e+01  1.33031271552338e-04
1.73500000000000e+01  1.21584557800794e-04
1.74000000000000e+01  1.11128481015649e-04
1.74500000000000e+01  1.01566896290370e-04
1.75000000000000e+01  9.26422416521516e-05
1.75500000000000e+01  8.47838653209800e-05
1.76000000000000e+01  7.75635259140011e-05
1.76500000000000e+01  7.09356570144326e-05
1.77000000000000e+01  6.48571488722850e-05
1.77500000000000e+01  5.92872761803104e-05
1.78000000000000e+01  5.41876258499565e-05
1.78500000000000e+01  4.95220247873153e-05
1.79000000000000e+01  4.52564676690738e-05
1.79500000000000e+01  4.13590447184665e-05
1.80000000000000e+01  3.77998694812237e-05
1.80500000000000e+01  3.45510066015248e-05
1.81000000000000e+01  3.15863995979479e-05
1.81500000000000e+01  2.88817986394203e-05
1.82000000000000e+01  2.64146883211704e-05
1.82500000000000e+01  2.41642154406771e-05
1.83000000000000e+01  2.21111167736220e-05
1.83500000000000e+01  2.02376468498392e-05
1.84000000000000e+01  1.85275057292668e-05
1.84500000000000e+01  1.69657667778976e-05
1.85000000000000e+01  1.55388044437289e-05
1.85500000000000e+01  1.42342220327151e-05
1.86000000000000e+01  1.30407794847171e-05
1.86500000000000e+01  1.19483211494536e-05
1.87000000000000e+01  1.09477035624520e-05
1.87500000000000e+01  1.00307232209990e-05
1.88000000000000e+01  9.19004436009144e-06
1.88500000000000e+01  8.41912672838744e-06
1.89000000000000e+01  7.71215336415679e-06
1.89500000000000e+01  7.06395837123199e-06
1.90000000000000e+01  6.46995469495889e-06
1.90500000000000e+01  5.92606189814773e-06
1.91000000000000e+01  5.42863393702386e-06
1.91500000000000e+01  4.97438693717842e-06
1.92000000000000e+01  4.56032696951937e-06
1.92500000000000e+01  4.18367782622219e-06
1.93000000000000e+01  3.84180879668060e-06
1.93500000000000e+01  3.53216244345758e-06
1.94000000000000e+01  3.25218237823605e-06
1.94500000000000e+01  2.99924103776971e-06
1.95000000000000e+01  2.77056745983384e-06
1.95500000000000e+01  2.56317505917613e-06
1.96000000000000e+01  2.37378940346748e-06
1.96500000000000e+01  2.19877598925284e-06
1.97000000000000e+01  2.03406801790200e-06
1.97500000000000e+01  1.87509417156041e-06
1.98000000000000e+01  1.71670638909996e-06
1.98500000000000e+01  1.55310764206984e-06
1.99000000000000e+01  1.37777971064737e-06
1.99500000000000e+01  1.18341095958872e-06
2.00000000000000e+01  9.61824114179923e-07
