0.00000000000000e+00  5.30212483847379e-03
5.00000000000000e-02  5.52170871211153e-03
1.00000000000000e-01  5.74816096766182e-03
1.50000000000000e-01  5.98215466526875e-03
2.00000000000000e-01  6.22432322508906e-03
2.50000000000000e-01  6.47526417851051e-03
3.00000000000000e-01  6.73554291937023e-03
3.50000000000000e-01  7.00569645517314e-03
4.00000000000000e-01  7.28623715831039e-03
4.50000000000000e-01  7.57765651727769e-03
5.00000000000000e-01  7.88042888789379e-03
5.50000000000000e-01  8.19501524451880e-03
6.00000000000000e-01  8.52186693127265e-03
6.50000000000000e-01  8.86142941325347e-03
7.00000000000000e-01  9.21414602775601e-03
7.50000000000000e-01  9.58046173549000e-03
8.00000000000000e-01  9.96082687179860e-03
8.50000000000000e-01  1.03557008978767e-02
9.00000000000000e-01  1.07655561519896e-02
9.50000000000000e-01  1.11908816006910e-02
1.00000000000000e+00  1.16321865900417e-02
1.05000000000000e+00  1.20900045968279e-02
1.10000000000000e+00  1.25648969797795e-02
1.15000000000000e+00  1.30574567307890e-02
1.20000000000000e+00  1.35683122261290e-02
1.25000000000000e+00  1.40980755669879e-02
1.30000000000000e+00  1.46472279588961e-02
1.35000000000000e+00  1.52166251904223e-02
1.40000000000000e+00  1.58069448879925e-02
1.45000000000000e+00  1.64188988587541e-02
1.50000000000000e+00  1.70532310324024e-02
1.55000000000000e+00  1.77107154030066e-02
1.60000000000000e+00  1.83921539708372e-02
1.65000000000000e+00  1.90983746841915e-02
1.70000000000000e+00  1.98302293812206e-02
1.75000000000000e+00  2.05885917317561e-02
1.80000000000000e+00  2.13743551791360e-02
1.85000000000000e+00  2.21884308820312e-02
1.90000000000000e+00  2.30317456562727e-02
1.95000000000000e+00  2.39052399166774e-02
2.00000000000000e+00  2.48098656188746e-02
2.05000000000000e+00  2.57465842011329e-02
2.10000000000000e+00  2.67163645261862e-02
2.15000000000000e+00  2.77201808230606e-02
2.20000000000000e+00  2.87590106289005e-02
2.25000000000000e+00  2.98338327307954e-02
2.30000000000000e+00  3.09456251076061e-02
2.35000000000000e+00  3.20953628717913e-02
2.40000000000000e+00  3.32840162112342e-02
2.45000000000000e+00  3.45125483310688e-02
2.50000000000000e+00  3.57858403022249e-02
2.55000000000000e+00  3.71017072415410e-02
2.60000000000000e+00  3.84617512780378e-02
2.65000000000000e+00  3.98673797895282e-02
2.70000000000000e+00  4.13199869667197e-02
2.75000000000000e+00  4.28209589856469e-02
2.80000000000000e+00  4.43716791801042e-02
2.85000000000000e+00  4.59735332140781e-02
2.90000000000000e+00  4.76279142541803e-02
2.95000000000000e+00  4.93362281420797e-02
3.00000000000000e+00  5.10998985669354e-02
3.05000000000000e+00  5.29203722378289e-02
3.10000000000000e+00  5.47991240561970e-02
3.15000000000000e+00  5.67376379892785e-02
3.20000000000000e+00  5.87374252803324e-02
3.25000000000000e+00  6.08000204535900e-02
3.30000000000000e+00  6.29269665504025e-02
3.35000000000000e+00  6.51198238426179e-02
3.40000000000000e+00  6.73801627966056e-02
3.45000000000000e+00  6.97095570372797e-02
3.50000000000000e+00  7.21095763121239e-02
3.55000000000000e+00  7.45817794552154e-02
3.60000000000000e+00  7.71277073512486e-02
3.65000000000000e+00  7.97488758995597e-02
3.70000000000000e+00  8.24467689781505e-02
3.75000000000000e+00  8.52224322486406e-02
3.80000000000000e+00  8.80793830473228e-02
3.85000000000000e+00  9.10172226113996e-02
3.90000000000000e+00  9.40376686690714e-02
3.95000000000000e+00  9.71423369520640e-02
4.00000000000000e+00  1.00332746284630e-01
4.05000000000000e+00  1.03610323672551e-01
4.10000000000000e+00  1.06976409392134e-01
4.15000000000000e+00  1.10432262079216e-01
4.20000000000000e+00  1.13979063818166e-01
4.25000000000000e+00  1.17617925230878e-01
4.30000000000000e+00  1.21349890565780e-01
4.35000000000000e+00  1.25175942786830e-01
4.40000000000000e+00  1.29096952156610e-01
4.45000000000000e+00  1.33113712009856e-01
4.50000000000000e+00  1.37226921054941e-01
4.55000000000000e+00  1.41437148343390e-01
4.60000000000000e+00  1.45744841632634e-01
4.65000000000000e+00  1.50150306260348e-01
4.70000000000000e+00  1.54653684018775e-01
4.75000000000000e+00  1.59254932029066e-01
4.80000000000000e+00  1.63953801615610e-01
4.85000000000000e+00  1.68749817180365e-01
4.90000000000000e+00  1.73642255077191e-01
4.95000000000000e+00  1.78630122486184e-01
5.00000000000000e+00  1.83712298232844e-01
5.05000000000000e+00  1.88888197442672e-01
5.10000000000000e+00  1.94155288258505e-01
5.15000000000000e+00  1.99511698689753e-01
5.20000000000000e+00  2.04955198829147e-01
5.25000000000000e+00  2.10483182413372e-01
5.30000000000000e+00  2.16092648383710e-01
5.35000000000000e+00  2.21780182446675e-01
5.40000000000000e+00  2.27541938634659e-01
5.45000000000000e+00  2.33373620866566e-01
5.50000000000000e+00  2.39270464508450e-01
5.55000000000000e+00  2.45227217934161e-01
5.60000000000000e+00  2.51238124085979e-01
5.65000000000000e+00  2.57296843917571e-01
5.70000000000000e+00  2.63396471161057e-01
5.75000000000000e+00  2.69529483838979e-01
5.80000000000000e+00  2.75687712648102e-01
5.85000000000000e+00  2.81862303563653e-01
5.90000000000000e+00  2.88043682226893e-01
5.95000000000000e+00  2.94221518332695e-01
6.00000000000000e+00  3.00384690017116e-01
6.05000000000000e+00  3.06521248244980e-01
6.10000000000000e+00  3.12618381197444e-01
6.15000000000000e+00  3.18662378659582e-01
6.20000000000000e+00  3.24638596407954e-01
6.25000000000000e+00  3.30531483935810e-01
6.30000000000000e+00  3.36324450029222e-01
6.35000000000000e+00  3.41999778358841e-01
6.40000000000000e+00  3.47538765428191e-01
6.45000000000000e+00  3.52921574375597e-01
6.50000000000000e+00  3.58127211760466e-01
6.55000000000000e+00  3.63133504349562e-01
6.60000000000000e+00  3.67917075903281e-01
6.65000000000000e+00  3.72453323961930e-01
6.70000000000000e+00  3.76716396632002e-01
6.75000000000000e+00  3.80679169372455e-01
6.80000000000000e+00  3.84313221780981e-01
6.85000000000000e+00  3.87588814380294e-01
6.90000000000000e+00  3.90474966044688e-01
6.95000000000000e+00  3.92939357767391e-01
7.00000000000000e+00  3.94948339189336e-01
7.05000000000000e+00  3.96467151905443e-01
7.10000000000000e+00  3.97459724460486e-01
7.15000000000000e+00  3.97888767221832e-01
7.20000000000000e+00  3.97715867252183e-01
7.25000000000000e+00  3.96901583182320e-01
7.30000000000000e+00  3.95405540083843e-01
7.35000000000000e+00  3.93186524341916e-01
7.40000000000000e+00  3.90202578528006e-01
7.45000000000000e+00  3.86411096272627e-01
7.50000000000000e+00  3.81769357091716e-01
7.55000000000000e+00  3.76233297051853e-01
7.60000000000000e+00  3.69761067489095e-01
7.65000000000000e+00  3.62309359248965e-01
7.70000000000000e+00  3.53835874612799e-01
7.75000000000000e+00  3.44299511727925e-01
7.80000000000000e+00  3.33660549037851e-01
7.85000000000000e+00  3.21881017248368e-01
7.90000000000000e+00  3.08925190469022e-01
7.95000000000000e+00  2.94760170427877e-01
8.00000000000000e+00  2.79356523147822e-01
8.05000000000000e+00  2.62689057135532e-01
8.10000000000000e+00  2.44737622493838e-01
8.15000000000000e+00  2.25487536713131e-01
8.20000000000000e+00  2.04930864666218e-01
8.25000000000000e+00  1.83067291523646e-01
8.30000000000000e+00  1.59905435723340e-01
8.35000000000000e+00  1.35463744580758e-01
8.40000000000000e+00  1.09771896792036e-01
8.45000000000000e+00  8.28722300345779e-02
8.50000000000000e+00  5.48213360758389e-02
8.55000000000000e+00  2.56916989830805e-02
8.60000000000000e+00  -4.42656213996229e-03
8.65000000000000e+00  -3.54238314561533e-02
8.70000000000000e+00  -6.71689419374978e-02
8.75000000000000e+00  -9.95070227025649e-02
8.80000000000000e+00  -1.32256967289731e-01
8.85000000000000e+00  -1.65209388125446e-01
8.90000000000000e+00  -1.98123828447248e-01
8.95000000000000e+00  -2.30726193775255e-01
9.00000000000000e+00  -2.62705957307589e-01
9.05000000000000e+00  -2.93713365315799e-01
9.10000000000000e+00  -3.23356539696187e-01
9.15000000000000e+00  -3.51198518789773e-01
9.20000000000000e+00  -3.76754471370787e-01
9.25000000000000e+00  -3.99488698595355e-01
9.30000000000000e+00  -4.18812029053451e-01
9.35000000000000e+00  -4.34079281245584e-01
9.40000000000000e+00  -4.44586942437323e-01
9.45000000000000e+00  -4.49571206659453e-01
9.50000000000000e+00  -4.48207090943553e-01
9.55000000000000e+00  -4.39607022876905e-01
9.60000000000000e+00  -4.22821391890478e-01
9.65000000000000e+00  -3.96839920144273e-01
9.70000000000000e+00  -3.60593411892069e-01
9.75000000000000e+00  -3.12958680987799e-01
9.80000000000000e+00  -2.52763744524055e-01
9.85000000000000e+00  -1.78796584319850e-01
9.90000000000000e+00  -8.98162558663670e-02
9.95000000000000e+00  1.54333839900609e-02
1.00000000000000e+01  1.38204249659904e-01
1.00500000000000e+01  1.54333839900471e-02
1.01000000000000e+01  -8.98162558663688e-02
1.01500000000000e+01  -1.78796584319853e-01
1.02000000000000e+01  -2.52763744524063e-01
1.02500000000000e+01  -3.12958680987798e-01
1.03000000000000e+01  -3.60593411892065e-01
1.03500000000000e+01  -3.96839920144272e-01
1.04000000000000e+01  -4.22821391890474e-01
1.04500000000000e+01  -4.39607022876898e-01
1.05000000000000e+01  -4.48207090943546e-01
1.05500000000000e+01  -4.49571206659445e-01
1.06000000000000e+01  -4.44586942437313e-01
1.06500000000000e+01  -4.34079281245573e-01
1.07000000000000e+01  -4.18812029053440e-01
1.07500000000000e+01  -3.99488698595346e-01
1.08000000000000e+01  -3.76754471370774e-01
1.08500000000000e+01  -3.51198518789761e-01
1.09000000000000e+01  -3.23356539696177e-01
1.09500000000000e+01  -2.93713365315786e-01
1.10000000000000e+01  -2.62705957307578e-01
1.10500000000000e+01  -2.30726193775245e-01
1.11000000000000e+01  -1.98123828447238e-01
1.11500000000000e+01  -1.65209388125437e-01
1.12000000000000e+01  -1.32256967289724e-01
1.12500000000000e+01  -9.95071209076927e-02
1.13000000000000e+01  -6.71689419374912e-02
1.13500000000000e+01  -3.54238314561489e-02
1.14000000000000e+01  -4.42656213995902e-03
1.14500000000000e+01  2.56916989830855e-02
1.15000000000000e+01  5.48213360758405e-02
1.15500000000000e+01  8.28722300345777e-02
1.16000000000000e+01  1.09771896792036e-01
1.16500000000000e+01  1.35463744580754e-01
1.17000000000000e+01  1.59905435723336e-01
1.17500000000000e+01  1.83067291523641e-01
1.18000000000000e+01  2.04930864666213e-01
1.18500000000000e+01  2.25487536713123e-01
1.19000000000000e+01  2.44737622493829e-01
1.19500000000000e+01  2.62689057135521e-01
1.20000000000000e+01  2.79356523147810e-01
1.20500000000000e+01  2.94760170427863e-01
1.21000000000000e+01  3.08925190469007e-01
1.21500000000000e+01  3.21881017248352e-01
1.22000000000000e+01  3.33660549037835e-01
1.22500000000000e+01  3.44299511727906e-01
1.23000000000000e+01  3.53835874612780e-01
1.23500000000000e+01  3.62309359248945e-01
1.24000000000000e+01  3.69761067489073e-01
1.24500000000000e+01  3.76233297051831e-01
1.25000000000000e+01  3.81768917138060e-01
1.25500000000000e+01  3.86411096272603e-01
1.26000000000000e+01  3.90202578527980e-01
1.26500000000000e+01  3.93186524341889e-01
1.27000000000000e+01  3.95405540083815e-01
1.27500000000000e+01  3.96901583182291e-01
1.28000000000000e+01  3.97715867252154e-01
1.28500000000000e+01  3.97888767221803e-01
1.29000000000000e+01  3.97459724460457e-01
1.29500000000000e+01  3.96467151905412e-01
1.30000000000000e+01  3.94948339189304e-01
1.30500000000000e+01  3.92939357767358e-01
1.31000000000000e+01  3.90474966044656e-01
1.31500000000000e+01  3.87588814380262e-01
1.32000000000000e+01  3.84313221780949e-01
1.32500000000000e+01  3.80679169372422e-01
1.33000000000000e+01  3.76716396631969e-01
1.33500000000000e+01  3.72453323961896e-01
1.34000000000000e+01  3.67917075903247e-01
1.34500000000000e+01  3.63133504349528e-01
1.35000000000000e+01  3.58127211760433e-01
1.35500000000000e+01  3.52921574375564e-01
1.36000000000000e+01  3.47538765428157e-01
1.36500000000000e+01  3.41999778358806e-01
1.37000000000000e+01  3.36324450029187e-01
1.37500000000000e+01  3.30531420598154e-01
1.38000000000000e+01  3.24638596407921e-01
1.38500000000000e+01  3.18662378659548e-01
1.39000000000000e+01  3.12618381197410e-01
1.39500000000000e+01  3.06521248244946e-01
1.40000000000000e+01  3.00384690017083e-01
1.40500000000000e+01  2.94221518332662e-01
1.41000000000000e+01  2.88043682226861e-01
1.41500000000000e+01  2.81862303563622e-01
1.42000000000000e+01  2.75687712648071e-01
1.42500000000000e+01  2.69529483838947e-01
1.43000000000000e+01  2.63396471161025e-01
1.43500000000000e+01  2.57296843917541e-01
1.44000000000000e+01  2.51238124085950e-01
1.44500000000000e+01  2.45227217934132e-01
1.45000000000000e+01  2.39270464508421e-01
1.45500000000000e+01  2.33373620866537e-01
1.46000000000000e+01  2.27541938634631e-01
1.46500000000000e+01  2.21780182446647e-01
1.47000000000000e+01  2.16092648383682e-01
1.47500000000000e+01  2.10483182413345e-01
1.48000000000000e+01  2.04955198829120e-01
1.48500000000000e+01  1.99511698689727e-01
1.49000000000000e+01  1.94155288258479e-01
1.49500000000000e+01  1.88888197442648e-01
1.50000000000000e+01  1.83712136287983e-01
1.50500000000000e+01  1.78630122486159e-01
1.51000000000000e+01  1.73642255077166e-01
1.51500000000000e+01  1.68749817180341e-01
1.52000000000000e+01  1.63953801615587e-01
1.52500000000000e+01  1.59254932029044e-01
1.53000000000000e+01  1.54653684018753e-01
1.53500000000000e+01  1.50150306260326e-01
1.54000000000000e+01  1.45744841632614e-01
1.54500000000000e+01  1.41437148343369e-01
1.55000000000000e+01  1.37226921054921e-01
1.55500000000000e+01  1.33113712009836e-01
1.56000000000000e+01  1.29096952156590e-01
1.56500000000000e+01  1.25175942786810e-01
1.57000000000000e+01  1.21349890565760e-01
1.57500000000000e+01  1.17617925230858e-01
1.58000000000000e+01  1.13979063818147e-01
1.58500000000000e+01  1.10432262079198e-01
1.59000000000000e+01  1.06976409392116e-01
1.59500000000000e+01  1.03610323672534e-01
1.60000000000000e+01  1.00332746284614e-01
1.60500000000000e+01  9.71423369520489e-02
1.61000000000000e+01  9.40376686690569e-02
1.61500000000000e+01  9.10172226113857e-02
1.62000000000000e+01  8.80793830473089e-02
1.62500000000000e+01  8.52228314076978e-02
1.63000000000000e+01  8.24467689781360e-02
1.63500000000000e+01  7.97488758995455e-02
1.64000000000000e+01  7.71277073512346e-02
1.64500000000000e+01  7.45817794552019e-02
1.65000000000000e+01  7.21095763121107e-02
1.65500000000000e+01  6.97095570372667e-02
1.66000000000000e+01  6.73801627965930e-02
1.66500000000000e+01  6.51198238426057e-02
1.67000000000000e+01  6.29269665503907e-02
1.67500000000000e+01  6.08000204535783e-02
1.68000000000000e+01  5.87374252803209e-02
1.68500000000000e+01  5.67376379892674e-02
1.69000000000000e+01  5.47991240561863e-02
1.69500000000000e+01  5.29203722378185e-02
1.70000000000000e+01  5.10998985669252e-02
1.70500000000000e+01  4.93362281420698e-02
1.71000000000000e+01  4.76279142541706e-02
1.71500000000000e+01  4.59735332140687e-02
1.72000000000000e+01  4.43716791800951e-02
1.72500000000000e+01  4.28209589856381e-02
1.73000000000000e+01  4.13199869667111e-02
1.73500000000000e+01  3.98673797895197e-02
1.74000000000000e+01  3.84617512780295e-02
1.74500000000000e+01  3.71017072415330e-02
1.75000000000000e+01  3.57819133954984e-02
1.75500000000000e+01  3.45125483310611e-02
1.76000000000000e+01  3.32840162112267e-02
1.76500000000000e+01  3.20953628717840e-02
1.77000000000000e+01  3.09456251075991e-02
1.77500000000000e+01  2.98338327307886e-02
1.78000000000000e+01  2.87590106288939e-02
1.78500000000000e+01  2.77201808230542e-02
1.79000000000000e+01  2.67163645261799e-02
1.79500000000000e+01  2.57465842011269e-02
1.80000000000000e+01  2.48098656188687e-02
1.80500000000000e+01  2.39052399166717e-02
1.81000000000000e+01  2.30317456562672e-02
1.81500000000000e+01  2.21884308820258e-02
1.82000000000000e+01  2.13743551791308e-02
1.82500000000000e+01  2.05885917317511e-02
1.83000000000000e+01  1.98302293812158e-02
1.83500000000000e+01  1.90983746841867e-02
1.84000000000000e+01  1.83921539708326e-02
1.84500000000000e+01  1.77107154030022e-02
1.85000000000000e+01  1.70532310323981e-02
1.85500000000000e+01  1.64188988587500e-02
1.86000000000000e+01  1.58069448879885e-02
1.86500000000000e+01  1.52166251904185e-02
1.87000000000000e+01  1.46472279588924e-02
1.87500000000000e+01  1.40981309776680e-02
1.88000000000000e+01  1.35683122261256e-02
1.88500000000000e+01  1.30574567307857e-02
1.89000000000000e+01  1.25648969797763e-02
1.89500000000000e+01  1.20900045968248e-02
1.90000000000000e+01  1.16321865900387e-02
1.90500000000000e+01  1.11908816006881e-02
1.91000000000000e+01  1.07655561519869e-02
1.91500000000000e+01  1.03557008978741e-02
1.92000000000000e+01  9.96082687179604e-03
1.92500000000000e+01  9.58046173548757e-03
1.93000000000000e+01  9.21414602775366e-03
1.93500000000000e+01  8.86142941325120e-03
1.94000000000000e+01  8.52186693127045e-03
1.94500000000000e+01  8.19501524451668e-03
1.95000000000000e+01  7.88042888789175e-03
1.95500000000000e+01  7.57765651727573e-03
1.96000000000000e+01  7.28623715830848e-03
1.96500000000000e+01  7.00569645517128e-03
1.97000000000000e+01  6.73554291936841e-03
1.97500000000000e+01  6.47526417850876e-03
1.98000000000000e+01  6.22432322508735e-03
1.98500000000000e+01  5.98215466526706e-03
1.99000000000000e+01  5.74816096766016e-03
1.99500000000000e+01  5.52170871210987e-03
2.00000000000000e+01  5.30212483847216e-03
