0.00000000000000e+00  9.00097458185888e-07
5.00000000000000e-02  1.05130021997878e-06
1.00000000000000e-01  1.18550071445424e-06
1.50000000000000e-01  1.30966586587155e-06
2.00000000000000e-01  1.42997742564257e-06
2.50000000000000e-01  1.55190099721682e-06
3.00000000000000e-01  1.68025506096662e-06
3.50000000000000e-01  1.81927999907227e-06
4.00000000000000e-01  1.97270712040727e-06
4.50000000000000e-01  2.14382768542340e-06
5.00000000000000e-01  2.33556193103594e-06
5.50000000000000e-01  2.55052809550884e-06
6.00000000000000e-01  2.79111144333984e-06
6.50000000000000e-01  3.05953329014571e-06
7.00000000000000e-01  3.35792002754734e-06
7.50000000000000e-01  3.68837214805496e-06
8.00000000000000e-01  4.05303326995328e-06
8.50000000000000e-01  4.45415916218666e-06
9.00000000000000e-01  4.89418676924430e-06
9.50000000000000e-01  5.37580323604538e-06
1.00000000000000e+00  5.90201493282424e-06
1.05000000000000e+00  6.47621648001553e-06
1.10000000000000e+00  7.10225977313937e-06
1.15000000000000e+00  7.78452300768661e-06
1.20000000000000e+00  8.52797970400382e-06
1.25000000000000e+00  9.33826773217865e-06
1.30000000000000e+00  1.02217583369249e-05
1.35000000000000e+00  1.11856251624675e-05
1.40000000000000e+00  1.22379132774282e-05
1.45000000000000e+00  1.33876081997101e-05
1.50000000000000e+00  1.46447049213834e-05
1.55000000000000e+00  1.60202769335701e-05
1.60000000000000e+00  1.75265452513293e-05
1.65000000000000e+00  1.91769474385426e-05
1.70000000000000e+00  2.09862066327989e-05
1.75000000000000e+00  2.29704005702801e-05
1.80000000000000e+00  2.51470306106455e-05
1.85000000000000e+00  2.75350907619175e-05
1.90000000000000e+00  3.01551367053670e-05
1.95000000000000e+00  3.30293548203977e-05
2.00000000000000e+00  3.61816312094322e-05
2.05000000000000e+00  3.96376207227966e-05
2.10000000000000e+00  4.34248159836056e-05
2.15000000000000e+00  4.75726164126485e-05
2.20000000000000e+00  5.21123972532729e-05
2.25000000000000e+00  5.70775785962716e-05
2.30000000000000e+00  6.25036944047663e-05
2.35000000000000e+00  6.84284615390933e-05
2.40000000000000e+00  7.48918487816894e-05
2.45000000000000e+00  8.19361458619757e-05
2.50000000000000e+00  8.96959697093559e-05
2.55000000000000e+00  9.82963319739106e-05
2.60000000000000e+00  1.07664955790100e-04
2.65000000000000e+00  1.17897038780804e-04
2.70000000000000e+00  1.29089351363738e-04
2.75000000000000e+00  1.41341922726088e-04
2.80000000000000e+00  1.54759726799149e-04
2.85000000000000e+00  1.69454368232962e-04
2.90000000000000e+00  1.85545768370951e-04
2.95000000000000e+00  2.03163851224557e-04
3.00000000000000e+00  2.22450229447880e-04
3.05000000000000e+00  2.43559890312314e-04
3.10000000000000e+00  2.66662881681181e-04
3.15000000000000e+00  2.91945997984372e-04
3.20000000000000e+00  3.19614466192981e-04
3.25000000000000e+00  3.49893631793946e-04
3.30000000000000e+00  3.83030644764680e-04
3.35000000000000e+00  4.19296145547712e-04
3.40000000000000e+00  4.58985951025327e-04
3.45000000000000e+00  5.02422740494193e-04
3.50000000000000e+00  5.49957741640009e-04
3.55000000000000e+00  6.01972416512135e-04
3.60000000000000e+00  6.58880147498230e-04
3.65000000000000e+00  7.21127923298894e-04
3.70000000000000e+00  7.89198024902296e-04
3.75000000000000e+00  8.63349233949716e-04
3.80000000000000e+00  9.45160616039705e-04
3.85000000000000e+00  1.03435390985929e-03
3.90000000000000e+00  1.13175692143639e-03
3.95000000000000e+00  1.23822418270913e-03
4.00000000000000e+00  1.35464976918440e-03
4.05000000000000e+00  1.48198011759645e-03
4.10000000000000e+00  1.62122684356545e-03
4.15000000000000e+00  1.77347955925604e-03
4.20000000000000e+00  1.93991869103593e-03
4.25000000000000e+00  2.12182829713447e-03
4.30000000000000e+00  2.32060888530116e-03
4.35000000000000e+00  2.53779023046432e-03
4.40000000000000e+00  2.77504419238957e-03
4.45000000000000e+00  3.03419753333844e-03
4.50000000000000e+00  3.31724473572694e-03
4.55000000000000e+00  3.62636081978413e-03
4.60000000000000e+00  3.96391416121067e-03
4.65000000000000e+00  4.33247930883740e-03
4.70000000000000e+00  4.73484980228392e-03
4.75000000000000e+00  5.17405098961716e-03
4.80000000000000e+00  5.65335284500995e-03
4.85000000000000e+00  6.17628278639953e-03
4.90000000000000e+00  6.74663849314621e-03
4.95000000000000e+00  7.36850072369192e-03
5.00000000000000e+00  8.04764168126891e-03
5.05000000000000e+00  8.78615080257002e-03
5.10000000000000e+00  9.59139271806220e-03
5.15000000000000e+00  1.04689021753028e-02
5.20000000000000e+00  1.14247140446041e-02
5.25000000000000e+00  1.24653920341681e-02
5.30000000000000e+00  1.35980574052214e-02
5.35000000000000e+00  1.48304176871499e-02
5.40000000000000e+00  1.61707953926341e-02
5.45000000000000e+00  1.76281567327838e-02
5.50000000000000e+00  1.92121403322729e-02
5.55000000000000e+00  2.09330859444740e-02
5.60000000000000e+00  2.28020631665942e-02
5.65000000000000e+00  2.48309001548088e-02
5.70000000000000e+00  2.70322123393971e-02
5.75000000000000e+00  2.94194311398770e-02
5.80000000000000e+00  3.20068326801396e-02
5.85000000000000e+00  3.48095665035844e-02
5.90000000000000e+00  3.78436842882542e-02
5.95000000000000e+00  4.11261685619698e-02
6.00000000000000e+00  4.46749614174650e-02
6.05000000000000e+00  4.85089932275213e-02
6.10000000000000e+00  5.26482113601031e-02
6.15000000000000e+00  5.71136088934923e-02
6.20000000000000e+00  6.19272533314234e-02
6.25000000000000e+00  6.71097923551009e-02
6.30000000000000e+00  7.26858866368974e-02
6.35000000000000e+00  7.86794061856294e-02
6.40000000000000e+00  8.51143080832356e-02
6.45000000000000e+00  9.20152639024442e-02
6.50000000000000e+00  9.94073002305861e-02
6.55000000000000e+00  1.07315439193406e-01
6.60000000000000e+00  1.15764338978877e-01
6.65000000000000e+00  1.24777934361009e-01
6.70000000000000e+00  1.34379077223669e-01
6.75000000000000e+00  1.44589177084385e-01
6.80000000000000e+00  1.55427841618164e-01
6.85000000000000e+00  1.66912517181302e-01
6.90000000000000e+00  1.79056924403827e-01
6.95000000000000e+00  1.91871268452689e-01
7.00000000000000e+00  2.05361359917471e-01
7.05000000000000e+00  2.19526974415452e-01
7.10000000000000e+00  2.34361766876693e-01
7.15000000000000e+00  2.49852024974030e-01
7.20000000000000e+00  2.65975422553063e-01
7.25000000000000e+00  2.82699773062149e-01
7.30000000000000e+00  2.99981782982390e-01
7.35000000000000e+00  3.17765805257621e-01
7.40000000000000e+00  3.35982592724406e-01
7.45000000000000e+00  3.54548051542023e-01
7.50000000000000e+00  3.73357148722346e-01
7.55000000000000e+00  3.92305675143528e-01
7.60000000000000e+00  4.11241103850868e-01
7.65000000000000e+00  4.30012670732882e-01
7.70000000000000e+00  4.48444936340578e-01
7.75000000000000e+00  4.66339140974923e-01
7.80000000000000e+00  4.83474559774290e-01
7.85000000000000e+00  4.99609857801924e-01
7.90000000000000e+00  5.14484445133393e-01
7.95000000000000e+00  5.27819831944052e-01
8.00000000000000e+00  5.39320983596493e-01
8.05000000000000e+00  5.48677675728009e-01
8.10000000000000e+00  5.55565849338047e-01
8.15000000000000e+00  5.59662923016652e-01
8.20000000000000e+00  5.60643400097670e-01
8.25000000000000e+00  5.58189871757632e-01
8.30000000000000e+00  5.51999433348308e-01
8.35000000000000e+00  5.41792455903523e-01
8.40000000000000e+00  5.27323133933906e-01
8.45000000000000e+00  5.08390033221654e-01
8.50000000000000e+00  4.84846638615286e-01
8.55000000000000e+00  4.56611901824399e-01
8.60000000000000e+00  4.23680789214429e-01
8.65000000000000e+00  3.86134829601403e-01
8.70000000000000e+00  3.44152662046702e-01
8.75000000000000e+00  2.98020018383691e-01
8.80000000000000e+00  2.48121617802704e-01
8.85000000000000e+00  1.94960213367293e-01
8.90000000000000e+00  1.39143602117249e-01
8.95000000000000e+00  8.13833084058120e-02
9.00000000000000e+00  2.24808472403562e-02
9.05000000000000e+00  -3.66860123769075e-02
9.10000000000000e+00  -9.51841531349754e-02
9.15000000000000e+00  -1.52051678542304e-01
9.20000000000000e+00  -2.06327183512385e-01
9.25000000000000e+00  -2.57083380236305e-01
9.30000000000000e+00  -3.03463142608620e-01
9.35000000000000e+00  -3.44715812541360e-01
9.40000000000000e+00  -3.80232666598869e-01
9.45000000000000e+00  -4.09581588201012e-01
9.50000000000000e+00  -4.32530577587051e-01
9.55000000000000e+00  -4.49076031346877e-01
9.60000000000000e+00  -4.59452337776001e-01
9.65000000000000e+00  -4.64136649752906e-01
9.70000000000000e+00  -4.63851303902087e-01
9.75000000000000e+00  -4.59547692682135e-01
9.80000000000000e+00  -4.52399189627874e-01
9.85000000000000e+00  -4.43783534923936e-01
9.90000000000000e+00  -4.35272804618079e-01
9.95000000000000e+00  -4.28652700006542e-01
1.00000000000000e+01  -4.25941837019404e-01
1.00500000000000e+01  -4.28652700006542e-01
1.01000000000000e+01  -4.35272804618079e-01
1.01500000000000e+01  -4.43783534923936e-01
1.02000000000000e+01  -4.52399189627874e-01
1.02500000000000e+01  -4.59547692682135e-01
1.03000000000000e+01  -4.63851303902086e-01
1.03500000000000e+01  -4.64136649752905e-01
1.04000000000000e+01  -4.59452337775999e-01
1.04500000000000e+01  -4.49076031346874e-01
1.05000000000000e+01  -4.32530577587049e-01
1.05500000000000e+01  -4.09581588201008e-01
1.06000000000000e+01  -3.80232666598866e-01
1.06500000000000e+01  -3.44715812541357e-01
1.07000000000000e+01  -3.03463142608617e-01
1.07500000000000e+01  -2.57083380236304e-01
1.08000000000000e+01  -2.06327183512382e-01
1.08500000000000e+01  -1.52051678542300e-01
1.09000000000000e+01  -9.51841531349737e-02
1.09500000000000e+01  -3.66860123769034e-02
1.10000000000000e+01  2.24808472403573e-02
1.10500000000000e+01  8.13833084058154e-02
1.11000000000000e+01  1.39143602117251e-01
1.11500000000000e+01  1.94960213367292e-01
1.12000000000000e+01  2.48121617802704e-01
1.12500000000000e+01  2.98020583651810e-01
1.13000000000000e+01  3.44152662046701e-01
1.13500000000000e+01  3.86134829601403e-01
1.14000000000000e+01  4.23680789214427e-01
1.14500000000000e+01  4.56611901824397e-01
1.15000000000000e+01  4.84846638615283e-01
1.15500000000000e+01  5.08390033221651e-01
1.16000000000000e+01  5.27323133933903e-01
1.16500000000000e+01  5.41792455903519e-01
1.17000000000000e+01  5.51999433348305e-01
1.17500000000000e+01  5.58189871757628e-01
1.18000000000000e+01  5.60643400097666e-01
1.18500000000000e+01  5.59662923016648e-01
1.19000000000000e+01  5.55565849338044e-01
1.19500000000000e+01  5.48677675728005e-01
1.20000000000000e+01  5.39320983596489e-01
1.20500000000000e+01  5.27819831944048e-01
1.21000000000000e+01  5.14484445133389e-01
1.21500000000000e+01  4.99609857801920e-01
1.22000000000000e+01  4.83474559774286e-01
1.22500000000000e+01  4.66339140974920e-01
1.23000000000000e+01  4.48444936340575e-01
1.23500000000000e+01  4.30012670732878e-01
1.24000000000000e+01  4.11241103850865e-01
1.24500000000000e+01  3.92305675143525e-01
1.25000000000000e+01  3.73361994622456e-01
1.25500000000000e+01  3.54548051542021e-01
1.26000000000000e+01  3.35982592724403e-01
1.26500000000000e+01  3.17765805257619e-01
1.27000000000000e+01  2.99981782982387e-01
1.27500000000000e+01  2.82699773062147e-01
1.28000000000000e+01  2.65975422553061e-01
1.28500000000000e+01  2.49852024974028e-01
1.29000000000000e+01  2.34361766876692e-01
1.29500000000000e+01  2.19526974415451e-01
1.30000000000000e+01  2.05361359917470e-01
1.30500000000000e+01  1.91871268452687e-01
1.31000000000000e+01  1.79056924403825e-01
1.31500000000000e+01  1.66912517181301e-01
1.32000000000000e+01  1.55427841618162e-01
1.32500000000000e+01  1.44589177084384e-01
1.33000000000000e+01  1.34379077223668e-01
1.33500000000000e+01  1.24777934361008e-01
1.34000000000000e+01  1.15764338978876e-01
1.34500000000000e+01  1.07315439193405e-01
1.35000000000000e+01  9.94073002305857e-02
1.35500000000000e+01  9.20152639024437e-02
1.36000000000000e+01  8.51143080832348e-02
1.36500000000000e+01  7.86794061856288e-02
1.37000000000000e+01  7.26858866368971e-02
1.37500000000000e+01  6.71123153182177e-02
1.38000000000000e+01  6.19272533314229e-02
1.38500000000000e+01  5.71136088934917e-02
1.39000000000000e+01  5.26482113601026e-02
1.39500000000000e+01  4.85089932275207e-02
1.40000000000000e+01  4.46749614174645e-02
1.40500000000000e+01  4.11261685619693e-02
1.41000000000000e+01  3.78436842882538e-02
1.41500000000000e+01  3.48095665035840e-02
1.42000000000000e+01  3.20068326801391e-02
1.42500000000000e+01  2.94194311398766e-02
1.43000000000000e+01  2.70322123393967e-02
1.43500000000000e+01  2.48309001548083e-02
1.44000000000000e+01  2.28020631665938e-02
1.44500000000000e+01  2.09330859444736e-02
1.45000000000000e+01  1.92121403322725e-02
1.45500000000000e+01  1.76281567327835e-02
1.46000000000000e+01  1.61707953926338e-02
1.46500000000000e+01  1.48304176871496e-02
1.47000000000000e+01  1.35980574052211e-02
1.47500000000000e+01  1.24653920341679e-02
1.48000000000000e+01  1.14247140446040e-02
1.48500000000000e+01  1.04689021753027e-02
1.49000000000000e+01  9.59139271806218e-03
1.49500000000000e+01  8.78615080257013e-03
1.50000000000000e+01  8.04624613321879e-03
1.50500000000000e+01  7.36850072369197e-03
1.51000000000000e+01  6.74663849314625e-03
1.51500000000000e+01  6.17628278639957e-03
1.52000000000000e+01  5.65335284500998e-03
1.52500000000000e+01  5.17405098961721e-03
1.53000000000000e+01  4.73484980228396e-03
1.53500000000000e+01  4.33247930883744e-03
1.54000000000000e+01  3.96391416121072e-03
1.54500000000000e+01  3.62636081978417e-03
1.55000000000000e+01  3.31724473572699e-03
1.55500000000000e+01  3.03419753333848e-03
1.56000000000000e+01  2.77504419238959e-03
1.56500000000000e+01  2.53779023046435e-03
1.57000000000000e+01  2.32060888530118e-03
1.57500000000000e+01  2.12182829713449e-03
1.58000000000000e+01  1.93991869103596e-03
1.58500000000000e+01  1.77347955925606e-03
1.59000000000000e+01  1.62122684356547e-03
1.59500000000000e+01  1.48198011759646e-03
1.60000000000000e+01  1.35464976918442e-03
1.60500000000000e+01  1.23822418270914e-03
1.61000000000000e+01  1.13175692143640e-03
1.61500000000000e+01  1.03435390985930e-03
1.62000000000000e+01  9.45160616039717e-04
1.62500000000000e+01  8.63609711558837e-04
1.63000000000000e+01  7.89198024902314e-04
1.63500000000000e+01  7.21127923298912e-04
1.64000000000000e+01  6.58880147498251e-04
1.64500000000000e+01  6.01972416512162e-04
1.65000000000000e+01  5.49957741640038e-04
1.65500000000000e+01  5.02422740494225e-04
1.66000000000000e+01  4.58985951025364e-04
1.66500000000000e+01  4.19296145547754e-04
1.67000000000000e+01  3.83030644764728e-04
1.67500000000000e+01  3.49893631793998e-04
1.68000000000000e+01  3.19614466193038e-04
1.68500000000000e+01  2.91945997984434e-04
1.69000000000000e+01  2.66662881681248e-04
1.69500000000000e+01  2.43559890312389e-04
1.70000000000000e+01  2.22450229447961e-04
1.70500000000000e+01  2.03163851224644e-04
1.71000000000000e+01  1.85545768371043e-04
1.71500000000000e+01  1.69454368233061e-04
1.72000000000000e+01  1.54759726799256e-04
1.72500000000000e+01  1.41341922726201e-04
1.73000000000000e+01  1.29089351363857e-04
1.73500000000000e+01  1.17897038780930e-04
1.74000000000000e+01  1.07664955790233e-04
1.74500000000000e+01  9.82963319740503e-05
1.75000000000000e+01  8.96060324813889e-05
1.75500000000000e+01  8.19361458621259e-05
1.76000000000000e+01  7.48918487818443e-05
1.76500000000000e+01  6.84284615392527e-05
1.77000000000000e+01  6.25036944049301e-05
1.77500000000000e+01  5.70775785964392e-05
1.78000000000000e+01  5.21123972534438e-05
1.78500000000000e+01  4.75726164128223e-05
1.79000000000000e+01  4.34248159837818e-05
1.79500000000000e+01  3.96376207229749e-05
1.80000000000000e+01  3.61816312096119e-05
1.80500000000000e+01  3.30293548205782e-05
1.81000000000000e+01  3.01551367055477e-05
1.81500000000000e+01  2.75350907620979e-05
1.82000000000000e+01  2.51470306108252e-05
1.82500000000000e+01  2.29704005704584e-05
1.83000000000000e+01  2.09862066329755e-05
1.83500000000000e+01  1.91769474387166e-05
1.84000000000000e+01  1.75265452515004e-05
1.84500000000000e+01  1.60202769337378e-05
1.85000000000000e+01  1.46447049215473e-05
1.85500000000000e+01  1.33876081998696e-05
1.86000000000000e+01  1.22379132775829e-05
1.86500000000000e+01  1.11856251626172e-05
1.87000000000000e+01  1.02217583370691e-05
1.87500000000000e+01  9.33826773231733e-06
1.88000000000000e+01  8.52797970413667e-06
1.88500000000000e+01  7.78452300781351e-06
1.89000000000000e+01  7.10225977326030e-06
1.89500000000000e+01  6.47621648013058e-06
1.90000000000000e+01  5.90201493293352e-06
1.90500000000000e+01  5.37580323614913e-06
1.91000000000000e+01  4.89418676934289e-06
1.91500000000000e+01  4.45415916228054e-06
1.92000000000000e+01  4.05303327004305e-06
1.92500000000000e+01  3.68837214814138e-06
1.93000000000000e+01  3.35792002763125e-06
1.93500000000000e+01  3.05953329022814e-06
1.94000000000000e+01  2.79111144342197e-06
1.94500000000000e+01  2.55052809559203e-06
1.95000000000000e+01  2.33556193112174e-06
1.95500000000000e+01  2.14382768551352e-06
1.96000000000000e+01  1.97270712050363e-06
1.96500000000000e+01  1.81927999917701e-06
1.97000000000000e+01  1.68025506108209e-06
1.97500000000000e+01  1.55190099734563e-06
1.98000000000000e+01  1.42997742578755e-06
1.98500000000000e+01  1.30966586603576e-06
1.99000000000000e+01  1.18550071464105e-06
1.99500000000000e+01  1.05130022019182e-06
2.00000000000000e+01  9.00097458429087e-07
