0.00000000000000e+00  5.67648413241114e-04
5.00000000000000e-02  5.95658007686921e-04
1.00000000000000e-01  6.24908828343720e-04
1.50000000000000e-01  6.55493418800431e-04
2.00000000000000e-01  6.87503632633415e-04
2.50000000000000e-01  7.21031106080294e-04
3.00000000000000e-01  7.56167730713763e-04
3.50000000000000e-01  7.93006126115419e-04
4.00000000000000e-01  8.31640112549576e-04
4.50000000000000e-01  8.72165183637087e-04
5.00000000000000e-01  9.14678979029167e-04
5.50000000000000e-01  9.59281757081211e-04
6.00000000000000e-01  1.00607686752661e-03
6.50000000000000e-01  1.05517122415060e-03
7.00000000000000e-01  1.10667577746403e-03
7.50000000000000e-01  1.16070598737723e-03
8.00000000000000e-01  1.21738229587380e-03
8.50000000000000e-01  1.27683059968448e-03
9.00000000000000e-01  1.33918272296090e-03
9.50000000000000e-01  1.40457688994945e-03
1.00000000000000e+00  1.47315819766510e-03
1.05000000000000e+00  1.54507908856518e-03
1.10000000000000e+00  1.62049982322326e-03
1.15000000000000e+00  1.69958895300291e-03
1.20000000000000e+00  1.78252379273159e-03
1.25000000000000e+00  1.86949089337439e-03
1.30000000000000e+00  1.96068651470792e-03
1.35000000000000e+00  2.05631709799409e-03
1.40000000000000e+00  2.15659973865395e-03
1.45000000000000e+00  2.26176265894150e-03
1.50000000000000e+00  2.37204568061752e-03
1.55000000000000e+00  2.48770069762339e-03
1.60000000000000e+00  2.60899214875489e-03
1.65000000000000e+00  2.73619749033605e-03
1.70000000000000e+00  2.86960766889296e-03
1.75000000000000e+00  3.00952759382759e-03
1.80000000000000e+00  3.15627661009159e-03
1.85000000000000e+00  3.31018897086016e-03
1.90000000000000e+00  3.47161431020583e-03
1.95000000000000e+00  3.64091811577227e-03
2.00000000000000e+00  3.81848220144818e-03
2.05000000000000e+00  4.00470518004101e-03
2.10000000000000e+00  4.20000293595087e-03
2.15000000000000e+00  4.40480909784432e-03
2.20000000000000e+00  4.61957551132814e-03
2.25000000000000e+00  4.84477271162325e-03
2.30000000000000e+00  5.08089039623845e-03
2.35000000000000e+00  5.32843789764427e-03
2.40000000000000e+00  5.58794465594680e-03
2.45000000000000e+00  5.85996069156148e-03
2.50000000000000e+00  6.14254700445228e-03
2.55000000000000e+00  6.44258310339759e-03
2.60000000000000e+00  6.75676530816401e-03
2.65000000000000e+00  7.08586815020506e-03
2.70000000000000e+00  7.43068699315241e-03
2.75000000000000e+00  7.79204055298784e-03
2.80000000000000e+00  8.17077341821503e-03
2.85000000000000e+00  8.56775857003141e-03
2.90000000000000e+00  8.98389990250005e-03
2.95000000000000e+00  9.42013474272144e-03
3.00000000000000e+00  9.87743637100538e-03
3.05000000000000e+00  1.03568165410428e-02
3.10000000000000e+00  1.08593280000777e-02
3.15000000000000e+00  1.13860670090789e-02
3.20000000000000e+00  1.19381758629119e-02
3.25000000000000e+00  1.25168454105106e-02
3.30000000000000e+00  1.31233175750496e-02
3.35000000000000e+00  1.37588878741154e-02
3.40000000000000e+00  1.44249079398789e-02
3.45000000000000e+00  1.51227880392667e-02
3.50000000000000e+00  1.58539995941332e-02
3.55000000000000e+00  1.66200777014326e-02
3.60000000000000e+00  1.74226236533903e-02
3.65000000000000e+00  1.82633074576754e-02
3.70000000000000e+00  1.91438703575717e-02
3.75000000000000e+00  2.00663944860568e-02
3.80000000000000e+00  2.10319808254504e-02
3.85000000000000e+00  2.20433356596957e-02
3.90000000000000e+00  2.31024267746720e-02
3.95000000000000e+00  2.42113334821642e-02
4.00000000000000e+00  2.53722442912024e-02
4.05000000000000e+00  2.65874545794019e-02
4.10000000000000e+00  2.78593642643014e-02
4.15000000000000e+00  2.91904754747033e-02
4.20000000000000e+00  3.05833902220124e-02
4.25000000000000e+00  3.20408080715758e-02
4.30000000000000e+00  3.35655238140215e-02
4.35000000000000e+00  3.51604251365984e-02
4.40000000000000e+00  3.68284902945151e-02
4.45000000000000e+00  3.85727857822798e-02
4.50000000000000e+00  4.03964640050388e-02
4.55000000000000e+00  4.23027609499169e-02
4.60000000000000e+00  4.42949938573557e-02
4.65000000000000e+00  4.63765588924535e-02
4.70000000000000e+00  4.85509288163046e-02
4.75000000000000e+00  5.08216506573383e-02
4.80000000000000e+00  5.31923433826588e-02
4.85000000000000e+00  5.56666955693837e-02
4.90000000000000e+00  5.82484630759841e-02
4.95000000000000e+00  6.09414667136236e-02
5.00000000000000e+00  6.37618958016013e-02
5.05000000000000e+00  6.66823465904004e-02
5.10000000000000e+00  6.97322477644574e-02
5.15000000000000e+00  7.29128108382456e-02
5.20000000000000e+00  7.62260612126130e-02
5.25000000000000e+00  7.96746924377353e-02
5.30000000000000e+00  8.32619204760673e-02
5.35000000000000e+00  8.69913379652954e-02
5.40000000000000e+00  9.08667684812899e-02
5.45000000000000e+00  9.48921208010568e-02
5.50000000000000e+00  9.90712431656902e-02
5.55000000000000e+00  1.03407777543324e-01
5.60000000000000e+00  1.07905013892085e-01
5.65000000000000e+00  1.12565959895440e-01
5.70000000000000e+00  1.17393091766154e-01
5.75000000000000e+00  1.22388146069102e-01
5.80000000000000e+00  1.27552678617777e-01
5.85000000000000e+00  1.32887433277518e-01
5.90000000000000e+00  1.38392457654581e-01
5.95000000000000e+00  1.44067218785196e-01
6.00000000000000e+00  1.49910718824634e-01
6.05000000000000e+00  1.55921610736268e-01
6.10000000000000e+00  1.62098313980636e-01
6.15000000000000e+00  1.68439130204508e-01
6.20000000000000e+00  1.74942358929945e-01
6.25000000000000e+00  1.81595617497622e-01
6.30000000000000e+00  1.88394503479094e-01
6.35000000000000e+00  1.95331060329234e-01
6.40000000000000e+00  2.02396361412812e-01
6.45000000000000e+00  2.09579711935051e-01
6.50000000000000e+00  2.16868622176056e-01
6.55000000000000e+00  2.24248780725244e-01
6.60000000000000e+00  2.31704027715775e-01
6.65000000000000e+00  2.39216328058981e-01
6.70000000000000e+00  2.46765744678799e-01
6.75000000000000e+00  2.54330411746195e-01
6.80000000000000e+00  2.61886507913601e-01
6.85000000000000e+00  2.69408229549338e-01
6.90000000000000e+00  2.76867508345705e-01
6.95000000000000e+00  2.84234147247040e-01
7.00000000000000e+00  2.91475261234506e-01
7.05000000000000e+00  2.98556634642319e-01
7.10000000000000e+00  3.05441345292846e-01
7.15000000000000e+00  3.12090065422631e-01
7.20000000000000e+00  3.18461362608428e-01
7.25000000000000e+00  3.24512000693234e-01
7.30000000000000e+00  3.30197240712321e-01
7.35000000000000e+00  3.35471141819268e-01
7.40000000000000e+00  3.40286862211992e-01
7.45000000000000e+00  3.44596960058782e-01
7.50000000000000e+00  3.48345105302808e-01
7.55000000000000e+00  3.51484228352560e-01
7.60000000000000e+00  3.53960359736714e-01
7.65000000000000e+00  3.55719383135717e-01
7.70000000000000e+00  3.56706732214742e-01
7.75000000000000e+00  3.56867158379310e-01
7.80000000000000e+00  3.56144498530906e-01
7.85000000000000e+00  3.54481442822606e-01
7.90000000000000e+00  3.51819302414695e-01
7.95000000000000e+00  3.48097777230287e-01
8.00000000000000e+00  3.43254723710950e-01
8.05000000000000e+00  3.37225922572322e-01
8.10000000000000e+00  3.29944846559737e-01
8.15000000000000e+00  3.21340305971538e-01
8.20000000000000e+00  3.11338996422152e-01
8.25000000000000e+00  2.99858595909403e-01
8.30000000000000e+00  2.86821004542480e-01
8.35000000000000e+00  2.72139606293792e-01
8.40000000000000e+00  2.55721842165054e-01
8.45000000000000e+00  2.37471783353401e-01
8.50000000000000e+00  2.17292704417480e-01
8.55000000000000e+00  1.95089656443548e-01
8.60000000000000e+00  1.70772040211580e-01
8.65000000000000e+00  1.44256179361361e-01
8.70000000000000e+00  1.15467893558594e-01
8.75000000000000e+00  8.43485485676345e-02
8.80000000000000e+00  5.08824411570805e-02
8.85000000000000e+00  1.50696153222859e-02
8.90000000000000e+00  -2.30338679583372e-02
8.95000000000000e+00  -6.33219375931955e-02
9.00000000000000e+00  -1.05626678885402e-01
9.05000000000000e+00  -1.49706500040658e-01
9.10000000000000e+00  -1.95239237521853e-01
9.15000000000000e+00  -2.41819091184653e-01
9.20000000000000e+00  -2.88957527723586e-01
9.25000000000000e+00  -3.36085832208432e-01
9.30000000000000e+00  -3.82563760655874e-01
9.35000000000000e+00  -4.27689045367052e-01
9.40000000000000e+00  -4.70730782532903e-01
9.45000000000000e+00  -5.10958592100059e-01
9.50000000000000e+00  -5.47672369187558e-01
9.55000000000000e+00  -5.80248037484615e-01
9.60000000000000e+00  -6.08184449356502e-01
9.65000000000000e+00  -6.31147433142503e-01
9.70000000000000e+00  -6.49012029560201e-01
9.75000000000000e+00  -6.61896526026646e-01
9.80000000000000e+00  -6.70168249211649e-01
9.85000000000000e+00  -6.74442386957840e-01
9.90000000000000e+00  -6.75540362168978e-01
9.95000000000000e+00  -6.74349295786784e-01
1.00000000000000e+01  -6.71681469767763e-01
1.00500000000000e+01  -6.74349295786780e-01
1.01000000000000e+01  -6.75540362168973e-01
1.01500000000000e+01  -6.74442386957834e-01
1.02000000000000e+01  -6.70168249211642e-01
1.02500000000000e+01  -6.61896526026638e-01
1.03000000000000e+01  -6.49012029560191e-01
1.03500000000000e+01  -6.31147433142493e-01
1.04000000000000e+01  -6.08184449356490e-01
1.04500000000000e+01  -5.80248037484603e-01
1.05000000000000e+01  -5.47672369187545e-01
1.05500000000000e+01  -5.10958592100043e-01
1.06000000000000e+01  -4.70730782532887e-01
1.06500000000000e+01  -4.27689045367037e-01
1.07000000000000e+01  -3.82563760655858e-01
1.07500000000000e+01  -3.36085832208419e-01
1.08000000000000e+01  -2.88957527723570e-01
1.08500000000000e+01  -2.41819091184638e-01
1.09000000000000e+01  -1.95239237521839e-01
1.09500000000000e+01  -1.49706500040644e-01
1.10000000000000e+01  -1.05626678885391e-01
1.10500000000000e+01  -6.33219375931836e-02
1.11000000000000e+01  -2.30338679583274e-02
1.11500000000000e+01  1.50696153222928e-02
1.12000000000000e+01  5.08824411570874e-02
1.12500000000000e+01  8.43450716609932e-02
1.13000000000000e+01  1.15467893558595e-01
1.13500000000000e+01  1.44256179361361e-01
1.14000000000000e+01  1.70772040211577e-01
1.14500000000000e+01  1.95089656443544e-01
1.15000000000000e+01  2.17292704417474e-01
1.15500000000000e+01  2.37471783353393e-01
1.16000000000000e+01  2.55721842165045e-01
1.16500000000000e+01  2.72139606293780e-01
1.17000000000000e+01  2.86821004542467e-01
1.17500000000000e+01  2.99858595909387e-01
1.18000000000000e+01  3.11338996422136e-01
1.18500000000000e+01  3.21340305971520e-01
1.19000000000000e+01  3.29944846559718e-01
1.19500000000000e+01  3.37225922572301e-01
1.20000000000000e+01  3.43254723710928e-01
1.20500000000000e+01  3.48097777230264e-01
1.21000000000000e+01  3.51819302414671e-01
1.21500000000000e+01  3.54481442822581e-01
1.22000000000000e+01  3.56144498530880e-01
1.22500000000000e+01  3.56867158379284e-01
1.23000000000000e+01  3.56706732214716e-01
1.23500000000000e+01  3.55719383135690e-01
1.24000000000000e+01  3.53960359736686e-01
1.24500000000000e+01  3.51484228352533e-01
1.25000000000000e+01  3.48353694424302e-01
1.25500000000000e+01  3.44596960058755e-01
1.26000000000000e+01  3.40286862211965e-01
1.26500000000000e+01  3.35471141819241e-01
1.27000000000000e+01  3.30197240712294e-01
1.27500000000000e+01  3.24512000693207e-01
1.28000000000000e+01  3.18461362608401e-01
1.28500000000000e+01  3.12090065422604e-01
1.29000000000000e+01  3.05441345292820e-01
1.29500000000000e+01  2.98556634642293e-01
1.30000000000000e+01  2.91475261234480e-01
1.30500000000000e+01  2.84234147247015e-01
1.31000000000000e+01  2.76867508345680e-01
1.31500000000000e+01  2.69408229549314e-01
1.32000000000000e+01  2.61886507913577e-01
1.32500000000000e+01  2.54330411746172e-01
1.33000000000000e+01  2.46765744678776e-01
1.33500000000000e+01  2.39216328058959e-01
1.34000000000000e+01  2.31704027715753e-01
1.34500000000000e+01  2.24248780725223e-01
1.35000000000000e+01  2.16868622176036e-01
1.35500000000000e+01  2.09579711935031e-01
1.36000000000000e+01  2.02396361412793e-01
1.36500000000000e+01  1.95331060329215e-01
1.37000000000000e+01  1.88394503479076e-01
1.37500000000000e+01  1.81606413243346e-01
1.38000000000000e+01  1.74942358929928e-01
1.38500000000000e+01  1.68439130204492e-01
1.39000000000000e+01  1.62098313980620e-01
1.39500000000000e+01  1.55921610736252e-01
1.40000000000000e+01  1.49910718824619e-01
1.40500000000000e+01  1.44067218785182e-01
1.41000000000000e+01  1.38392457654567e-01
1.41500000000000e+01  1.32887433277505e-01
1.42000000000000e+01  1.27552678617764e-01
1.42500000000000e+01  1.22388146069090e-01
1.43000000000000e+01  1.17393091766142e-01
1.43500000000000e+01  1.12565959895428e-01
1.44000000000000e+01  1.07905013892074e-01
1.44500000000000e+01  1.03407777543313e-01
1.45000000000000e+01  9.90712431656797e-02
1.45500000000000e+01  9.48921208010467e-02
1.46000000000000e+01  9.08667684812801e-02
1.46500000000000e+01  8.69913379652860e-02
1.47000000000000e+01  8.32619204760582e-02
1.47500000000000e+01  7.96746924377266e-02
1.48000000000000e+01  7.62260612126046e-02
1.48500000000000e+01  7.29128108382373e-02
1.49000000000000e+01  6.97322477644494e-02
1.49500000000000e+01  6.66823465903926e-02
1.50000000000000e+01  6.37495899174907e-02
1.50500000000000e+01  6.09414667136169e-02
1.51000000000000e+01  5.82484630759776e-02
1.51500000000000e+01  5.56666955693775e-02
1.52000000000000e+01  5.31923433826528e-02
1.52500000000000e+01  5.08216506573327e-02
1.53000000000000e+01  4.85509288162992e-02
1.53500000000000e+01  4.63765588924484e-02
1.54000000000000e+01  4.42949938573508e-02
1.54500000000000e+01  4.23027609499122e-02
1.55000000000000e+01  4.03964640050344e-02
1.55500000000000e+01  3.85727857822755e-02
1.56000000000000e+01  3.68284902945110e-02
1.56500000000000e+01  3.51604251365945e-02
1.57000000000000e+01  3.35655238140177e-02
1.57500000000000e+01  3.20408080715722e-02
1.58000000000000e+01  3.05833902220091e-02
1.58500000000000e+01  2.91904754747000e-02
1.59000000000000e+01  2.78593642642983e-02
1.59500000000000e+01  2.65874545793989e-02
1.60000000000000e+01  2.53722442911997e-02
1.60500000000000e+01  2.42113334821615e-02
1.61000000000000e+01  2.31024267746695e-02
1.61500000000000e+01  2.20433356596934e-02
1.62000000000000e+01  2.10319808254481e-02
1.62500000000000e+01  2.00661273521483e-02
1.63000000000000e+01  1.91438703575696e-02
1.63500000000000e+01  1.82633074576734e-02
1.64000000000000e+01  1.74226236533884e-02
1.64500000000000e+01  1.66200777014308e-02
1.65000000000000e+01  1.58539995941315e-02
1.65500000000000e+01  1.51227880392651e-02
1.66000000000000e+01  1.44249079398774e-02
1.66500000000000e+01  1.37588878741140e-02
1.67000000000000e+01  1.31233175750482e-02
1.67500000000000e+01  1.25168454105093e-02
1.68000000000000e+01  1.19381758629106e-02
1.68500000000000e+01  1.13860670090777e-02
1.69000000000000e+01  1.08593280000766e-02
1.69500000000000e+01  1.03568165410417e-02
1.70000000000000e+01  9.87743637100434e-03
1.70500000000000e+01  9.42013474272045e-03
1.71000000000000e+01  8.98389990249911e-03
1.71500000000000e+01  8.56775857003051e-03
1.72000000000000e+01  8.17077341821419e-03
1.72500000000000e+01  7.79204055298703e-03
1.73000000000000e+01  7.43068699315163e-03
1.73500000000000e+01  7.08586815020431e-03
1.74000000000000e+01  6.75676530816331e-03
1.74500000000000e+01  6.44258310339692e-03
1.75000000000000e+01  6.14505707788629e-03
1.75500000000000e+01  5.85996069156083e-03
1.76000000000000e+01  5.58794465594617e-03
1.76500000000000e+01  5.32843789764367e-03
1.77000000000000e+01  5.08089039623789e-03
1.77500000000000e+01  4.84477271162271e-03
1.78000000000000e+01  4.61957551132761e-03
1.78500000000000e+01  4.40480909784382e-03
1.79000000000000e+01  4.20000293595039e-03
1.79500000000000e+01  4.00470518004057e-03
1.80000000000000e+01  3.81848220144775e-03
1.80500000000000e+01  3.64091811577187e-03
1.81000000000000e+01  3.47161431020544e-03
1.81500000000000e+01  3.31018897085979e-03
1.82000000000000e+01  3.15627661009125e-03
1.82500000000000e+01  3.00952759382726e-03
1.83000000000000e+01  2.86960766889266e-03
1.83500000000000e+01  2.73619749033576e-03
1.84000000000000e+01  2.60899214875462e-03
1.84500000000000e+01  2.48770069762315e-03
1.85000000000000e+01  2.37204568061730e-03
1.85500000000000e+01  2.26176265894129e-03
1.86000000000000e+01  2.15659973865376e-03
1.86500000000000e+01  2.05631709799392e-03
1.87000000000000e+01  1.96068651470777e-03
1.87500000000000e+01  1.86949089337426e-03
1.88000000000000e+01  1.78252379273148e-03
1.88500000000000e+01  1.69958895300282e-03
1.89000000000000e+01  1.62049982322318e-03
1.89500000000000e+01  1.54507908856513e-03
1.90000000000000e+01  1.47315819766506e-03
1.90500000000000e+01  1.40457688994943e-03
1.91000000000000e+01  1.33918272296090e-03
1.91500000000000e+01  1.27683059968450e-03
1.92000000000000e+01  1.21738229587383e-03
1.92500000000000e+01  1.16070598737727e-03
1.93000000000000e+01  1.10667577746409e-03
1.93500000000000e+01  1.05517122415067e-03
1.94000000000000e+01  1.00607686752670e-03
1.94500000000000e+01  9.59281757081309e-04
1.95000000000000e+01  9.14678979029276e-04
1.95500000000000e+01  8.72165183637206e-04
1.96000000000000e+01  8.31640112549700e-04
1.96500000000000e+01  7.93006126115547e-04
1.97000000000000e+01  7.56167730713893e-04
1.97500000000000e+01  7.21031106080427e-04
1.98000000000000e+01  6.87503632633546e-04
1.98500000000000e+01  6.55493418800556e-04
1.99000000000000e+01  6.24908828343838e-04
1.99500000000000e+01  5.95658007687027e-04
2.00000000000000e+01  5.67648413241207e-04
