0.00000000000000e+00  3.36893930888533e-01
2.50000000000000e-02  3.43697689986875e-01
5.00000000000000e-02  3.50629059123608e-01
7.50000000000000e-02  3.57690376489177e-01
1.00000000000000e-01  3.64883980397329e-01
1.25000000000000e-01  3.72212210827967e-01
1.50000000000000e-01  3.79677410970016e-01
1.75000000000000e-01  3.87281928764282e-01
2.00000000000000e-01  3.95028118446311e-01
2.25000000000000e-01  4.02918342089254e-01
2.50000000000000e-01  4.10954971146723e-01
2.75000000000000e-01  4.19140387995656e-01
3.00000000000000e-01  4.27476987479175e-01
3.25000000000000e-01  4.35967178449448e-01
3.50000000000000e-01  4.44613385310550e-01
3.75000000000000e-01  4.53418049561324e-01
4.00000000000000e-01  4.62383631338242e-01
4.25000000000000e-01  4.71512610958262e-01
4.50000000000000e-01  4.80807490461698e-01
4.75000000000000e-01  4.90270795155068e-01
5.00000000000000e-01  4.99905075153969e-01
5.25000000000000e-01  5.09712906925925e-01
5.50000000000000e-01  5.19696894833256e-01
5.75000000000000e-01  5.29859672675938e-01
6.00000000000000e-01  5.40203905234458e-01
6.25000000000000e-01  5.50732289812684e-01
6.50000000000000e-01  5.61447312164830e-01
6.75000000000000e-01  5.72351895086825e-01
7.00000000000000e-01  5.83448748231043e-01
7.25000000000000e-01  5.94740610585429e-01
7.50000000000000e-01  6.06230247336735e-01
7.75000000000000e-01  6.17920446733755e-01
8.00000000000000e-01  6.29814016950563e-01
8.25000000000000e-01  6.41913782949749e-01
8.50000000000000e-01  6.54222583345651e-01
8.75000000000000e-01  6.66743267267600e-01
9.00000000000000e-01  6.79478691223148e-01
9.25000000000000e-01  6.92431715961306e-01
9.50000000000000e-01  7.05605203335786e-01
9.75000000000000e-01  7.19002013168229e-01
1.00000000000000e+00  7.32625000111448e-01
1.02500000000000e+00  7.46477010512658e-01
1.05000000000000e+00  7.60560879276719e-01
1.07500000000000e+00  7.74879426729368e-01
1.10000000000000e+00  7.89435455480454e-01
1.12500000000000e+00  8.04231747287180e-01
1.15000000000000e+00  8.19271059917332e-01
1.17500000000000e+00  8.34556124012521e-01
1.20000000000000e+00  8.50089639951419e-01
1.22500000000000e+00  8.65874274712988e-01
1.25000000000000e+00  8.81906579256032e-01
1.27500000000000e+00  8.98210038482226e-01
1.30000000000000e+00  9.14771281847920e-01
1.32500000000000e+00  9.31593517902916e-01
1.35000000000000e+00  9.48679862477050e-01
1.37500000000000e+00  9.66033338620810e-01
1.40000000000000e+00  9.83656876545949e-01
1.42500000000000e+00  1.00155331356610e+00
1.45000000000000e+00  1.01972539403740e+00
1.47500000000000e+00  1.03817576929909e+00
1.50000000000000e+00  1.05690699761413e+00
1.52500000000000e+00  1.07592154410985e+00
1.55000000000000e+00  1.09522178071851e+00
1.57500000000000e+00  1.11480998611795e+00
1.60000000000000e+00  1.13468834567221e+00
1.62500000000000e+00  1.15485895137211e+00
1.65000000000000e+00  1.17532380177592e+00
1.67500000000000e+00  1.19608480194991e+00
1.70000000000000e+00  1.21714376340903e+00
1.72500000000000e+00  1.23850240405748e+00
1.75000000000000e+00  1.26016234812933e+00
1.77500000000000e+00  1.28212512612915e+00
1.80000000000000e+00  1.30439217477264e+00
1.82500000000000e+00  1.32696483692720e+00
1.85000000000000e+00  1.34984436155258e+00
1.87500000000000e+00  1.37303190364149e+00
1.90000000000000e+00  1.39652766687652e+00
1.92500000000000e+00  1.42033316199196e+00
1.95000000000000e+00  1.44444893195971e+00
1.97500000000000e+00  1.46887539288010e+00
2.00000000000000e+00  1.49361281758901e+00
2.02500000000000e+00  1.51866131926499e+00
2.05000000000000e+00  1.54402083503639e+00
2.07500000000000e+00  1.56969110958843e+00
2.10000000000000e+00  1.59567167877042e+00
2.12500000000000e+00  1.62196185320276e+00
2.15000000000000e+00  1.64856070188415e+00
2.17500000000000e+00  1.67546703579870e+00
2.20000000000000e+00  1.70267939152299e+00
2.22500000000000e+00  1.73019601483327e+00
2.25000000000000e+00  1.75801484431251e+00
2.27500000000000e+00  1.78613349495758e+00
2.30000000000000e+00  1.81454924178633e+00
2.32500000000000e+00  1.84325900344473e+00
2.35000000000000e+00  1.87225932581399e+00
2.37500000000000e+00  1.90154636561765e+00
2.40000000000000e+00  1.93111587402876e+00
2.42500000000000e+00  1.96096318027695e+00
2.45000000000000e+00  1.99108317525555e+00
2.47500000000000e+00  2.02147029512877e+00
2.50000000000000e+00  2.05212532480610e+00
2.52500000000000e+00  2.08303396895535e+00
2.55000000000000e+00  2.11419271944522e+00
2.57500000000000e+00  2.14559427514368e+00
2.60000000000000e+00  2.17723085829502e+00
2.62500000000000e+00  2.20909418355052e+00
2.65000000000000e+00  2.24117542699926e+00
2.67500000000000e+00  2.27346519519876e+00
2.70000000000000e+00  2.30595349420581e+00
2.72500000000000e+00  2.33862969860712e+00
2.75000000000000e+00  2.37148252055010e+00
2.77500000000000e+00  2.40449997877359e+00
2.80000000000000e+00  2.43766936763858e+00
2.82500000000000e+00  2.47097722615894e+00
2.85000000000000e+00  2.50440930703217e+00
2.87500000000000e+00  2.53795054567012e+00
2.90000000000000e+00  2.57158502922971e+00
2.92500000000000e+00  2.60529596564370e+00
2.95000000000000e+00  2.63906565265139e+00
2.97500000000000e+00  2.67287544682937e+00
3.00000000000000e+00  2.70670573262225e+00
3.02500000000000e+00  2.74053589137337e+00
3.05000000000000e+00  2.77434427035556e+00
3.07500000000000e+00  2.80810815180189e+00
3.10000000000000e+00  2.84180372193636e+00
3.12500000000000e+00  2.87540641441641e+00
3.15000000000000e+00  2.90888749029405e+00
3.17500000000000e+00  2.94222167804717e+00
3.20000000000000e+00  2.97537974338731e+00
3.22500000000000e+00  3.00833118239209e+00
3.25000000000000e+00  3.04104415080523e+00
3.27500000000000e+00  3.07348539333652e+00
3.30000000000000e+00  3.10562017296184e+00
3.32500000000000e+00  3.13741220022317e+00
3.35000000000000e+00  3.16882356252855e+00
3.37500000000000e+00  3.19981465345212e+00
3.40000000000000e+00  3.23034410203407e+00
3.42500000000000e+00  3.26036870208071e+00
3.45000000000000e+00  3.28984334146438e+00
3.47500000000000e+00  3.31872093142353e+00
3.50000000000000e+00  3.34695233586268e+00
3.52500000000000e+00  3.37448630065239e+00
3.55000000000000e+00  3.40126938292933e+00
3.57500000000000e+00  3.42724588039621e+00
3.60000000000000e+00  3.45235776062183e+00
3.62500000000000e+00  3.47654459034103e+00
3.65000000000000e+00  3.49974346475474e+00
3.67500000000000e+00  3.52188893682993e+00
3.70000000000000e+00  3.54291294659966e+00
3.72500000000000e+00  3.56274475046301e+00
3.75000000000000e+00  3.58131164415020e+00
3.77500000000000e+00  3.59853164503694e+00
3.80000000000000e+00  3.61432984272944e+00
3.82500000000000e+00  3.62862248699994e+00
3.85000000000000e+00  3.64132274722403e+00
3.87500000000000e+00  3.65234055630405e+00
3.90000000000000e+00  3.66158245459246e+00
3.92500000000000e+00  3.66895143381522e+00
3.95000000000000e+00  3.67434678099517e+00
3.97500000000000e+00  3.67766392237542e+00
4.00000000000000e+00  3.67879426734270e+00
4.02500000000000e+00  3.67762505235080e+00
4.05000000000000e+00  3.67403918484385e+00
4.07500000000000e+00  3.66791508717982e+00
4.10000000000000e+00  3.65912654055380e+00
4.12500000000000e+00  3.64754252892143e+00
4.15000000000000e+00  3.63302708292228e+00
4.17500000000000e+00  3.61543912380319e+00
4.20000000000000e+00  3.59463230734170e+00
4.22500000000000e+00  3.57045486776941e+00
4.25000000000000e+00  3.54274946169534e+00
4.27500000000000e+00  3.51135301202933e+00
4.30000000000000e+00  3.47609655190543e+00
4.32500000000000e+00  3.43680506860525e+00
4.35000000000000e+00  3.39329734748137e+00
4.37500000000000e+00  3.34538747457819e+00
4.40000000000000e+00  3.29286943126770e+00
4.42500000000000e+00  3.23555152174835e+00
4.45000000000000e+00  3.17322285166408e+00
4.47500000000000e+00  3.10566544823949e+00
4.50000000000000e+00  3.03265392386805e+00
4.52500000000000e+00  2.95395513970029e+00
4.55000000000000e+00  2.86932786923209e+00
4.57500000000000e+00  2.77852246189285e+00
4.60000000000000e+00  2.68128050663373e+00
4.62500000000000e+00  2.57733449551589e+00
4.65000000000000e+00  2.46640748729865e+00
4.67500000000000e+00  2.34821277102781e+00
4.70000000000000e+00  2.22245352962378e+00
4.72500000000000e+00  2.08882250346984e+00
4.75000000000000e+00  1.94700165400039e+00
4.77500000000000e+00  1.79666182728911e+00
4.80000000000000e+00  1.63746241763724e+00
4.82500000000000e+00  1.46905103116177e+00
4.85000000000000e+00  1.29106314938367e+00
4.87500000000000e+00  1.10312179281612e+00
4.90000000000000e+00  9.04837184552707e-01
4.92500000000000e+00  6.95806413855685e-01
4.95000000000000e+00  4.75613099744180e-01
4.97500000000000e+00  2.43827054582387e-01
5.00000000000000e+00  -3.94766784948718e-06
5.02500000000000e+00  -2.43827054582406e-01
5.05000000000000e+00  -4.75613099744201e-01
5.07500000000000e+00  -6.95806413855702e-01
5.10000000000000e+00  -9.04837184552721e-01
5.12500000000000e+00  -1.10312179281612e+00
5.15000000000000e+00  -1.29106314938367e+00
5.17500000000000e+00  -1.46905103116178e+00
5.20000000000000e+00  -1.63746241763724e+00
5.22500000000000e+00  -1.79666182728912e+00
5.25000000000000e+00  -1.94700165400039e+00
5.27500000000000e+00  -2.08882250346985e+00
5.30000000000000e+00  -2.22245352962379e+00
5.32500000000000e+00  -2.34821277102782e+00
5.35000000000000e+00  -2.46640748729866e+00
5.37500000000000e+00  -2.57733449551588e+00
5.40000000000000e+00  -2.68128050663373e+00
5.42500000000000e+00  -2.77852246189285e+00
5.45000000000000e+00  -2.86932786923209e+00
5.47500000000000e+00  -2.95395513970029e+00
5.50000000000000e+00  -3.03265392386805e+00
5.52500000000000e+00  -3.10566544823950e+00
5.55000000000000e+00  -3.17322285166408e+00
5.57500000000000e+00  -3.23555152174835e+00
5.60000000000000e+00  -3.29286943126770e+00
5.62500000000000e+00  -3.34538581588068e+00
5.65000000000000e+00  -3.39329734748137e+00
5.67500000000000e+00  -3.43680506860525e+00
5.70000000000000e+00  -3.47609655190543e+00
5.72500000000000e+00  -3.51135301202933e+00
5.75000000000000e+00  -3.54274946169534e+00
5.77500000000000e+00  -3.57045486776941e+00
5.80000000000000e+00  -3.59463230734170e+00
5.82500000000000e+00  -3.61543912380319e+00
5.85000000000000e+00  -3.63302708292228e+00
5.87500000000000e+00  -3.64754252892143e+00
5.90000000000000e+00  -3.65912654055380e+00
5.92500000000000e+00  -3.66791508717982e+00
5.95000000000000e+00  -3.67403918484385e+00
5.97500000000000e+00  -3.67762505235079e+00
6.00000000000000e+00  -3.67879426734270e+00
6.02500000000000e+00  -3.67766392237541e+00
6.05000000000000e+00  -3.67434678099516e+00
6.07500000000000e+00  -3.66895143381521e+00
6.10000000000000e+00  -3.66158245459246e+00
6.12500000000000e+00  -3.65234055630405e+00
6.15000000000000e+00  -3.64132274722403e+00
6.17500000000000e+00  -3.62862248699994e+00
6.20000000000000e+00  -3.61432984272944e+00
6.22500000000000e+00  -3.59853164503694e+00
6.25000000000000e+00  -3.58131085048514e+00
6.27500000000000e+00  -3.56274475046300e+00
6.30000000000000e+00  -3.54291294659965e+00
6.32500000000000e+00  -3.52188893682993e+00
6.35000000000000e+00  -3.49974346475473e+00
6.37500000000000e+00  -3.47654459034103e+00
6.40000000000000e+00  -3.45235776062183e+00
6.42500000000000e+00  -3.42724588039621e+00
6.45000000000000e+00  -3.40126938292933e+00
6.47500000000000e+00  -3.37448630065239e+00
6.50000000000000e+00  -3.34695233586268e+00
6.52500000000000e+00  -3.31872093142353e+00
6.55000000000000e+00  -3.28984334146438e+00
6.57500000000000e+00  -3.26036870208070e+00
6.60000000000000e+00  -3.23034410203407e+00
6.62500000000000e+00  -3.19981465345211e+00
6.65000000000000e+00  -3.16882356252855e+00
6.67500000000000e+00  -3.13741220022316e+00
6.70000000000000e+00  -3.10562017296184e+00
6.72500000000000e+00  -3.07348539333651e+00
6.75000000000000e+00  -3.04104415080523e+00
6.77500000000000e+00  -3.00833118239209e+00
6.80000000000000e+00  -2.97537974338731e+00
6.82500000000000e+00  -2.94222167804717e+00
6.85000000000000e+00  -2.90888749029405e+00
6.87500000000000e+00  -2.87540604000462e+00
6.90000000000000e+00  -2.84180372193635e+00
6.92500000000000e+00  -2.80810815180188e+00
6.95000000000000e+00  -2.77434427035556e+00
6.97500000000000e+00  -2.74053589137336e+00
7.00000000000000e+00  -2.70670573262224e+00
7.02500000000000e+00  -2.67287544682937e+00
7.05000000000000e+00  -2.63906565265139e+00
7.07500000000000e+00  -2.60529596564370e+00
7.10000000000000e+00  -2.57158502922971e+00
7.12500000000000e+00  -2.53795054567012e+00
7.15000000000000e+00  -2.50440930703217e+00
7.17500000000000e+00  -2.47097722615894e+00
7.20000000000000e+00  -2.43766936763858e+00
7.22500000000000e+00  -2.40449997877359e+00
7.25000000000000e+00  -2.37148252055010e+00
7.27500000000000e+00  -2.33862969860711e+00
7.30000000000000e+00  -2.30595349420580e+00
7.32500000000000e+00  -2.27346519519876e+00
7.35000000000000e+00  -2.24117542699926e+00
7.37500000000000e+00  -2.20909418355052e+00
7.40000000000000e+00  -2.17723085829502e+00
7.42500000000000e+00  -2.14559427514368e+00
7.45000000000000e+00  -2.11419271944522e+00
7.47500000000000e+00  -2.08303396895535e+00
7.50000000000000e+00  -2.05211850493873e+00
7.52500000000000e+00  -2.02147029512876e+00
7.55000000000000e+00  -1.99108317525555e+00
7.57500000000000e+00  -1.96096318027694e+00
7.60000000000000e+00  -1.93111587402876e+00
7.62500000000000e+00  -1.90154636561765e+00
7.65000000000000e+00  -1.87225932581399e+00
7.67500000000000e+00  -1.84325900344473e+00
7.70000000000000e+00  -1.81454924178633e+00
7.72500000000000e+00  -1.78613349495758e+00
7.75000000000000e+00  -1.75801484431251e+00
7.77500000000000e+00  -1.73019601483326e+00
7.80000000000000e+00  -1.70267939152299e+00
7.82500000000000e+00  -1.67546703579870e+00
7.85000000000000e+00  -1.64856070188415e+00
7.87500000000000e+00  -1.62196185320275e+00
7.90000000000000e+00  -1.59567167877041e+00
7.92500000000000e+00  -1.56969110958843e+00
7.95000000000000e+00  -1.54402083503638e+00
7.97500000000000e+00  -1.51866131926499e+00
8.00000000000000e+00  -1.49361281758901e+00
8.02500000000000e+00  -1.46887539288010e+00
8.05000000000000e+00  -1.44444893195971e+00
8.07500000000000e+00  -1.42033316199196e+00
8.10000000000000e+00  -1.39652766687652e+00
8.12500000000000e+00  -1.37303190364149e+00
8.15000000000000e+00  -1.34984436155258e+00
8.17500000000000e+00  -1.32696483692720e+00
8.20000000000000e+00  -1.30439217477264e+00
8.22500000000000e+00  -1.28212512612915e+00
8.25000000000000e+00  -1.26016234812932e+00
8.27500000000000e+00  -1.23850240405748e+00
8.30000000000000e+00  -1.21714376340903e+00
8.32500000000000e+00  -1.19608480194991e+00
8.35000000000000e+00  -1.17532380177592e+00
8.37500000000000e+00  -1.15485895137211e+00
8.40000000000000e+00  -1.13468834567220e+00
8.42500000000000e+00  -1.11480998611795e+00
8.45000000000000e+00  -1.09522178071851e+00
8.47500000000000e+00  -1.07592154410985e+00
8.50000000000000e+00  -1.05690699761413e+00
8.52500000000000e+00  -1.03817576929909e+00
8.55000000000000e+00  -1.01972539403740e+00
8.57500000000000e+00  -1.00155331356610e+00
8.60000000000000e+00  -9.83656876545948e-01
8.62500000000000e+00  -9.66033338620809e-01
8.65000000000000e+00  -9.48679862477049e-01
8.67500000000000e+00  -9.31593517902915e-01
8.70000000000000e+00  -9.14771281847920e-01
8.72500000000000e+00  -8.98210038482226e-01
8.75000000000000e+00  -8.81912658739727e-01
8.77500000000000e+00  -8.65874274712987e-01
8.80000000000000e+00  -8.50089639951417e-01
8.82500000000000e+00  -8.34556124012520e-01
8.85000000000000e+00  -8.19271059917332e-01
8.87500000000000e+00  -8.04231747287179e-01
8.90000000000000e+00  -7.89435455480454e-01
8.92500000000000e+00  -7.74879426729367e-01
8.95000000000000e+00  -7.60560879276719e-01
8.97500000000000e+00  -7.46477010512658e-01
9.00000000000000e+00  -7.32625000111447e-01
9.02500000000000e+00  -7.19002013168229e-01
9.05000000000000e+00  -7.05605203335785e-01
9.07500000000000e+00  -6.92431715961304e-01
9.10000000000000e+00  -6.79478691223147e-01
9.12500000000000e+00  -6.66743267267599e-01
9.15000000000000e+00  -6.54222583345650e-01
9.17500000000000e+00  -6.41913782949747e-01
9.20000000000000e+00  -6.29814016950561e-01
9.22500000000000e+00  -6.17920446733754e-01
9.25000000000000e+00  -6.06230247336734e-01
9.27500000000000e+00  -5.94740610585428e-01
9.30000000000000e+00  -5.83448748231042e-01
9.32500000000000e+00  -5.72351895086824e-01
9.35000000000000e+00  -5.61447312164830e-01
9.37500000000000e+00  -5.50732289812684e-01
9.40000000000000e+00  -5.40203905234458e-01
9.42500000000000e+00  -5.29859672675937e-01
9.45000000000000e+00  -5.19696894833255e-01
9.47500000000000e+00  -5.09712906925924e-01
9.50000000000000e+00  -4.99905075153968e-01
9.52500000000000e+00  -4.90270795155068e-01
9.55000000000000e+00  -4.80807490461698e-01
9.57500000000000e+00  -4.71512610958262e-01
9.60000000000000e+00  -4.62383631338241e-01
9.62500000000000e+00  -4.53418049561325e-01
9.65000000000000e+00  -4.44613385310550e-01
9.67500000000000e+00  -4.35967178449447e-01
9.70000000000000e+00  -4.27476987479174e-01
9.72500000000000e+00  -4.19140387995655e-01
9.75000000000000e+00  -4.10954971146722e-01
9.77500000000000e+00  -4.02918342089253e-01
9.80000000000000e+00  -3.95028118446310e-01
9.82500000000000e+00  -3.87281928764281e-01
9.85000000000000e+00  -3.79677410970015e-01
9.87500000000000e+00  -3.72212210827966e-01
9.90000000000000e+00  -3.64883980397328e-01
9.92500000000000e+00  -3.57690376489177e-01
9.95000000000000e+00  -3.50629059123607e-01
9.97500000000000e+00  -3.43697689986874e-01
1.00000000000000e+01  -3.36893930888533e-01
