0.00000000000000e+00  8.42234887612782e+00
2.50000000000000e-02  8.50673255075549e+00
5.00000000000000e-02  8.59128826377280e+00
7.50000000000000e-02  8.67600346586769e+00
1.00000000000000e-01  8.76086436260076e+00
1.25000000000000e-01  8.84585596001074e+00
1.50000000000000e-01  8.93096211021984e+00
1.75000000000000e-01  9.01616555703914e+00
2.00000000000000e-01  9.10144798157406e+00
2.25000000000000e-01  9.18679004782976e+00
2.50000000000000e-01  9.27217144831651e+00
2.75000000000000e-01  9.35757094965511e+00
3.00000000000000e-01  9.44296643818234e+00
3.25000000000000e-01  9.52833496555633e+00
3.50000000000000e-01  9.61365279436198e+00
3.75000000000000e-01  9.69889544371640e+00
4.00000000000000e-01  9.78403773487424e+00
4.25000000000000e-01  9.86905383683321e+00
4.50000000000000e-01  9.95391731193940e+00
4.75000000000000e-01  1.00386011614927e+01
5.00000000000000e-01  1.01230778713523e+01
5.25000000000000e-01  1.02073194575420e+01
5.50000000000000e-01  1.02912975118557e+01
5.75000000000000e-01  1.03749832474626e+01
6.00000000000000e-01  1.04583475445129e+01
6.25000000000000e-01  1.05413587456062e+01
6.50000000000000e-01  1.06239869121361e+01
6.75000000000000e-01  1.07062005217608e+01
7.00000000000000e-01  1.07879678157667e+01
7.25000000000000e-01  1.08692564753144e+01
7.50000000000000e-01  1.09500336088332e+01
7.75000000000000e-01  1.10302657394160e+01
8.00000000000000e-01  1.11099187922146e+01
8.25000000000000e-01  1.11889580818343e+01
8.50000000000000e-01  1.12673482997292e+01
8.75000000000000e-01  1.13450535015964e+01
9.00000000000000e-01  1.14220370947716e+01
9.25000000000000e-01  1.14982618256238e+01
9.50000000000000e-01  1.15736897669503e+01
9.75000000000000e-01  1.16482823053711e+01
1.00000000000000e+00  1.17220001287248e+01
1.02500000000000e+00  1.17948032134624e+01
1.05000000000000e+00  1.18666508120433e+01
1.07500000000000e+00  1.19375014403293e+01
1.10000000000000e+00  1.20073128649800e+01
1.12500000000000e+00  1.20760420908479e+01
1.15000000000000e+00  1.21436453483726e+01
1.17500000000000e+00  1.22100780809765e+01
1.20000000000000e+00  1.22752949324592e+01
1.22500000000000e+00  1.23392497343929e+01
1.25000000000000e+00  1.24018116474446e+01
1.27500000000000e+00  1.24632255727594e+01
1.30000000000000e+00  1.25232186693355e+01
1.32500000000000e+00  1.25817526156165e+01
1.35000000000000e+00  1.26387875113377e+01
1.37500000000000e+00  1.26942819850856e+01
1.40000000000000e+00  1.27481933018565e+01
1.42500000000000e+00  1.28004774706160e+01
1.45000000000000e+00  1.28510893518580e+01
1.47500000000000e+00  1.28999827651639e+01
1.50000000000000e+00  1.29471105967617e+01
1.52500000000000e+00  1.29924249070851e+01
1.55000000000000e+00  1.30358770383328e+01
1.57500000000000e+00  1.30774177220275e+01
1.60000000000000e+00  1.31169971865750e+01
1.62500000000000e+00  1.31545652648236e+01
1.65000000000000e+00  1.31900715016228e+01
1.67500000000000e+00  1.32234652613830e+01
1.70000000000000e+00  1.32546958356341e+01
1.72500000000000e+00  1.32837125505849e+01
1.75000000000000e+00  1.33104648746823e+01
1.77500000000000e+00  1.33349025261705e+01
1.80000000000000e+00  1.33569755806496e+01
1.82500000000000e+00  1.33766345786356e+01
1.85000000000000e+00  1.33938306331187e+01
1.87500000000000e+00  1.34085113142737e+01
1.90000000000000e+00  1.34206312236381e+01
1.92500000000000e+00  1.34301391168905e+01
1.95000000000000e+00  1.34369872141006e+01
1.97500000000000e+00  1.34411281081770e+01
2.00000000000000e+00  1.34425148215425e+01
2.02500000000000e+00  1.34411008628109e+01
2.05000000000000e+00  1.34368402834623e+01
2.07500000000000e+00  1.34296877345195e+01
2.10000000000000e+00  1.34195985232239e+01
2.12500000000000e+00  1.34065286697112e+01
2.15000000000000e+00  1.33904349636878e+01
2.17500000000000e+00  1.33712750211065e+01
2.20000000000000e+00  1.33490073408426e+01
2.22500000000000e+00  1.33235913613696e+01
2.25000000000000e+00  1.32949875174356e+01
2.27500000000000e+00  1.32631572967392e+01
2.30000000000000e+00  1.32280632966051e+01
2.32500000000000e+00  1.31896692806604e+01
2.35000000000000e+00  1.31479402355106e+01
2.37500000000000e+00  1.31028424274154e+01
2.40000000000000e+00  1.30543434589648e+01
2.42500000000000e+00  1.30024123257551e+01
2.45000000000000e+00  1.29470194730647e+01
2.47500000000000e+00  1.28881368525303e+01
2.50000000000000e+00  1.28257806575818e+01
2.52500000000000e+00  1.27598852000203e+01
2.55000000000000e+00  1.26904428269629e+01
2.57500000000000e+00  1.26174361182157e+01
2.60000000000000e+00  1.25408499324677e+01
2.62500000000000e+00  1.24606715158377e+01
2.65000000000000e+00  1.23768906104205e+01
2.67500000000000e+00  1.22894995628340e+01
2.70000000000000e+00  1.21984934327651e+01
2.72500000000000e+00  1.21038701015171e+01
2.75000000000000e+00  1.20056303805556e+01
2.77500000000000e+00  1.19037781200556e+01
2.80000000000000e+00  1.17983203174477e+01
2.82500000000000e+00  1.16892672259651e+01
2.85000000000000e+00  1.15766324631899e+01
2.87500000000000e+00  1.14604331195996e+01
2.90000000000000e+00  1.13406898671143e+01
2.92500000000000e+00  1.12174270676425e+01
2.95000000000000e+00  1.10906728816283e+01
2.97500000000000e+00  1.09604593765976e+01
3.00000000000000e+00  1.08268226357052e+01
3.02500000000000e+00  1.06898028662806e+01
3.05000000000000e+00  1.05494445083756e+01
3.07500000000000e+00  1.04057963433099e+01
3.10000000000000e+00  1.02589116022186e+01
3.12500000000000e+00  1.01088511700997e+01
3.15000000000000e+00  9.95566737231422e+00
3.17500000000000e+00  9.79943679005299e+00
3.20000000000000e+00  9.64023012114635e+00
3.22500000000000e+00  9.47812337290199e+00
3.25000000000000e+00  9.31319787735526e+00
3.27500000000000e+00  9.14554030651946e+00
3.30000000000000e+00  8.97524268763605e+00
3.32500000000000e+00  8.80240241842490e+00
3.35000000000000e+00  8.62712228233456e+00
3.37500000000000e+00  8.44951046379252e+00
3.40000000000000e+00  8.26968056345545e+00
3.42500000000000e+00  8.08775161345944e+00
3.45000000000000e+00  7.90384809267029e+00
3.47500000000000e+00  7.71809994193372e+00
3.50000000000000e+00  7.53064257932564e+00
3.52500000000000e+00  7.34161691540243e+00
3.55000000000000e+00  7.15116936845114e+00
3.57500000000000e+00  6.95945187973977e+00
3.60000000000000e+00  6.76662192876756e+00
3.62500000000000e+00  6.57284254851515e+00
3.65000000000000e+00  6.37828234069493e+00
3.67500000000000e+00  6.18311549100123e+00
3.70000000000000e+00  5.98752178436060e+00
3.72500000000000e+00  5.79168662018205e+00
3.75000000000000e+00  5.59579636523363e+00
3.77500000000000e+00  5.40004679957046e+00
3.80000000000000e+00  5.20463621308321e+00
3.82500000000000e+00  5.00976788854444e+00
3.85000000000000e+00  4.81564955503822e+00
3.87500000000000e+00  4.62249303894270e+00
3.90000000000000e+00  4.43051391491276e+00
3.92500000000000e+00  4.23993115686265e+00
3.95000000000000e+00  4.05096678894859e+00
3.97500000000000e+00  3.86384553655137e+00
4.00000000000000e+00  3.67879447725901e+00
4.02500000000000e+00  3.49604269184939e+00
4.05000000000000e+00  3.31582091527285e+00
4.07500000000000e+00  3.13836035375616e+00
4.10000000000000e+00  2.96389276050034e+00
4.12500000000000e+00  2.79264994202235e+00
4.15000000000000e+00  2.62486205685169e+00
4.17500000000000e+00  2.46075794634640e+00
4.20000000000000e+00  2.30056415446008e+00
4.22500000000000e+00  2.14450394750917e+00
4.25000000000000e+00  1.99279633394000e+00
4.27500000000000e+00  1.84565508409600e+00
4.30000000000000e+00  1.70328774998480e+00
4.32500000000000e+00  1.56589468504540e+00
4.35000000000000e+00  1.43366806391536e+00
4.37500000000000e+00  1.30679115443518e+00
4.40000000000000e+00  1.18543285359083e+00
4.42500000000000e+00  1.06975471293824e+00
4.45000000000000e+00  9.59900501045828e-01
4.47500000000000e+00  8.55999279914053e-01
4.50000000000000e+00  7.58163256700671e-01
4.52500000000000e+00  6.66485635446003e-01
4.55000000000000e+00  5.81038468798238e-01
4.57500000000000e+00  5.01870509738678e-01
4.60000000000000e+00  4.29005063307038e-01
4.62500000000000e+00  3.62437838326716e-01
4.65000000000000e+00  3.02134799130059e-01
4.67500000000000e+00  2.48030017283657e-01
4.70000000000000e+00  2.00020794720994e-01
4.72500000000000e+00  1.57966876846100e-01
4.75000000000000e+00  1.21687834220864e-01
4.77500000000000e+00  9.09563998206190e-02
4.80000000000000e+00  6.54985781548650e-02
4.82500000000000e+00  4.49893713965254e-02
4.85000000000000e+00  2.90485055112069e-02
4.87500000000000e+00  1.72361563864694e-02
4.90000000000000e+00  9.04867596108345e-03
4.92500000000000e+00  3.91431835429634e-03
4.95000000000000e+00  1.18896599509453e-03
4.97500000000000e+00  1.51855751465967e-04
5.00000000000000e+00  -1.30505966448900e-06
5.02500000000000e+00  -1.51855751465780e-04
5.05000000000000e+00  -1.18896599509455e-03
5.07500000000000e+00  -3.91431835429678e-03
5.10000000000000e+00  -9.04867596108417e-03
5.12500000000000e+00  -1.72361563864700e-02
5.15000000000000e+00  -2.90485055112074e-02
5.17500000000000e+00  -4.49893713965258e-02
5.20000000000000e+00  -6.54985781548656e-02
5.22500000000000e+00  -9.09563998206201e-02
5.25000000000000e+00  -1.21687834220865e-01
5.27500000000000e+00  -1.57966876846104e-01
5.30000000000000e+00  -2.00020794720998e-01
5.32500000000000e+00  -2.48030017283658e-01
5.35000000000000e+00  -3.02134799130059e-01
5.37500000000000e+00  -3.62437838326716e-01
5.40000000000000e+00  -4.29005063307042e-01
5.42500000000000e+00  -5.01870509738683e-01
5.45000000000000e+00  -5.81038468798240e-01
5.47500000000000e+00  -6.66485635446008e-01
5.50000000000000e+00  -7.58163256700671e-01
5.52500000000000e+00  -8.55999279914059e-01
5.55000000000000e+00  -9.59900501045833e-01
5.57500000000000e+00  -1.06975471293824e+00
5.60000000000000e+00  -1.18543285359084e+00
5.62500000000000e+00  -1.30679090219786e+00
5.65000000000000e+00  -1.43366806391536e+00
5.67500000000000e+00  -1.56589468504541e+00
5.70000000000000e+00  -1.70328774998480e+00
5.72500000000000e+00  -1.84565508409601e+00
5.75000000000000e+00  -1.99279633394001e+00
5.77500000000000e+00  -2.14450394750917e+00
5.80000000000000e+00  -2.30056415446008e+00
5.82500000000000e+00  -2.46075794634639e+00
5.85000000000000e+00  -2.62486205685170e+00
5.87500000000000e+00  -2.79264994202235e+00
5.90000000000000e+00  -2.96389276050036e+00
5.92500000000000e+00  -3.13836035375618e+00
5.95000000000000e+00  -3.31582091527285e+00
5.97500000000000e+00  -3.49604269184939e+00
6.00000000000000e+00  -3.67879447725902e+00
6.02500000000000e+00  -3.86384553655137e+00
6.05000000000000e+00  -4.05096678894859e+00
6.07500000000000e+00  -4.23993115686266e+00
6.10000000000000e+00  -4.43051391491277e+00
6.12500000000000e+00  -4.62249303894270e+00
6.15000000000000e+00  -4.81564955503823e+00
6.17500000000000e+00  -5.00976788854446e+00
6.20000000000000e+00  -5.20463621308323e+00
6.22500000000000e+00  -5.40004679957047e+00
6.25000000000000e+00  -5.59580102760731e+00
6.27500000000000e+00  -5.79168662018205e+00
6.30000000000000e+00  -5.98752178436060e+00
6.32500000000000e+00  -6.18311549100123e+00
6.35000000000000e+00  -6.37828234069493e+00
6.37500000000000e+00  -6.57284254851515e+00
6.40000000000000e+00  -6.76662192876757e+00
6.42500000000000e+00  -6.95945187973978e+00
6.45000000000000e+00  -7.15116936845114e+00
6.47500000000000e+00  -7.34161691540244e+00
6.50000000000000e+00  -7.53064257932564e+00
6.52500000000000e+00  -7.71809994193372e+00
6.55000000000000e+00  -7.90384809267030e+00
6.57500000000000e+00  -8.08775161345944e+00
6.60000000000000e+00  -8.26968056345545e+00
6.62500000000000e+00  -8.44951046379252e+00
6.65000000000000e+00  -8.62712228233455e+00
6.67500000000000e+00  -8.80240241842490e+00
6.70000000000000e+00  -8.97524268763605e+00
6.72500000000000e+00  -9.14554030651947e+00
6.75000000000000e+00  -9.31319787735527e+00
6.77500000000000e+00  -9.47812337290200e+00
6.80000000000000e+00  -9.64023012114637e+00
6.82500000000000e+00  -9.79943679005301e+00
6.85000000000000e+00  -9.95566737231423e+00
6.87500000000000e+00  -1.01088480745979e+01
6.90000000000000e+00  -1.02589116022186e+01
6.92500000000000e+00  -1.04057963433099e+01
6.95000000000000e+00  -1.05494445083756e+01
6.97500000000000e+00  -1.06898028662806e+01
7.00000000000000e+00  -1.08268226357052e+01
7.02500000000000e+00  -1.09604593765976e+01
7.05000000000000e+00  -1.10906728816283e+01
7.07500000000000e+00  -1.12174270676425e+01
7.10000000000000e+00  -1.13406898671143e+01
7.12500000000000e+00  -1.14604331195996e+01
7.15000000000000e+00  -1.15766324631899e+01
7.17500000000000e+00  -1.16892672259651e+01
7.20000000000000e+00  -1.17983203174477e+01
7.22500000000000e+00  -1.19037781200556e+01
7.25000000000000e+00  -1.20056303805556e+01
7.27500000000000e+00  -1.21038701015171e+01
7.30000000000000e+00  -1.21984934327651e+01
7.32500000000000e+00  -1.22894995628340e+01
7.35000000000000e+00  -1.23768906104205e+01
7.37500000000000e+00  -1.24606715158377e+01
7.40000000000000e+00  -1.25408499324677e+01
7.42500000000000e+00  -1.26174361182157e+01
7.45000000000000e+00  -1.26904428269629e+01
7.47500000000000e+00  -1.27598852000203e+01
7.50000000000000e+00  -1.28257379788227e+01
7.52500000000000e+00  -1.28881368525303e+01
7.55000000000000e+00  -1.29470194730647e+01
7.57500000000000e+00  -1.30024123257551e+01
7.60000000000000e+00  -1.30543434589648e+01
7.62500000000000e+00  -1.31028424274154e+01
7.65000000000000e+00  -1.31479402355106e+01
7.67500000000000e+00  -1.31896692806604e+01
7.70000000000000e+00  -1.32280632966051e+01
7.72500000000000e+00  -1.32631572967392e+01
7.75000000000000e+00  -1.32949875174356e+01
7.77500000000000e+00  -1.33235913613696e+01
7.80000000000000e+00  -1.33490073408426e+01
7.82500000000000e+00  -1.33712750211065e+01
7.85000000000000e+00  -1.33904349636878e+01
7.87500000000000e+00  -1.34065286697112e+01
7.90000000000000e+00  -1.34195985232239e+01
7.92500000000000e+00  -1.34296877345195e+01
7.95000000000000e+00  -1.34368402834623e+01
7.97500000000000e+00  -1.34411008628109e+01
8.00000000000000e+00  -1.34425148215425e+01
8.02500000000000e+00  -1.34411281081770e+01
8.05000000000000e+00  -1.34369872141006e+01
8.07500000000000e+00  -1.34301391168905e+01
8.10000000000000e+00  -1.34206312236381e+01
8.12500000000000e+00  -1.34085155371231e+01
8.15000000000000e+00  -1.33938306331187e+01
8.17500000000000e+00  -1.33766345786356e+01
8.20000000000000e+00  -1.33569755806496e+01
8.22500000000000e+00  -1.33349025261704e+01
8.25000000000000e+00  -1.33104648746823e+01
8.27500000000000e+00  -1.32837125505849e+01
8.30000000000000e+00  -1.32546958356341e+01
8.32500000000000e+00  -1.32234652613830e+01
8.35000000000000e+00  -1.31900715016228e+01
8.37500000000000e+00  -1.31545652648236e+01
8.40000000000000e+00  -1.31169971865750e+01
8.42500000000000e+00  -1.30774177220275e+01
8.45000000000000e+00  -1.30358770383328e+01
8.47500000000000e+00  -1.29924249070851e+01
8.50000000000000e+00  -1.29471105967616e+01
8.52500000000000e+00  -1.28999827651639e+01
8.55000000000000e+00  -1.28510893518580e+01
8.57500000000000e+00  -1.28004774706160e+01
8.60000000000000e+00  -1.27481933018565e+01
8.62500000000000e+00  -1.26942819850856e+01
8.65000000000000e+00  -1.26387875113377e+01
8.67500000000000e+00  -1.25817526156164e+01
8.70000000000000e+00  -1.25232186693355e+01
8.72500000000000e+00  -1.24632255727594e+01
8.75000000000000e+00  -1.24018954935166e+01
8.77500000000000e+00  -1.23392497343929e+01
8.80000000000000e+00  -1.22752949324592e+01
8.82500000000000e+00  -1.22100780809765e+01
8.85000000000000e+00  -1.21436453483726e+01
8.87500000000000e+00  -1.20760420908479e+01
8.90000000000000e+00  -1.20073128649800e+01
8.92500000000000e+00  -1.19375014403293e+01
8.95000000000000e+00  -1.18666508120433e+01
8.97500000000000e+00  -1.17948032134624e+01
9.00000000000000e+00  -1.17220001287248e+01
9.02500000000000e+00  -1.16482823053711e+01
9.05000000000000e+00  -1.15736897669503e+01
9.07500000000000e+00  -1.14982618256238e+01
9.10000000000000e+00  -1.14220370947716e+01
9.12500000000000e+00  -1.13450535015964e+01
9.15000000000000e+00  -1.12673482997292e+01
9.17500000000000e+00  -1.11889580818343e+01
9.20000000000000e+00  -1.11099187922145e+01
9.22500000000000e+00  -1.10302657394159e+01
9.25000000000000e+00  -1.09500336088331e+01
9.27500000000000e+00  -1.08692564753144e+01
9.30000000000000e+00  -1.07879678157667e+01
9.32500000000000e+00  -1.07062005217608e+01
9.35000000000000e+00  -1.06239869121361e+01
9.37500000000000e+00  -1.05413609957432e+01
9.40000000000000e+00  -1.04583475445129e+01
9.42500000000000e+00  -1.03749832474626e+01
9.45000000000000e+00  -1.02912975118557e+01
9.47500000000000e+00  -1.02073194575420e+01
9.50000000000000e+00  -1.01230778713523e+01
9.52500000000000e+00  -1.00386011614927e+01
9.55000000000000e+00  -9.95391731193940e+00
9.57500000000000e+00  -9.86905383683322e+00
9.60000000000000e+00  -9.78403773487424e+00
9.62500000000000e+00  -9.69889544371640e+00
9.65000000000000e+00  -9.61365279436199e+00
9.67500000000000e+00  -9.52833496555633e+00
9.70000000000000e+00  -9.44296643818233e+00
9.72500000000000e+00  -9.35757094965510e+00
9.75000000000000e+00  -9.27217144831650e+00
9.77500000000000e+00  -9.18679004782975e+00
9.80000000000000e+00  -9.10144798157405e+00
9.82500000000000e+00  -9.01616555703911e+00
9.85000000000000e+00  -8.93096211021981e+00
9.87500000000000e+00  -8.84585596001073e+00
9.90000000000000e+00  -8.76086436260075e+00
9.92500000000000e+00  -8.67600346586767e+00
9.95000000000000e+00  -8.59128826377279e+00
9.97500000000000e+00  -8.50673255075548e+00
1.00000000000000e+01  -8.42234887612783e+00
