0.00000000000000e+00  3.39619661585625e-01
2.50000000000000e-02  3.42045424328872e-01
5.00000000000000e-02  3.44414705244127e-01
7.50000000000000e-02  3.46724510206050e-01
1.00000000000000e-01  3.48971964780264e-01
1.25000000000000e-01  3.51154310580206e-01
1.50000000000000e-01  3.53268901623993e-01
1.75000000000000e-01  3.55313200691279e-01
2.00000000000000e-01  3.57284775680115e-01
2.25000000000000e-01  3.59181295963809e-01
2.50000000000000e-01  3.61000528747786e-01
2.75000000000000e-01  3.62740335426444e-01
3.00000000000000e-01  3.64398667940020e-01
3.25000000000000e-01  3.65973565131446e-01
3.50000000000000e-01  3.67463149103207e-01
3.75000000000000e-01  3.68865621574206e-01
4.00000000000000e-01  3.70179260236618e-01
4.25000000000000e-01  3.71402415112752e-01
4.50000000000000e-01  3.72533504911913e-01
4.75000000000000e-01  3.73571013387257e-01
5.00000000000000e-01  3.74513485692656e-01
5.25000000000000e-01  3.75359524739552e-01
5.50000000000000e-01  3.76107787553820e-01
5.75000000000000e-01  3.76756981632630e-01
6.00000000000000e-01  3.77305861301301e-01
6.25000000000000e-01  3.77751818730069e-01
6.50000000000000e-01  3.78097212889575e-01
6.75000000000000e-01  3.78337380581363e-01
7.00000000000000e-01  3.78471356263204e-01
7.25000000000000e-01  3.78498007849925e-01
7.50000000000000e-01  3.78416034678658e-01
7.75000000000000e-01  3.78223965474105e-01
8.00000000000000e-01  3.77920156313791e-01
8.25000000000000e-01  3.77502788593321e-01
8.50000000000000e-01  3.76969866991642e-01
8.75000000000000e-01  3.76319217436295e-01
9.00000000000000e-01  3.75548485068675e-01
9.25000000000000e-01  3.74655132209289e-01
9.50000000000000e-01  3.73636436323011e-01
9.75000000000000e-01  3.72489487984342e-01
1.00000000000000e+00  3.71211188842667e-01
1.02500000000000e+00  3.69798249587508e-01
1.05000000000000e+00  3.68247187913790e-01
1.07500000000000e+00  3.66554326487091e-01
1.10000000000000e+00  3.64715790908900e-01
1.12500000000000e+00  3.62727507681880e-01
1.15000000000000e+00  3.60585202175120e-01
1.17500000000000e+00  3.58284396589392e-01
1.20000000000000e+00  3.55820407922413e-01
1.22500000000000e+00  3.53188345934100e-01
1.25000000000000e+00  3.50415313509103e-01
1.27500000000000e+00  3.47400704501420e-01
1.30000000000000e+00  3.44232162000760e-01
1.32500000000000e+00  3.40894951558648e-01
1.35000000000000e+00  3.37378357750069e-01
1.37500000000000e+00  3.33675344750400e-01
1.40000000000000e+00  3.29782216912338e-01
1.42500000000000e+00  3.25698279342834e-01
1.45000000000000e+00  3.21425498480021e-01
1.47500000000000e+00  3.16968162670147e-01
1.50000000000000e+00  3.12332542744502e-01
1.52500000000000e+00  3.07526552596348e-01
1.55000000000000e+00  3.02559409757856e-01
1.57500000000000e+00  2.97442630459430e-01
1.60000000000000e+00  2.92189042427546e-01
1.62500000000000e+00  2.86812829368988e-01
1.65000000000000e+00  2.81330959386884e-01
1.67500000000000e+00  2.75762169548103e-01
1.70000000000000e+00  2.70127585562095e-01
1.72500000000000e+00  2.64451341459735e-01
1.75000000000000e+00  2.58761199272167e-01
1.77500000000000e+00  2.53089168709644e-01
1.80000000000000e+00  2.47472126840372e-01
1.82500000000000e+00  2.41952437769356e-01
1.85000000000000e+00  2.36578572317237e-01
1.87500000000000e+00  2.31333386840071e-01
1.90000000000000e+00  2.26371738010839e-01
1.92500000000000e+00  2.21641388563808e-01
1.95000000000000e+00  2.17197467514878e-01
1.97500000000000e+00  2.13092755491652e-01
2.00000000000000e+00  2.09377313172263e-01
2.02500000000000e+00  2.06098109724215e-01
2.05000000000000e+00  2.03298651243207e-01
2.07500000000000e+00  2.01018609191973e-01
2.10000000000000e+00  1.99293448839112e-01
2.12500000000000e+00  1.98154057697919e-01
2.15000000000000e+00  1.97626373965220e-01
2.17500000000000e+00  1.97731014960206e-01
2.20000000000000e+00  1.98482605748548e-01
2.22500000000000e+00  1.99889503213278e-01
2.25000000000000e+00  2.01953864610802e-01
2.27500000000000e+00  2.04668631400106e-01
2.30000000000000e+00  2.08019202934750e-01
2.32500000000000e+00  2.11982091918340e-01
2.35000000000000e+00  2.16523579860006e-01
2.37500000000000e+00  2.21598372529874e-01
2.40000000000000e+00  2.27148255414540e-01
2.42500000000000e+00  2.33100749172543e-01
2.45000000000000e+00  2.39367765089842e-01
2.47500000000000e+00  2.45844260535286e-01
2.50000000000000e+00  2.52481975207960e-01
2.52500000000000e+00  2.59109562918912e-01
2.55000000000000e+00  2.65658938316398e-01
2.57500000000000e+00  2.72000660794463e-01
2.60000000000000e+00  2.77999675791930e-01
2.62500000000000e+00  2.83516988563086e-01
2.65000000000000e+00  2.88411337948365e-01
2.67500000000000e+00  2.92540870145037e-01
2.70000000000000e+00  2.95764812477892e-01
2.72500000000000e+00  2.97945147169928e-01
2.75000000000000e+00  2.98948285113035e-01
2.77500000000000e+00  2.98646739638683e-01
2.80000000000000e+00  2.96920800288607e-01
2.82500000000000e+00  2.93660206585492e-01
2.85000000000000e+00  2.88765821803660e-01
2.87500000000000e+00  2.82151306739759e-01
2.90000000000000e+00  2.73744793483444e-01
2.92500000000000e+00  2.63490559188064e-01
2.95000000000000e+00  2.51350699841352e-01
2.97500000000000e+00  2.37306804036108e-01
3.00000000000000e+00  2.21361626740883e-01
3.02500000000000e+00  2.03540763070671e-01
3.05000000000000e+00  1.83894322057588e-01
3.07500000000000e+00  1.62498600421564e-01
3.10000000000000e+00  1.39457756341025e-01
3.12500000000000e+00  1.14883090090564e-01
3.15000000000000e+00  8.88334064455476e-02
3.17500000000000e+00  6.15348271560674e-02
3.20000000000000e+00  3.31475379417816e-02
3.22500000000000e+00  3.85187225535481e-03
3.25000000000000e+00  -2.61545725202987e-02
3.27500000000000e+00  -5.66598188747646e-02
3.30000000000000e+00  -8.74403929728826e-02
3.32500000000000e+00  -1.18264208457501e-01
3.35000000000000e+00  -1.48893450252233e-01
3.37500000000000e+00  -1.79087458364201e-01
3.40000000000000e+00  -2.08605611686801e-01
3.42500000000000e+00  -2.37210211802445e-01
3.45000000000000e+00  -2.64669475990093e-01
3.47500000000000e+00  -2.90760004668566e-01
3.50000000000000e+00  -3.15270914271650e-01
3.52500000000000e+00  -3.38000993597826e-01
3.55000000000000e+00  -3.58766080119562e-01
3.57500000000000e+00  -3.77399773203693e-01
3.60000000000000e+00  -3.93754147331797e-01
3.62500000000000e+00  -4.07700465320568e-01
3.65000000000000e+00  -4.19129891542193e-01
3.67500000000000e+00  -4.27954205144732e-01
3.70000000000000e+00  -4.34106513272488e-01
3.72500000000000e+00  -4.37541964286387e-01
3.75000000000000e+00  -4.38261066466956e-01
3.77500000000000e+00  -4.36264141809907e-01
3.80000000000000e+00  -4.31571118378782e-01
3.82500000000000e+00  -4.24231511256296e-01
3.85000000000000e+00  -4.14315551340902e-01
3.87500000000000e+00  -4.01912429667054e-01
3.90000000000000e+00  -3.87128541725484e-01
3.92500000000000e+00  -3.70085731783464e-01
3.95000000000000e+00  -3.50919537205085e-01
3.97500000000000e+00  -3.29777432771515e-01
4.00000000000000e+00  -3.06817075001281e-01
4.02500000000000e+00  -2.82204546470528e-01
4.05000000000000e+00  -2.56112600133298e-01
4.07500000000000e+00  -2.28718137454876e-01
4.10000000000000e+00  -2.00201096498416e-01
4.12500000000000e+00  -1.70742013647134e-01
4.15000000000000e+00  -1.40521708710391e-01
4.17500000000000e+00  -1.09718189402468e-01
4.20000000000000e+00  -7.85053838526549e-02
4.22500000000000e+00  -4.70518731153673e-02
4.25000000000000e+00  -1.55196236802407e-02
4.27500000000000e+00  1.59372800177691e-02
4.30000000000000e+00  4.71739030882764e-02
4.32500000000000e+00  7.80557276753701e-02
4.35000000000000e+00  1.08459920447504e-01
4.37500000000000e+00  1.38262382684887e-01
4.40000000000000e+00  1.67358759506195e-01
4.42500000000000e+00  1.95652396480058e-01
4.45000000000000e+00  2.23056455849162e-01
4.47500000000000e+00  2.49494832119880e-01
4.50000000000000e+00  2.74901495416954e-01
4.52500000000000e+00  2.99219834838180e-01
4.55000000000000e+00  3.22402001809088e-01
4.57500000000000e+00  3.44408253437628e-01
4.60000000000000e+00  3.65206295868852e-01
4.62500000000000e+00  3.84770627639596e-01
4.65000000000000e+00  4.03081883033168e-01
4.67500000000000e+00  4.20126175434023e-01
4.70000000000000e+00  4.35894440682455e-01
4.72500000000000e+00  4.50381780429274e-01
4.75000000000000e+00  4.63586805490490e-01
4.77500000000000e+00  4.75510979201999e-01
4.80000000000000e+00  4.86157960774265e-01
4.82500000000000e+00  4.95532948647000e-01
4.85000000000000e+00  5.03642023843853e-01
4.87500000000000e+00  5.10491493327087e-01
4.90000000000000e+00  5.16087233352266e-01
4.92500000000000e+00  5.20434032822939e-01
4.95000000000000e+00  5.23534936645319e-01
4.97500000000000e+00  5.25390589082970e-01
5.00000000000000e+00  5.25998577111509e-01
5.02500000000000e+00  5.25390589082995e-01
5.05000000000000e+00  5.23534936645349e-01
5.07500000000000e+00  5.20434032822976e-01
5.10000000000000e+00  5.16087233352310e-01
5.12500000000000e+00  5.10491493327138e-01
5.15000000000000e+00  5.03642023843912e-01
5.17500000000000e+00  4.95532948647067e-01
5.20000000000000e+00  4.86157960774338e-01
5.22500000000000e+00  4.75510979202079e-01
5.25000000000000e+00  4.63586805490576e-01
5.27500000000000e+00  4.50381780429366e-01
5.30000000000000e+00  4.35894440682553e-01
5.32500000000000e+00  4.20126175434127e-01
5.35000000000000e+00  4.03081883033277e-01
5.37500000000000e+00  3.84770627639712e-01
5.40000000000000e+00  3.65206295868974e-01
5.42500000000000e+00  3.44408253437756e-01
5.45000000000000e+00  3.22402001809224e-01
5.47500000000000e+00  2.99219834838323e-01
5.50000000000000e+00  2.74901495417106e-01
5.52500000000000e+00  2.49494832120038e-01
5.55000000000000e+00  2.23056455849328e-01
5.57500000000000e+00  1.95652396480231e-01
5.60000000000000e+00  1.67358759506373e-01
5.62500000000000e+00  1.38276600087581e-01
5.65000000000000e+00  1.08459920447690e-01
5.67500000000000e+00  7.80557276755615e-02
5.70000000000000e+00  4.71739030884750e-02
5.72500000000000e+00  1.59372800179723e-02
5.75000000000000e+00  -1.55196236800310e-02
5.77500000000000e+00  -4.70518731151521e-02
5.80000000000000e+00  -7.85053838524345e-02
5.82500000000000e+00  -1.09718189402241e-01
5.85000000000000e+00  -1.40521708710163e-01
5.87500000000000e+00  -1.70742013646901e-01
5.90000000000000e+00  -2.00201096498182e-01
5.92500000000000e+00  -2.28718137454638e-01
5.95000000000000e+00  -2.56112600133059e-01
5.97500000000000e+00  -2.82204546470285e-01
6.00000000000000e+00  -3.06817075001036e-01
6.02500000000000e+00  -3.29777432771269e-01
6.05000000000000e+00  -3.50919537204837e-01
6.07500000000000e+00  -3.70085731783216e-01
6.10000000000000e+00  -3.87128541725234e-01
6.12500000000000e+00  -4.01912429666802e-01
6.15000000000000e+00  -4.14315551340649e-01
6.17500000000000e+00  -4.24231511256042e-01
6.20000000000000e+00  -4.31571118378526e-01
6.22500000000000e+00  -4.36264141809650e-01
6.25000000000000e+00  -4.38238460984079e-01
6.27500000000000e+00  -4.37541964286110e-01
6.30000000000000e+00  -4.34106513272210e-01
6.32500000000000e+00  -4.27954205144454e-01
6.35000000000000e+00  -4.19129891541915e-01
6.37500000000000e+00  -4.07700465320290e-01
6.40000000000000e+00  -3.93754147331519e-01
6.42500000000000e+00  -3.77399773203416e-01
6.45000000000000e+00  -3.58766080119286e-01
6.47500000000000e+00  -3.38000993597551e-01
6.50000000000000e+00  -3.15270914271379e-01
6.52500000000000e+00  -2.90760004668296e-01
6.55000000000000e+00  -2.64669475989825e-01
6.57500000000000e+00  -2.37210211802177e-01
6.60000000000000e+00  -2.08605611686534e-01
6.62500000000000e+00  -1.79087458363939e-01
6.65000000000000e+00  -1.48893450251974e-01
6.67500000000000e+00  -1.18264208457244e-01
6.70000000000000e+00  -8.74403929726283e-02
6.72500000000000e+00  -5.66598188745120e-02
6.75000000000000e+00  -2.61545725200497e-02
6.77500000000000e+00  3.85187225560209e-03
6.80000000000000e+00  3.31475379420278e-02
6.82500000000000e+00  6.15348271563106e-02
6.85000000000000e+00  8.88334064457881e-02
6.87500000000000e+00  1.14905483223807e-01
6.90000000000000e+00  1.39457756341250e-01
6.92500000000000e+00  1.62498600421787e-01
6.95000000000000e+00  1.83894322057809e-01
6.97500000000000e+00  2.03540763070889e-01
7.00000000000000e+00  2.21361626741098e-01
7.02500000000000e+00  2.37306804036320e-01
7.05000000000000e+00  2.51350699841562e-01
7.07500000000000e+00  2.63490559188270e-01
7.10000000000000e+00  2.73744793483647e-01
7.12500000000000e+00  2.82151306739960e-01
7.15000000000000e+00  2.88765821803858e-01
7.17500000000000e+00  2.93660206585687e-01
7.20000000000000e+00  2.96920800288800e-01
7.22500000000000e+00  2.98646739638874e-01
7.25000000000000e+00  2.98948285113223e-01
7.27500000000000e+00  2.97945147170113e-01
7.30000000000000e+00  2.95764812478074e-01
7.32500000000000e+00  2.92540870145216e-01
7.35000000000000e+00  2.88411337948542e-01
7.37500000000000e+00  2.83516988563260e-01
7.40000000000000e+00  2.77999675792101e-01
7.42500000000000e+00  2.72000660794631e-01
7.45000000000000e+00  2.65658938316564e-01
7.47500000000000e+00  2.59109562919076e-01
7.50000000000000e+00  2.52406894416271e-01
7.52500000000000e+00  2.45844260535461e-01
7.55000000000000e+00  2.39367765090013e-01
7.57500000000000e+00  2.33100749172712e-01
7.60000000000000e+00  2.27148255414706e-01
7.62500000000000e+00  2.21598372530038e-01
7.65000000000000e+00  2.16523579860168e-01
7.67500000000000e+00  2.11982091918500e-01
7.70000000000000e+00  2.08019202934908e-01
7.72500000000000e+00  2.04668631400262e-01
7.75000000000000e+00  2.01953864610956e-01
7.77500000000000e+00  1.99889503213429e-01
7.80000000000000e+00  1.98482605748698e-01
7.82500000000000e+00  1.97731014960356e-01
7.85000000000000e+00  1.97626373965368e-01
7.87500000000000e+00  1.98154057698065e-01
7.90000000000000e+00  1.99293448839256e-01
7.92500000000000e+00  2.01018609192115e-01
7.95000000000000e+00  2.03298651243346e-01
7.97500000000000e+00  2.06098109724352e-01
8.00000000000000e+00  2.09377313172399e-01
8.02500000000000e+00  2.13092755491785e-01
8.05000000000000e+00  2.17197467515010e-01
8.07500000000000e+00  2.21641388563938e-01
8.10000000000000e+00  2.26371738010966e-01
8.12500000000000e+00  2.31405727699265e-01
8.15000000000000e+00  2.36578572317360e-01
8.17500000000000e+00  2.41952437769477e-01
8.20000000000000e+00  2.47472126840492e-01
8.22500000000000e+00  2.53089168709761e-01
8.25000000000000e+00  2.58761199272282e-01
8.27500000000000e+00  2.64451341459848e-01
8.30000000000000e+00  2.70127585562205e-01
8.32500000000000e+00  2.75762169548211e-01
8.35000000000000e+00  2.81330959386989e-01
8.37500000000000e+00  2.86812829369091e-01
8.40000000000000e+00  2.92189042427647e-01
8.42500000000000e+00  2.97442630459528e-01
8.45000000000000e+00  3.02559409757953e-01
8.47500000000000e+00  3.07526552596442e-01
8.50000000000000e+00  3.12332542744593e-01
8.52500000000000e+00  3.16968162670237e-01
8.55000000000000e+00  3.21425498480109e-01
8.57500000000000e+00  3.25698279342919e-01
8.60000000000000e+00  3.29782216912421e-01
8.62500000000000e+00  3.33675344750481e-01
8.65000000000000e+00  3.37378357750148e-01
8.67500000000000e+00  3.40894951558725e-01
8.70000000000000e+00  3.44232162000834e-01
8.72500000000000e+00  3.47400704501492e-01
8.75000000000000e+00  3.50383111111893e-01
8.77500000000000e+00  3.53188345934166e-01
8.80000000000000e+00  3.55820407922478e-01
8.82500000000000e+00  3.58284396589455e-01
8.85000000000000e+00  3.60585202175181e-01
8.87500000000000e+00  3.62727507681941e-01
8.90000000000000e+00  3.64715790908959e-01
8.92500000000000e+00  3.66554326487148e-01
8.95000000000000e+00  3.68247187913846e-01
8.97500000000000e+00  3.69798249587562e-01
9.00000000000000e+00  3.71211188842719e-01
9.02500000000000e+00  3.72489487984393e-01
9.05000000000000e+00  3.73636436323060e-01
9.07500000000000e+00  3.74655132209337e-01
9.10000000000000e+00  3.75548485068721e-01
9.12500000000000e+00  3.76319217436340e-01
9.15000000000000e+00  3.76969866991686e-01
9.17500000000000e+00  3.77502788593363e-01
9.20000000000000e+00  3.77920156313832e-01
9.22500000000000e+00  3.78223965474145e-01
9.25000000000000e+00  3.78416034678697e-01
9.27500000000000e+00  3.78498007849962e-01
9.30000000000000e+00  3.78471356263241e-01
9.32500000000000e+00  3.78337380581399e-01
9.35000000000000e+00  3.78097212889610e-01
9.37500000000000e+00  3.77753224070198e-01
9.40000000000000e+00  3.77305861301334e-01
9.42500000000000e+00  3.76756981632662e-01
9.45000000000000e+00  3.76107787553852e-01
9.47500000000000e+00  3.75359524739583e-01
9.50000000000000e+00  3.74513485692686e-01
9.52500000000000e+00  3.73571013387287e-01
9.55000000000000e+00  3.72533504911943e-01
9.57500000000000e+00  3.71402415112781e-01
9.60000000000000e+00  3.70179260236647e-01
9.62500000000000e+00  3.68865621574235e-01
9.65000000000000e+00  3.67463149103235e-01
9.67500000000000e+00  3.65973565131473e-01
9.70000000000000e+00  3.64398667940047e-01
9.72500000000000e+00  3.62740335426471e-01
9.75000000000000e+00  3.61000528747812e-01
9.77500000000000e+00  3.59181295963836e-01
9.80000000000000e+00  3.57284775680142e-01
9.82500000000000e+00  3.55313200691305e-01
9.85000000000000e+00  3.53268901624019e-01
9.87500000000000e+00  3.51154310580232e-01
9.90000000000000e+00  3.48971964780290e-01
9.92500000000000e+00  3.46724510206076e-01
9.95000000000000e+00  3.44414705244153e-01
9.97500000000000e+00  3.42045424328898e-01
1.00000000000000e+01  3.39619661585651e-01
