0.00000000000000e+00  3.07935463230703e-02
2.50000000000000e-02  3.19804325797492e-02
5.00000000000000e-02  3.32126297892889e-02
7.50000000000000e-02  3.44918245169699e-02
1.00000000000000e-01  3.58197679767944e-02
1.25000000000000e-01  3.71982767424961e-02
1.50000000000000e-01  3.86292334585489e-02
1.75000000000000e-01  4.01145875511767e-02
2.00000000000000e-01  4.16563559393631e-02
2.25000000000000e-01  4.32566237458606e-02
2.50000000000000e-01  4.49175450082004e-02
2.75000000000000e-01  4.66413433897014e-02
3.00000000000000e-01  4.84303128904801e-02
3.25000000000000e-01  5.02868185584601e-02
3.50000000000000e-01  5.22132972003813e-02
3.75000000000000e-01  5.42122580928097e-02
4.00000000000000e-01  5.62862836931466e-02
4.25000000000000e-01  5.84380303506385e-02
4.50000000000000e-01  6.06702290173861e-02
4.75000000000000e-01  6.29856859593540e-02
5.00000000000000e-01  6.53872834673805e-02
5.25000000000000e-01  6.78779805681866e-02
5.50000000000000e-01  7.04608137353856e-02
5.75000000000000e-01  7.31388976004931e-02
6.00000000000000e-01  7.59154256639357e-02
6.25000000000000e-01  7.87941902186265e-02
6.50000000000000e-01  8.17766760484921e-02
6.75000000000000e-01  8.48679574969689e-02
7.00000000000000e-01  8.80712422969341e-02
7.25000000000000e-01  9.13898607007991e-02
7.50000000000000e-01  9.48272472321259e-02
7.75000000000000e-01  9.83869224372411e-02
8.00000000000000e-01  1.02072474636852e-01
8.25000000000000e-01  1.05887541677663e-01
8.50000000000000e-01  1.09835792683986e-01
8.75000000000000e-01  1.13920909809365e-01
9.00000000000000e-01  1.18146569988180e-01
9.25000000000000e-01  1.22516426687271e-01
9.50000000000000e-01  1.27034091657549e-01
9.75000000000000e-01  1.31703116685615e-01
1.00000000000000e+00  1.36526975345369e-01
1.02500000000000e+00  1.41509044749633e-01
1.05000000000000e+00  1.46652587301758e-01
1.07500000000000e+00  1.51960732447249e-01
1.10000000000000e+00  1.57436458425369e-01
1.12500000000000e+00  1.63082574020765e-01
1.15000000000000e+00  1.68901700315076e-01
1.17500000000000e+00  1.74896252438553e-01
1.20000000000000e+00  1.81068421321668e-01
1.22500000000000e+00  1.87420155446738e-01
1.25000000000000e+00  1.93949437252684e-01
1.27500000000000e+00  2.00662565166489e-01
1.30000000000000e+00  2.07557962784989e-01
1.32500000000000e+00  2.14635577774499e-01
1.35000000000000e+00  2.21894868121919e-01
1.37500000000000e+00  2.29334732008698e-01
1.40000000000000e+00  2.36953437684778e-01
1.42500000000000e+00  2.44748553342549e-01
1.45000000000000e+00  2.52716876990796e-01
1.47500000000000e+00  2.60854366328653e-01
1.50000000000000e+00  2.69156068619555e-01
1.52500000000000e+00  2.77616050565185e-01
1.55000000000000e+00  2.86227328179430e-01
1.57500000000000e+00  2.94981796662328e-01
1.60000000000000e+00  3.03870160274022e-01
1.62500000000000e+00  3.12881862208709e-01
1.65000000000000e+00  3.22005014468593e-01
1.67500000000000e+00  3.31226327737834e-01
1.70000000000000e+00  3.40531041256501e-01
1.72500000000000e+00  3.49902852694521e-01
1.75000000000000e+00  3.59323848025633e-01
1.77500000000000e+00  3.68774431401338e-01
1.80000000000000e+00  3.78233255024847e-01
1.82500000000000e+00  3.87677149025037e-01
1.85000000000000e+00  3.97081051330397e-01
1.87500000000000e+00  4.06419403707960e-01
1.90000000000000e+00  4.15659583958300e-01
1.92500000000000e+00  4.24774366194730e-01
1.95000000000000e+00  4.33730772787295e-01
1.97500000000000e+00  4.42493899419925e-01
2.00000000000000e+00  4.51026978614611e-01
2.02500000000000e+00  4.59291443255575e-01
2.05000000000000e+00  4.67246990113441e-01
2.07500000000000e+00  4.74851643369406e-01
2.10000000000000e+00  4.82061818139413e-01
2.12500000000000e+00  4.88832383998322e-01
2.15000000000000e+00  4.95116728504080e-01
2.17500000000000e+00  5.00866820721896e-01
2.20000000000000e+00  5.06033778010432e-01
2.22500000000000e+00  5.10567688385354e-01
2.25000000000000e+00  5.14417842396041e-01
2.27500000000000e+00  5.17533396880086e-01
2.30000000000000e+00  5.19863250025535e-01
2.32500000000000e+00  5.21356455972013e-01
2.35000000000000e+00  5.21962639411850e-01
2.37500000000000e+00  5.21632410191209e-01
2.40000000000000e+00  5.20317777911212e-01
2.42500000000000e+00  5.17972566529069e-01
2.45000000000000e+00  5.14552828959202e-01
2.47500000000000e+00  5.10017261674371e-01
2.50000000000000e+00  5.04352083656547e-01
2.52500000000000e+00  4.97447848696413e-01
2.55000000000000e+00  4.89340095714166e-01
2.57500000000000e+00  4.79994060708795e-01
2.60000000000000e+00  4.69382426998204e-01
2.62500000000000e+00  4.57485361727480e-01
2.65000000000000e+00  4.44290552377164e-01
2.67500000000000e+00  4.29793243271527e-01
2.70000000000000e+00  4.13996272086830e-01
2.72500000000000e+00  3.96910106359607e-01
2.75000000000000e+00  3.78552879994929e-01
2.77500000000000e+00  3.58950429774675e-01
2.80000000000000e+00  3.38136331865809e-01
2.82500000000000e+00  3.16151938328642e-01
2.85000000000000e+00  2.93046413625111e-01
2.87500000000000e+00  2.68876771127045e-01
2.90000000000000e+00  2.43707909624438e-01
2.92500000000000e+00  2.17612649833720e-01
2.95000000000000e+00  1.90671770906027e-01
2.97500000000000e+00  1.62974046935474e-01
3.00000000000000e+00  1.34616283467424e-01
3.02500000000000e+00  1.05703354006757e-01
3.05000000000000e+00  7.63482365261487e-02
3.07500000000000e+00  4.66720499743321e-02
3.10000000000000e+00  1.68040907843749e-02
3.12500000000000e+00  -1.31433058332604e-02
3.15000000000000e+00  -4.30371329514329e-02
3.17500000000000e+00  -7.27407039994347e-02
3.20000000000000e+00  -1.02117557001908e-01
3.22500000000000e+00  -1.31029973258802e-01
3.25000000000000e+00  -1.59339971676545e-01
3.27500000000000e+00  -1.86910303099208e-01
3.30000000000000e+00  -2.13605444639679e-01
3.32500000000000e+00  -2.39292594010830e-01
3.35000000000000e+00  -2.63842663856687e-01
3.37500000000000e+00  -2.87131276083595e-01
3.40000000000000e+00  -3.09039756191394e-01
3.42500000000000e+00  -3.29456127604580e-01
3.45000000000000e+00  -3.48275716634018e-01
3.47500000000000e+00  -3.65402216172631e-01
3.50000000000000e+00  -3.80748827176957e-01
3.52500000000000e+00  -3.94237378528386e-01
3.55000000000000e+00  -4.05800514293731e-01
3.57500000000000e+00  -4.15381849255344e-01
3.60000000000000e+00  -4.22936124441223e-01
3.62500000000000e+00  -4.28429362655122e-01
3.65000000000000e+00  -4.31839024006663e-01
3.67500000000000e+00  -4.33154161441444e-01
3.70000000000000e+00  -4.32375576271151e-01
3.72500000000000e+00  -4.29515973703663e-01
3.75000000000000e+00  -4.24593423873695e-01
3.77500000000000e+00  -4.17662411914218e-01
3.80000000000000e+00  -4.08749598350884e-01
3.82500000000000e+00  -3.97911906030068e-01
3.85000000000000e+00  -3.85215551886553e-01
3.87500000000000e+00  -3.70735304553577e-01
3.90000000000000e+00  -3.54553741972886e-01
3.92500000000000e+00  -3.36760509004781e-01
3.95000000000000e+00  -3.17451575038171e-01
3.97500000000000e+00  -2.96728491600615e-01
4.00000000000000e+00  -2.74697649968379e-01
4.02500000000000e+00  -2.51469538776485e-01
4.05000000000000e+00  -2.27158001628755e-01
4.07500000000000e+00  -2.01879494707865e-01
4.10000000000000e+00  -1.75752344385394e-01
4.12500000000000e+00  -1.48896004831872e-01
4.15000000000000e+00  -1.21430315626831e-01
4.17500000000000e+00  -9.34747593688542e-02
4.20000000000000e+00  -6.51477192856227e-02
4.22500000000000e+00  -3.65657368439708e-02
4.25000000000000e+00  -7.84276935993211e-03
4.27500000000000e+00  2.09105523912140e-02
4.30000000000000e+00  4.95876665648864e-02
4.32500000000000e+00  7.80868226371597e-02
4.35000000000000e+00  1.06311823794707e-01
4.37500000000000e+00  1.34163420769166e-01
4.40000000000000e+00  1.61544170278806e-01
4.42500000000000e+00  1.88376469925605e-01
4.45000000000000e+00  2.14577904109381e-01
4.47500000000000e+00  2.40071582905071e-01
4.50000000000000e+00  2.64785956659646e-01
4.52500000000000e+00  2.88654630589038e-01
4.55000000000000e+00  3.11616179375043e-01
4.57500000000000e+00  3.33613961762251e-01
4.60000000000000e+00  3.54595935154954e-01
4.62500000000000e+00  3.74514470214064e-01
4.65000000000000e+00  3.93326165454038e-01
4.67500000000000e+00  4.10991661839781e-01
4.70000000000000e+00  4.27475457383578e-01
4.72500000000000e+00  4.42745721741999e-01
4.75000000000000e+00  4.56774110812821e-01
4.77500000000000e+00  4.69535581331945e-01
4.80000000000000e+00  4.81008205470314e-01
4.82500000000000e+00  4.91172985430825e-01
4.85000000000000e+00  5.00013668045252e-01
4.87500000000000e+00  5.07516559371157e-01
4.90000000000000e+00  5.13670339288813e-01
4.92500000000000e+00  5.18465876098117e-01
4.95000000000000e+00  5.21896041115506e-01
4.97500000000000e+00  5.23955523270878e-01
5.00000000000000e+00  5.24640643704505e-01
5.02500000000000e+00  5.23955523274240e-01
5.05000000000000e+00  5.21896041122227e-01
5.07500000000000e+00  5.18465876108191e-01
5.10000000000000e+00  5.13670339302231e-01
5.12500000000000e+00  5.07516559387908e-01
5.15000000000000e+00  5.00013668065320e-01
5.17500000000000e+00  4.91172985454195e-01
5.20000000000000e+00  4.81008205496964e-01
5.22500000000000e+00  4.69535581361852e-01
5.25000000000000e+00  4.56774110845958e-01
5.27500000000000e+00  4.42745721778336e-01
5.30000000000000e+00  4.27475457423084e-01
5.32500000000000e+00  4.10991661882420e-01
5.35000000000000e+00  3.93326165499769e-01
5.37500000000000e+00  3.74514470262848e-01
5.40000000000000e+00  3.54595935206743e-01
5.42500000000000e+00  3.33613961816999e-01
5.45000000000000e+00  3.11616179432699e-01
5.47500000000000e+00  2.88654630649545e-01
5.50000000000000e+00  2.64785956722949e-01
5.52500000000000e+00  2.40071582971106e-01
5.55000000000000e+00  2.14577904178089e-01
5.57500000000000e+00  1.88376469996917e-01
5.60000000000000e+00  1.61544170352652e-01
5.62500000000000e+00  1.34172769401067e-01
5.65000000000000e+00  1.06311823873405e-01
5.67500000000000e+00  7.80868227181682e-02
5.70000000000000e+00  4.95876666481284e-02
5.72500000000000e+00  2.09105524766053e-02
5.75000000000000e+00  -7.84276927247279e-03
5.77500000000000e+00  -3.65657367545294e-02
5.80000000000000e+00  -6.51477191942861e-02
5.82500000000000e+00  -9.34747592757093e-02
5.85000000000000e+00  -1.21430315531969e-01
5.87500000000000e+00  -1.48896004735382e-01
5.90000000000000e+00  -1.75752344287367e-01
5.92500000000000e+00  -2.01879494608391e-01
5.95000000000000e+00  -2.27158001527924e-01
5.97500000000000e+00  -2.51469538674388e-01
6.00000000000000e+00  -2.74697649865106e-01
6.02500000000000e+00  -2.96728491496254e-01
6.05000000000000e+00  -3.17451574932811e-01
6.07500000000000e+00  -3.36760508898509e-01
6.10000000000000e+00  -3.54553741865787e-01
6.12500000000000e+00  -3.70735304445733e-01
6.15000000000000e+00  -3.85215551778047e-01
6.17500000000000e+00  -3.97911905920978e-01
6.20000000000000e+00  -4.08749598241286e-01
6.22500000000000e+00  -4.17662411804186e-01
6.25000000000000e+00  -4.24600118262775e-01
6.27500000000000e+00  -4.29515973592974e-01
6.30000000000000e+00  -4.32375576160232e-01
6.32500000000000e+00  -4.33154161330358e-01
6.35000000000000e+00  -4.31839023895468e-01
6.37500000000000e+00  -4.28429362543874e-01
6.40000000000000e+00  -4.22936124329975e-01
6.42500000000000e+00  -4.15381849144147e-01
6.45000000000000e+00  -4.05800514182631e-01
6.47500000000000e+00  -3.94237378417427e-01
6.50000000000000e+00  -3.80748827066181e-01
6.52500000000000e+00  -3.65402216062075e-01
6.55000000000000e+00  -3.48275716523718e-01
6.57500000000000e+00  -3.29456127494571e-01
6.60000000000000e+00  -3.09039756081706e-01
6.62500000000000e+00  -2.87131275974260e-01
6.65000000000000e+00  -2.63842663747732e-01
6.67500000000000e+00  -2.39292593902280e-01
6.70000000000000e+00  -2.13605444531560e-01
6.72500000000000e+00  -1.86910302991543e-01
6.75000000000000e+00  -1.59339971569358e-01
6.77500000000000e+00  -1.31029973152115e-01
6.80000000000000e+00  -1.02117556895742e-01
6.82500000000000e+00  -7.27407038938116e-02
6.85000000000000e+00  -4.30371328463741e-02
6.87500000000000e+00  -1.31181305135789e-02
6.90000000000000e+00  1.68040908882420e-02
6.92500000000000e+00  4.66720500775718e-02
6.95000000000000e+00  7.63482366287378e-02
6.97500000000000e+00  1.05703354108675e-01
7.00000000000000e+00  1.34616283568646e-01
7.02500000000000e+00  1.62974047035979e-01
7.05000000000000e+00  1.90671771005789e-01
7.07500000000000e+00  2.17612649932713e-01
7.10000000000000e+00  2.43707909722639e-01
7.12500000000000e+00  2.68876771224428e-01
7.15000000000000e+00  2.93046413721650e-01
7.17500000000000e+00  3.16151938424310e-01
7.20000000000000e+00  3.38136331960578e-01
7.22500000000000e+00  3.58950429868520e-01
7.25000000000000e+00  3.78552880087819e-01
7.27500000000000e+00  3.96910106451516e-01
7.30000000000000e+00  4.13996272177731e-01
7.32500000000000e+00  4.29793243361392e-01
7.35000000000000e+00  4.44290552465967e-01
7.37500000000000e+00  4.57485361815191e-01
7.40000000000000e+00  4.69382427084799e-01
7.42500000000000e+00  4.79994060794248e-01
7.45000000000000e+00  4.89340095798452e-01
7.47500000000000e+00  4.97447848779508e-01
7.50000000000000e+00  5.04327619388687e-01
7.52500000000000e+00  5.10017261755018e-01
7.55000000000000e+00  5.14552829038592e-01
7.57500000000000e+00  5.17972566607184e-01
7.60000000000000e+00  5.20317777988033e-01
7.62500000000000e+00  5.21632410266719e-01
7.65000000000000e+00  5.21962639486035e-01
7.67500000000000e+00  5.21356456044861e-01
7.70000000000000e+00  5.19863250097033e-01
7.72500000000000e+00  5.17533396950224e-01
7.75000000000000e+00  5.14417842464810e-01
7.77500000000000e+00  5.10567688452748e-01
7.80000000000000e+00  5.06033778076447e-01
7.82500000000000e+00  5.00866820786528e-01
7.85000000000000e+00  4.95116728567328e-01
7.87500000000000e+00  4.88832384060186e-01
7.90000000000000e+00  4.82061818199895e-01
7.92500000000000e+00  4.74851643428510e-01
7.95000000000000e+00  4.67246990171172e-01
7.97500000000000e+00  4.59291443311939e-01
8.00000000000000e+00  4.51026978669617e-01
8.02500000000000e+00  4.42493899473582e-01
8.05000000000000e+00  4.33730772839614e-01
8.07500000000000e+00  4.24774366245723e-01
8.10000000000000e+00  4.15659584007980e-01
8.12500000000000e+00  4.06417937591369e-01
8.15000000000000e+00  3.97081051377497e-01
8.17500000000000e+00  3.87677149070870e-01
8.20000000000000e+00  3.78233255069432e-01
8.22500000000000e+00  3.68774431444694e-01
8.25000000000000e+00  3.59323848067778e-01
8.27500000000000e+00  3.49902852735474e-01
8.30000000000000e+00  3.40531041296282e-01
8.32500000000000e+00  3.31226327776465e-01
8.35000000000000e+00  3.22005014506097e-01
8.37500000000000e+00  3.12881862245106e-01
8.40000000000000e+00  3.03870160309334e-01
8.42500000000000e+00  2.94981796696577e-01
8.45000000000000e+00  2.86227328212640e-01
8.47500000000000e+00  2.77616050597378e-01
8.50000000000000e+00  2.69156068650754e-01
8.52500000000000e+00  2.60854366358882e-01
8.55000000000000e+00  2.52716877020077e-01
8.57500000000000e+00  2.44748553370905e-01
8.60000000000000e+00  2.36953437712233e-01
8.62500000000000e+00  2.29334732035274e-01
8.65000000000000e+00  2.21894868147638e-01
8.67500000000000e+00  2.14635577799384e-01
8.70000000000000e+00  2.07557962809064e-01
8.72500000000000e+00  2.00662565189774e-01
8.75000000000000e+00  1.93953142622051e-01
8.77500000000000e+00  1.87420155468510e-01
8.80000000000000e+00  1.81068421342715e-01
8.82500000000000e+00  1.74896252458895e-01
8.85000000000000e+00  1.68901700334736e-01
8.87500000000000e+00  1.63082574039761e-01
8.90000000000000e+00  1.57436458443721e-01
8.92500000000000e+00  1.51960732464977e-01
8.95000000000000e+00  1.46652587318881e-01
8.97500000000000e+00  1.41509044766169e-01
9.00000000000000e+00  1.36526975361337e-01
9.02500000000000e+00  1.31703116701031e-01
9.05000000000000e+00  1.27034091672432e-01
9.07500000000000e+00  1.22516426701637e-01
9.10000000000000e+00  1.18146570002046e-01
9.12500000000000e+00  1.13920909822747e-01
9.15000000000000e+00  1.09835792696901e-01
9.17500000000000e+00  1.05887541690124e-01
9.20000000000000e+00  1.02072474648875e-01
9.22500000000000e+00  9.83869224488408e-02
9.25000000000000e+00  9.48272472433158e-02
9.27500000000000e+00  9.13898607115931e-02
9.30000000000000e+00  8.80712423073452e-02
9.32500000000000e+00  8.48679575070103e-02
9.35000000000000e+00  8.17766760581762e-02
9.37500000000000e+00  7.87936710154001e-02
9.40000000000000e+00  7.59154256729413e-02
9.42500000000000e+00  7.31388976091766e-02
9.45000000000000e+00  7.04608137437581e-02
9.47500000000000e+00  6.78779805762589e-02
9.50000000000000e+00  6.53872834751630e-02
9.52500000000000e+00  6.29856859668566e-02
9.55000000000000e+00  6.06702290246186e-02
9.57500000000000e+00  5.84380303576103e-02
9.60000000000000e+00  5.62862836998668e-02
9.62500000000000e+00  5.42122580992873e-02
9.65000000000000e+00  5.22132972066246e-02
9.67500000000000e+00  5.02868185644774e-02
9.70000000000000e+00  4.84303128962794e-02
9.72500000000000e+00  4.66413433952904e-02
9.75000000000000e+00  4.49175450135866e-02
9.77500000000000e+00  4.32566237510513e-02
9.80000000000000e+00  4.16563559443650e-02
9.82500000000000e+00  4.01145875559967e-02
9.85000000000000e+00  3.86292334631933e-02
9.87500000000000e+00  3.71982767469715e-02
9.90000000000000e+00  3.58197679811067e-02
9.92500000000000e+00  3.44918245211248e-02
9.95000000000000e+00  3.32126297932922e-02
9.97500000000000e+00  3.19804325836063e-02
1.00000000000000e+01  3.07935463267865e-02
