0.00000000000000e+00  4.25465599911969e-02
2.50000000000000e-02  4.39088382085436e-02
5.00000000000000e-02  4.53186688171935e-02
7.50000000000000e-02  4.67777969099603e-02
1.00000000000000e-01  4.82880342613782e-02
1.25000000000000e-01  4.98512599936029e-02
1.50000000000000e-01  5.14694212423128e-02
1.75000000000000e-01  5.31445338226107e-02
2.00000000000000e-01  5.48786828949248e-02
2.25000000000000e-01  5.66740236309100e-02
2.50000000000000e-01  5.85327818793496e-02
2.75000000000000e-01  6.04572548320563e-02
3.00000000000000e-01  6.24498116897737e-02
3.25000000000000e-01  6.45128943280778e-02
3.50000000000000e-01  6.66490179632778e-02
3.75000000000000e-01  6.88607718183181e-02
4.00000000000000e-01  7.11508197886793e-02
4.25000000000000e-01  7.35219011082793e-02
4.50000000000000e-01  7.59768310153754e-02
4.75000000000000e-01  7.85185014184647e-02
5.00000000000000e-01  8.11498815621864e-02
5.25000000000000e-01  8.38740186932222e-02
5.50000000000000e-01  8.66940387261983e-02
5.75000000000000e-01  8.96131469095866e-02
6.00000000000000e-01  9.26346284916059e-02
6.25000000000000e-01  9.57624465137826e-02
6.50000000000000e-01  9.89979298707495e-02
6.75000000000000e-01  1.02346473079711e-01
7.00000000000000e-01  1.05811346605047e-01
7.25000000000000e-01  1.09395951153299e-01
7.50000000000000e-01  1.13103797382748e-01
7.75000000000000e-01  1.16938485612984e-01
8.00000000000000e-01  1.20903685534490e-01
8.25000000000000e-01  1.25003115918213e-01
8.50000000000000e-01  1.29240524325139e-01
8.75000000000000e-01  1.33619666815876e-01
9.00000000000000e-01  1.38144287660219e-01
9.25000000000000e-01  1.42818099046737e-01
9.50000000000000e-01  1.47644760792343e-01
9.75000000000000e-01  1.52627860051870e-01
1.00000000000000e+00  1.57770891027648e-01
1.02500000000000e+00  1.63077234679082e-01
1.05000000000000e+00  1.68550138432223e-01
1.07500000000000e+00  1.74192695889350e-01
1.10000000000000e+00  1.80007826538542e-01
1.12500000000000e+00  1.85998255463255e-01
1.15000000000000e+00  1.92166493051896e-01
1.17500000000000e+00  1.98514814707405e-01
1.20000000000000e+00  2.05045240556823e-01
1.22500000000000e+00  2.11759515160875e-01
1.25000000000000e+00  2.18656321989612e-01
1.27500000000000e+00  2.25740858330276e-01
1.30000000000000e+00  2.33011530252636e-01
1.32500000000000e+00  2.40468059882851e-01
1.35000000000000e+00  2.48109642509744e-01
1.37500000000000e+00  2.55934877347083e-01
1.40000000000000e+00  2.63941698295863e-01
1.42500000000000e+00  2.72127304706584e-01
1.45000000000000e+00  2.80488092141535e-01
1.47500000000000e+00  2.89019583137070e-01
1.50000000000000e+00  2.97716357965891e-01
1.52500000000000e+00  3.06571985399328e-01
1.55000000000000e+00  3.15578953469620e-01
1.57500000000000e+00  3.24728600232195e-01
1.60000000000000e+00  3.34011044527949e-01
1.62500000000000e+00  3.43415116745528e-01
1.65000000000000e+00  3.52928289583609e-01
1.67500000000000e+00  3.62536608813179e-01
1.70000000000000e+00  3.72224624039816e-01
1.72500000000000e+00  3.81975319465969e-01
1.75000000000000e+00  3.91770044653239e-01
1.77500000000000e+00  4.01588445284659e-01
1.80000000000000e+00  4.11408393926974e-01
1.82500000000000e+00  4.21205920792925e-01
1.85000000000000e+00  4.30955144503521e-01
1.87500000000000e+00  4.40626618586011e-01
1.90000000000000e+00  4.50197083895103e-01
1.92500000000000e+00  4.59628797444878e-01
1.95000000000000e+00  4.68889351801458e-01
1.97500000000000e+00  4.77944006889696e-01
2.00000000000000e+00  4.86755826133889e-01
2.02500000000000e+00  4.95285812598484e-01
2.05000000000000e+00  5.03493045128796e-01
2.07500000000000e+00  5.11334814491716e-01
2.10000000000000e+00  5.18766759516418e-01
2.12500000000000e+00  5.25743003235079e-01
2.15000000000000e+00  5.32216289023582e-01
2.17500000000000e+00  5.38138116742230e-01
2.20000000000000e+00  5.43459150044186e-01
2.22500000000000e+00  5.48129227515912e-01
2.25000000000000e+00  5.52097513517011e-01
2.27500000000000e+00  5.55313209236529e-01
2.30000000000000e+00  5.57725367415572e-01
2.32500000000000e+00  5.59283281878193e-01
2.35000000000000e+00  5.59936877062284e-01
2.37500000000000e+00  5.59637097550464e-01
2.40000000000000e+00  5.58336297600972e-01
2.42500000000000e+00  5.55988630678556e-01
2.45000000000000e+00  5.52550438985362e-01
2.47500000000000e+00  5.47980642991829e-01
2.50000000000000e+00  5.42282200329806e-01
2.52500000000000e+00  5.35304149868515e-01
2.55000000000000e+00  5.27118364408563e-01
2.57500000000000e+00  5.17689542371108e-01
2.60000000000000e+00  5.06989903681663e-01
2.62500000000000e+00  4.94999326105570e-01
2.65000000000000e+00  4.81705481583482e-01
2.67500000000000e+00  4.67103972566841e-01
2.70000000000000e+00  4.51198468353353e-01
2.72500000000000e+00  4.34000841422471e-01
2.75000000000000e+00  4.15531303770866e-01
2.77500000000000e+00  3.95818543247915e-01
2.80000000000000e+00  3.74899859891170e-01
2.82500000000000e+00  3.52818933716670e-01
2.85000000000000e+00  3.29627340034584e-01
2.87500000000000e+00  3.05382201258403e-01
2.90000000000000e+00  2.80150969202057e-01
2.92500000000000e+00  2.54006293253308e-01
2.95000000000000e+00  2.27027119080460e-01
2.97500000000000e+00  1.99299787339066e-01
3.00000000000000e+00  1.70919132378642e-01
3.02500000000000e+00  1.41989580949378e-01
3.05000000000000e+00  1.12626250908847e-01
3.07500000000000e+00  8.29560499287177e-02
3.10000000000000e+00  5.31187742014646e-02
3.12500000000000e+00  2.32048830801283e-02
3.15000000000000e+00  -6.66258362328737e-03
3.17500000000000e+00  -3.63389237632890e-02
3.20000000000000e+00  -6.56921481060407e-02
3.22500000000000e+00  -9.45893675392018e-02
3.25000000000000e+00  -1.22897783811540e-01
3.27500000000000e+00  -1.50485680272541e-01
3.30000000000000e+00  -1.77223412612013e-01
3.32500000000000e+00  -2.02984399599704e-01
3.35000000000000e+00  -2.27646113824911e-01
3.37500000000000e+00  -2.51091072436087e-01
3.40000000000000e+00  -2.73207827880450e-01
3.42500000000000e+00  -2.93891958643598e-01
3.45000000000000e+00  -3.13046334250072e-01
3.47500000000000e+00  -3.30582372477303e-01
3.50000000000000e+00  -3.46421060686897e-01
3.52500000000000e+00  -3.60491863533515e-01
3.55000000000000e+00  -3.72734933995836e-01
3.57500000000000e+00  -3.83101155088386e-01
3.60000000000000e+00  -3.91552181573367e-01
3.62500000000000e+00  -3.98060481672477e-01
3.65000000000000e+00  -4.02609378778744e-01
3.67500000000000e+00  -4.05193093168351e-01
3.70000000000000e+00  -4.05816783712460e-01
3.72500000000000e+00  -4.04496589589044e-01
3.75000000000000e+00  -4.01258033321517e-01
3.77500000000000e+00  -3.96146953719843e-01
3.80000000000000e+00  -3.89202412609139e-01
3.82500000000000e+00  -3.80479621070893e-01
3.85000000000000e+00  -3.70042969100071e-01
3.87500000000000e+00  -3.57965127771532e-01
3.90000000000000e+00  -3.44326151406431e-01
3.92500000000000e+00  -3.29212579738636e-01
3.95000000000000e+00  -3.12716540081134e-01
3.97500000000000e+00  -2.94934849492438e-01
4.00000000000000e+00  -2.75968116943004e-01
4.02500000000000e+00  -2.55919845481633e-01
4.05000000000000e+00  -2.34895534401889e-01
4.07500000000000e+00  -2.13003331961416e-01
4.10000000000000e+00  -1.90352187600525e-01
4.12500000000000e+00  -1.67051843489193e-01
4.15000000000000e+00  -1.43211500496918e-01
4.17500000000000e+00  -1.18939966983615e-01
4.20000000000000e+00  -9.43448253196734e-02
4.22500000000000e+00  -6.95315984060217e-02
4.25000000000000e+00  -4.46029161941841e-02
4.27500000000000e+00  -1.96576822063385e-02
4.30000000000000e+00  5.20975994461856e-03
4.32500000000000e+00  2.99104600350170e-02
4.35000000000000e+00  5.43616947103477e-02
4.37500000000000e+00  7.84738997531163e-02
4.40000000000000e+00  1.02162742115863e-01
4.42500000000000e+00  1.25360317965260e-01
4.45000000000000e+00  1.47995854043983e-01
4.47500000000000e+00  1.70003626596428e-01
4.50000000000000e+00  1.91322773073978e-01
4.52500000000000e+00  2.11897103840267e-01
4.55000000000000e+00  2.31674913876443e-01
4.57500000000000e+00  2.50608794486434e-01
4.60000000000000e+00  2.68655445002211e-01
4.62500000000000e+00  2.85775484489054e-01
4.65000000000000e+00  3.01933263450814e-01
4.67500000000000e+00  3.17096675535180e-01
4.70000000000000e+00  3.31236969238942e-01
4.72500000000000e+00  3.44328559613256e-01
4.75000000000000e+00  3.56348839968904e-01
4.77500000000000e+00  3.67277993581569e-01
4.80000000000000e+00  3.77098805397087e-01
4.82500000000000e+00  3.85796473736719e-01
4.85000000000000e+00  3.93358422002414e-01
4.87500000000000e+00  3.99774110382071e-01
4.90000000000000e+00  4.05034847554806e-01
4.92500000000000e+00  4.09133602396217e-01
4.95000000000000e+00  4.12064815683643e-01
4.97500000000000e+00  4.13824211801436e-01
5.00000000000000e+00  4.14408610446220e-01
5.02500000000000e+00  4.13824211802411e-01
5.05000000000000e+00  4.12064815685591e-01
5.07500000000000e+00  4.09133602399136e-01
5.10000000000000e+00  4.05034847558694e-01
5.12500000000000e+00  3.99774110386923e-01
5.15000000000000e+00  3.93358422008226e-01
5.17500000000000e+00  3.85796473743485e-01
5.20000000000000e+00  3.77098805404800e-01
5.22500000000000e+00  3.67277993590221e-01
5.25000000000000e+00  3.56348839978487e-01
5.27500000000000e+00  3.44328559623757e-01
5.30000000000000e+00  3.31236969250353e-01
5.32500000000000e+00  3.17096675547489e-01
5.35000000000000e+00  3.01933263464007e-01
5.37500000000000e+00  2.85775484503118e-01
5.40000000000000e+00  2.68655445017130e-01
5.42500000000000e+00  2.50608794502192e-01
5.45000000000000e+00  2.31674913893024e-01
5.47500000000000e+00  2.11897103857652e-01
5.50000000000000e+00  1.91322773092148e-01
5.52500000000000e+00  1.70003626615363e-01
5.55000000000000e+00  1.47995854063663e-01
5.57500000000000e+00  1.25360317985664e-01
5.60000000000000e+00  1.02162742136967e-01
5.62500000000000e+00  7.84878009869867e-02
5.65000000000000e+00  5.43616947327800e-02
5.67500000000000e+00  2.99104600580772e-02
5.70000000000000e+00  5.20975996828243e-03
5.72500000000000e+00  -1.96576821820992e-02
5.75000000000000e+00  -4.46029161693943e-02
5.77500000000000e+00  -6.95315983807089e-02
5.80000000000000e+00  -9.43448252938651e-02
5.82500000000000e+00  -1.18939966957338e-01
5.85000000000000e+00  -1.43211500470202e-01
5.87500000000000e+00  -1.67051843462065e-01
5.90000000000000e+00  -1.90352187573014e-01
5.92500000000000e+00  -2.13003331933550e-01
5.95000000000000e+00  -2.34895534373696e-01
5.97500000000000e+00  -2.55919845453139e-01
6.00000000000000e+00  -2.75968116914238e-01
6.02500000000000e+00  -2.94934849463427e-01
6.05000000000000e+00  -3.12716540051904e-01
6.07500000000000e+00  -3.29212579709213e-01
6.10000000000000e+00  -3.44326151376840e-01
6.12500000000000e+00  -3.57965127741796e-01
6.15000000000000e+00  -3.70042969070216e-01
6.17500000000000e+00  -3.80479621040940e-01
6.20000000000000e+00  -3.89202412579110e-01
6.22500000000000e+00  -3.96146953689758e-01
6.25000000000000e+00  -4.01259671964589e-01
6.27500000000000e+00  -4.04496589558907e-01
6.30000000000000e+00  -4.05816783682324e-01
6.32500000000000e+00  -4.05193093138231e-01
6.35000000000000e+00  -4.02609378748656e-01
6.37500000000000e+00  -3.98060481642434e-01
6.40000000000000e+00  -3.91552181543382e-01
6.42500000000000e+00  -3.83101155058472e-01
6.45000000000000e+00  -3.72734933966002e-01
6.47500000000000e+00  -3.60491863503771e-01
6.50000000000000e+00  -3.46421060657252e-01
6.52500000000000e+00  -3.30582372447763e-01
6.55000000000000e+00  -3.13046334220644e-01
6.57500000000000e+00  -2.93891958614288e-01
6.60000000000000e+00  -2.73207827851262e-01
6.62500000000000e+00  -2.51091072407025e-01
6.65000000000000e+00  -2.27646113795979e-01
6.67500000000000e+00  -2.02984399570903e-01
6.70000000000000e+00  -1.77223412583346e-01
6.72500000000000e+00  -1.50485680244010e-01
6.75000000000000e+00  -1.22897783783148e-01
6.77500000000000e+00  -9.45893675109476e-02
6.80000000000000e+00  -6.56921480779250e-02
6.82500000000000e+00  -3.63389237353145e-02
6.85000000000000e+00  -6.66258359545461e-03
6.87500000000000e+00  2.32682071747720e-02
6.90000000000000e+00  5.31187742290145e-02
6.92500000000000e+00  8.29560499561235e-02
6.95000000000000e+00  1.12626250936106e-01
6.97500000000000e+00  1.41989580976490e-01
7.00000000000000e+00  1.70919132405604e-01
7.02500000000000e+00  1.99299787365877e-01
7.05000000000000e+00  2.27027119107115e-01
7.07500000000000e+00  2.54006293279805e-01
7.10000000000000e+00  2.80150969228392e-01
7.12500000000000e+00  3.05382201284572e-01
7.15000000000000e+00  3.29627340060585e-01
7.17500000000000e+00  3.52818933742496e-01
7.20000000000000e+00  3.74899859916814e-01
7.22500000000000e+00  3.95818543273374e-01
7.25000000000000e+00  4.15531303796134e-01
7.27500000000000e+00  4.34000841447541e-01
7.30000000000000e+00  4.51198468378220e-01
7.32500000000000e+00  4.67103972591497e-01
7.35000000000000e+00  4.81705481607920e-01
7.37500000000000e+00  4.94999326129783e-01
7.40000000000000e+00  5.06989903705644e-01
7.42500000000000e+00  5.17689542394851e-01
7.45000000000000e+00  5.27118364432058e-01
7.47500000000000e+00  5.35304149891756e-01
7.50000000000000e+00  5.42241130990559e-01
7.52500000000000e+00  5.47980643014548e-01
7.55000000000000e+00  5.52550439007806e-01
7.57500000000000e+00  5.55988630700716e-01
7.60000000000000e+00  5.58336297622843e-01
7.62500000000000e+00  5.59637097572038e-01
7.65000000000000e+00  5.59936877083555e-01
7.67500000000000e+00  5.59283281899156e-01
7.70000000000000e+00  5.57725367436219e-01
7.72500000000000e+00  5.55313209256856e-01
7.75000000000000e+00  5.52097513537013e-01
7.77500000000000e+00  5.48129227535585e-01
7.80000000000000e+00  5.43459150063524e-01
7.82500000000000e+00  5.38138116761230e-01
7.85000000000000e+00  5.32216289042241e-01
7.87500000000000e+00  5.25743003253395e-01
7.90000000000000e+00  5.18766759534389e-01
7.92500000000000e+00  5.11334814509338e-01
7.95000000000000e+00  5.03493045146070e-01
7.97500000000000e+00  4.95285812615406e-01
8.00000000000000e+00  4.86755826150460e-01
8.02500000000000e+00  4.77944006905917e-01
8.05000000000000e+00  4.68889351817327e-01
8.07500000000000e+00  4.59628797460397e-01
8.10000000000000e+00  4.50197083910274e-01
8.12500000000000e+00  4.40628202865152e-01
8.15000000000000e+00  4.30955144517997e-01
8.17500000000000e+00  4.21205920807057e-01
8.20000000000000e+00  4.11408393940766e-01
8.22500000000000e+00  4.01588445298113e-01
8.25000000000000e+00  3.91770044666359e-01
8.27500000000000e+00  3.81975319478759e-01
8.30000000000000e+00  3.72224624052279e-01
8.32500000000000e+00  3.62536608825319e-01
8.35000000000000e+00  3.52928289595431e-01
8.37500000000000e+00  3.43415116757036e-01
8.40000000000000e+00  3.34011044539147e-01
8.42500000000000e+00  3.24728600243088e-01
8.45000000000000e+00  3.15578953480214e-01
8.47500000000000e+00  3.06571985409629e-01
8.50000000000000e+00  2.97716357975902e-01
8.52500000000000e+00  2.89019583146798e-01
8.55000000000000e+00  2.80488092150985e-01
8.57500000000000e+00  2.72127304715762e-01
8.60000000000000e+00  2.63941698304774e-01
8.62500000000000e+00  2.55934877355733e-01
8.65000000000000e+00  2.48109642518139e-01
8.67500000000000e+00  2.40468059890997e-01
8.70000000000000e+00  2.33011530260539e-01
8.72500000000000e+00  2.25740858337941e-01
8.75000000000000e+00  2.18659087230968e-01
8.77500000000000e+00  2.11759515168076e-01
8.80000000000000e+00  2.05045240563803e-01
8.82500000000000e+00  1.98514814714170e-01
8.85000000000000e+00  1.92166493058452e-01
8.87500000000000e+00  1.85998255469606e-01
8.90000000000000e+00  1.80007826544694e-01
8.92500000000000e+00  1.74192695895309e-01
8.95000000000000e+00  1.68550138437993e-01
8.97500000000000e+00  1.63077234684669e-01
9.00000000000000e+00  1.57770891033057e-01
9.02500000000000e+00  1.52627860057106e-01
9.05000000000000e+00  1.47644760797412e-01
9.07500000000000e+00  1.42818099051643e-01
9.10000000000000e+00  1.38144287664966e-01
9.12500000000000e+00  1.33619666820469e-01
9.15000000000000e+00  1.29240524329584e-01
9.17500000000000e+00  1.25003115922512e-01
9.20000000000000e+00  1.20903685538650e-01
9.22500000000000e+00  1.16938485617008e-01
9.25000000000000e+00  1.13103797386639e-01
9.27500000000000e+00  1.09395951157063e-01
9.30000000000000e+00  1.05811346608686e-01
9.32500000000000e+00  1.02346473083230e-01
9.35000000000000e+00  9.89979298741529e-02
9.37500000000000e+00  9.57618493894140e-02
9.40000000000000e+00  9.26346284947875e-02
9.42500000000000e+00  8.96131469126625e-02
9.45000000000000e+00  8.66940387291719e-02
9.47500000000000e+00  8.38740186960969e-02
9.50000000000000e+00  8.11498815649653e-02
9.52500000000000e+00  7.85185014211508e-02
9.55000000000000e+00  7.59768310179717e-02
9.57500000000000e+00  7.35219011107888e-02
9.60000000000000e+00  7.11508197911046e-02
9.62500000000000e+00  6.88607718206624e-02
9.65000000000000e+00  6.66490179655434e-02
9.67500000000000e+00  6.45128943302672e-02
9.70000000000000e+00  6.24498116918896e-02
9.72500000000000e+00  6.04572548341010e-02
9.75000000000000e+00  5.85327818813256e-02
9.77500000000000e+00  5.66740236328195e-02
9.80000000000000e+00  5.48786828967700e-02
9.82500000000000e+00  5.31445338243937e-02
9.85000000000000e+00  5.14694212440357e-02
9.87500000000000e+00  4.98512599952678e-02
9.90000000000000e+00  4.82880342629870e-02
9.92500000000000e+00  4.67777969115147e-02
9.95000000000000e+00  4.53186688186955e-02
9.97500000000000e+00  4.39088382099947e-02
1.00000000000000e+01  4.25465599925991e-02
