0.00000000000000e+00  3.08247779442569e-02
2.50000000000000e-02  3.20152035981907e-02
5.00000000000000e-02  3.32511549187652e-02
7.50000000000000e-02  3.45343258147256e-02
1.00000000000000e-01  3.58664754474171e-02
1.25000000000000e-01  3.72494289268094e-02
1.50000000000000e-01  3.86850780075203e-02
1.75000000000000e-01  4.01753817848400e-02
2.00000000000000e-01  4.17223673907552e-02
2.25000000000000e-01  4.33281306899729e-02
2.50000000000000e-01  4.49948369759453e-02
2.75000000000000e-01  4.67247216668929e-02
3.00000000000000e-01  4.85200910018294e-02
3.25000000000000e-01  5.03833227365854e-02
3.50000000000000e-01  5.23168668398325e-02
3.75000000000000e-01  5.43232461891081e-02
4.00000000000000e-01  5.64050572668382e-02
4.25000000000000e-01  5.85649708563627e-02
4.50000000000000e-01  6.08057327379592e-02
4.75000000000000e-01  6.31301643848665e-02
5.00000000000000e-01  6.55411636593097e-02
5.25000000000000e-01  6.80417055085235e-02
5.50000000000000e-01  7.06348426607766e-02
5.75000000000000e-01  7.33237063213962e-02
6.00000000000000e-01  7.61115068687913e-02
6.25000000000000e-01  7.90020547888067e-02
6.50000000000000e-01  8.19968482960607e-02
6.75000000000000e-01  8.51009828779182e-02
7.00000000000000e-01  8.83176834571957e-02
7.25000000000000e-01  9.16502977714630e-02
7.50000000000000e-01  9.51022780624805e-02
7.75000000000000e-01  9.86771627656359e-02
8.00000000000000e-01  1.02378558199381e-01
8.25000000000000e-01  1.06210120254668e-01
8.50000000000000e-01  1.10175536084388e-01
8.75000000000000e-01  1.14278505792805e-01
9.00000000000000e-01  1.18522724124996e-01
9.25000000000000e-01  1.22911862156285e-01
9.50000000000000e-01  1.27449548981681e-01
9.75000000000000e-01  1.32139353405316e-01
1.00000000000000e+00  1.36984765629879e-01
1.02500000000000e+00  1.41989178946055e-01
1.05000000000000e+00  1.47155871421961e-01
1.07500000000000e+00  1.52487987592585e-01
1.10000000000000e+00  1.57988520149216e-01
1.12500000000000e+00  1.63660291628892e-01
1.15000000000000e+00  1.69505936103825e-01
1.17500000000000e+00  1.75527880870845e-01
1.20000000000000e+00  1.81728328140838e-01
1.22500000000000e+00  1.88109236728175e-01
1.25000000000000e+00  1.94668532702323e-01
1.27500000000000e+00  2.01412616742973e-01
1.30000000000000e+00  2.08339861539877e-01
1.32500000000000e+00  2.15450216514888e-01
1.35000000000000e+00  2.22743138452138e-01
1.37500000000000e+00  2.30217521247264e-01
1.40000000000000e+00  2.37871625656640e-01
1.42500000000000e+00  2.45703009046605e-01
1.45000000000000e+00  2.53708455142694e-01
1.47500000000000e+00  2.61883903778870e-01
1.50000000000000e+00  2.70224380646747e-01
1.52500000000000e+00  2.78723927044828e-01
1.55000000000000e+00  2.87375529627728e-01
1.57500000000000e+00  2.96171050155410e-01
1.60000000000000e+00  3.05101155242407e-01
1.62500000000000e+00  3.14155246107061e-01
1.65000000000000e+00  3.23321388320744e-01
1.67500000000000e+00  3.32586241557093e-01
1.70000000000000e+00  3.41934989341241e-01
1.72500000000000e+00  3.51351268799042e-01
1.75000000000000e+00  3.60817100406302e-01
1.77500000000000e+00  3.70312817738012e-01
1.80000000000000e+00  3.79816997217575e-01
1.82500000000000e+00  3.89306387866037e-01
1.85000000000000e+00  3.98755841051315e-01
1.87500000000000e+00  4.08138187836060e-01
1.90000000000000e+00  4.17425446192259e-01
1.92500000000000e+00  4.26585879050822e-01
1.95000000000000e+00  4.35586974896919e-01
1.97500000000000e+00  4.44394122679225e-01
2.00000000000000e+00  4.52970701413930e-01
2.02500000000000e+00  4.61278169788747e-01
2.05000000000000e+00  4.69276155766921e-01
2.07500000000000e+00  4.76922546191233e-01
2.10000000000000e+00  4.84173576388016e-01
2.12500000000000e+00  4.90983919771154e-01
2.15000000000000e+00  4.97306777446098e-01
2.17500000000000e+00  5.03093967813869e-01
2.20000000000000e+00  5.08296449901456e-01
2.22500000000000e+00  5.12864204163296e-01
2.25000000000000e+00  5.16746465479121e-01
2.27500000000000e+00  5.19892327440094e-01
2.30000000000000e+00  5.22250669477373e-01
2.32500000000000e+00  5.23770545113157e-01
2.35000000000000e+00  5.24401570211724e-01
2.37500000000000e+00  5.24094311230475e-01
2.40000000000000e+00  5.22800673470979e-01
2.42500000000000e+00  5.20474289330017e-01
2.45000000000000e+00  5.17070906550618e-01
2.47500000000000e+00  5.12548776473111e-01
2.50000000000000e+00  5.06895058020276e-01
2.52500000000000e+00  5.00000179433926e-01
2.55000000000000e+00  4.91899508630782e-01
2.57500000000000e+00  4.82558283077699e-01
2.60000000000000e+00  4.71949203809233e-01
2.62500000000000e+00  4.60052470282706e-01
2.65000000000000e+00  4.46855815233266e-01
2.67500000000000e+00  4.32354539528957e-01
2.70000000000000e+00  4.16551547025779e-01
2.72500000000000e+00  3.99457379422753e-01
2.75000000000000e+00  3.81090251116987e-01
2.77500000000000e+00  3.61476084058737e-01
2.80000000000000e+00  3.40648542606474e-01
2.82500000000000e+00  3.18649068381946e-01
2.85000000000000e+00  2.95526915125245e-01
2.87500000000000e+00  2.71339183549867e-01
2.90000000000000e+00  2.46150856197780e-01
2.92500000000000e+00  2.20034832294486e-01
2.95000000000000e+00  1.93071962604088e-01
2.97500000000000e+00  1.65351084284348e-01
3.00000000000000e+00  1.36969055741758e-01
3.02500000000000e+00  1.08030791486602e-01
3.05000000000000e+00  7.86492969880161e-02
3.07500000000000e+00  4.89457035290591e-02
3.10000000000000e+00  1.90493030617724e-02
3.12500000000000e+00  -1.09276055352763e-02
3.15000000000000e+00  -4.08519580317091e-02
3.17500000000000e+00  -7.05872520660926e-02
3.20000000000000e+00  -9.99970869685571e-02
3.22500000000000e+00  -1.28943832498519e-01
3.25000000000000e+00  -1.57289620911855e-01
3.27500000000000e+00  -1.84897339028074e-01
3.30000000000000e+00  -2.11631620297485e-01
3.32500000000000e+00  -2.37359836868376e-01
3.35000000000000e+00  -2.61953091654183e-01
3.37500000000000e+00  -2.85287210400663e-01
3.40000000000000e+00  -3.07243733753064e-01
3.42500000000000e+00  -3.27710909323298e-01
3.45000000000000e+00  -3.46584291003306e-01
3.47500000000000e+00  -3.63767802134662e-01
3.50000000000000e+00  -3.79174871742329e-01
3.52500000000000e+00  -3.92727555838335e-01
3.55000000000000e+00  -4.04358717209316e-01
3.57500000000000e+00  -4.14012178876545e-01
3.60000000000000e+00  -4.21642877555951e-01
3.62500000000000e+00  -4.27217017118144e-01
3.65000000000000e+00  -4.30712222048438e-01
3.67500000000000e+00  -4.32117690906873e-01
3.70000000000000e+00  -4.31434349788241e-01
3.72500000000000e+00  -4.28675005782107e-01
3.75000000000000e+00  -4.23857707947304e-01
3.77500000000000e+00  -4.17037124374826e-01
3.80000000000000e+00  -4.08239772914954e-01
3.82500000000000e+00  -3.97522567922637e-01
3.85000000000000e+00  -3.84951672559219e-01
3.87500000000000e+00  -3.70601758789509e-01
3.90000000000000e+00  -3.54555267378844e-01
3.92500000000000e+00  -3.36901667890161e-01
3.95000000000000e+00  -3.17736718681061e-01
3.97500000000000e+00  -2.97161726900876e-01
4.00000000000000e+00  -2.75282808487738e-01
4.02500000000000e+00  -2.52210148165647e-01
4.05000000000000e+00  -2.28057259441536e-01
4.07500000000000e+00  -2.02940244602339e-01
4.10000000000000e+00  -1.76977054712059e-01
4.12500000000000e+00  -1.50286749608837e-01
4.15000000000000e+00  -1.22988757902012e-01
4.17500000000000e+00  -9.52021369691997e-02
4.20000000000000e+00  -6.70448329533479e-02
4.22500000000000e+00  -3.86329407598137e-02
4.25000000000000e+00  -1.00799640534262e-02
4.27500000000000e+00  1.85039247444486e-02
4.30000000000000e+00  4.70126244588349e-02
4.32500000000000e+00  7.53448451640858e-02
4.35000000000000e+00  1.03404848186809e-01
4.37500000000000e+00  1.31093802199568e-01
4.40000000000000e+00  1.58314771617432e-01
4.42500000000000e+00  1.84990493503791e-01
4.45000000000000e+00  2.11038978885020e-01
4.47500000000000e+00  2.36383744563661e-01
4.50000000000000e+00  2.60953627838966e-01
4.52500000000000e+00  2.84682601227417e-01
4.55000000000000e+00  3.07509587183253e-01
4.57500000000000e+00  3.29378272819007e-01
4.60000000000000e+00  3.50236924626027e-01
4.62500000000000e+00  3.70038203195008e-01
4.65000000000000e+00  3.88738977936521e-01
4.67500000000000e+00  4.06300141801538e-01
4.70000000000000e+00  4.22686426001968e-01
4.72500000000000e+00  4.37866214731177e-01
4.75000000000000e+00  4.51811359884523e-01
4.77500000000000e+00  4.64496995779882e-01
4.80000000000000e+00  4.75901353878176e-01
4.82500000000000e+00  4.86005577503905e-01
4.85000000000000e+00  4.94793536565672e-01
4.87500000000000e+00  5.02251642276713e-01
4.90000000000000e+00  5.08368661875427e-01
4.92500000000000e+00  5.13135533345901e-01
4.95000000000000e+00  5.16545180138444e-01
4.97500000000000e+00  5.18592325890111e-01
5.00000000000000e+00  5.19273309146515e-01
5.02500000000000e+00  5.18592318350701e-01
5.05000000000000e+00  5.16545165066335e-01
5.07500000000000e+00  5.13135510755877e-01
5.10000000000000e+00  5.08368631789209e-01
5.12500000000000e+00  5.02251604723090e-01
5.15000000000000e+00  4.94793491580612e-01
5.17500000000000e+00  4.86005525130659e-01
5.20000000000000e+00  4.75901294167360e-01
5.22500000000000e+00  4.64496928789550e-01
5.25000000000000e+00  4.51811285680222e-01
5.27500000000000e+00  4.37866133385987e-01
5.30000000000000e+00  4.22686337596528e-01
5.32500000000000e+00  4.06300046424059e-01
5.35000000000000e+00  3.88738875682781e-01
5.37500000000000e+00  3.70038094168335e-01
5.40000000000000e+00  3.50236808937263e-01
5.42500000000000e+00  3.29378150586464e-01
5.45000000000000e+00  3.07509458532650e-01
5.47500000000000e+00  2.84682466291798e-01
5.50000000000000e+00  2.60953486758617e-01
5.52500000000000e+00  2.36383597485991e-01
5.55000000000000e+00  2.11038825964450e-01
5.57500000000000e+00  1.84990334901615e-01
5.60000000000000e+00  1.58314607501658e-01
5.62500000000000e+00  1.31103016650712e-01
5.65000000000000e+00  1.03404673570229e-01
5.67500000000000e+00  7.53446655721872e-02
5.70000000000000e+00  4.70124400805691e-02
5.72500000000000e+00  1.85037357738236e-02
5.75000000000000e+00  -1.00801574180515e-02
5.77500000000000e+00  -3.86331383164449e-02
5.80000000000000e+00  -6.70450344970533e-02
5.82500000000000e+00  -9.52023422928035e-02
5.85000000000000e+00  -1.22988966796788e-01
5.87500000000000e+00  -1.50286961865180e-01
5.90000000000000e+00  -1.76977270120168e-01
5.92500000000000e+00  -2.02940462952878e-01
5.95000000000000e+00  -2.28057480526298e-01
5.97500000000000e+00  -2.52210371778206e-01
6.00000000000000e+00  -2.75283034424100e-01
6.02500000000000e+00  -2.97161954960112e-01
6.05000000000000e+00  -3.17736948665948e-01
6.07500000000000e+00  -3.36901899607803e-01
6.10000000000000e+00  -3.54555500641294e-01
6.12500000000000e+00  -3.70601993414382e-01
6.15000000000000e+00  -3.84951908370301e-01
6.17500000000000e+00  -3.97522804750479e-01
6.20000000000000e+00  -4.08240010597469e-01
6.22500000000000e+00  -4.17037362757873e-01
6.25000000000000e+00  -4.23864739369646e-01
6.27500000000000e+00  -4.28675245129667e-01
6.30000000000000e+00  -4.31434589416177e-01
6.32500000000000e+00  -4.32117930692270e-01
6.35000000000000e+00  -4.30712461876019e-01
6.37500000000000e+00  -4.27217256880353e-01
6.40000000000000e+00  -4.21643117152949e-01
6.42500000000000e+00  -4.14012418216112e-01
6.45000000000000e+00  -4.04358956206661e-01
6.47500000000000e+00  -3.92727794415812e-01
6.50000000000000e+00  -3.79175109829066e-01
6.52500000000000e+00  -3.63768039666089e-01
6.55000000000000e+00  -3.46584527920600e-01
6.57500000000000e+00  -3.27711145572960e-01
6.60000000000000e+00  -3.07243969286287e-01
6.62500000000000e+00  -2.85287445172689e-01
6.65000000000000e+00  -2.61953325623800e-01
6.67500000000000e+00  -2.37360069997258e-01
6.70000000000000e+00  -2.11631852549583e-01
6.72500000000000e+00  -1.84897570369043e-01
6.75000000000000e+00  -1.57289851308533e-01
6.77500000000000e+00  -1.28944061918445e-01
6.80000000000000e+00  -9.99973153795424e-02
6.82500000000000e+00  -7.05874794358384e-02
6.85000000000000e+00  -4.08521843274604e-02
6.87500000000000e+00  -1.09026421261196e-02
6.90000000000000e+00  1.90490790202171e-02
6.92500000000000e+00  4.89454806710964e-02
6.95000000000000e+00  7.86490753531088e-02
6.97500000000000e+00  1.08030571116921e-01
7.00000000000000e+00  1.36968836682177e-01
7.02500000000000e+00  1.65350866582416e-01
7.05000000000000e+00  1.93071746309974e-01
7.07500000000000e+00  2.20034617460903e-01
7.10000000000000e+00  2.46150642879873e-01
7.12500000000000e+00  2.71338971805081e-01
7.15000000000000e+00  2.95526705013169e-01
7.17500000000000e+00  3.18648859964123e-01
7.20000000000000e+00  3.40648335946190e-01
7.22500000000000e+00  3.61475879220786e-01
7.25000000000000e+00  3.81090048167403e-01
7.27500000000000e+00  3.99457178428521e-01
7.30000000000000e+00  4.16551348054519e-01
7.32500000000000e+00  4.32354342648579e-01
7.35000000000000e+00  4.46855620511603e-01
7.37500000000000e+00  4.60052277787115e-01
7.40000000000000e+00  4.71949013606179e-01
7.42500000000000e+00  4.82558095232298e-01
7.45000000000000e+00  4.91899323206336e-01
7.47500000000000e+00  4.99999996491415e-01
7.50000000000000e+00  5.06868861885254e-01
7.52500000000000e+00  5.12548598670997e-01
7.55000000000000e+00  5.17070731401560e-01
7.57500000000000e+00  5.20474116885216e-01
7.60000000000000e+00  5.22800503778354e-01
7.62500000000000e+00  5.24094144334463e-01
7.65000000000000e+00  5.24401406153114e-01
7.67500000000000e+00  5.23770383928945e-01
7.70000000000000e+00  5.22250511200643e-01
7.72500000000000e+00  5.19892172099926e-01
7.75000000000000e+00  5.16746313100527e-01
7.77500000000000e+00  5.12864054767177e-01
7.80000000000000e+00  5.08296303504588e-01
7.82500000000000e+00  5.03093824428904e-01
7.85000000000000e+00  4.97306637081576e-01
7.87500000000000e+00  4.90983782431568e-01
7.90000000000000e+00  4.84173442073862e-01
7.92500000000000e+00  4.76922414899101e-01
7.95000000000000e+00  4.69276027489591e-01
7.97500000000000e+00  4.61278044515315e-01
8.00000000000000e+00  4.52970579129936e-01
8.02500000000000e+00  4.44394003366807e-01
8.05000000000000e+00  4.35586858534975e-01
8.07500000000000e+00  4.26585765615194e-01
8.10000000000000e+00  4.17425335655930e-01
8.12500000000000e+00  4.08138132570619e-01
8.15000000000000e+00  3.98755736221363e-01
8.17500000000000e+00  3.89306285838203e-01
8.20000000000000e+00  3.79816897954852e-01
8.22500000000000e+00  3.70312721201328e-01
8.25000000000000e+00  3.60817006554708e-01
8.27500000000000e+00  3.51351177589898e-01
8.30000000000000e+00  3.41934900730393e-01
8.32500000000000e+00  3.32586155499045e-01
8.35000000000000e+00  3.23321304768822e-01
8.37500000000000e+00  3.14155165013573e-01
8.40000000000000e+00  3.05101076558797e-01
8.42500000000000e+00  2.96170973832398e-01
8.45000000000000e+00  2.87375455615455e-01
8.47500000000000e+00  2.78723855292986e-01
8.50000000000000e+00  2.70224311104706e-01
8.52500000000000e+00  2.61883836395796e-01
8.55000000000000e+00  2.53708389867665e-01
8.57500000000000e+00  2.45702945828716e-01
8.60000000000000e+00  2.37871564445106e-01
8.62500000000000e+00  2.30217461991511e-01
8.65000000000000e+00  2.22743081101892e-01
8.67500000000000e+00  2.15450161020255e-01
8.70000000000000e+00  2.08339807851418e-01
8.72500000000000e+00  2.01412564811775e-01
8.75000000000000e+00  1.94672253517680e-01
8.77500000000000e+00  1.88109188166986e-01
8.80000000000000e+00  1.81728281193851e-01
8.82500000000000e+00  1.75527835491728e-01
8.85000000000000e+00  1.69505892247025e-01
8.87500000000000e+00  1.63660249249663e-01
8.90000000000000e+00  1.57988479203643e-01
8.92500000000000e+00  1.52487948037600e-01
8.95000000000000e+00  1.47155833215368e-01
8.97500000000000e+00  1.41989142046538e-01
9.00000000000000e+00  1.36984729997022e-01
9.02500000000000e+00  1.32139318999610e-01
9.05000000000000e+00  1.27449515764533e-01
9.07500000000000e+00  1.22911830090023e-01
9.10000000000000e+00  1.18522693172876e-01
9.12500000000000e+00  1.14278475919008e-01
9.15000000000000e+00  1.10175507254018e-01
9.17500000000000e+00  1.06210092433752e-01
9.20000000000000e+00  1.02378531354858e-01
9.22500000000000e+00  9.86771368653522e-02
9.25000000000000e+00  9.51022530751743e-02
9.27500000000000e+00  9.16502736667526e-02
9.30000000000000e+00  8.83176602055630e-02
9.32500000000000e+00  8.51009604506897e-02
9.35000000000000e+00  8.19968266653858e-02
9.37500000000000e+00  7.90015136893679e-02
9.40000000000000e+00  7.61114867510995e-02
9.42500000000000e+00  7.33236869217276e-02
9.45000000000000e+00  7.06348239545217e-02
9.47500000000000e+00  6.80416874718394e-02
9.50000000000000e+00  6.55411462691008e-02
9.52500000000000e+00  6.31301476187670e-02
9.55000000000000e+00  6.08057165743144e-02
9.57500000000000e+00  5.85649552742114e-02
9.60000000000000e+00  5.64050422458948e-02
9.62500000000000e+00  5.43232317097455e-02
9.65000000000000e+00  5.23168528830645e-02
9.67500000000000e+00  5.03833092840493e-02
9.70000000000000e+00  4.85200780357702e-02
9.72500000000000e+00  4.67247091701460e-02
9.75000000000000e+00  4.49948249319203e-02
9.77500000000000e+00  4.33281190826373e-02
9.80000000000000e+00  4.17223562046184e-02
9.82500000000000e+00  4.01753710049381e-02
9.85000000000000e+00  3.86850676194001e-02
9.87500000000000e+00  3.72494189165133e-02
9.90000000000000e+00  3.58664658014679e-02
9.92500000000000e+00  3.45343165201117e-02
9.95000000000000e+00  3.32511459629264e-02
9.97500000000000e+00  3.20151949690030e-02
1.00000000000000e+01  3.08247696300190e-02
