0.00000000000000e+00  -9.06084197312811e-02
2.50000000000000e-02  -9.20587844326741e-02
5.00000000000000e-02  -9.35444342980706e-02
7.50000000000000e-02  -9.50655336079066e-02
1.00000000000000e-01  -9.66224775211086e-02
1.25000000000000e-01  -9.82158787704532e-02
1.50000000000000e-01  -9.98465543579256e-02
1.75000000000000e-01  -1.01515512250080e-01
2.00000000000000e-01  -1.03223938073397e-01
2.25000000000000e-01  -1.04973181809647e-01
2.50000000000000e-01  -1.06764744491244e-01
2.75000000000000e-01  -1.08600264896611e-01
3.00000000000000e-01  -1.10481506245533e-01
3.25000000000000e-01  -1.12410342894523e-01
3.50000000000000e-01  -1.14388747032177e-01
3.75000000000000e-01  -1.16418775374533e-01
4.00000000000000e-01  -1.18502555860433e-01
4.25000000000000e-01  -1.20642274346883e-01
4.50000000000000e-01  -1.22840161304408e-01
4.75000000000000e-01  -1.25098478512416e-01
5.00000000000000e-01  -1.27419505754554e-01
5.25000000000000e-01  -1.29805527514071e-01
5.50000000000000e-01  -1.32258819669172e-01
5.75000000000000e-01  -1.34781636188383e-01
6.00000000000000e-01  -1.37376195825908e-01
6.25000000000000e-01  -1.40044668816988e-01
6.50000000000000e-01  -1.42789163573260e-01
6.75000000000000e-01  -1.45611713378118e-01
7.00000000000000e-01  -1.48514263082071e-01
7.25000000000000e-01  -1.51498655798105e-01
7.50000000000000e-01  -1.54566619597037e-01
7.75000000000000e-01  -1.57719754202881e-01
8.00000000000000e-01  -1.60959517688201e-01
8.25000000000000e-01  -1.64287213169475e-01
8.50000000000000e-01  -1.67703975502455e-01
8.75000000000000e-01  -1.71210757977520e-01
9.00000000000000e-01  -1.74808319015043e-01
9.25000000000000e-01  -1.78497208860746e-01
9.50000000000000e-01  -1.82277756281060e-01
9.75000000000000e-01  -1.86150055258485e-01
1.00000000000000e+00  -1.90113951686950e-01
1.02500000000000e+00  -1.94169030067170e-01
1.05000000000000e+00  -1.98314600202009e-01
1.07500000000000e+00  -2.02549683891836e-01
1.10000000000000e+00  -2.06873001629887e-01
1.12500000000000e+00  -2.11282959297621e-01
1.15000000000000e+00  -2.15777634860083e-01
1.17500000000000e+00  -2.20354765061262e-01
1.20000000000000e+00  -2.25011732119450e-01
1.22500000000000e+00  -2.29745550422602e-01
1.25000000000000e+00  -2.34585201623016e-01
1.27500000000000e+00  -2.39399290345365e-01
1.30000000000000e+00  -2.44313843606480e-01
1.32500000000000e+00  -2.49306672326889e-01
1.35000000000000e+00  -2.54360615418163e-01
1.37500000000000e+00  -2.59462795733535e-01
1.40000000000000e+00  -2.64603876018516e-01
1.42500000000000e+00  -2.69777314861505e-01
1.45000000000000e+00  -2.74978622644413e-01
1.47500000000000e+00  -2.80204617493272e-01
1.50000000000000e+00  -2.85452681228854e-01
1.52500000000000e+00  -2.90720015317286e-01
1.55000000000000e+00  -2.96002896820662e-01
1.57500000000000e+00  -3.01298270088843e-01
1.60000000000000e+00  -3.06601886686269e-01
1.62500000000000e+00  -3.11908429343102e-01
1.65000000000000e+00  -3.17213309183351e-01
1.67500000000000e+00  -3.22511279511801e-01
1.70000000000000e+00  -3.27797279877313e-01
1.72500000000000e+00  -3.33067280136134e-01
1.75000000000000e+00  -3.38319124515200e-01
1.77500000000000e+00  -3.43553375675442e-01
1.80000000000000e+00  -3.48774158775092e-01
1.82500000000000e+00  -3.53990005532993e-01
1.85000000000000e+00  -3.59214698291895e-01
1.87500000000000e+00  -3.64483396239331e-01
1.90000000000000e+00  -3.69602980193805e-01
1.92500000000000e+00  -3.74762369431303e-01
1.95000000000000e+00  -3.79942115689765e-01
1.97500000000000e+00  -3.85128349695766e-01
2.00000000000000e+00  -3.90311722176731e-01
2.02500000000000e+00  -3.95486344873147e-01
2.05000000000000e+00  -4.00648731550776e-01
2.07500000000000e+00  -4.05796739012873e-01
2.10000000000000e+00  -4.10928508112394e-01
2.12500000000000e+00  -4.16041404764217e-01
2.15000000000000e+00  -4.21130960957347e-01
2.17500000000000e+00  -4.26189815767138e-01
2.20000000000000e+00  -4.31206745714376e-01
2.22500000000000e+00  -4.36165776749693e-01
2.25000000000000e+00  -4.41043086333917e-01
2.27500000000000e+00  -4.45814807378768e-01
2.30000000000000e+00  -4.50448584446113e-01
2.32500000000000e+00  -4.54905515074064e-01
2.35000000000000e+00  -4.59142091103071e-01
2.37500000000000e+00  -4.63112140002018e-01
2.40000000000000e+00  -4.66768766194323e-01
2.42500000000000e+00  -4.70066292384027e-01
2.45000000000000e+00  -4.72962200881894e-01
2.47500000000000e+00  -4.75419074931509e-01
2.50000000000000e+00  -4.77325818276336e-01
2.52500000000000e+00  -4.78585069180702e-01
2.55000000000000e+00  -4.79159860771555e-01
2.57500000000000e+00  -4.78970173872060e-01
2.60000000000000e+00  -4.77933657851578e-01
2.62500000000000e+00  -4.75966747391683e-01
2.65000000000000e+00  -4.72985779252171e-01
2.67500000000000e+00  -4.68908109037073e-01
2.70000000000000e+00  -4.63653227960666e-01
2.72500000000000e+00  -4.57143879613490e-01
2.75000000000000e+00  -4.49307176728355e-01
2.77500000000000e+00  -4.40075717946355e-01
2.80000000000000e+00  -4.29388704582884e-01
2.82500000000000e+00  -4.17193057393642e-01
2.85000000000000e+00  -4.03444533340653e-01
2.87500000000000e+00  -3.88108842358272e-01
2.90000000000000e+00  -3.71162764119204e-01
2.92500000000000e+00  -3.52595264800510e-01
2.95000000000000e+00  -3.32408613849623e-01
2.97500000000000e+00  -3.10619500750359e-01
3.00000000000000e+00  -2.87260151788930e-01
3.02500000000000e+00  -2.62379446819955e-01
3.05000000000000e+00  -2.36044036032475e-01
3.07500000000000e+00  -2.08339456715963e-01
3.10000000000000e+00  -1.79371250026336e-01
3.12500000000000e+00  -1.49259717482884e-01
3.15000000000000e+00  -1.18067419433219e-01
3.17500000000000e+00  -8.60013562430557e-02
3.20000000000000e+00  -5.32095734853271e-02
3.22500000000000e+00  -1.98555743073547e-02
3.25000000000000e+00  1.38839185884452e-02
3.27500000000000e+00  4.78212009638471e-02
3.30000000000000e+00  8.17598250641061e-02
3.32500000000000e+00  1.15496837637250e-01
3.35000000000000e+00  1.48825017953370e-01
3.37500000000000e+00  1.81535115823904e-01
3.40000000000000e+00  2.13418089620933e-01
3.42500000000000e+00  2.44267344296464e-01
3.45000000000000e+00  2.73881661101684e-01
3.47500000000000e+00  3.02066719827558e-01
3.50000000000000e+00  3.28638567105402e-01
3.52500000000000e+00  3.53421477635583e-01
3.55000000000000e+00  3.76253842384492e-01
3.57500000000000e+00  3.96988783619709e-01
3.60000000000000e+00  4.15494769945168e-01
3.62500000000000e+00  4.31656231336314e-01
3.65000000000000e+00  4.45374174175275e-01
3.67500000000000e+00  4.56566796286018e-01
3.70000000000000e+00  4.65170101969512e-01
3.72500000000000e+00  4.71138517038896e-01
3.75000000000000e+00  4.74461801063956e-01
3.77500000000000e+00  4.75150424518672e-01
3.80000000000000e+00  4.73202016438916e-01
3.82500000000000e+00  4.68653892861485e-01
3.85000000000000e+00  4.61561652443206e-01
3.87500000000000e+00  4.51997766909159e-01
3.90000000000000e+00  4.40050171500891e-01
3.92500000000000e+00  4.25820855424641e-01
3.95000000000000e+00  4.09424452299559e-01
3.97500000000000e+00  3.90986830605920e-01
4.00000000000000e+00  3.70643684133351e-01
4.02500000000000e+00  3.48539122429046e-01
4.05000000000000e+00  3.24824261245989e-01
4.07500000000000e+00  2.99655812991169e-01
4.10000000000000e+00  2.73194677173804e-01
4.12500000000000e+00  2.45604530853559e-01
4.15000000000000e+00  2.17050419088763e-01
4.17500000000000e+00  1.87697345384636e-01
4.20000000000000e+00  1.57708862141498e-01
4.22500000000000e+00  1.27245661102997e-01
4.25000000000000e+00  9.64641638043300e-02
4.27500000000000e+00  6.55151120204514e-02
4.30000000000000e+00  3.45421582143050e-02
4.32500000000000e+00  3.68045598503465e-03
4.35000000000000e+00  -2.69447494837881e-02
4.37500000000000e+00  -5.71993014660327e-02
4.40000000000000e+00  -8.69601228331678e-02
4.42500000000000e+00  -1.16127289700226e-01
4.45000000000000e+00  -1.44598421256354e-01
4.47500000000000e+00  -1.72279968287922e-01
4.50000000000000e+00  -1.99086797829606e-01
4.52500000000000e+00  -2.24941777815450e-01
4.55000000000000e+00  -2.49775361729929e-01
4.57500000000000e+00  -2.73525173259032e-01
4.60000000000000e+00  -2.96135590941314e-01
4.62500000000000e+00  -3.17557332818974e-01
4.65000000000000e+00  -3.37747041088923e-01
4.67500000000000e+00  -3.56666866753848e-01
4.70000000000000e+00  -3.74284054273285e-01
4.72500000000000e+00  -3.90570526214685e-01
4.75000000000000e+00  -4.05502467904481e-01
4.77500000000000e+00  -4.19059912079161e-01
4.80000000000000e+00  -4.31226323536330e-01
4.82500000000000e+00  -4.41988183785785e-01
4.85000000000000e+00  -4.51334575700578e-01
4.87500000000000e+00  -4.59256768168089e-01
4.90000000000000e+00  -4.65747800741089e-01
4.92500000000000e+00  -4.70802068288814e-01
4.95000000000000e+00  -4.74414905648030e-01
4.97500000000000e+00  -4.76582172274101e-01
5.00000000000000e+00  -4.77299836892060e-01
5.02500000000000e+00  -4.76582172274115e-01
5.05000000000000e+00  -4.74414905648058e-01
5.07500000000000e+00  -4.70802068288858e-01
5.10000000000000e+00  -4.65747800741148e-01
5.12500000000000e+00  -4.59256768168163e-01
5.15000000000000e+00  -4.51334575700668e-01
5.17500000000000e+00  -4.41988183785889e-01
5.20000000000000e+00  -4.31226323536449e-01
5.22500000000000e+00  -4.19059912079293e-01
5.25000000000000e+00  -4.05502467904627e-01
5.27500000000000e+00  -3.90570526214844e-01
5.30000000000000e+00  -3.74284054273456e-01
5.32500000000000e+00  -3.56666866754032e-01
5.35000000000000e+00  -3.37747041089119e-01
5.37500000000000e+00  -3.17557332819184e-01
5.40000000000000e+00  -2.96135590941535e-01
5.42500000000000e+00  -2.73525173259266e-01
5.45000000000000e+00  -2.49775361730177e-01
5.47500000000000e+00  -2.24941777815709e-01
5.50000000000000e+00  -1.99086797829880e-01
5.52500000000000e+00  -1.72279968288208e-01
5.55000000000000e+00  -1.44598421256652e-01
5.57500000000000e+00  -1.16127289700539e-01
5.60000000000000e+00  -8.69601228334905e-02
5.62500000000000e+00  -5.72195309762886e-02
5.65000000000000e+00  -2.69447494841364e-02
5.67500000000000e+00  3.68045598467600e-03
5.70000000000000e+00  3.45421582139344e-02
5.72500000000000e+00  6.55151120200722e-02
5.75000000000000e+00  9.64641638039407e-02
5.77500000000000e+00  1.27245661102599e-01
5.80000000000000e+00  1.57708862141091e-01
5.82500000000000e+00  1.87697345384220e-01
5.85000000000000e+00  2.17050419088341e-01
5.87500000000000e+00  2.45604530853129e-01
5.90000000000000e+00  2.73194677173368e-01
5.92500000000000e+00  2.99655812990728e-01
5.95000000000000e+00  3.24824261245541e-01
5.97500000000000e+00  3.48539122428592e-01
6.00000000000000e+00  3.70643684132891e-01
6.02500000000000e+00  3.90986830605455e-01
6.05000000000000e+00  4.09424452299089e-01
6.07500000000000e+00  4.25820855424167e-01
6.10000000000000e+00  4.40050171500413e-01
6.12500000000000e+00  4.51997766908676e-01
6.15000000000000e+00  4.61561652442719e-01
6.17500000000000e+00  4.68653892860994e-01
6.20000000000000e+00  4.73202016438420e-01
6.22500000000000e+00  4.75150424518172e-01
6.25000000000000e+00  4.74445503854138e-01
6.27500000000000e+00  4.71138517038393e-01
6.30000000000000e+00  4.65170101969007e-01
6.32500000000000e+00  4.56566796285512e-01
6.35000000000000e+00  4.45374174174767e-01
6.37500000000000e+00  4.31656231335805e-01
6.40000000000000e+00  4.15494769944657e-01
6.42500000000000e+00  3.96988783619198e-01
6.45000000000000e+00  3.76253842383981e-01
6.47500000000000e+00  3.53421477635070e-01
6.50000000000000e+00  3.28638567104889e-01
6.52500000000000e+00  3.02066719827044e-01
6.55000000000000e+00  2.73881661101170e-01
6.57500000000000e+00  2.44267344295952e-01
6.60000000000000e+00  2.13418089620419e-01
6.62500000000000e+00  1.81535115823392e-01
6.65000000000000e+00  1.48825017952858e-01
6.67500000000000e+00  1.15496837636738e-01
6.70000000000000e+00  8.17598250635945e-02
6.72500000000000e+00  4.78212009633353e-02
6.75000000000000e+00  1.38839185879355e-02
6.77500000000000e+00  -1.98555743078643e-02
6.80000000000000e+00  -5.32095734858371e-02
6.82500000000000e+00  -8.60013562435634e-02
6.85000000000000e+00  -1.18067419433724e-01
6.87500000000000e+00  -1.49266077752480e-01
6.90000000000000e+00  -1.79371250026844e-01
6.92500000000000e+00  -2.08339456716469e-01
6.95000000000000e+00  -2.36044036032979e-01
6.97500000000000e+00  -2.62379446820459e-01
7.00000000000000e+00  -2.87260151789432e-01
7.02500000000000e+00  -3.10619500750860e-01
7.05000000000000e+00  -3.32408613850123e-01
7.07500000000000e+00  -3.52595264801008e-01
7.10000000000000e+00  -3.71162764119701e-01
7.12500000000000e+00  -3.88108842358768e-01
7.15000000000000e+00  -4.03444533341147e-01
7.17500000000000e+00  -4.17193057394135e-01
7.20000000000000e+00  -4.29388704583375e-01
7.22500000000000e+00  -4.40075717946844e-01
7.25000000000000e+00  -4.49307176728841e-01
7.27500000000000e+00  -4.57143879613973e-01
7.30000000000000e+00  -4.63653227961147e-01
7.32500000000000e+00  -4.68908109037550e-01
7.35000000000000e+00  -4.72985779252646e-01
7.37500000000000e+00  -4.75966747392154e-01
7.40000000000000e+00  -4.77933657852045e-01
7.42500000000000e+00  -4.78970173872522e-01
7.45000000000000e+00  -4.79159860772013e-01
7.47500000000000e+00  -4.78585069181155e-01
7.50000000000000e+00  -4.77406540035835e-01
7.52500000000000e+00  -4.75419074931971e-01
7.55000000000000e+00  -4.72962200882352e-01
7.57500000000000e+00  -4.70066292384481e-01
7.60000000000000e+00  -4.66768766194773e-01
7.62500000000000e+00  -4.63112140002465e-01
7.65000000000000e+00  -4.59142091103512e-01
7.67500000000000e+00  -4.54905515074501e-01
7.70000000000000e+00  -4.50448584446546e-01
7.72500000000000e+00  -4.45814807379196e-01
7.75000000000000e+00  -4.41043086334341e-01
7.77500000000000e+00  -4.36165776750112e-01
7.80000000000000e+00  -4.31206745714789e-01
7.82500000000000e+00  -4.26189815767545e-01
7.85000000000000e+00  -4.21130960957748e-01
7.87500000000000e+00  -4.16041404764614e-01
7.90000000000000e+00  -4.10928508112787e-01
7.92500000000000e+00  -4.05796739013260e-01
7.95000000000000e+00  -4.00648731551158e-01
7.97500000000000e+00  -3.95486344873523e-01
8.00000000000000e+00  -3.90311722177102e-01
8.02500000000000e+00  -3.85128349696131e-01
8.05000000000000e+00  -3.79942115690125e-01
8.07500000000000e+00  -3.74762369431657e-01
8.10000000000000e+00  -3.69602980194153e-01
8.12500000000000e+00  -3.64468114082115e-01
8.15000000000000e+00  -3.59214698292234e-01
8.17500000000000e+00  -3.53990005533326e-01
8.20000000000000e+00  -3.48774158775419e-01
8.22500000000000e+00  -3.43553375675763e-01
8.25000000000000e+00  -3.38319124515515e-01
8.27500000000000e+00  -3.33067280136444e-01
8.30000000000000e+00  -3.27797279877618e-01
8.32500000000000e+00  -3.22511279512100e-01
8.35000000000000e+00  -3.17213309183645e-01
8.37500000000000e+00  -3.11908429343389e-01
8.40000000000000e+00  -3.06601886686551e-01
8.42500000000000e+00  -3.01298270089118e-01
8.45000000000000e+00  -2.96002896820932e-01
8.47500000000000e+00  -2.90720015317549e-01
8.50000000000000e+00  -2.85452681229112e-01
8.52500000000000e+00  -2.80204617493525e-01
8.55000000000000e+00  -2.74978622644660e-01
8.57500000000000e+00  -2.69777314861747e-01
8.60000000000000e+00  -2.64603876018752e-01
8.62500000000000e+00  -2.59462795733766e-01
8.65000000000000e+00  -2.54360615418388e-01
8.67500000000000e+00  -2.49306672327109e-01
8.70000000000000e+00  -2.44313843606695e-01
8.72500000000000e+00  -2.39399290345575e-01
8.75000000000000e+00  -2.34552853223898e-01
8.77500000000000e+00  -2.29745550422801e-01
8.80000000000000e+00  -2.25011732119644e-01
8.82500000000000e+00  -2.20354765061451e-01
8.85000000000000e+00  -2.15777634860268e-01
8.87500000000000e+00  -2.11282959297801e-01
8.90000000000000e+00  -2.06873001630063e-01
8.92500000000000e+00  -2.02549683892008e-01
8.95000000000000e+00  -1.98314600202177e-01
8.97500000000000e+00  -1.94169030067334e-01
9.00000000000000e+00  -1.90113951687109e-01
9.02500000000000e+00  -1.86150055258640e-01
9.05000000000000e+00  -1.82277756281211e-01
9.07500000000000e+00  -1.78497208860894e-01
9.10000000000000e+00  -1.74808319015187e-01
9.12500000000000e+00  -1.71210757977661e-01
9.15000000000000e+00  -1.67703975502592e-01
9.17500000000000e+00  -1.64287213169609e-01
9.20000000000000e+00  -1.60959517688331e-01
9.22500000000000e+00  -1.57719754203008e-01
9.25000000000000e+00  -1.54566619597161e-01
9.27500000000000e+00  -1.51498655798226e-01
9.30000000000000e+00  -1.48514263082189e-01
9.32500000000000e+00  -1.45611713378232e-01
9.35000000000000e+00  -1.42789163573371e-01
9.37500000000000e+00  -1.40044668817097e-01
9.40000000000000e+00  -1.37376195826014e-01
9.42500000000000e+00  -1.34781636188486e-01
9.45000000000000e+00  -1.32258819669272e-01
9.47500000000000e+00  -1.29805527514169e-01
9.50000000000000e+00  -1.27419505754650e-01
9.52500000000000e+00  -1.25098478512509e-01
9.55000000000000e+00  -1.22840161304499e-01
9.57500000000000e+00  -1.20642274346972e-01
9.60000000000000e+00  -1.18502555860519e-01
9.62500000000000e+00  -1.16418775374616e-01
9.65000000000000e+00  -1.14388747032258e-01
9.67500000000000e+00  -1.12410342894603e-01
9.70000000000000e+00  -1.10481506245610e-01
9.72500000000000e+00  -1.08600264896685e-01
9.75000000000000e+00  -1.06764744491317e-01
9.77500000000000e+00  -1.04973181809717e-01
9.80000000000000e+00  -1.03223938073465e-01
9.82500000000000e+00  -1.01515512250145e-01
9.85000000000000e+00  -9.98465543579886e-02
9.87500000000000e+00  -9.82158787705139e-02
9.90000000000000e+00  -9.66224775211668e-02
9.92500000000000e+00  -9.50655336079622e-02
9.95000000000000e+00  -9.35444342981236e-02
9.97500000000000e+00  -9.20587844327244e-02
1.00000000000000e+01  -9.06084197313287e-02
