0.00000000000000e+00  -6.96865573848613e-03
2.50000000000000e-02  -8.07184784678202e-03
5.00000000000000e-02  -9.23786152104552e-03
7.50000000000000e-02  -1.04680909148549e-02
1.00000000000000e-01  -1.17641436279302e-02
1.25000000000000e-01  -1.31278336674845e-02
1.50000000000000e-01  -1.45611744095761e-02
1.75000000000000e-01  -1.60663715604605e-02
2.00000000000000e-01  -1.76458161179420e-02
2.25000000000000e-01  -1.93020773327257e-02
2.50000000000000e-01  -2.10378956697699e-02
2.75000000000000e-01  -2.28561757696374e-02
3.00000000000000e-01  -2.47599794098476e-02
3.25000000000000e-01  -2.67525184662287e-02
3.50000000000000e-01  -2.88371478742691e-02
3.75000000000000e-01  -3.10173585904702e-02
4.00000000000000e-01  -3.32967705536971e-02
4.25000000000000e-01  -3.56791256465316e-02
4.50000000000000e-01  -3.81682806566237e-02
4.75000000000000e-01  -4.07682002380432e-02
5.00000000000000e-01  -4.34829498726325e-02
5.25000000000000e-01  -4.63166888313574e-02
5.50000000000000e-01  -4.92736631356599e-02
5.75000000000000e-01  -5.23581985188099e-02
6.00000000000000e-01  -5.55746933872567e-02
6.25000000000000e-01  -5.89276117819817e-02
6.50000000000000e-01  -6.24214763398496e-02
6.75000000000000e-01  -6.60608612549604e-02
7.00000000000000e-01  -6.98503852400023e-02
7.25000000000000e-01  -7.37947044876019e-02
7.50000000000000e-01  -7.78985056316778e-02
7.75000000000000e-01  -8.21664987087916e-02
8.00000000000000e-01  -8.66034101194997e-02
8.25000000000000e-01  -9.12139755897061e-02
8.50000000000000e-01  -9.60029331320131e-02
8.75000000000000e-01  -1.00975016007075e-01
9.00000000000000e-01  -1.06134945684947e-01
9.25000000000000e-01  -1.11487424806441e-01
9.50000000000000e-01  -1.17037130144475e-01
9.75000000000000e-01  -1.22788705565425e-01
1.00000000000000e+00  -1.28746754990478e-01
1.02500000000000e+00  -1.34915835356983e-01
1.05000000000000e+00  -1.41300449579803e-01
1.07500000000000e+00  -1.47905039512670e-01
1.10000000000000e+00  -1.54733978909530e-01
1.12500000000000e+00  -1.61791566385902e-01
1.15000000000000e+00  -1.69082018380227e-01
1.17500000000000e+00  -1.76609462115217e-01
1.20000000000000e+00  -1.84377928559215e-01
1.22500000000000e+00  -1.92391345387537e-01
1.25000000000000e+00  -2.00624406618398e-01
1.27500000000000e+00  -2.09110167903322e-01
1.30000000000000e+00  -2.17838865501331e-01
1.32500000000000e+00  -2.26810575229760e-01
1.35000000000000e+00  -2.36024669446890e-01
1.37500000000000e+00  -2.45479739429042e-01
1.40000000000000e+00  -2.55173517747649e-01
1.42500000000000e+00  -2.65102800646346e-01
1.45000000000000e+00  -2.75263370418055e-01
1.47500000000000e+00  -2.85649917782062e-01
1.50000000000000e+00  -2.96255964261103e-01
1.52500000000000e+00  -3.07073784558451e-01
1.55000000000000e+00  -3.18094328934995e-01
1.57500000000000e+00  -3.29307145586325e-01
1.60000000000000e+00  -3.40700303019815e-01
1.62500000000000e+00  -3.52260312431705e-01
1.65000000000000e+00  -3.63972050084190e-01
1.67500000000000e+00  -3.75818679682494e-01
1.70000000000000e+00  -3.87781574751964e-01
1.72500000000000e+00  -3.99840241015143e-01
1.75000000000000e+00  -4.11972238768863e-01
1.77500000000000e+00  -4.24153105261319e-01
1.80000000000000e+00  -4.36356277069160e-01
1.82500000000000e+00  -4.48553012474571e-01
1.85000000000000e+00  -4.60712313842351e-01
1.87500000000000e+00  -4.72792480166386e-01
1.90000000000000e+00  -4.84786079385157e-01
1.92500000000000e+00  -4.96630192417283e-01
1.95000000000000e+00  -5.08289001647291e-01
1.97500000000000e+00  -5.19723440700860e-01
2.00000000000000e+00  -5.30891492633807e-01
2.02500000000000e+00  -5.41748488121062e-01
2.05000000000000e+00  -5.52247403645651e-01
2.07500000000000e+00  -5.62339159687679e-01
2.10000000000000e+00  -5.71972918913306e-01
2.12500000000000e+00  -5.81096384363733e-01
2.15000000000000e+00  -5.89656097644177e-01
2.17500000000000e+00  -5.97597737112857e-01
2.20000000000000e+00  -6.04866416069970e-01
2.22500000000000e+00  -6.11406980946674e-01
2.25000000000000e+00  -6.17164309494071e-01
2.27500000000000e+00  -6.22083608972182e-01
2.30000000000000e+00  -6.26110714338932e-01
2.32500000000000e+00  -6.29192386439131e-01
2.35000000000000e+00  -6.31276610193450e-01
2.37500000000000e+00  -6.32312892787408e-01
2.40000000000000e+00  -6.32252561860346e-01
2.42500000000000e+00  -6.31049063694415e-01
2.45000000000000e+00  -6.28658261403550e-01
2.47500000000000e+00  -6.25038733122453e-01
2.50000000000000e+00  -6.20046704315553e-01
2.52500000000000e+00  -6.13998942441004e-01
2.55000000000000e+00  -6.06558588081569e-01
2.57500000000000e+00  -5.97734028098640e-01
2.60000000000000e+00  -5.87533241070178e-01
2.62500000000000e+00  -5.75964579474812e-01
2.65000000000000e+00  -5.63037551875925e-01
2.67500000000000e+00  -5.48763605105749e-01
2.70000000000000e+00  -5.33156906449454e-01
2.72500000000000e+00  -5.16235125829243e-01
2.75000000000000e+00  -4.98020217988438e-01
2.77500000000000e+00  -4.78539204675579e-01
2.80000000000000e+00  -4.57824956828507e-01
2.82500000000000e+00  -4.35922219211287e-01
2.85000000000000e+00  -4.12884763944640e-01
2.87500000000000e+00  -3.88784743433260e-01
2.90000000000000e+00  -3.63689984540164e-01
2.92500000000000e+00  -3.37687144522547e-01
2.95000000000000e+00  -3.10875785108188e-01
2.97500000000000e+00  -2.83362446571857e-01
3.00000000000000e+00  -2.55254721811728e-01
3.02500000000000e+00  -2.26655330425781e-01
3.05000000000000e+00  -1.97656192788214e-01
3.07500000000000e+00  -1.68332504125847e-01
3.10000000000000e+00  -1.38736808594534e-01
3.12500000000000e+00  -1.09085894977710e-01
3.15000000000000e+00  -7.95786978890452e-02
3.17500000000000e+00  -5.02342297206258e-02
3.20000000000000e+00  -2.11841885698766e-02
3.22500000000000e+00  7.44328889211237e-03
3.25000000000000e+00  3.55240409674989e-02
3.27500000000000e+00  6.29382944785947e-02
3.30000000000000e+00  8.95710783147751e-02
3.32500000000000e+00  1.15312636979391e-01
3.35000000000000e+00  1.40058844136679e-01
3.37500000000000e+00  1.63711616158667e-01
3.40000000000000e+00  1.86179325672087e-01
3.42500000000000e+00  2.07377215105281e-01
3.45000000000000e+00  2.27227810235118e-01
3.47500000000000e+00  2.45661333733896e-01
3.50000000000000e+00  2.62616118716253e-01
3.52500000000000e+00  2.78039022286081e-01
3.55000000000000e+00  2.91885839083431e-01
3.57500000000000e+00  3.04121714831424e-01
3.60000000000000e+00  3.14721559883159e-01
3.62500000000000e+00  3.23670462768627e-01
3.65000000000000e+00  3.30964103741617e-01
3.67500000000000e+00  3.36609168326624e-01
3.70000000000000e+00  3.40623760865764e-01
3.72500000000000e+00  3.43037818065678e-01
3.75000000000000e+00  3.43875612506128e-01
3.77500000000000e+00  3.43149157006635e-01
3.80000000000000e+00  3.40927765490526e-01
3.82500000000000e+00  3.37266934565839e-01
3.85000000000000e+00  3.32226344731339e-01
3.87500000000000e+00  3.25869794754136e-01
3.90000000000000e+00  3.18265136047300e-01
3.92500000000000e+00  3.09484207047483e-01
3.95000000000000e+00  2.99602767592528e-01
3.97500000000000e+00  2.88700433299093e-01
4.00000000000000e+00  2.76860609940267e-01
4.02500000000000e+00  2.64170427823182e-01
4.05000000000000e+00  2.50720676166638e-01
4.07500000000000e+00  2.36598352763911e-01
4.10000000000000e+00  2.21891601244171e-01
4.12500000000000e+00  2.06684725207788e-01
4.15000000000000e+00  1.91064218746799e-01
4.17500000000000e+00  1.75110972943711e-01
4.20000000000000e+00  1.58901693858492e-01
4.22500000000000e+00  1.42510320515572e-01
4.25000000000000e+00  1.26009442890838e-01
4.27500000000000e+00  1.09471719898626e-01
4.30000000000000e+00  9.29712973787217e-02
4.32500000000000e+00  7.65852260833542e-02
4.35000000000000e+00  6.03948796641932e-02
4.37500000000000e+00  4.44297923625452e-02
4.40000000000000e+00  2.87374073145398e-02
4.42500000000000e+00  1.33805784046993e-02
4.45000000000000e+00  -1.59274418032931e-03
4.47500000000000e+00  -1.61384356790592e-02
4.50000000000000e+00  -3.02160302751327e-02
4.52500000000000e+00  -4.37885546172863e-02
4.55000000000000e+00  -5.68223613393131e-02
4.57500000000000e+00  -6.92869625800314e-02
4.60000000000000e+00  -8.11548635032481e-02
4.62500000000000e+00  -9.24013958177231e-02
4.65000000000000e+00  -1.03004551297137e-01
4.67500000000000e+00  -1.12944815300055e-01
4.70000000000000e+00  -1.22205000289891e-01
4.72500000000000e+00  -1.30770079354874e-01
4.75000000000000e+00  -1.38627019728015e-01
4.77500000000000e+00  -1.45764616307067e-01
4.80000000000000e+00  -1.52173325174497e-01
4.82500000000000e+00  -1.57845097117447e-01
4.85000000000000e+00  -1.62773211147698e-01
4.87500000000000e+00  -1.66952108021640e-01
4.90000000000000e+00  -1.70377223760232e-01
4.92500000000000e+00  -1.73044823168973e-01
4.95000000000000e+00  -1.74951833357860e-01
4.97500000000000e+00  -1.76095677261360e-01
5.00000000000000e+00  -1.76474107158368e-01
5.02500000000000e+00  -1.76095677264484e-01
5.05000000000000e+00  -1.74951833364108e-01
5.07500000000000e+00  -1.73044823178337e-01
5.10000000000000e+00  -1.70377223772704e-01
5.12500000000000e+00  -1.66952108037205e-01
5.15000000000000e+00  -1.62773211166341e-01
5.17500000000000e+00  -1.57845097139148e-01
5.20000000000000e+00  -1.52173325199234e-01
5.22500000000000e+00  -1.45764616334812e-01
5.25000000000000e+00  -1.38627019758739e-01
5.27500000000000e+00  -1.30770079388545e-01
5.30000000000000e+00  -1.22205000326472e-01
5.32500000000000e+00  -1.12944815339507e-01
5.35000000000000e+00  -1.03004551339417e-01
5.37500000000000e+00  -9.24013958627841e-02
5.40000000000000e+00  -8.11548635510401e-02
5.42500000000000e+00  -6.92869626305019e-02
5.45000000000000e+00  -5.68223613924061e-02
5.47500000000000e+00  -4.37885546729417e-02
5.50000000000000e+00  -3.02160303332888e-02
5.52500000000000e+00  -1.61384357396492e-02
5.55000000000000e+00  -1.59274424328536e-03
5.57500000000000e+00  1.33805783394485e-02
5.60000000000000e+00  2.87374072470702e-02
5.62500000000000e+00  4.44873725897291e-02
5.65000000000000e+00  6.03948795925160e-02
5.67500000000000e+00  7.65852260096965e-02
5.70000000000000e+00  9.29712973031670e-02
5.72500000000000e+00  1.09471719821261e-01
5.75000000000000e+00  1.26009442811751e-01
5.77500000000000e+00  1.42510320434851e-01
5.80000000000000e+00  1.58901693776227e-01
5.82500000000000e+00  1.75110972859993e-01
5.85000000000000e+00  1.91064218661720e-01
5.87500000000000e+00  2.06684725121438e-01
5.90000000000000e+00  2.21891601156642e-01
5.92500000000000e+00  2.36598352675293e-01
5.95000000000000e+00  2.50720676077024e-01
5.97500000000000e+00  2.64170427732659e-01
6.00000000000000e+00  2.76860609848922e-01
6.02500000000000e+00  2.88700433207012e-01
6.05000000000000e+00  2.99602767499794e-01
6.07500000000000e+00  3.09484206954178e-01
6.10000000000000e+00  3.18265135953503e-01
6.12500000000000e+00  3.25869794659922e-01
6.15000000000000e+00  3.32226344636781e-01
6.17500000000000e+00  3.37266934471007e-01
6.20000000000000e+00  3.40927765395486e-01
6.22500000000000e+00  3.43149156911450e-01
6.25000000000000e+00  3.43893522449167e-01
6.27500000000000e+00  3.43037817970367e-01
6.30000000000000e+00  3.40623760770471e-01
6.32500000000000e+00  3.36609168231397e-01
6.35000000000000e+00  3.30964103646499e-01
6.37500000000000e+00  3.23670462673659e-01
6.40000000000000e+00  3.14721559788374e-01
6.42500000000000e+00  3.04121714736855e-01
6.45000000000000e+00  2.91885838989107e-01
6.47500000000000e+00  2.78039022192025e-01
6.50000000000000e+00  2.62616118622488e-01
6.52500000000000e+00  2.45661333640440e-01
6.55000000000000e+00  2.27227810141988e-01
6.57500000000000e+00  2.07377215012491e-01
6.60000000000000e+00  1.86179325579648e-01
6.62500000000000e+00  1.63711616066591e-01
6.65000000000000e+00  1.40058844044974e-01
6.67500000000000e+00  1.15312636888063e-01
6.70000000000000e+00  8.95710782238313e-02
6.72500000000000e+00  6.29382943880398e-02
6.75000000000000e+00  3.55240408773399e-02
6.77500000000000e+00  7.44328880235245e-03
6.80000000000000e+00  -2.11841886592329e-02
6.82500000000000e+00  -5.02342298095707e-02
6.85000000000000e+00  -7.95786979775720e-02
6.87500000000000e+00  -1.08893073443671e-01
6.90000000000000e+00  -1.38736808682201e-01
6.92500000000000e+00  -1.68332504213072e-01
6.95000000000000e+00  -1.97656192874985e-01
6.97500000000000e+00  -2.26655330512089e-01
7.00000000000000e+00  -2.55254721897557e-01
7.02500000000000e+00  -2.83362446657193e-01
7.05000000000000e+00  -3.10875785193012e-01
7.07500000000000e+00  -3.37687144606842e-01
7.10000000000000e+00  -3.63689984623911e-01
7.12500000000000e+00  -3.88784743516436e-01
7.15000000000000e+00  -4.12884764027224e-01
7.17500000000000e+00  -4.35922219293255e-01
7.20000000000000e+00  -4.57824956909833e-01
7.22500000000000e+00  -4.78539204756238e-01
7.25000000000000e+00  -4.98020218068403e-01
7.27500000000000e+00  -5.16235125908484e-01
7.30000000000000e+00  -5.33156906527945e-01
7.32500000000000e+00  -5.48763605183460e-01
7.35000000000000e+00  -5.63037551952828e-01
7.37500000000000e+00  -5.75964579550877e-01
7.40000000000000e+00  -5.87533241145377e-01
7.42500000000000e+00  -5.97734028172944e-01
7.45000000000000e+00  -6.06558588154949e-01
7.47500000000000e+00  -6.13998942513432e-01
7.50000000000000e+00  -6.20152070267029e-01
7.52500000000000e+00  -6.25038733192902e-01
7.55000000000000e+00  -6.28658261472969e-01
7.57500000000000e+00  -6.31049063762782e-01
7.60000000000000e+00  -6.32252561927638e-01
7.62500000000000e+00  -6.32312892853603e-01
7.65000000000000e+00  -6.31276610258530e-01
7.67500000000000e+00  -6.29192386503077e-01
7.70000000000000e+00  -6.26110714401728e-01
7.72500000000000e+00  -6.22083609033813e-01
7.75000000000000e+00  -6.17164309554526e-01
7.77500000000000e+00  -6.11406981005941e-01
7.80000000000000e+00  -6.04866416128039e-01
7.82500000000000e+00  -5.97597737169722e-01
7.85000000000000e+00  -5.89656097699833e-01
7.87500000000000e+00  -5.81096384418174e-01
7.90000000000000e+00  -5.71972918966532e-01
7.92500000000000e+00  -5.62339159739688e-01
7.95000000000000e+00  -5.52247403696445e-01
7.97500000000000e+00  -5.41748488170643e-01
8.00000000000000e+00  -5.30891492682181e-01
8.02500000000000e+00  -5.19723440748033e-01
8.05000000000000e+00  -5.08289001693269e-01
8.07500000000000e+00  -4.96630192462077e-01
8.10000000000000e+00  -4.84786079428777e-01
8.12500000000000e+00  -4.72800850039457e-01
8.15000000000000e+00  -4.60712313883655e-01
8.17500000000000e+00  -4.48553012514738e-01
8.20000000000000e+00  -4.36356277108206e-01
8.22500000000000e+00  -4.24153105299259e-01
8.25000000000000e+00  -4.11972238805712e-01
8.27500000000000e+00  -3.99840241050921e-01
8.30000000000000e+00  -3.87781574786687e-01
8.32500000000000e+00  -3.75818679716181e-01
8.35000000000000e+00  -3.63972050116861e-01
8.37500000000000e+00  -3.52260312463379e-01
8.40000000000000e+00  -3.40700303050511e-01
8.42500000000000e+00  -3.29307145616065e-01
8.45000000000000e+00  -3.18094328963799e-01
8.47500000000000e+00  -3.07073784586340e-01
8.50000000000000e+00  -2.96255964288097e-01
8.52500000000000e+00  -2.85649917808183e-01
8.55000000000000e+00  -2.75263370443324e-01
8.57500000000000e+00  -2.65102800670785e-01
8.60000000000000e+00  -2.55173517771278e-01
8.62500000000000e+00  -2.45479739451882e-01
8.65000000000000e+00  -2.36024669468962e-01
8.67500000000000e+00  -2.26810575251084e-01
8.70000000000000e+00  -2.17838865521930e-01
8.72500000000000e+00  -2.09110167923215e-01
8.75000000000000e+00  -2.00653529963042e-01
8.77500000000000e+00  -1.92391345406080e-01
8.80000000000000e+00  -1.84377928577111e-01
8.82500000000000e+00  -1.76609462132486e-01
8.85000000000000e+00  -1.69082018396887e-01
8.87500000000000e+00  -1.61791566401972e-01
8.90000000000000e+00  -1.54733978925029e-01
8.92500000000000e+00  -1.47905039527615e-01
8.95000000000000e+00  -1.41300449594213e-01
8.97500000000000e+00  -1.34915835370874e-01
9.00000000000000e+00  -1.28746755003867e-01
9.02500000000000e+00  -1.22788705578328e-01
9.05000000000000e+00  -1.17037130156908e-01
9.07500000000000e+00  -1.11487424818420e-01
9.10000000000000e+00  -1.06134945696486e-01
9.12500000000000e+00  -1.00975016018189e-01
9.15000000000000e+00  -9.60029331427178e-02
9.17500000000000e+00  -9.12139756000143e-02
9.20000000000000e+00  -8.66034101294251e-02
9.22500000000000e+00  -8.21664987183477e-02
9.25000000000000e+00  -7.78985056408772e-02
9.27500000000000e+00  -7.37947044964569e-02
9.30000000000000e+00  -6.98503852485249e-02
9.32500000000000e+00  -6.60608612631627e-02
9.35000000000000e+00  -6.24214763477426e-02
9.37500000000000e+00  -5.89276117895767e-02
9.40000000000000e+00  -5.55746933945642e-02
9.42500000000000e+00  -5.23581985258400e-02
9.45000000000000e+00  -4.92736631424228e-02
9.47500000000000e+00  -4.63166888378629e-02
9.50000000000000e+00  -4.34829498788897e-02
9.52500000000000e+00  -4.07682002440612e-02
9.55000000000000e+00  -3.81682806624111e-02
9.57500000000000e+00  -3.56791256520969e-02
9.60000000000000e+00  -3.32967705590483e-02
9.62500000000000e+00  -3.10173585956154e-02
9.65000000000000e+00  -2.88371478792158e-02
9.67500000000000e+00  -2.67525184709839e-02
9.70000000000000e+00  -2.47599794144185e-02
9.72500000000000e+00  -2.28561757740309e-02
9.75000000000000e+00  -2.10378956739925e-02
9.77500000000000e+00  -1.93020773367837e-02
9.80000000000000e+00  -1.76458161218414e-02
9.82500000000000e+00  -1.60663715642072e-02
9.85000000000000e+00  -1.45611744131758e-02
9.87500000000000e+00  -1.31278336709428e-02
9.90000000000000e+00  -1.17641436312522e-02
9.92500000000000e+00  -1.04680909180459e-02
9.95000000000000e+00  -9.23786152411042e-03
9.97500000000000e+00  -8.07184784972561e-03
1.00000000000000e+01  -6.96865574131324e-03
